3131	
	-0.5119692618	0.304179364	0.2756319061	0.1535757945	0.8753888368
	1.51444736	0.3435077778	-1.50677749	0.3855690184	0.3735442725
	-0.6169438619	0.03343328634	0.09205726198	-0.07114594736	-0.2286277365
	0.1136636717	0.1747299981	0.2601573573	-0.06753818682	0.3906963192
	-0.4536817067	-3.922026912	-5.663765985	-2.460961623	-0.4414517737
	0.1032888473	0.2117239366	0.2579549978	0.1568945332	0.10982376
	0.1529272348	0.006382526784	0.09804416702	0.001832651319	-0.5407143636
	-0.08482080862	-0.3991087472	0.2157026466	-0.1689630409	-0.3875402124
	0.2547921394	0.2033391586	0.1075355613	0.1115000098	0.1915317781
	0.5721205703	0.858617551	-0.3414487149	9.207448884	-0.3236712766
	-0.2529773056	-6.142513771	2.119774939	1.014239318	0.2367384566
	0.1323290748	0.1329476565	-0.06560077107	-0.8731978418	-0.7828272441
	-0.2479178672	-0.1240412151	-0.4276184099	0.05285716453	-0.5378550392
	-0.04135404501	-0.3818379999	-0.0899939676	0.4296872501	0.284951291
	0.3837957465	-0.8303450158	0.2731665988	0.4189029474	0.243877836
	1.531965452	-2.776033814	0.5063671568	0.2615263437	0.4826471465
	0.4674735279	0.1356974076	0.4353423704	-0.7622435227	-0.1751024814
	0.04557391629	-0.7535555165	-2.272207121	0.05428873083	1.907110301
	-4.047685764	2.913911914	-0.9471520526	-0.7430624024	-4.163348529
	5.000170471	-6.885349431	-0.4627048596	0.3621804615	0.4779604267
	0.5199169698	-0.5510343592	0.2924295584	0.3222793474	0.2348026013
	0.8409227568	1.49980464	0.5209029803	-0.6354135597	0.1402225259
	0.4121479725	-0.3793532069	-0.04592429982	0.1045040761	0.02423641633
	-0.2395997657	0.2060323693	0.1199187648	0.06521677945	-0.537815249
	0.5709594935	-0.5848212248	-3.87242599	-6.079810607	-2.477540405
	-0.3635873395	0.09508533377	0.2195065871	0.2706857467	0.1747795646
	0.09984708019	0.07738468216	-0.1994097097	0.08386802507	0.04602286862
	-0.4767554498	-0.01537462945	-0.222242761	-0.03154832391	-0.2828522215
	-0.2382437163	0.1957276851	0.1857562992	0.1077061509	0.1275992159
	0.1452057015	0.5170691459	0.6791711093	0.4437478923	3.152483792
	-3.732727295	0.9703464058	2.270565341	3.206202304	1.116856746
	0.2269721049	0.1339863507	0.1482148324	0.1251251965	-0.3947217199
	0.1007691486	-0.179714426	-0.17616298	-0.7011815954	0.1501460779
	-0.2126336135	-0.01226873665	-0.163618208	-0.2382214506	0.2040588261
	0.1430977942	-0.07452046149	-0.8128405207	0.2435176546	0.3603838833
	-0.1926010571	-1.697693807	0.7409634187	1.212803205	0.08021018539
	0.4349606268	0.3801565579	0.1277151076	0.8024888778	-0.6815734138
	-0.1772747217	0.1042953717	-0.0695185444	0.1217349388	0.552582371
	-2.727904073	2.538677407	-2.38830431	-0.2846845315	-1.160398992
	3.811646273	-2.165434081	-1.835428947	-0.2856751643	0.3805624604
	0.4494694722	0.5084296369	-0.1232468692	0.3137275511	0.3066829827
	0.3272717379	0.7455676706	1.249508131	0.5398722489	-0.0390984934
	0.1110501311	0.8521764769	-0.04768173236	-0.07695042099	0.07374376923
	0.08157677691	-0.09151409313	0.2834488538	0.07604583846	0.07965714663
	-0.06485843948	0.5040113539	-0.7140348538	-3.869179974	-7.310228228
	-2.001588052	-0.0705231177	0.04748011957	0.3487146683	0.3222296863
	0.1903582287	0.01332068439	0.003961661008	-0.486452923	0.04955972682
	0.1340022288	-0.105601647	0.09005578486	-0.2225182356	-0.2318549874
	-0.1407284753	-0.1540112057	0.1297002696	0.1283966331	0.1652200449
	0.180540082	0.02638609361	0.291214556	0.3622363618	0.2456733656
	-3.14708862	0.9506675191	-0.2231201758	1.53614601	2.118036109
	0.7695020208	0.2146632055	0.1468339107	0.1804366238	0.09318563271
	-0.2090701895	-0.6910309547	-0.8916950729	-0.002688720097	-0.1759384372
	0.3529858979	-0.01116390136	-0.1197289092	0.0530925339	-0.2526654294
	-0.414123123	-0.263850686	-0.6974654014	-0.05062367904	0.5598915202
	0.02483280646	-0.94302452	-1.916697458	-0.5311635512	0.07979707574
	-1.111463289	0.5786117282	-0.3159510663	-0.2303580749	1.744897937
	-0.679032655	-0.1367240833	0.137078604	0.1565933957	1.050262703
	2.158827972	-2.636485518	1.886455081	-0.2385399989	-0.08727187172
	0.6314641239	-3.683344556	-4.567462004	5.632571569	0.6106416803
	0.2826508438	0.3875547663	0.4485190259	-0.08416840111	0.1739193234
	0.1788111366	0.2849175667	0.4647824509	0.7279695603	0.345847572
	0.05728262132	0.01531407855	1.333056761	-0.162234278	-0.4611167706
	-0.09293756598	0.09983149569	-0.2520878762	0.3169555534	-0.05215340826
	0.1257516235	0.1174129003	0.004832510068	-0.39772607	-3.549232979
	-10.75569571	0.1043313195	0.6204685262	0.1015445856	1.426575467
	0.5211561395	0.1358576142	-0.3851261157	-0.01817310248	-0.451629744
	0.07136788917	0.1826012461	0.05120302073	-0.2457028402	-0.3953081857
	-0.3991373143	-0.05588686803	-0.2019061531	0.08839683965	0.1148887892
	0.2126149131	0.1182855619	-0.4475861181	0.01468900386	0.02257532348
	1.247191306	0.298547115	-0.4253904559	-0.9661353647	0.1711352234
	0.4435067832	0.3641801502	0.2221673893	0.1528560857	0.173069544
	0.0311875968	-1.02068519	0.03843268191	-0.1878065906	0.2790317925
	0.02771856303	-0.1934395792	-0.1166140374	-0.4602247769	0.1350970799
	0.02163948465	-0.3689822613	-0.09999352102	-0.2394817369	0.1582491594
	0.3888867074	-0.0573482172	-2.16931946	-0.3403807118	0.09619749374
	-0.5676433118	-3.486474515	1.933908097	-1.931602997	-1.899276208
	0.8095871916	-1.326229985	-0.142875985	0.1619651177	0.1449474583
	0.3618371815	0.8394475249	-0.4791231709	0.4746580412	0.08891597787
	0.1786959626	1.214879005	2.853527897	3.873600415	4.384583453
	-0.5277499087	0.1986961342	0.3157336002	0.3444098781	-0.2881673715
	0.06559541606	0.1104428574	0.2373400372	0.2765100488	0.3415115829
	0.2098250701	-0.1593775399	-0.07918864778	0.7727069724	-0.7187104446
	-1.070751319	0.1010086579	2.35238354	4.735240947	4.69245673
	-1.640127151	0.9389346418	0.1561375092	-0.7603045524	0.5009503358
	-3.120752545	-21.23539866	5.813144519	1.953568613	1.495100857
	7.721407724	1.002869421	0.03047403277	-1.683871316	-0.09013843763
	-0.3580872321	0.1318815045	0.2273451307	0.1001441706	-0.09155112238
	-0.4217498741	0.3580168642	-0.1264227432	-0.2752013996	0.02556659571
	0.1544493059	0.1592890375	-0.6171105701	-0.6876304498	-0.4291365185
	-0.7194728682	-0.4502819969	-0.8603411443	-0.8390508424	-0.09742937794
	0.01800504278	0.2619768319	0.2699437364	0.2562531783	0.07441272755
	0.0870329189	0.09559053445	-0.8060934386	0.5097033129	0.2269491184
	0.6284713267	0.1125446653	-0.9046807159	-0.1106166747	-0.4946791691
	0.1109389368	0.1806051431	-0.2251799411	-0.227010701	0.1566007944
	0.2743862773	-1.71687184	-0.06425831877	-0.6077776898	0.20933534
	0.3352561624	0.3369168205	1.229927932	-0.2859677854	-0.1889406033
	1.544294647	-0.3903850849	-1.702810303	-0.07321682329	0.1842705602
	0.1630784117	0.1686131981	0.2171390593	0.09355499951	0.3246038154
	0.2980937268	0.325757147	0.2772770853	0.8548698595	1.6939477
	-4.55176436	-6.400774456	-0.6219532881	-0.6067712525	-0.01345636881
	-0.1266892759	0.07105206327	0.1330520303	0.3481268378	0.459581849
	0.02594933343	-0.5554391923	-0.9612483724	1.970506881	3.168838531
	0.2089464103	-0.9874527556	4.580202093	10.92889724	-5.446031071
	-74.29574173	-27.39219327	25.63376787	-3.173570005	-3.768899948
	3.509369801	1.678785309	-43.8312186	13.7971725	3.545714629
	3.185123923	22.16272256	-0.6436395834	0.2850010239	-1.580473809
	0.1358333022	-0.1426496515	0.1716155681	0.2420106373	0.1055613239
	0.03420086002	-0.443182158	-0.3602242825	-0.4486674925	-0.07385820237
	-0.2627893527	0.05959526569	0.4488641736	-1.056102663	0.9641751678
	0.1507423518	0.9105482947	-0.4513564864	-0.450184308	-0.7005212109
	-0.2882142397	-0.8690003946	0.1319634952	0.2118302923	0.2805231552
	-0.2510345823	-0.3554194679	0.2401737357	0.2680548475	-1.285404612
	-1.796560068	0.04901809798	0.2273415447	-0.3165310032	0.1283755797
	-0.04629282339	0.02724764528	0.1358578329	-0.07045278926	-0.4965553984
	0.2939457846	0.3708455966	-0.541784831	-1.34246869	1.242542109
	0.3027637914	0.4037598505	0.3294967152	1.318092057	-1.785382688
	-1.483346055	-1.237030795	-0.7242815181	-0.883144881	0.1003038273
	0.1755773726	0.1583846535	0.1530471531	0.1504836786	0.2119317199
	0.3541864162	0.4433967239	0.4702643212	0.3775447746	0.2680748886
	0.08573710223	-7.92640921	-12.84886784	-5.763461462	-11.47458379
	-4.743976784	-0.003904479616	0.06239612868	0.0608799445	0.07467982758
	1.164633759	-0.2950020277	-1.440779336	-5.987720616	4.924298961
	7.976051248	1.089558873	0.2675463502	15.7767856	30.88388434
	-21.53777295	34.66372613	-78.67760018	231.7314439	-45.80601456
	-18.85760131	21.35549961	30.98826185	-44.42850372	13.67891422
	4.186576816	0.686614747	16.27470094	-12.773811	1.305258481
	-0.05151342378	0.347546115	-0.4858421745	0.03885955347	-0.06205322826
	0.03139163879	-0.004409406008	0.03498498183	0.1482925227	-0.1678253221
	-0.03479136368	-0.2561536177	-0.4579821742	0.3765708505	0.06656540247
	0.4307151808	0.2497482273	0.3141645178	-0.03461379237	-0.5895210972
	-0.8514292371	-0.7154780297	-0.6593491441	0.1622980587	0.1733402761
	0.3394125542	-0.05484215679	-1.043308713	0.2979139454	0.01172196688
	-0.04573888061	1.096851912	-0.004307047745	0.2463089982	0.01076997275
	0.3258809464	0.1458918567	-0.245132547	-0.219165965	-0.2267124194
	-1.704654454	0.4885237309	0.2369091731	0.237108062	1.725826133
	-0.9125769597	0.164110978	0.3724336578	0.1706510301	-2.891450404
	-0.2396009112	4.247800809	0.2372954486	-0.1309653478	-0.08050508048
	0.1825753269	0.1466968622	0.1432860421	0.1330561654	0.07399726601
	0.1923037006	0.3241509847	0.4630546461	0.5194525492	0.4658772876
	0.3321036528	0.15955169	-4.461830334	-5.706272935	3.654149802
	-26.83924628	-14.51810166	-0.1680337781	-0.1698516172	-0.01686825841
	-1.155513273	0.02644467171	-0.5300033844	1.26644301	7.625648754
	-1.091949238	-8.221380052	0.5406041659	0.7652050657	4.024118811
	18.26999874	-48.03968311	-85.0400178	274.594937	9.714404092
	-146.2790194	-90.70326744	68.61314565	86.91352104	-4.960919236
	7.476485068	4.507996769	-0.09937537646	4.96100409	-5.481980395
	11.1782321	0.1357775648	0.2624476616	-0.7057757474	0.1447576261
	-0.5930264215	-0.1859812804	-0.2807560987	0.08254104575	0.1761850308
	0.03544623965	-0.481194685	-0.4917013179	-0.2219194622	0.1852211893
	0.3118104704	0.2876675192	0.132236592	0.1180191751	-0.8091642993
	-0.3681502939	-0.9878460469	-0.6718696439	0.969973455	0.2183350952
	0.1587452275	0.3423625683	0.2479564662	-0.1069424685	-0.439272663
	-0.8186558737	-2.175036607	0.8188816264	-0.7303343826	0.1308785158
	0.005095814268	-1.031124507	0.1587835035	-0.3671644499	-0.4086343207
	-0.3021662778	-4.181212036	1.57487989	-0.005798387939	0.1426866066
	0.5797938361	-2.316150554	0.05211022171	0.1767403076	0.0729298154
	-2.132897166	-0.8595371439	0.8519330736	0.07827152101	0.2035328971
	0.1335181782	0.2079855123	0.1466563693	0.1285036295	0.04633102657
	-0.2044506941	0.2037718015	0.2040314819	0.3718300442	0.4718412859
	0.4634781661	0.3433985525	0.1542568719	-1.056130054	0.3423718201
	22.12001588	1.202654604	23.70469539	-0.3424147643	-0.6352618469
	-0.003249599275	-0.3416847534	-0.1808169722	-0.7678913176	0.746632114
	6.372481051	0.4828169202	-0.7133130117	5.730338142	0.1260595364
	-13.98010229	-30.37360692	-15.16380083	-27.4305662	-89.1712577
	-328.6906462	321.8640134	15.58509064	-14.79970449	79.59975469
	-2.72235913	1.166882862	2.074687204	0.3130963404	1.111767356
	-0.7054884758	-14.76811324	-0.000758997752	-0.322179076	0.6444245656
	0.1501842789	0.217271697	0.2127698382	-0.2573030722	-0.02103249378
	-0.5222378832	0.0771261533	0.02671155913	-0.03204134071	-0.09341885409
	0.1484776114	0.2350951683	0.2292130192	0.1291490342	0.1724871978
	-0.07158562212	-0.3520580627	-1.101333502	-0.6344034327	-1.468084382
	0.04607145196	0.1703936097	0.3187136843	0.2930841263	0.2868447075
	-0.9744896116	1.658606513	-0.8450528676	0.8489524074	-1.409536986
	-0.07428492477	0.1591353362	-0.2507303517	0.2991389407	-0.2464462266
	-0.05737104578	0.2624205646	-2.292917057	0.03901575514	-1.360882694
	-0.03417072854	0.2013613847	-1.020084273	0.875761636	-0.2815097385
	0.2800339192	-0.2240259905	0.09099147483	0.4158281302	0.3319129095
	0.3220710808	0.1252800163	0.2636032482	0.04562940443	-0.08396445171
	-0.0694915543	-0.7620186766	0.2198745966	-0.02284131142	0.191977555
	0.3348769436	0.3685706183	0.2911255734	0.2582040306	0.8547769058
	0.05624344573	-19.13674269	-10.61796735	2.893286818	0.2886577475
	0.1886732473	-0.09389135801	0.1498254741	0.5206169978	-0.1634329422
	-0.5066914671	-1.73145031	-0.6479385182	0.6365573188	5.981802355
	-3.343700428	-13.33820241	-15.95339626	-4.312437125	-3.205342308
	-30.89688918	74.5862151	367.3877412	62.75846971	-93.13727847
	39.94975938	-8.792237884	0.01179533018	4.840277326	1.670433285
	0.3828210337	0.1238344349	-0.1000175236	3.995249944	-1.631415588
	0.2601492326	-0.5141781378	0.1203213399	0.5908850004	-0.230250893
	-0.06007380966	-0.3229545973	0.07176770788	0.145350162	0.05492069376
	-0.4182855561	0.1433884658	0.1873898982	0.1825529706	0.1527813958
	0.2765171743	0.6773311358	-0.5418945277	-1.13672403	-0.9705832137
	0.7981104906	0.1822311698	0.2091304961	0.2743370519	0.04180813328
	-1.929841009	-12.68501169	4.351813727	-1.943486014	-0.3074211409
	-0.2570548256	0.2024851413	0.1404939106	-0.2886303302	0.3274877037
	-0.3373548102	-0.4322072846	0.3579004953	-0.02659477029	-0.2586790316
	-0.2804981675	0.03047283417	0.276406376	-0.1639935769	1.26746466
	-1.135569593	-0.2913623816	1.114507286	0.2250209247	0.4183516518
	0.4179105807	0.2686578807	-0.111438058	0.08687717258	-0.3159418764
	-0.5331567687	-0.1595982988	-0.1884440888	-0.2760769527	-0.6158363428
	-0.1168703597	0.1634600201	0.2290732588	0.2851500605	0.2656013036
	-1.516572206	12.96862776	-1.393132377	24.24807639	-15.15828349
	0.08606688663	-0.24697864	-0.4944826056	0.1124376561	-0.4807232568
	0.01702329101	-0.02152743964	-1.435109104	-1.112036063	0.2881048487
	-15.44593396	-12.03482535	4.17836962	-1.868897699	0.1231338685
	4.263195059	-10.86546235	34.94148624	49.51533215	-3.950776647
	-48.57355932	38.89203023	-15.31488134	-1.615053837	24.28697317
	5.20337878	0.3768519296	0.1005999438	0.3698534301	0.4512175622
	-0.9369500423	0.1772904619	-0.677068246	-0.6565799861	0.05524116471
	-0.5991344622	-1.155464101	0.001535163499	0.1310507953	0.1181053734
	0.07645158638	-0.4444906141	0.1135663223	0.139100837	0.1300022955
	0.1058998993	0.1822705318	0.4777394275	-0.5380418652	-1.074597352
	-0.5716498629	0.4598075972	0.170105637	0.2073160255	0.2349814551
	0.124447559	0.6711022136	4.125108724	-1.384141459	-0.8586192104
	0.1193706608	0.2217373148	0.4090427936	0.09753449207	-0.8077197855
	0.1904692308	-0.4846858384	-0.492018775	0.3260458337	0.3279235099
	-0.8067954917	-0.2887560603	0.167257634	0.2978541208	-0.2590753315
	-1.743901784	0.1163353088	-0.9496008795	0.6073740185	0.1335083349
	0.3207681285	0.2894072189	0.1401137879	-0.6344698842	-0.3812547821
	-0.4183716702	-0.3600667589	-0.3856991838	0.003350448362	-0.701128805
	-0.2707393138	-0.3355558827	0.004097058312	0.1268481333	0.1496151632
	-0.8578292217	-10.42697412	-6.748808596	2.844476721	-16.6688459
	1.75651757	0.07088549122	-0.06791913272	-0.2648865418	0.07332552467
	-0.2208513503	0.1414690803	0.122392961	0.2245517254	0.7452752633
	5.971914331	-2.39002157	-2.201024108	13.42872804	2.029052243
	-3.50833864	16.62842279	-0.6512014233	4.029020408	-4.376952961
	-7.931201228	-15.17712269	16.69785086	-1.815716669	-7.882788091
	19.42936869	4.766999246	0.1331677483	0.106065244	0.3567618148
	0.3051509845	0.3624169725	-0.2325619804	0.1177533509	0.09200412902
	-0.3708009468	0.0947090466	-0.1230380343	0.1608716033	0.03361114728
	0.1222706786	0.1651870761	0.01224511735	0.2981256566	0.1382483946
	0.06910138874	-0.01701506784	0.1118411909	0.2051221956	-0.1663453146
	-0.6570132717	0.07586571582	0.5209569849	0.1017668914	0.1461702326
	0.1280230829	-0.01015669257	-0.1080504368	1.548264877	-1.36844508
	-4.603630122	-1.4364297	0.1037067849	-0.05181128311	0.1943216006
	-0.4401532324	0.07519390815	-0.521257981	0.09292338631	0.03459618128
	0.2413097884	-0.1861628138	-0.1040383671	0.1939795254	0.2196816076
	-0.2018729289	-1.500596902	0.3414719938	0.9933529392	-1.031207482
	-0.3733959733	0.120049268	0.1002516792	0.1760619869	-0.3239093445
	-0.06120892768	-0.02249429038	0.07847097979	-0.03811299037	-0.7353083764
	-0.2282706121	-0.5961468817	-0.45779879	-0.449641631	-0.1004027006
	-0.4379539457	-1.964751782	-10.58325171	-14.13711809	11.18786192
	-7.40947729	7.539856567	0.06425980161	0.05246690342	0.03182647728
	-0.007112996642	-0.1935155636	0.5545439723	-0.2209453522	2.048501159
	-0.8933633814	-1.63862231	-0.3560818834	0.01230824788	2.511119214
	0.5981977149	-20.54300984	-2.640822001	-3.048450869	1.073980855
	0.3700088047	10.6215034	7.326511531	-13.64103124	-1.716028206
	-0.928978703	3.488763522	0.7354355116	-0.1727956624	0.2896021298
	0.1210575459	0.3760022868	-0.2872435214	-0.4964076806	-0.03365163497
	-0.0684943421	-0.9202972708	0.7118188221	0.3842191605	-0.05568837767
	-0.4758297775	0.07890422624	0.1833979909	0.1044708515	0.2830173094
	0.1458843726	-0.08265554885	-0.4053845709	0.1347775695	0.4380607747
	0.3058329426	-0.4026677227	0.5008961927	1.154935342	0.06824164749
	-0.04664318597	-0.1510203886	-0.5156410439	-1.375450855	-0.9848715563
	-1.312073548	2.386106889	-0.1367850827	-0.2784157443	-1.619998274
	0.0467392381	-0.005415289503	0.08764663071	-0.2464738531	-0.3583876042
	-0.8373535877	-0.1291421291	-0.0009274596106	0.1152328978	0.1886958817
	0.1443591148	-0.2830880796	-0.3234480447	0.2409176367	0.3809639502
	-0.8030676686	-0.7308240184	-0.2761898343	-0.2244291604	-0.600426665
	-0.473299941	-0.4142260357	0.1063703657	0.2576871251	0.2533059022
	-0.1457563946	-0.3608294892	-0.5115198222	-0.5557458814	-0.4077223931
	-0.1097608437	-0.6734578054	-1.776031657	-4.921215024	-6.323095522
	6.863657526	5.89801481	16.91933185	0.05971956963	0.06779160812
	0.09585163151	-0.3472388075	-0.4951919417	2.549751199	-1.480770581
	-0.5294056704	-0.6130852696	-3.311074259	-0.6350159034	0.1132411395
	0.2703940449	5.36606061	7.340860788	-0.3906347765	-0.7685621219
	4.611621109	-2.273075419	-20.67317393	9.37783877	-0.4650939307
	-1.341553751	0.2960602538	0.4064704501	-0.08432892349	0.03202968779
	1.012213585	-0.7353817954	0.2692560706	-0.4316993874	-0.5177367612
	0.0120616936	-0.3510939003	-0.1697835618	0.9663520682	0.9002406721
	-0.178729104	-1.071230828	-0.01917190064	0.1678033232	0.1090242791
	0.1753693243	0.09990531143	-0.5018217061	-0.4563209323	0.1698140201
	0.7597192047	0.7001716328	-0.1553621147	-0.1819220063	1.029352287
	-0.4891476538	-0.4859466956	-0.555483245	-0.642561036	-1.08781255
	0.2314460648	-0.3349231535	0.6651226821	0.4312781198	0.2221482835
	0.03846214821	0.3444105819	0.09457792626	0.0224436016	0.09269852496
	0.06746472506	-0.03407144019	-0.3146145535	-0.1211788651	0.1457900427
	0.1323008066	0.05333922155	-0.4412434129	0.02907470828	0.3430798237
	0.2494591417	0.0005558878813	0.6176062887	-0.1755255551	-0.1599354004
	-0.335249254	-0.1739331305	-0.3626313014	0.1614162633	0.3789506258
	0.4050664841	0.2145927083	0.05290003026	-0.3772567259	-0.3653402402
	-0.3058743904	-0.3140231456	0.3095553981	-0.6677621107	-1.126407987
	-1.01502515	1.681512386	1.325409733	4.371435279	0.06741912821
	0.06483644755	0.01691749843	-1.479369567	-3.1667197	6.178653352
	1.256264567	-0.1652326534	-0.0483103188	-0.5663018636	0.02687087009
	0.1475805606	0.07143828042	0.494152927	-3.073189212	-0.4706679969
	0.8298969561	7.227524006	5.424590086	41.66934324	-8.671508641
	-0.452266099	0.5172020115	0.2824203479	0.1058800708	0.02871043789
	0.02496715624	-0.628576214	-0.6626802065	0.6151788259	-0.07995682552
	-0.07104361606	0.2607969036	-0.1811442945	0.2973013624	0.3674720958
	0.6235874203	-1.057692784	-0.2019822365	0.1005451256	0.1416471622
	0.1410564826	0.2496577776	-0.4256895835	-0.6719551861	-0.8418515975
	-0.02401773335	0.9548680982	0.9077830888	-0.0151754745	-1.330790698
	0.06163527936	-1.745234136	-0.1354326161	-0.6865773825	-0.2796528959
	0.07885745217	1.093810054	0.2089848333	0.3999740393	0.3073924343
	0.3284285605	0.4039613443	0.3104695388	-0.1439453106	-0.4203097838
	0.1840467123	0.2759776129	0.2306393126	-0.1010870346	-0.3364628981
	0.1358998461	0.07634945672	-0.7342714796	-0.4477780617	0.08982742251
	0.378469732	0.335507598	0.04465612763	0.03180847197	-0.462112314
	-0.4065966253	-0.1658474861	-0.551941258	-0.1386255084	0.2242237787
	0.4327585546	0.4894436521	0.35615436	0.1626169398	-0.075532781
	-0.5659319195	-0.1797396963	-0.8937116209	0.6739801214	0.05071084253
	-0.01646570583	0.1319866882	0.3870236068	0.148370451	0.3359930709
	0.08041585833	0.02422083181	0.002210047159	-1.378886832	-10.0608606
	2.661395605	1.290737861	-0.1012847469	0.05802750855	0.09813967795
	0.1217506866	0.1108738022	0.05881630748	0.1839298023	0.7844457119
	-0.7069532839	0.7392949536	-12.50680922	1.984951194	5.352068957
	12.74179596	-1.122786663	0.07606354415	-1.38400187	0.8978202881
	0.0758384965	0.09581746018	0.08172774554	-0.1474980245	-0.2812412836
	-0.9493705758	-1.952402505	0.3801811545	-0.5455456836	0.2840511379
	-0.07535370811	-1.422598302	-0.4729661334	0.694930935	0.1570480261
	0.1082275586	0.1364959855	0.3225253711	-0.06639406229	-0.6057429486
	-1.052261127	-0.8980551537	0.9269595049	0.8239276925	0.2334257374
	-0.849534809	0.2310528955	-0.501604234	-0.4889767071	-0.1232868293
	0.1137396948	0.4829737859	0.7225890525	0.1424689019	0.3239509911
	0.3462863145	0.3658109257	0.3460310268	0.1650663468	-0.3135084032
	-0.5562943362	0.1498071338	0.341514338	0.1316859404	-0.657224849
	-0.4780606616	0.1533354271	0.1685148452	-0.1013283173	-0.1629432267
	0.2493825303	0.3835252433	0.2529302877	-0.1658375576	-0.9759027375
	-0.4918128396	-0.04524483411	0.08069295964	-0.09753161882	0.04182035652
	0.2039297668	0.375455815	0.4587571883	0.400771096	0.2541474213
	0.1206840524	-0.01836610874	0.2560197577	-0.2351912609	0.4232955138
	0.1623810191	0.145064601	0.219387368	0.2648995808	0.267349066
	0.3137541275	0.08529487371	-0.02685032618	0.53358859	4.576412981
	-2.116682398	-1.339206294	0.5350507379	-0.1454893112	-0.2699754031
	0.2389453763	0.07736653166	0.1034348102	0.05164407589	0.08982462441
	0.18282434	0.7282870876	0.5627302182	-2.945176607	10.31399494
	-37.3811653	4.264763583	-0.9744952794	0.8203784199	0.3511806441
	3.459579204	-0.001538188475	0.2184245069	0.1560174076	0.1254734589
	0.2546226348	-0.7717046418	0.2251484299	0.3857747547	-0.139108711
	0.1058411676	0.1899971988	-0.139108678	0.5752490178	0.5846154477
	0.1082570813	0.1207778537	0.1142340014	0.09289056694	-0.6989971651
	-0.1175210596	-0.7476368603	0.1105352223	0.5814036976	0.4793679715
	0.3994031213	0.1017214847	0.3083670303	0.849131968	0.6734870139
	0.2168640403	0.2001923668	0.01785338302	0.2716811773	0.1082809928
	0.2047750493	0.2170487447	0.2256796246	0.1633996363	0.09630647858
	-0.538005762	-0.1002323102	0.2488199397	0.1670675981	0.192902863
	-0.1288489401	-0.135275447	0.1793547389	0.1463853439	-0.1666857372
	-0.9309181646	0.3228310281	0.2993223971	-0.7427997647	-0.3138202456
	-0.5013520383	-0.03379976929	0.2686751955	0.2587803168	0.1552564927
	0.1111183169	0.09512578911	0.251348379	0.2888904276	0.3334110998
	0.2944992632	0.2261163882	0.1583024352	0.1945753701	0.07867334174
	0.2284231257	0.1360915543	0.1623332806	0.2291029324	0.2906421459
	0.3346690878	0.3537293891	0.07121276066	-0.04017226069	1.339512148
	10.19657031	8.921453285	1.698429449	0.2601804031	-0.01420795516
	-0.1356042831	0.1265728059	0.07734107097	0.1178174999	0.08186525852
	0.2638930321	-0.1266546758	0.4469313197	0.09223108566	-1.048931621
	3.020763239	-4.934536896	3.216148987	1.45889037	-1.689844813
	1.851192263	1.304608262	0.3685430707	0.497566741	0.6755447668
	-0.8948611761	1.67169913	1.064780985	0.3004508683	0.1752873287
	0.02721264161	0.1100844154	0.1379423245	-0.1684453998	-0.8159937706
	0.127135626	0.1475181576	0.1850160744	0.143315093	0.09766085631
	-0.2449809224	-0.06234408699	-0.1157315908	0.2046897	0.2293603073
	0.1900413374	0.3079334453	0.5367922001	-0.9274712863	-0.8737016609
	-0.5011080805	-0.1642705894	0.3714744274	-0.8657875562	-0.343513062
	0.09530065569	0.1365245664	0.1482158334	0.1166907287	-0.1242872194
	-0.1530204098	0.05448823501	-0.7963621071	-0.1329660065	-0.09505950129
	0.5275456226	0.2522077292	0.1453722973	0.1170258046	0.1432003546
	0.1031165264	-0.1767330761	0.5755789094	0.3647633827	-3.734318765
	-0.2851777407	0.4488515464	0.1865944706	0.3681045645	0.3742188935
	0.2519320373	-0.02143080348	-0.2111172634	0.2273266758	-0.133341103
	0.2606548671	0.2393367235	0.2828194437	0.2669616226	0.2239587449
	0.1538221625	0.1504136905	0.1356625562	0.1647018186	0.2128487935
	0.2843355469	0.3383161599	0.356995472	0.05763422509	0.05302048054
	2.293096047	13.90059218	15.62999626	3.661074985	0.2790643955
	0.04306565134	0.04203145588	0.09217645974	0.06397885459	-0.1689037327
	-0.2895830455	0.9920534492	-0.7190432587	-0.9783132985	0.1892112051
	-0.7882044864	0.2849512691	-0.4355569643	0.4385760493	-5.044480613
	8.632357834	-19.59284974	-13.81923833	-5.737568992	2.712890719
	1.214003817	0.0006154847865	-1.335339551	2.077314033	0.2182767485
	0.2073268748	0.09743987492	0.1089918701	0.1024842689	0.0220259791
	-0.3423195968	0.1694224478	0.2502162675	0.2611375238	0.1963770244
	0.1246894766	0.03994110069	0.07374358622	0.117454207	0.2824986646
	0.1623955119	0.1181992582	0.1975145247	0.7365597917	-0.4485269881
	-0.636621755	-0.7048000159	-0.99139096	1.202984397	-0.6202290058
	-0.717176671	0.1176009577	0.1320696364	0.1508566582	-0.02060667341
	-0.2873313572	-0.7213543346	0.08064150586	0.06913398801	0.01258431915
	-0.8431705092	0.3574624124	0.2987711693	0.1556095575	-0.1351022176
	0.01794284371	0.2017874194	0.1791082837	0.4471895965	1.696448011
	-0.4177723685	1.333668549	0.2401334602	0.1564651632	0.3492346256
	0.3872207146	0.2600772695	-0.1959399746	-0.8069542671	0.008621858941
	-0.9926987064	0.5468969256	-0.0381101004	0.2825503183	0.3198030298
	0.2880307634	0.1929581362	0.1438500242	0.2217808012	0.2598397572
	0.1903612648	0.2383677043	0.2995637263	0.3231383905	0.09240248092
	0.2461008695	2.841270056	14.16077363	19.49884769	6.674334061
	0.7097634228	0.06155268413	0.09569999702	0.1740968994	0.1022342261
	-0.2544843549	-1.211848816	-1.270082042	-1.60604236	-0.3751293044
	0.6422159561	0.02040842554	0.06593129643	0.06769612593	-0.04211552617
	2.075389155	-0.9256890534	-31.9041423	7.647844511	13.66950825
	-3.60016767	-2.980518241	0.4625724742	-0.5549947583	-1.346042476
	0.3004074097	0.6558539788	0.02363414163	0.04611071864	0.1002098207
	0.1019754093	0.01887265637	0.2244316159	0.3328015455	0.3442457776
	0.2632771167	0.1628916655	0.1136082057	0.1569908705	0.4307966292
	0.7766063375	0.3010172729	0.117621425	0.1385698086	0.3729786373
	-0.2527390902	1.279293669	0.2186847053	0.1251339361	1.390160498
	0.1794580293	-0.3743550288	0.2288323592	0.08404193492	0.1778575268
	-0.3357175174	-0.4693031243	0.07727088022	0.2133820238	0.44579716
	0.2730034068	0.3713436404	-0.9787195602	0.1436823147	0.10924217
	-0.5208321023	-0.3313769749	0.1891793992	0.2045657229	-0.06004711045
	-2.066395626	0.9423039555	-0.8158627042	-2.259222241	-0.07433865286
	0.3042114266	0.2618092695	0.1449585023	-0.5578512829	0.3288052517
	-0.7738337722	-0.6100038564	0.5543421529	-1.570249028	0.2348712099
	0.3128073679	0.3028245328	0.1916379823	0.2073981727	0.480063848
	0.7813689088	0.4189642469	0.2170567039	0.230151717	0.2561966031
	0.1858398965	0.4077948968	2.447474358	9.871716277	14.99853843
	6.933071253	0.8037466143	0.02973826022	0.1766710785	0.1781920417
	0.1266392465	-0.2077958264	-0.5171917869	-0.04413995474	-0.5579142759
	2.336863176	0.05005653578	-0.8968079022	-0.2563445277	0.05678255287
	-0.8737243409	-4.270233464	-3.706311127	18.42385026	-7.567148449
	-3.456609467	-4.738406098	2.248491838	1.325667395	-0.1319772619
	-0.1189064132	-0.4335374145	0.7322336473	-0.6726551075	-0.2796826752
	0.1072642446	0.1124782705	0.08494308866	0.2743078081	0.4260967274
	0.4416766411	0.3356518812	0.2117152665	0.2081301146	0.3470635704
	0.9945216511	1.468375356	0.6619460265	0.1198284062	0.1022612417
	0.1686915901	-1.478717533	0.1766213223	0.234018581	-0.9504853458
	-1.458793889	-0.7028458203	-0.1895826343	0.07974992679	-0.3125203168
	0.1147387104	-0.3038312993	-0.5975265947	-0.7762465566	0.2536274951
	0.6033413066	0.2494220018	-0.6623548355	-0.4494238638	0.292672981
	0.1767668616	-0.1561085748	-0.3032240173	0.1341630707	0.05904661746
	0.4825907621	-2.281500347	-0.9785573263	-0.581639716	-1.544214088
	0.1812981986	0.1704573704	-0.6650718611	-0.1796243746	-0.3972519992
	-1.288239087	-0.4959853487	-0.6338512954	-0.2801818065	-3.389710552
	0.02835722639	0.2712724182	0.2659122209	0.1735543737	0.2675944773
	0.01938394851	0.6404433065	1.042667267	0.6055850734	0.1666856371
	0.1566849585	0.2996013517	0.4600120789	1.53525207	4.711786371
	6.958273275	3.700643123	0.3694010026	0.03378342035	0.1927764899
	-0.526254465	-0.2037281864	-0.4512355641	-0.2015946077	0.8435256431
	0.08267121081	0.6847303319	0.01883869751	-0.6536167829	0.1392377295
	-0.01048974391	-0.5338197231	0.4301462735	1.489046783	-1.801547348
	-9.786617132	5.248388741	0.5874949019	-0.4739038235	0.04648989057
	-0.8779686987	-0.1356708007	0.04597226092	0.6842276445	-2.394938646
	-1.829474405	0.1445914245	0.1635220504	0.1022062926	0.3593993315
	0.5115825694	0.5396662593	0.399937357	0.2427678946	0.20120892
	0.07131477847	0.5844237007	-0.1074022229	0.2090740659	-0.000175636121
	0.03878270384	0.6102862567	0.08580533701	-1.190064675	-0.4743832485
	0.6052409242	-1.367654991	-0.5459922129	-0.05480228551	-0.06609276538
	-0.748862444	0.07854470072	0.05078748226	-0.546675888	0.000442548414
	0.2731738477	0.5396308492	0.148473443	-0.7977652795	0.3859492047
	0.3666340139	0.2041575822	-0.5480291916	-0.5252688225	0.156916858
	0.3196593127	2.657710122	0.9264151272	-0.02250076277	0.2008340589
	-0.04917848948	0.5688021727	0.5476025908	-2.819688311	-0.9765530222
	0.2567608826	1.613455995	-0.5704813793	-0.1140741248	-1.146772992
	2.126531479	0.7678605144	0.2008467167	0.2077252692	0.1882581771
	0.3874357214	-0.7154503196	-1.598472249	-0.4767886753	1.242183941
	0.03599321619	-0.1365370484	0.3993312445	0.4460975981	0.7866229394
	1.634464093	2.067334817	1.112329643	0.1231806088	0.05686471618
	0.2068154759	-0.1154661157	0.3370265824	-0.4912225462	-0.1008341799
	0.3856112758	0.04750305894	0.1648685253	-0.3910294819	-0.04146552079
	0.1145931469	-0.4220953114	0.06458737163	1.245722123	2.192173733
	2.076148105	-3.289257069	0.8076551574	-0.3090168099	0.6190597718
	0.286610213	0.1048870199	-0.02862146948	0.317849889	1.362482475
	0.479030335	-2.336856051	0.4073133129	0.3381111401	0.09811198873
	0.3538090609	0.4868747766	0.6017228899	0.4359662109	0.2403441504
	0.1590398259	0.1454291323	2.376551867	-2.37624311	-1.221046201
	-0.4128091346	-0.3873035691	0.5907456462	1.03869829	1.282336427
	-0.7811715901	-0.4996100468	-0.5518267152	0.7852994297	0.1551024252
	0.04460242018	-0.2128047794	0.1884142129	0.3836013897	-0.2291786735
	-0.9508161706	0.1761827811	0.2903706877	-0.1587547212	-0.3511135546
	1.152098978	0.2656837092	0.2036038608	-0.1180930459	-0.05076045887
	0.1976671985	0.08521144214	2.773672569	2.273003793	0.1782477833
	0.3676644262	0.2278966153	-0.3249638339	-1.434975045	1.163822143
	0.08241621588	0.1877445113	0.4534670021	-0.1918686776	-1.189985732
	-0.2232849377	-0.9806288015	1.158846192	0.1533838941	0.16532611
	0.1636586621	0.2181878946	-0.4389196042	1.367769527	-1.340612208
	0.3559724481	-0.730019234	-1.134456021	0.4616643784	0.4229168499
	0.3972734596	0.4685840334	0.4332081635	0.2170312136	0.07285873398
	0.08129725043	0.0764119235	-0.1753601095	0.3478222069	-0.4452651079
	-0.1850744043	0.3041090144	0.08676326598	0.1267517624	-0.1348841149
	-0.2345979082	-0.002589404037	-0.3297715023	-1.032312116	-1.903672243
	2.716577027	2.21976289	1.099768764	-4.420348123	0.6981328107
	0.2536919626	0.09382029075	0.1352177739	0.108312815	0.5059529265
	1.351591966	2.228902984	-0.2917911375	0.4979911252	0.3180545174
	0.08976649221	0.2749241756	0.2248306892	0.6022930879	0.4022733485
	0.2008944063	0.1344798798	-0.1345039352	-1.027884366	-0.7039481003
	1.128986436	0.6633974747	-0.9789482501	-0.5046207898	0.7597431238
	0.2961114245	-0.420027557	-0.2811976681	-0.1105991512	0.8156528285
	-0.2596798366	-0.05855534538	0.05807985474	0.1570820631	0.2812710526
	0.2433087205	-0.1140668443	0.2047148841	-0.07871290468	-0.157619143
	-1.087756089	0.8170294397	0.1133838773	-0.00771775541	-0.1280421497
	0.1226278708	0.170330452	-0.5402500625	-3.880806121	-0.6416973097
	0.1093453312	0.4107565292	0.2969729369	-0.7141008777	0.5050707577
	-1.415262966	0.5396975937	0.2633610874	0.387261561	0.2525470508
	0.08130180203	2.211117733	-2.200244014	0.3892573937	0.1912597488
	0.1520620207	0.07082593949	-0.6904891917	-0.5110511756	-1.810125463
	0.528913526	-0.3908316844	-0.8319829491	-1.753859266	0.4134810564
	0.3932464647	0.2442688403	0.1562620831	0.1043679238	0.0706919958
	0.08161621732	0.1089921361	0.07376100796	-0.3840472062	-0.09785268051
	-0.5143794478	-0.1337454143	0.2436046476	0.1230689255	0.1539295164
	0.1170697206	-0.143621661	-0.05867176061	-1.016899341	-1.82402495
	-6.425399515	-0.3102478587	2.645409447	1.300952477	-0.1496403975
	1.321623826	0.1142397564	0.04566063401	0.0450020859	0.09343474679
	0.3609296405	0.7173218972	0.8587989676	0.05612957052	0.2192158364
	0.08943298202	0.2517142615	0.8291559913	-1.217303772	0.4504744197
	0.2379677538	0.1718808269	0.149066509	-0.1721229763	-1.543025088
	-0.359884026	1.22944523	0.688668325	-1.478037808	-1.593361751
	-0.3638804711	0.02428840917	-0.8987073343	0.4332073071	0.08067688186
	-0.7611625108	-1.583203811	-0.4133467641	0.1164427021	0.1604402209
	0.1629655096	0.2177127883	0.1270424257	0.4348934661	-0.5491115129
	-0.4562502327	0.5361606731	0.3714575845	-0.0708072825	-0.4344662158
	-0.4583302547	0.2040093106	0.3030917614	0.4073246538	2.011119006
	-0.8788506806	0.07923260692	0.3246814822	0.251920858	-0.6106985769
	-1.129120219	-0.04640151032	0.1364766185	0.325904978	0.5723656182
	0.5211608282	0.2663047722	0.7955097077	-0.5267341206	0.6521620152
	0.3484227418	0.198411399	0.3299739278	-0.8698637275	0.7503094961
	0.6343437017	-0.4173950619	-0.7151209427	0.7951042337	0.1100738522
	0.05671418996	0.2996606844	0.1960353686	0.09215386956	0.06522023923
	0.06301315073	0.0776558043	0.05816188271	-0.5444171717	0.1718129228
	-0.350290525	0.09053288314	0.08491795705	0.1141564953	0.1214099463
	0.1920702252	0.1860530385	-0.2006270776	-0.4562982983	-1.778298712
	-0.7043338255	-6.335159273	-9.22164057	-0.2646486131	0.6443143785
	-0.3237614294	0.2622798166	-0.4052503217	-0.4333910088	-0.4643248673
	-0.0305163719	-0.6079680601	0.1643411828	0.1545134949	0.05862846829
	-0.01489706444	-0.1834531038	0.371687378	-1.86440889	-0.7847009745
	0.333792314	0.9431932184	0.7902842159	0.34561668	-0.02877885843
	-0.7153736357	-0.04379170943	0.4325388902	-0.08367481471	-1.895426997
	-2.016562851	-0.7802303531	0.0790796889	-0.2384234534	0.2353482279
	0.1291623224	-0.7714937473	-2.058991511	-0.713376344	0.1291899698
	0.1812582261	0.1310230299	0.1771773308	0.163343986	0.4045593121
	0.05990809832	-0.7053265232	0.2034807709	0.2958138414	-0.4461982199
	-0.139255082	-0.4685128082	0.2770181618	0.3692996249	-0.6627903801
	-0.3731020881	0.7501058116	0.1510288346	0.1901488577	0.1696481854
	0.08569586098	0.665286007	-0.268559032	-0.1074797938	0.3463478796
	0.5975110749	0.600257	0.4054264216	0.2314177301	0.07989941556
	0.7575432929	0.396673753	0.2105459103	0.5556087014	0.278813655
	-1.57064326	-1.414812857	-0.3186637686	-0.8587189894	0.9683226088
	1.060061768	-0.737560958	0.08045439901	0.1946026481	0.08523614041
	0.06312290867	0.06311867474	0.07092259387	0.06520587298	-0.4421258634
	-0.8716039729	0.05984076139	0.3341597128	0.2928815263	0.1048287495
	0.1107635342	0.2426423615	0.1770910386	-0.2237605197	-0.6106859356
	-2.131561785	-0.03492148301	-1.893061107	-6.43028189	-3.38765027
	-1.21092342	-0.2907438225	0.3766528769	-0.4693222859	0.2281980549
	-0.2327629079	0.09075509231	-0.356080648	-0.2402563474	-0.3201464505
	0.02446774036	-0.2752620511	-0.8023486891	1.11471169	0.3701636365
	-1.192997331	0.5057755942	-1.074105104	0.8502874035	0.180027305
	-0.01253854621	-0.268124688	0.07638911897	-0.076187779	-0.9047141456
	-2.135428076	-1.913845594	-0.6958873516	-0.5030918248	0.01754043338
	0.1919340659	0.126928926	-0.3362433561	-1.385437759	-0.5850542591
	0.1961908465	0.1991567999	0.1251398078	0.1719903353	0.1725256643
	0.01065215558	-1.186495979	0.2654736556	0.2911223562	0.4701226803
	-0.4408651776	-0.7746451199	-0.1590877521	0.2710558558	0.01375519976
	-1.7203021	-2.77009972	-2.01289792	-0.6474206695	0.123327517
	0.1548059054	0.1313566414	0.367148821	-0.52137096	-0.8888158981
	0.2224441888	0.4516546089	0.5142294631	0.3916127667	0.1920712999
	0.1193990911	0.407221886	0.2729857237	0.1565732381	0.3380430624
	0.9077316587	0.8199267958	0.4248916197	0.6813258238	-0.05574500421
	0.398555748	0.4136414544	-1.22968356	-0.07401743201	0.2505914325
	0.09744430157	0.06425406977	0.06315551036	0.06841639617	0.08601934346
	-0.0464465195	-0.2292030927	0.1496587081	0.3573827822	0.3271306017
	0.1076722283	0.1227627169	0.2964281647	0.1523116582	0.0451652309
	-0.3209399848	-0.9574608206	0.4084505889	-0.4879164537	-1.602314438
	-1.681390282	-1.126253144	-0.3425479001	0.4348135212	-0.8330450176
	0.5524550814	-0.5295721993	0.1789389283	0.5252063243	-0.01235316428
	-0.8921803387	-0.1189391201	-0.3271945995	0.2064039941	-0.6327771877
	-0.8398142257	-0.3985986449	-0.6872098571	-0.09035992089	-1.768229902
	-1.196510974	-0.331418811	-0.1925797569	0.03915749661	-0.3237057001
	-1.404849462	-2.304725191	-1.67916048	-0.5353720952	0.05871176966
	0.1591632478	0.2022585738	0.1580762081	-0.1311045308	-0.6072492253
	-0.1498571177	0.3228748655	0.21034412	0.1255568867	0.1916416222
	0.2272044417	0.1521574592	0.0367277009	0.299056053	0.3049314354
	0.4865462633	-0.4502729807	0.24890791	0.2035912663	0.1674062268
	-0.4815196871	-1.287421621	-0.5048888145	-0.1062251642	0.3812801373
	-0.4718063126	-0.02494881492	0.1814287122	0.2546321848	-0.1645346784
	-1.186772115	-0.2148616203	0.0640841449	0.2974812432	0.2718102827
	0.1024634967	-0.02412185277	0.270209947	0.2133148984	0.1347971707
	0.1691000192	0.333374851	0.5959611247	0.6599609251	0.5111216728
	0.1401901278	0.2049731698	0.1659573835	-0.5441101913	0.2262927692
	0.4030979253	0.1254943777	0.06711096563	0.0641214658	0.06924199843
	0.09649646877	0.1061265782	0.06052170217	0.09609436908	0.1953768181
	0.1649760687	0.06860591735	0.1855573252	0.3215191539	0.08398815402
	0.1773791792	0.7562963361	0.6513151978	0.2186563957	-0.1679081596
	-0.1606694757	-0.385726861	-0.5612739882	-0.1580862379	-0.4760872465
	0.4374114349	-0.4689480025	-0.11107251	-0.3281612073	0.1298001717
	-0.817314102	0.9521573783	0.3929626396	-0.268170483	0.1023607093
	-0.1608108302	-0.444362685	-0.182196178	-0.009821851516	0.2009383985
	-0.3884094097	-0.1075696242	-0.8334932487	-0.2059053411	-0.1784331251
	-0.7317712664	-1.967454694	-2.542286835	-1.504202709	-0.333277458
	0.1392696982	0.1790948829	0.1995585793	0.1549468368	-0.1447692247
	-0.1444630009	0.2039559735	0.418575132	0.2116202986	0.1292542796
	0.22643501	0.3098226177	0.1999976072	0.3510146639	-0.496834568
	0.1733550801	0.2666381139	-0.7414937429	-0.9278347448	0.2627400018
	0.1624513481	-0.8001421331	1.10025747	0.2949443968	0.3965564311
	0.6527374879	-0.6665843638	-0.567448702	0.2199701936	0.3864065792
	0.2072408877	0.3136277831	0.03228033608	-0.9428615065	-0.02047147107
	0.08815009774	-0.2666249586	-0.5649778686	0.1347767386	0.2451521902
	0.1434035513	0.1767940044	0.1821136977	0.1996982212	0.2119543862
	0.1838635392	0.1645925451	0.2305265435	0.2345591222	0.01472921715
	0.5179912947	0.5509772208	0.157327611	0.07080156648	0.0659796353
	0.07165524592	0.1026441966	0.1522996933	0.1488130013	0.08268235368
	0.09184935304	0.07552091681	0.101651381	0.2870013137	0.3177642848
	0.05940884393	0.3297491564	1.135130548	1.371034059	0.4635882404
	0.05175836144	0.07062514028	-0.2459633595	-0.01957542726	0.3706314877
	-0.6947177731	0.6811168415	-0.4028332445	0.06336871413	-0.2060958714
	0.1524519108	0.3829333798	-0.9891758469	0.602793075	-0.02007305189
	-0.445384231	-0.03616255046	-0.101805807	-1.756538332	0.4991589299
	0.161103592	0.1345153717	1.909564222	-1.169099627	0.1275484759
	-0.3442086607	-1.133919448	-2.456809271	-2.778772404	-1.420512878
	-0.2411111743	0.1732768707	0.1636423369	0.1807631947	0.07389891131
	-0.4105613888	-0.01144605033	0.332836123	0.4377997221	0.2067952746
	0.133266246	0.2583819464	0.3764345316	0.2571288041	0.3190005375
	-1.048852703	-0.005705927379	-0.0002563525621	0.2916813963	-0.405292744
	0.4793504422	0.2344521276	-0.0735414413	-1.297481132	0.2864987739
	0.5612277069	0.2436018199	-0.7342846611	-0.01254794711	0.27571858
	0.4941077762	0.2601363047	-0.08263442195	-1.012068715	-0.2759192182
	-0.1639804262	-0.07175241284	-0.4897958593	-0.6151292548	-0.4211978396
	0.2266442086	0.1526865771	0.209443338	0.2138366253	0.1950005441
	0.1852483884	0.1986660583	0.2397797347	0.2853941486	0.2985163303
	0.1069591535	0.4986001411	0.5962074934	0.17132851	0.07023801914
	0.06715892866	0.07320267556	0.1041929077	0.1606399451	0.1713090528
	0.09364012822	0.07064996675	0.07234716105	0.1364067777	0.3254804298
	0.3195675985	0.0633298598	0.3687106044	1.232663246	1.542017263
	0.7085766394	0.1000256735	0.09784346574	-0.02918077891	0.1850074083
	0.7875893678	-0.06114508652	0.8649702808	-0.2444576998	-0.1234300605
	-0.3220584371	0.1417159102	0.2697747882	-0.3561101628	0.3135930079
	0.06047761957	-0.3431759007	0.008747230037	-0.228510283	-3.616844325
	0.7808807653	0.2409053288	0.1421032853	1.402434016	-0.769688675
	0.3320363673	-0.6249930164	-1.258722859	-2.644367912	-2.919444099
	-1.43312349	-0.1802672051	0.1930910389	0.1575128263	0.1715127775
	0.04098172651	-0.6357139761	-0.05762004557	0.3494136295	0.431848993
	0.2080113156	0.130701854	0.2675447112	0.3945938336	0.3100146909
	0.3557920963	0.241383149	0.3689982385	-0.4168244219	-0.9666396173
	-0.1935883912	0.5382302096	0.2250556448	-1.129794656	-0.1653289059
	0.3337834541	0.6702501177	0.2034518477	-0.3900860885	-0.6365057609
	0.2466475652	0.5266659306	0.2745259152	-1.14147826	-0.3404237621
	-0.658066547	-0.6283338249	-0.4072475538	-0.3028066246	0.6661281282
	-0.2960952118	0.2066694308	0.1523857529	0.2226017392	0.232077411
	0.2146324795	0.205939446	0.2242882575	0.2649892003	0.303633158
	0.3229396961	