3131	
	0.0101986051	-0.1721989545	-0.03960056105	-0.7066910128	-0.6690467312
	0.9498559005	-0.0531964639	-0.3067712241	-0.1019895097	-0.4469368619
	-0.02309588788	-0.09328228902	-0.3213503133	-0.2007676742	-5.52704924
	0.01313958404	-0.9368395218	-0.5167260806	0.2909027892	-0.06666469488
	-0.1506397847	-1.026358177	-1.497447578	-0.6448086717	-0.1374988174
	-0.774815777	-0.7093700952	0.4377582199	-1.071965205	1.12712295
	1.72339536	-0.3129152221	1.817625936	0.2710328171	0.0464774938
	0.30900525	0.2766687012	0.3518278819	-0.06923090388	-1.24739015
	0.2456296468	-0.7463496322	-0.1938364921	0.6621920488	0.6461346942
	1.25198727	9.11140273	4.985524778	2.27264486	-0.3140880027
	0.4508755413	-0.8785634721	0.6879967445	0.3069725321	0.05988608706
	-0.1145392534	0.01827431418	0.1210279316	-0.005274501923	-0.006473646726
	0.0807463017	0.1360977812	-0.4058572433	-2.914684415	-1.814448111
	-1.414498836	-0.1828257289	0.6703846815	1.047771975	1.666046965
	0.4327254464	-0.3608304854	-3.672817605	-4.034999319	-6.630714978
	3.458544336	-1.026876213	4.357330327	2.881718707	-2.447669928
	4.109667261	-5.613170505	-2.226973935	-0.4932849084	0.09058629392
	0.0591221212	-0.05084359687	-0.2420966661	-1.832726811	5.070260292
	-0.04699074621	5.084463422	-5.129741032	3.343212759	4.876825835
	2.368005751	-0.4217995446	-2.353047909	-1.403643258	-0.6973496807
	3.676107113	-0.03380091081	-0.2425036608	0.2370252724	0.1201369389
	1.15328167	0.283589296	-0.2342994678	0.01310085743	0.4546870687
	0.3201115363	0.1017313946	-0.02616443908	-0.3148012381	-0.2799402807
	-4.616679453	1.68938161	0.1195149001	-0.122450498	0.4418323378
	0.3071772334	-0.1582801219	-1.011682889	-1.605940249	-0.6463304823
	-0.08011014319	-0.3759532482	-0.3018428546	0.9304263741	-0.9398565493
	0.8272078586	1.008796634	-0.2043579056	0.8783605737	0.03544420187
	0.05776219453	0.3346541185	0.2689940815	0.2745751687	-0.2366387286
	-1.616686528	0.7485079208	-0.20715392	-0.1851861224	0.1518727043
	0.1386196816	-0.9266466634	-8.774560126	-0.2445741221	0.4664312314
	-0.798305463	0.5086644848	1.221335542	0.8175156901	0.8776095324
	0.4567086094	-0.05960723429	0.03370122256	0.1198300489	0.03238552652
	0.005032508514	0.03918459718	0.08418049472	-0.4746584977	-2.876054557
	-2.193359998	-1.496868672	-0.2145639131	0.7165420839	0.9726214576
	1.333821324	0.3360823294	0.327391671	2.532077249	-1.340635435
	0.357676627	8.879935716	-2.665006551	1.454133637	1.794005233
	-1.696614384	-0.4686979308	3.962844742	-1.120037323	-0.5761641876
	0.08798592209	0.002133625337	-0.02130208822	0.1963172068	-0.01399726829
	4.275551212	-0.2405651118	1.056667591	-3.957147796	0.6609446966
	1.456204744	0.895341525	-2.49752675	-5.57754164	-0.5741063036
	-1.028117237	2.726005388	-0.06667688567	-0.2373965299	0.3224475139
	0.1493309119	-0.05209610531	0.3350975642	-0.009977914813	0.3549179196
	0.6057951124	0.5032529654	0.2305717852	0.007459921696	-0.2206527171
	0.2107765535	-2.33747611	1.962610914	1.066606204	0.435448963
	0.5404547906	0.3082890718	-0.1720904095	-1.011144983	-1.951728178
	-0.5161094982	0.001820243772	-0.3162699898	-0.4689627331	1.321217767
	-0.5323606287	0.2097169142	0.1057200012	-0.05283254299	0.09610104665
	-0.3516227353	0.08370569955	0.3659803705	0.2251614608	0.1545348648
	-0.4504475013	-2.144580409	1.332778366	0.4334185265	-0.1724567317
	0.02965362227	0.1627311	0.63412723	-26.74406169	-4.061957933
	-0.1440494692	-1.273977387	0.01699815909	0.7112442543	0.5407105259
	0.4484310359	2.021397788	-0.009272427831	0.02241738735	0.05843557051
	0.02252692799	-0.02791131247	-0.06077986918	0.132009918	-0.6711440089
	-2.223400947	-2.047716771	-1.215940315	-0.09674400539	0.906161899
	0.6950323805	0.5927857644	-0.1501222758	0.01422496012	6.446470613
	1.153929919	0.5427309497	4.118254001	-4.586141651	-2.733164246
	-0.1119492676	0.2991873563	-0.8972660818	0.03031823594	2.244430805
	0.04201239312	0.07769984539	-0.1697699691	-0.1915051775	0.4301703324
	1.09826176	0.7439221755	1.128361789	-0.2588323372	-1.977711983
	-0.006122348743	1.964355438	-0.4467332066	-4.560528801	8.00315772
	2.588660407	-0.5486918386	1.099309621	-0.03672708297	-0.06459086277
	0.12690128	0.08137052035	-0.4881387386	0.01309901902	0.3441630037
	0.1148675858	-0.2797115399	-0.4928996934	-0.02962186208	-0.06754048937
	0.07360277565	2.055602846	0.1203864215	0.4001900939	-4.099060486
	2.024322379	0.1602560321	0.05347287453	-0.08704060183	-0.9280401021
	-2.893859546	0.1489605603	0.3055989996	-0.6640757777	0.9510716765
	0.01256900571	-0.5305078177	-0.05023018212	0.08754226924	0.03013297419
	-0.04824556234	-0.4393177335	0.2136993753	0.3787661835	0.1863796465
	0.09242718165	-0.4417106478	-1.359217882	0.8412867156	-0.08477954204
	-0.272544873	0.3751476706	1.0013673	9.779196003	38.36198128
	-6.391486236	-0.7372233575	-0.4215395572	-0.1713775474	-1.382531026
	0.5082810963	-0.6417056685	0.7736918556	-0.7891447875	-0.1815521582
	-0.09417875679	-0.06448533032	-0.1118357971	-0.3410996139	1.310999772
	-0.4275061825	-0.9286503316	-0.9417856509	-0.3409883418	0.3226961368
	0.965612793	0.51877832	-0.01776615833	-1.04977816	-1.064132736
	2.001122341	1.070690691	-0.02352935587	-2.701019813	-41.65581658
	-20.11510266	-1.374635765	2.77953185	-0.1143591622	-2.074953823
	-0.2472708888	-0.009878390067	0.01053120696	-0.325264427	-0.5057460813
	0.169809922	0.8952917838	0.1075085435	1.801057322	3.172523326
	2.098958475	-0.12633429	3.704662409	-0.1211671735	6.135649005
	0.5763113462	-0.7445804473	-0.53754277	-0.07902843496	-0.2011487673
	-0.09669216103	-0.0502364328	0.2318588592	0.1911771531	0.4563402316
	0.2191441991	-0.1537700918	-0.4101818616	1.674311297	0.07729301754
	-0.2233374058	0.05090994546	-0.1539174353	1.248336432	0.6697883771
	-1.995566452	-0.9804584107	0.290453371	-0.2795686614	0.1986457722
	-0.8663350265	-5.744122787	1.724903832	0.6408793285	0.7339847692
	1.762209638	0.1646455151	-0.597591025	-0.2346722967	0.02380379506
	0.11308832	-0.06033271295	-0.2184048834	0.6947544945	0.5083545222
	0.3440456256	0.07736688811	-0.5962981864	-0.4985810965	0.9187703294
	-0.01680715772	-0.3203744605	0.5766928997	1.125208125	-5.4858457
	5.150949599	2.423694387	-0.6789960255	-0.07659801385	-0.1438492655
	-2.760227243	1.882818224	0.2063975002	0.1300426949	-0.6537354835
	-0.2138685532	-0.3759086688	-0.1714719894	-0.1346818574	-0.3871605666
	2.012615584	-0.4534348976	-0.2805134107	-0.2093262754	0.1899137758
	0.6198060007	-0.1117214057	0.1770313962	-0.4514596436	-3.405491209
	-2.702358859	0.4118106089	-4.491091684	-14.29624997	-13.82483766
	-116.55755	-99.06647971	55.6219764	2.131404596	-2.113648231
	-14.08323012	-1.54491142	-0.3012411521	0.1195968042	-0.2130559664
	-0.6484276628	-0.307017534	0.09238984803	-0.838830158	-1.019310104
	-2.037266252	3.104610037	1.005179094	-1.203528073	-1.350121532
	-0.4986726242	-1.782682671	-0.7830455507	-0.7787426201	-0.420873084
	-0.6822516529	-0.3734558647	-0.03205365628	0.02685324164	0.4628319654
	0.3149334223	-0.2475731048	-0.4361612137	0.5481647314	0.2775099282
	0.1591104686	-0.3975602747	1.078474936	2.9833339	-1.619908317
	-19.95427432	-8.143339882	6.7513835	-1.139508858	-1.159658325
	0.8414662908	0.5347936272	-11.72038562	4.162226678	0.4592459243
	0.317332868	5.957536035	1.375840537	-1.106598577	-0.2517155249
	-0.01431301644	0.2065881945	0.09308619187	-0.53413837	0.5710421674
	0.0796315014	1.118601085	-0.05135753512	-1.626520062	-0.4356962747
	0.4617316624	-0.4355117235	-0.4726159431	-0.08665866476	2.104383603
	4.798535962	-1.469306468	-0.8867071129	-0.2519603778	-0.05959844603
	-0.06737345907	-1.585338142	1.033213489	0.2762027139	0.1381889787
	0.1001136367	-0.118613208	-0.671254065	-0.3510491482	-0.1449987483
	-0.02293946478	0.03532555416	-2.084686714	-0.4330910549	-0.07243991437
	0.3311592162	0.7396149284	-0.5107402353	-0.1807372715	-0.5731341977
	-3.814827823	-3.004945444	2.123318516	-2.380262841	-55.84279066
	26.31955851	-24.26285793	-66.13268584	72.05491126	-0.3053611827
	0.169431435	-0.9733822007	-0.7361820589	-0.9571757017	0.6849340061
	0.6419162003	-0.4059774912	-0.3798006714	0.07845196371	-0.7458867073
	-2.076602636	-1.931478252	1.564715383	2.228598184	-1.712792705
	-0.7147272761	-1.989665161	-3.428650194	-1.480391799	-3.332976647
	-1.52861709	-0.667839591	-0.5422412836	-0.04847693801	-0.1750498539
	0.2765505787	0.2387188389	-0.2957662698	-1.124525403	1.464538805
	2.577403579	1.115146892	-0.2457664448	4.233527315	8.3701168
	-5.808551428	10.3977321	-19.71330755	60.32497237	-12.32935367
	-5.145084608	5.584242036	8.265533093	-11.97169666	3.725754646
	1.450318807	1.568082457	4.915559331	-2.882523459	0.05815593829
	-0.09647643775	0.06153567052	0.2463698597	0.6317397955	0.4301613335
	0.8492478698	-1.506175914	1.962928081	0.6049226052	-4.175288566
	-0.7162693137	0.02980963011	-2.110950108	0.2525274778	-1.177658293
	-4.738117457	3.841056543	1.411403483	-0.5481627942	-0.01187560095
	-0.170988022	-0.2324773844	-2.53269235	1.601780297	0.2980889592
	0.1484333378	0.7347381759	0.01933609658	-0.4302396056	-0.2652132943
	0.01340305165	0.6099515649	-0.3794901066	-2.6529072	-0.7753329932
	-0.1508383109	0.2493123954	0.5619509279	-0.01552963108	-0.1936929012
	-0.4252995105	-0.1158888649	0.8155572239	5.77880522	-7.072560049
	-11.72565463	62.50950344	115.5943157	9.131390594	4.184713035
	-5.108120945	-0.7011984134	15.13123775	2.311380486	-3.245568566
	0.6790921716	1.944618753	0.2920779525	0.1186313403	1.414648383
	0.04940744318	-0.8159012515	-0.2306788644	-1.822755955	2.408100774
	1.746994599	-0.01516418099	-1.152274304	-1.15554843	1.423614205
	-6.980518583	-3.566734236	-0.1276422798	-0.1259166404	0.01388259666
	-0.1504994653	0.3051767744	0.1879354158	0.3426811585	2.290057804
	-0.1976404669	-1.655593738	-2.135622688	-0.2392353334	1.180818731
	5.318550847	-12.85554433	-22.73294549	70.97551489	3.595225704
	-39.58311175	-24.56373505	18.44590763	22.9615546	-0.7311186609
	3.726534409	0.7438578961	-1.752161029	-1.990474373	-1.965886555
	4.18569992	0.2152617759	0.2138760517	0.401292955	0.2643892481
	0.1297133981	0.9929393525	-1.102666669	-1.063731271	1.057571636
	1.469690236	0.5722217067	-0.1445825768	-4.044360185	2.57084079
	0.9713098231	-5.095223043	-0.22013634	-1.070796303	-0.4422891835
	0.02066213435	-0.202830092	0.3510604889	2.206954616	1.113106841
	-0.781493601	-0.2787143368	0.5728060334	0.1319596624	-0.3548920443
	-0.07221481863	-0.1743698494	1.151904964	-0.1586196906	-1.442750123
	-0.618743721	-0.03827567758	0.2981793617	0.4027455802	0.1771014447
	-0.1549219149	-0.7692980472	2.783070011	2.529762498	8.745851589
	5.278537028	8.288285539	31.39334184	99.01297049	36.07694902
	-6.0616208	-2.121594871	-8.716580956	18.24293746	3.719671624
	2.356856649	1.702908422	0.02305375847	0.4308302461	0.702089303
	2.287524167	1.481431361	3.0612127	3.926985115	-0.2137262737
	-1.373121234	2.618442671	1.369182377	1.73911463	1.099952927
	7.188786602	1.489100973	7.898684303	0.1086796005	0.00687006739
	0.009299339347	-0.1563617211	0.2940530024	-0.01446677626	-0.6192340682
	1.840732445	-0.3248937468	0.208198637	1.889499693	-0.2535986438
	-3.67116768	-7.924213971	-4.179510119	-7.584443937	-24.03763211
	-90.3310796	81.74473286	5.970340845	-4.213580225	21.01461099
	-0.860620778	-3.208653007	-0.6289741286	6.283865948	11.79714452
	0.7283904657	-2.588513786	-2.654141245	-0.09136491418	0.6251825196
	-0.2232695475	-0.8711291794	0.8776079735	-0.2370357588	-0.9608020806
	-2.948793128	2.195582653	1.583237208	0.4385588765	-1.120930165
	-0.2498661559	3.120361772	2.399170808	0.8261247436	-2.528806747
	-0.08505826114	0.1879476143	-0.2311860086	-0.102343238	1.316158445
	0.6472674177	-1.333866855	0.1640600362	0.508146172	-0.2580421135
	-0.8270718506	0.857380842	-0.150849483	0.4986008335	-0.4462394899
	-0.256214467	-0.1260205086	0.1742074985	0.521583707	0.3879012034
	0.2873001606	8.720420349e-05	-0.5169948784	1.564954067	-3.558324605
	4.391735153	7.732207091	-1.19095587	5.103522137	28.28862937
	33.93926076	-1.172728472	2.527188628	-0.7025358291	-0.09179812652
	-3.932256837	-0.9124805512	0.5948169651	-1.517750816	-0.2496075291
	0.626860339	0.9939683136	-0.8447123723	1.259361192	3.528549449
	1.489752969	-1.098298396	-0.7883443355	-3.149426445	7.929182591
	2.005280155	-4.215158156	-1.275417595	1.872719612	0.5074103898
	0.1863861187	-0.007959235355	-0.4804082593	0.3928272316	0.08142741709
	-0.2765942003	0.5654464224	-0.2125493562	0.4797217065	2.21399965
	-0.9835519991	-3.412444358	-4.288185276	-1.246886521	-1.014365409
	-8.070477661	21.04118773	91.96434798	16.38436537	-24.94191064
	10.54328115	-0.8972997979	3.812813727	-0.169303119	1.141723272
	-43.39398376	12.87471291	-6.968521585	-3.5391545	-1.160687213
	0.174923257	-0.04677891566	-0.6373833539	0.4133940633	0.04542113287
	-0.1484652599	1.467223713	2.681079093	3.948430393	0.6429543531
	-0.1638041756	-2.307079366	-1.357386757	4.519482541	3.260609863
	-2.360973531	0.8903625989	1.038715115	-0.2576106466	-0.1302225103
	0.4583969241	-0.4890402797	-1.158700732	1.024712803	1.132706283
	-0.7099995439	-2.997125977	2.385303175	0.2624515529	-0.01960790662
	-1.094425244	3.337701386	2.120566641	0.5479318021	0.8791245785
	0.3886345538	0.3085738168	0.04971470196	-0.03883179147	0.6131863012
	-0.7364948928	2.669931052	6.42008309	-2.859509612	-24.70112657
	-2.160509391	4.642862548	-7.932181476	5.51963087	11.18957705
	-9.455935469	-10.93027345	-1.801413811	-0.04998111262	-0.6930121782
	-0.07559404059	0.4902459317	0.5369263018	0.1261989968	2.041463198
	0.5259449646	2.097265903	-0.2075732274	-0.3428959902	-1.468221266
	1.318796927	2.957471624	0.2579618847	8.129801943	-2.464984868
	0.1216656262	0.2946372212	0.1027208665	0.1846864886	0.3765735516
	0.05960631958	0.1329003518	0.05282452156	-2.43648321	0.7818441358
	-4.016334342	-3.078412372	1.262159133	-0.5285969239	-0.2743618014
	1.053047366	-2.870355226	9.0316712	12.87920976	0.8829172498
	-13.16238601	10.4612662	-3.729676543	-0.8952043003	5.746803352
	5.253520081	20.84009973	52.28084115	-55.17768662	18.95905603
	1.24406225	-0.215278702	0.005553307425	-0.1084917162	0.1524905839
	-0.06285969182	-0.1986728244	-0.4904934007	2.594904598	2.950108985
	-0.4838152524	-0.2055603224	-3.383389483	-6.044243435	1.01938357
	2.289782741	-1.617262365	2.4636311	2.143578179	-0.1192361624
	-0.1171603963	0.6005950644	1.653236616	-0.4987087004	1.861964856
	0.35443237	-0.5762636128	3.005257037	0.6945443098	-0.3513060657
	-0.1468439807	-4.636399721	4.746525537	4.934234168	0.8958864087
	1.383123164	0.461716657	0.3126204681	0.2298940666	0.1142336244
	0.1824421872	-0.5329580104	-0.8783738937	2.697291649	4.519396107
	-3.607208524	-1.209543003	1.01518107	-7.94879287	2.892608623
	13.29194462	-5.777821952	-8.99247555	-0.5513092794	0.1094707262
	-0.1143599204	0.1967585883	0.4270912599	0.2972570594	0.1914083386
	0.9449416058	0.2880384269	-0.6615532224	-0.3403898531	0.003217759939
	-0.5077428119	-2.690622868	-1.485600274	2.552281687	-3.03876714
	2.374749226	-0.6452410905	0.3528471828	0.3400452374	0.5154558258
	0.3894278817	0.003288935948	-0.3241601279	-7.438447141	-11.83133333
	3.559781602	-0.6013954905	-0.7352250587	3.679835931	2.030444445
	-1.291389536	4.668920959	0.1874149406	1.047009375	-2.174843195
	-1.45004379	-4.323323824	4.475938077	0.9824898113	-2.1335503
	6.195552462	1.74402528	-45.38204691	72.57070218	-27.1107045
	12.41751099	16.13602832	0.1399599544	0.09450371631	0.04098861699
	-0.05655435666	-0.2387733902	-0.1684797167	0.6326331187	1.255931384
	-0.09558386872	-3.300106709	0.4330180811	-0.8637031006	-5.947172501
	-0.9966688247	0.3961393452	-2.261036623	2.485788313	-1.892636899
	1.390687058	1.939332384	-2.377797916	7.526965373	0.842934856
	0.2004942952	0.9887496612	-0.5410339851	0.6839477897	1.020878807
	-0.9754813108	0.6347424164	-8.071889455	-3.022664037	-3.569605567
	0.02718374729	2.344636734	0.6858630678	0.2847598821	0.3711781394
	0.1790721898	-0.2354939155	-1.97892014	-5.265425955	-1.282832896
	1.475071532	-0.8737611079	0.8602254039	3.00931699	-1.433450881
	-0.1228235412	6.092416842	-1.597232037	-4.372620306	-0.1709878581
	0.1774308166	0.02549783736	0.2566184918	0.4655410966	0.09748854823
	0.1034492187	0.329740258	0.201655589	-0.4044754856	-0.7125761511
	0.4119864649	-0.5766484479	-2.859469755	-3.513741955	4.471656948
	-1.266139545	0.3627022338	-0.2065513944	0.3687913372	0.6137755264
	0.3764155254	0.4185506369	0.5454111239	0.3534574527	2.946776514
	-1.485232665	0.7015986533	1.048371332	-0.2935956369	-0.009196374281
	0.368545066	-5.41992457	-0.2160516941	0.02373003108	0.3286919694
	-0.5706703542	3.425039622	2.016772602	-4.304568908	-2.442591929
	0.2885861493	1.482095999	-6.117550713	77.2573259	48.5813423
	5.534530544	8.552598137	4.084598185	-1.271523315	0.02000326489
	0.04088018325	-0.08177182027	0.2425304735	-0.2296024125	0.462330124
	0.4201249874	-1.558212847	-4.703365444	1.405813403	5.43128754
	-1.664676763	-0.4901029606	-0.1113572867	-2.234404915	-0.2530494876
	0.3733888545	4.121065579	2.077045308	-0.1888939873	2.019096969
	0.7766377481	0.226591813	0.1524076184	-0.1964237913	-0.6888965629
	0.2050032212	2.73715207	6.973890678	-15.88717223	-3.267313001
	-0.6034955245	-0.3711691414	3.584478678	0.9646423956	0.150322598
	0.1748125946	0.06548903601	-0.846131823	-4.324493806	-7.590849702
	-3.114861768	-0.2138178663	-0.09219146207	0.2581243932	1.336390001
	-0.2922102982	-0.1681820354	0.9135481132	-0.415431002	-0.9401899146
	0.1072700842	0.1521299334	0.01455590882	0.1265265619	0.4088714422
	-0.1632790181	0.01378062583	0.2991657225	0.307783261	-0.1776914607
	-1.695136761	1.797145532	-0.4147411218	-1.342269977	-1.740271151
	1.401212549	-0.4334696387	7.506621079	-0.2384403639	0.06110273353
	0.3036817213	-0.03932575306	-0.06273004906	0.4435710461	-0.1652469156
	1.982534457	0.1691761739	-0.6544142414	-0.2559059293	-0.5889968029
	2.142951289	1.267176744	2.459837237	-0.06996470377	-0.4703059476
	1.102463179	-0.4844363779	-4.926302916	3.338886968	-2.968437493
	11.64811073	1.26643493	6.902236854	-20.74525607	16.61320055
	-58.12435792	-5.040240296	-4.167809577	-1.131860725	-0.4305293785
	0.2572343855	-0.1199705893	-0.5292696782	1.410056575	0.6823862615
	0.4171732845	-0.2230738136	-0.9472216991	-2.496757461	1.861934878
	5.068812733	0.237092903	-0.08877538895	-0.09820410514	-0.9008061748
	-0.03459655556	-0.07258917041	3.229843583	-6.222392568	1.837918107
	0.5167150509	-0.003955017152	0.01125717056	-0.1972894823	0.02627281178
	-3.42206117	-0.9194635264	-2.098202538	-4.660128177	6.135305321
	-7.415914176	6.653546579	0.4515258922	2.750159816	0.5890931122
	-0.03576808755	0.117234916	0.03392785215	-0.726382021	-4.152592362
	-5.331020122	-1.847325388	-0.2051186135	0.6118081449	-0.447417879
	-2.300257214	-0.9650991408	-0.4094979855	0.06005994055	-0.2389328678
	-0.1382274941	0.1226444564	0.005672078382	-0.1077280666	0.465935774
	0.4626119299	-0.6480393644	-0.05956292887	0.784696661	0.9644240089
	0.3556839512	-3.148322612	2.861038293	-0.7063190247	-0.5418028063
	-0.6857834753	-0.4196161979	9.372425572	-3.524444817	-0.3937703618
	-0.1212718607	0.0340926343	-0.4028476953	-0.8468107407	1.832945105
	0.3778186302	0.4195397035	-0.04336690074	-0.2659740279	-0.07682890729
	-0.8316276946	-0.6927865989	-1.071663512	0.8606669743	0.2375866525
	1.23110117	2.633055166	1.652910933	11.19153817	-0.1072791516
	-0.2097146516	7.257324557	8.823553856	4.186324144	-7.826964593
	6.382713907	-11.11938499	0.248917987	-11.49540641	-1.690826563
	0.5757303175	1.733567947	-0.4566202342	-1.884660366	-0.620059643
	-0.1611826312	-0.04612325689	-1.605405769	-0.6100916401	1.332463146
	0.165238779	-0.7024237765	0.9670138195	-0.09752790984	-0.1363186256
	-0.1589310553	2.214744021	-0.0848054986	0.9922851991	-1.440245948
	3.045076534	0.5354177786	-0.2211143166	0.05160458224	-0.02572118383
	0.95350776	3.12692751	2.390653544	-1.158722731	-1.333172453
	-1.526662999	10.96872396	-1.322801426	-5.056823768	0.09301230424
	0.0152087629	-0.1650381818	0.09288051959	0.075511428	-0.3122850262
	-1.821233043	-1.959992871	-0.3312345211	-0.4555192234	1.755587494
	0.9082250389	-2.950633082	-1.014150027	-0.3469856746	-0.3908196309
	0.0318803683	0.2444773936	-0.05768389903	-0.2489078759	-0.5460428748
	0.382541039	0.9524195873	-0.8405267953	0.01295623446	1.514846291
	2.041942587	1.916471894	0.3457438974	4.875823383	-2.513318439
	-0.7318332722	-0.005043380404	1.438990377	3.118732887	-0.408031365
	-0.3641062461	-0.03897797538	0.01878167343	-0.3169096664	-2.549357388
	0.9853055092	0.2231182541	-0.5289866358	-0.08927391642	-0.03607015681
	0.3963898076	-0.4702056107	-0.679217013	-0.3428048692	0.5739986429
	-0.967663364	-0.4424164659	-2.924696831	-2.023567154	1.490569346
	3.408498584	-2.106227214	3.06372249	-58.4366041	3.054150455
	-3.370806023	5.324403036	-1.420021792	1.4723678	-2.205291658
	0.1179152096	-0.1283555574	1.776921815	-1.917932083	-0.7502718809
	-0.2888276971	-0.2720428391	-0.2721715854	-5.105065446	-1.817473287
	4.977037721	-0.6647524954	-3.85643247	-0.3959617558	-0.1654981061
	-0.2149862156	-0.2281118721	-0.8980377562	1.412530179	-0.3532788127
	-0.7160405174	-0.3661921507	1.274594764	-0.5194436231	0.1465810717
	1.602482958	4.100448922	-1.837238097	1.44344086	2.741237013
	-3.300611708	-1.050053591	-0.8702785326	-1.104717054	-3.130263293
	-0.1743111643	0.1651823948	0.1874610452	0.0710540429	0.1457484265
	0.1275264796	0.6317264157	1.250686277	-0.02314867403	-0.753905028
	2.714044559	2.853909789	-0.963643622	-0.4328412387	-0.4976513606
	-0.6071777153	3.628384622	2.410210008	-0.4637813085	-0.6169936362
	-0.8236305222	-0.03555608575	1.015761391	0.01426221579	0.4179111334
	0.498864752	0.2153276345	0.5133164123	0.3369539025	1.423807553
	-0.942366005	-1.68161253	-0.4611777318	3.053342086	-2.515470359
	-1.205930563	-0.2454157682	0.240653167	0.004527006985	1.263812518
	-0.4072959692	-0.1503209988	0.2215966144	-0.1449573884	0.1114042668
	0.02971774747	0.5672650205	0.3858599075	0.04157974768	-0.08927594905
	-0.0203799138	2.708534281	1.727442999	-0.5396611855	4.599180757
	-9.670170873	2.703491696	-2.497323959	10.97135573	24.50366655
	-2.309689125	3.305887406	3.395934381	1.860528461	2.859469222
	2.007385336	1.644968239	-0.9935946342	1.344080054	1.145470033
	1.177289491	1.031929276	-0.363395445	5.887805027	4.354350129
	-0.9501139316	8.014722386	-0.4722295166	-4.443142711	-0.3224583492
	0.1971852528	0.05387510295	0.563667311	1.317780083	0.9462475059
	1.787839217	-0.5060954227	1.363788828	1.401515985	-1.231702954
	-0.3857881594	0.7005569493	1.137447841	-1.64200199	-0.3887595875
	1.432314137	2.420296896	-0.2633201738	-1.139569638	-0.5460243516
	-0.612149934	0.3448272059	0.4570445168	0.9410154309	0.0249364062
	0.2186461003	0.02218289245	2.815214906	3.64188511	0.7411630837
	-0.3381345834	1.46224251	0.9865953848	-0.05377156711	-0.7449696454
	-1.994301546	1.23165508	10.21170048	4.552226396	-1.990379848
	-1.10926654	-0.6724966176	-0.142554986	0.5507622881	0.9187553152
	0.9127030707	1.108594248	2.228478202	2.575909621	0.2248240057
	-0.4445391123	-2.021321163	-3.016374336	-1.494354506	2.462250514
	0.638900743	-1.537669305	-0.3449768432	0.4109722335	0.2448612787
	2.758329251	2.411429708	0.3782092335	-0.1624112895	0.3130867045
	0.4270624678	-0.323138168	0.2908990012	0.3654696764	0.9563218277
	0.2648414586	-0.362121354	-3.818011854	-0.5515752479	-0.3385008037
	-0.5665115591	-1.891729736	0.5346385185	0.4483928753	1.593965923
	4.259178653	2.769828114	2.110695719	-3.327348652	-0.1865765704
	1.24549392	-4.479626871	1.830915038	-2.349154869	0.1497034642
	1.809006913	2.456356243	1.036500518	-0.4141889102	-0.1683528496
	1.850310352	-3.787850252	8.315124713	-1.724542441	-6.119057657
	-0.3370345882	0.8175282074	-0.2403027995	2.435017766	0.8810185957
	-0.4693223293	-0.06545748651	-1.501753177	0.1473952607	1.441387052
	-0.3945421763	-0.3498368483	1.02628888	1.076483163	-0.5984890474
	-1.00046639	-0.7656502806	0.09963846901	-0.02021712234	-0.4238110437
	-0.1881386259	-0.1054311908	0.9108105107	0.04056934868	0.7604915628
	0.3878726638	0.3812711016	0.923256323	2.727295735	4.360753882
	2.184191735	-0.7705751537	-1.730789377	0.7071316487	-0.4299652265
	-3.739634569	-8.612894167	-1.075570114	10.55819813	1.620407362
	-5.339167939	-1.410174183	-0.310843912	-0.02174223202	0.4702981313
	0.5455838007	0.0888850733	0.066016689	1.310075259	1.618464658
	-0.2221893439	-1.740420667	-2.470518372	-2.802086769	-1.912459766
	0.6519053982	5.185282329	-3.332743908	-0.4815679576	0.02163626619
	0.548470115	3.726799019	4.173919053	0.9244345339	0.2770834825
	0.3549635834	0.5311340447	-0.6555956264	-0.416093893	0.6457050317
	-0.8806729727	1.194938013	0.4073683842	-1.351720972	-0.4618255109
	-0.0520952025	-0.4366893257	-0.24822772	1.474108644	-0.7004402727
	2.095244817	-6.011821321	-4.103318229	-1.281823532	2.506896452
	2.134010432	-2.572214228	-0.6730088883	-1.531854191	4.01091295
	-1.176770403	1.708621968	2.239436995	-0.3324700089	-1.949880787
	-0.5807468744	0.0247614327	-9.478830115	4.565619935	-3.25745356
	-7.099574327	0.09892126956	3.512317198	-0.9309250141	2.186772695
	-0.5763013775	-2.182953649	-0.3128014027	-1.838007155	-0.2513707605
	0.5992180357	-0.1164099778	-0.2268351952	0.6025242983	0.9857696816
	-0.2390603795	-1.200953336	-2.256003447	-1.599781914	-0.320128326
	-0.1155457659	-0.04454208691	-0.08005063788	2.795349502	-1.004504309
	-0.06564200294	0.03294769556	-0.2993778263	0.8805432543	0.691957333
	2.366526153	1.843961151	-1.393445846	-2.305572744	3.25564256
	-0.8371354143	-9.868905613	-8.390369927	-4.496548579	2.132622329
	-5.735051425	-7.754847128	-1.213689561	-0.0712079249	0.03940589431
	0.1450372066	0.02614772371	-0.3739309192	-1.370742948	-0.7083978425
	0.2703265537	-0.9648438523	-2.070106513	-1.109662062	-0.3146543017
	-1.794114987	2.916701706	2.176947765	-3.618157985	-0.3271500894
	-0.01821003482	0.7421465429	3.790223398	5.224794458	1.773160137
	0.07528820384	-0.1932069935	1.452345449	-0.5299314521	-0.7244436127
	0.1298840414	-3.74074489	3.296606624	-3.324069609	-11.45458724
	5.851935207	1.313945656	-0.1733781756	-0.05110826842	0.7400687332
	2.212015377	1.789922579	-8.825848297	6.159775346	3.397000774
	-1.160607804	0.6214338715	-0.9375845713	-0.1539604607	-0.655590414
	2.24101347	-0.03965752481	0.3254367878	0.6970570942	-1.625200685
	-5.036774631	-2.283310504	5.235448065	-4.114650721	2.507909904
	-1.296291716	-3.41710089	1.782984288	7.087584275	-3.059829088
	2.344423269	-1.56244657	-2.862962818	0.8569538709	3.051949631
	-0.3403432514	0.6691597115	0.3484934149	-0.2623201213	0.5026002067
	2.838771667	0.1469738467	-0.913777369	-1.820243336	-1.693328948
	-0.2103839296	-0.01144318907	-0.09098473593	-0.5215872001	4.124730421
	-1.006528434	-0.6658243329	-0.06780973563	-0.6688394911	-0.172598184
	0.08402101307	-0.4529465712	1.274531236	-1.765981841	-1.307462875
	0.6582188074	-0.4743841522	-2.095587225	-0.7056197043	-1.936521858
	-1.970374294	-5.505406425	-5.467124728	-0.3470377386	0.08281448028
	0.03981458187	-0.01471436473	-0.07953752133	-0.3446273959	-1.217775485
	-1.501764361	-0.07248562537	-0.8721265162	-1.602765974	0.5405139296
	4.166178535	-1.491473545	1.918845211	-3.042703302	-1.561076324
	0.5087507444	0.624647563	0.6678479744	2.617356779	4.015773813
	1.803684993	0.4900366898	-1.287992025	1.260080553	0.6636488851
	-0.5317776206	-0.1015100057	0.2281780892	36.23505373	-26.02968075
	9.713636585	-0.6943071286	0.8025283722	-0.143268647	0.009891773561
	0.05412642314	-1.263243817	1.475376328	6.952804636	-1.995781682
	-1.166952958	-0.7645874979	4.839266996	3.070390734	0.07188261197
	-0.1768265983	-0.5226516057	0.3809600487	-0.1936791557	-0.06499238787
	-0.2413737427	-5.065925827	-6.476183943	6.081160901	5.053507584
	1.66189274	1.179357161	3.487673185	0.4293999965	4.425029038
	-1.198966658	1.580924485	0.9964821356	-1.753389337	1.056041092
	2.087889552	0.5927617877	0.2572290246	0.3098868663	-0.1588291855
	-0.08712893631	1.284097549	0.2162649825	-0.3354075241	-0.5607848242
	-0.8372146807	-0.07188470361	0.01164664597	-0.08072759812	-0.490737758
	1.783763607	1.399666892	0.02232379554	0.2024019597	-0.6402469394
	-0.6054657543	-0.03914250031	-0.1760131314	0.3744121637	-1.295276603
	-0.7652785352	-0.3572593887	-0.1714678844	-0.5159430881	-0.2178081958
	-2.080285463	-1.983331901	-1.272924742	-1.571529058	1.693962533
	0.3118238634	0.1286357951	0.05689056501	0.6905665982	0.05575546074
	-0.5465716723	-0.4471974531	0.6863479677	0.1308214974	-0.7315823037
	1.586655909	2.683816556	-1.11984148	2.794436983	-0.818089388
	-0.3842021646	-0.2217517692	0.3963549139	0.004626361603	1.296625077
	1.916470026	0.9836890753	0.420671646	-1.688764186	0.7448967345
	0.7962029688	-0.03038478373	0.04962104708	0.6633512124	-16.38188494
	4.857382518	-0.1894682577	0.2040074193	-0.2918778931	-0.1183734766
	0.07198754069	0.04549233894	-1.745572722	3.68630547	-10.37236767
	-1.846642945	3.099375406	0.04235804361	-7.295401363	0.4545484411
	-0.0992037703	-0.2167168978	-0.166234837	1.037790489	-0.5595673846
	-0.5169101851	3.308539221	1.34438862	-8.084336356	-1.82159416
	-1.869870469	-3.020858683	-3.01731123	6.014147537	-2.764776085
	-7.273076824	-3.336952136	-1.451519574	1.127369059	-0.410005016
	0.4706316585	1.89171741	-0.147887884	-0.1772078286	0.01457443952
	-0.2190192504	-0.1743207334	0.5091122066	-0.05933918555	-0.1066006566
	-0.09976128263	-0.1855035826	0.07509042807	0.05203223782	-0.05356392208
	-0.3547285443	-0.3873869566	-1.109724733	0.4108461685	0.7790327793
	-0.03163446669	-0.5638544843	-0.04296717922	-0.01125211563	0.2486774536
	0.814949713	2.844600537	-0.05717503474	1.015794537	-0.6764552814
	-0.8033878448	-2.391117323	-2.70238133	-0.7988086316	-0.02551874152
	5.087970745	0.2398261869	0.5941449375	0.6104355253	2.084019286
	1.869034135	-0.4500580564	0.3728234204	2.084047379	1.208860219
	0.1805492714	0.3509840118	0.4789259803	-0.6806120659	-0.7284513991
	3.967949286	1.491168273	-0.248238824	-0.1472805217	0.7633225175
	0.5956158733	0.235527274	-0.03546231652	0.08417560771	-0.8619045387
	1.141065951	-0.5402931231	0.6047774819	0.09332046832	-1.094350686
	-2.093724902	6.180795959	-0.05058143	-0.463086082	-0.3098518824
	-0.0344442768	0.05396024705	0.3424828134	2.555424743	-1.985550667
	4.690111889	0.2204937778	-1.068031387	-0.4876514168	3.619456325
	3.364499884	-0.3628822133	-0.4249912195	-0.1386475264	0.9908009417
	-0.1272755216	-0.2258518705	5.410058716	8.078754603	-3.782129457
	2.864368692	-2.524436265	4.828692278	-1.561384647	3.71592491
	-2.685802795	-7.847582767	6.004873334	-0.6146289756	1.962453568
	0.05140134954	-0.2822189786	-2.808317365	1.421088513	0.3201122074
	-0.07542685787	-0.1749833768	0.07722132595	0.7835830348	-0.4007461196
	-0.1645805984	0.08368296875	0.1382853481	0.1453629065	0.08347593191
	-0.1525829075	-0.5550780102	-0.066426582	-0.5856058032	0.2145621008
	1.50872391	0.7092313625	-0.1543680836	0.01822995623	-0.07496756446
	-0.3104497082	0.4878991688	-0.02685396937	-0.9204846514	2.139496832
	-0.9103816258	-1.467665341	-0.8028731665	-0.7874616916	-2.590390388
	-0.3040653068	-1.691102994	-3.827350184	1.079959244	1.521332754
	1.960911979	1.944246613	-0.1427529408	1.085196957	1.917793839
	1.068775237	0.576699612	-0.1429183254	-1.24540378	-0.6118574554
	-2.137520271	0.7422381026	0.3934549623	0.2489881214	1.1349892
	0.09634211795	-0.358453074	0.5622219034	1.163353963	0.6223112614
	-0.3865349089	0.7954213101	-0.6482348336	0.4866025195	0.1126763644
	0.2876567985	-0.7116747427	1.052765827	-0.1801917976	1.601783298
	-0.8943092411	-0.120018269	-0.06092384357	-0.295226856	-0.144062882
	1.709507338	-0.9306837659	1.308945128	-1.081971805	-0.356000204
	0.08684776632	0.1170328643	-1.134693246	-0.3989216699	2.290036283
	-0.2743378825	0.2489864625	0.4869304467	1.869739935	-1.068605661
	-4.54088075	7.943357674	0.144098776	2.32914231	1.355797136
	0.02980610534	-0.6729608907	-1.802001176	2.178626701	-4.254302106
	2.177118347	0.3991142271	-0.1980337769	-0.8047847833	0.8407624324
	1.02592802	-0.02747491668	-0.5151330899	-0.08674564031	0.6334422755
	-0.1556197928	-0.08651625086	0.1063196474	0.2402335047	0.3070667697
	0.02793752502	-0.2118247989	-0.2537130337	1.830106494	1.316821861
	0.1036863698	-0.7638212541	0.1272755462	0.04032043885	0.04719890097
	-0.1118199746	-0.4771580148	0.5777706222	-0.3400830867	0.05406797454
	2.623713666	0.09056619365	-1.551860187	-0.3210337975	-0.2318426135
	-0.7183779664	1.561632448	3.499235478	-1.306641033	2.31298856
	0.671242074	0.5382838233	0.2585824497	-0.2293517969	0.2750781242
	0.3389107863	0.05358201596	0.2138278777	-0.1804891992	-0.5711034147
	-0.344586479	-0.6893979096	-0.7382545854	-0.2393274047	-0.267427246
	-0.05942556599	-0.5767449161	1.859846223	0.01777535371	-0.9715068571
	0.2321087252	0.9765012557	-0.06631235717	-0.1859157704	0.230208941
	0.06514679267	0.1430838098	3.288668333	-0.5223398562	-2.109855489
	1.586751323	-2.787373504	-0.2393582358	-0.2042524513	-0.4700053396
	-1.656339536	-0.1747390907	1.078163988	1.025352673	-0.2908814467
	1.117141445	0.1120795522	-0.5245601482	-0.5458346086	-0.2416224908
	-0.0835618003	0.001124706671	1.381201455	2.2482091	-0.418806902
	-7.207628103	-8.376224523	6.482286049	0.005765925764	-5.831677377
	-0.4791334558	-3.63269205	1.305386388	-0.1199319431	0.3110864205
	-0.8208430146	-0.01476997504	-0.2397706387	-0.3911472801	-0.4005694023
	0.4011506198	0.1345768496	-0.239656723	-1.712785099	-0.653876316
	0.0126691625	-0.2987132951	-0.06141550669	-0.03023581281	-0.0004742476395
	0.3199860687	-0.1440412914	-0.09290890845	0.4146716081	1.662327659
	1.777582767	0.5959645705	-0.001326773498	-0.1940574343	0.04119142872
	-0.003096018002	-0.2794852868	-0.1340992005	0.9730762647	1.135614858
	0.7017211066	0.7463434791	0.4302273043	-0.813202193	-0.2672747056
	-0.3379436716	-0.1270210427	1.453382083	1.002978934	-2.573875638
	1.797867615	1.818488006	-0.2866867065	0.08628790723	0.6004021172
	-0.09826413717	-0.3302738902	-0.3739848535	-0.04460829511	-0.3191567535
	-0.2904518493	-0.1170155813	-0.697450685	-2.624338517	0.3909261875
	0.5843161461	1.609496256	-1.127776027	1.831621409	-0.3412367735
	-1.653051983	-0.1102914447	0.009618473914	0.04054996649	-0.04895997034
	0.04410397115	-0.06664912606	0.8614299691	2.909984704	-1.649008014
	-3.586039975	3.233955968	0.9593482821	-0.02201703333	-0.3804283565
	-0.2640442107	-1.657797897	-2.339711084	-0.1198150519	0.5999385678
	-0.05801368084	0.5071341342	0.4399527269	-1.167043801	-0.1350408691
	0.1162766148	0.007577560854	-0.1043345002	0.7817938627	1.291720081
	-0.5730684137	-2.636930771	-4.942620545	1.273554599	-0.5985827378
	-3.345005717	5.760688184	-2.4316066	4.643224283	0.8145989251
	0.1111807241	-0.1790240072	-0.01707100064	-0.2654619964	-0.4527525655
	-0.47819215	-0.06081445705	0.3900301287	-0.08086260783	-1.272200589
	-0.9253190901	-0.1538892081	-0.4368852286	-0.1309255918	-0.1602720442
	-0.2476970962	0.3452112696	-0.1628565049	-0.2527956653	0.7246816495
	0.914872589	0.3248464415	1.051810594	2.710022049	0.2116402648
	0.06732788158	-0.03335087989	-0.4428735616	-0.202730014	0.2861238889
	0.8077746326	1.02788564	0.5671209703	2.070150394	0.1808053089
	-0.4279056791	-0.9797138768	-0.2638328804	-0.6116842258	2.734567365
	-1.290902317	0.5401498613	-0.01063182681	-1.391625133	-0.1698043618
	1.39159422	0.1123499048	-0.5671561723	-0.5668443176	-0.007750548625
	-0.2604827454	0.02251566889	-0.1060370677	-0.7646655817	-3.242115216
	6.749380425	0.1969561399	0.5681454597	-0.6915528583	1.236228011
	-0.8588816283	-1.672163046	0.003693767605	0.8053419061	0.06718709817
	-0.04874644209	-0.3237448526	1.033530737	-0.2242526514	1.003567444
	-0.7965770438	-1.159764662	4.658355885	-0.4116044293	0.07070219021
	-0.5173919014	0.0357536442	-0.5789387985	-1.680601712	-0.8605769802
	-0.1460316012	-0.1494202561	-0.2165795864	-0.3574694767	-7.518133801
	-0.3965370522	0.801447483	0.4826039132	0.08664888497	0.3536891305
	-0.07578125056	-0.4339472155	0.9099884308	5.128520752	1.044490946
	-0.4331491737	-1.602225161	-2.530290708	1.894953271	2.255980307
	0.7292867692	0.3293469991	0.0549283621	-0.004220575748	-0.2389064975
	-0.5018220212	-0.479476643	-0.1414741801	0.5656033571	0.413221843
	0.2688901294	-0.2514783122	-0.02110949606	-0.2773398199	-0.05299704579
	-0.1208656757	-0.2637126358	0.5492144898	0.1868750822	-0.389236642
	0.1828696585	0.06468841749	-1.193192599	1.505215538	0.5729036564
	0.02395887014	0.01677620798	-0.006718738262	-0.2797774608	-0.05660942365
	-0.2614134259	-0.5465210603	-0.09575302234	-0.1185754855	-0.6931998997
	0.3299469431	0.09842811848	-0.6709467822	-0.1574202982	-0.08359003171
	1.642942878	2.075276573	1.486932426	-1.049968272	-1.92395051
	-0.5326058333	1.526426876	0.1903498517	-0.04555684836	0.4167245577
	0.6299563737	-0.07224612383	0.7397011798	-0.1253221796	-0.9527629014
	-2.216947961	4.173721882	-0.1743420201	0.004443907396	-0.2624623045
	0.8128910225	-1.096933604	-1.065490026	0.6368973255	0.4970408179
	-0.1199848829	0.06524853101	-1.388114236	0.4378819321	-0.7901729748
	-1.142481195	0.2907280184	1.407085751	2.358129081	0.7373434119
	1.582687784	-0.2964847525	0.8426577845	-0.06403502016	-0.488507443
	-0.4452918572	-0.2417818878	-0.1394784156	-0.4779306704	-0.0807669132
	-13.39838223	-1.076951797	1.679979991	1.006534116	0.2771654543
	0.4969218165	0.8241857238	0.1065795245	0.1776722515	-0.392817997
	-0.5680659357	-0.2338222985	-0.4075347471	-0.4928159398	0.03920807396
	2.810194532	1.632303774	0.3781196316	0.1211446955	-0.04618627809
	-0.3441955851	-0.5757467512	-0.4437165334	-0.06426890407	0.1466777794
	1.7263623	1.588660908	0.5065718878	0.2577345025	-0.01312992832
	0.2276160428	0.1519229003	-0.1307007243	0.4218347656	0.4894776907
	-0.2397129219	0.001008586351	0.06273607036	1.019876518	2.426898082
	-1.195451075	-0.3024232432	0.003681990911	0.04742851733	-0.06719989852
	-0.2410015247	-2.020959027	-1.829579055	0.2949724605	-0.007982813798
	-0.3627546313	0.2241027944	0.8012604541	0.7436943552	0.1697145935
	0.00113594816	-0.2977703103	-1.49445797	1.159569876	-0.5871634225
	-1.142649789	-0.379427662	0.193663783	-0.4739510886	0.2556387819
	1.324870071	1.411671433	0.1470826527	1.280916818	0.4578631296
	-1.072953725	-1.45648771	2.342278494	-0.1210334414	-0.1090962649
	-0.5215525425	1.061384828	-1.124457456	-0.2021379234	1.299951425
	1.490442665	0.0732074904	0.8281500535	-2.47516178	0.3808329909
	1.787382368	-1.449837813	0.1808317174	1.225430447	-2.780942838
	-2.381496059	1.623848991	-1.095907206	0.9397217031	0.1678981689
	-0.1409549015	-0.0896282999	-0.02206459677	0.03186081851	0.1073393223
	1.047394075	-2.398258522	-0.6098387123	2.758068802	-0.04192016134
	0.002677662234	0.5326254303	0.3394699781	0.2907672313	0.1263921517
	-0.4187378982	-0.2666370352	-0.1211672006	0.1076283274	0.3489509098
	-0.5025924883	-1.065733204	-0.2048145008	0.0156249702	0.05243172436
	-0.1573531653	-0.4964627027	-0.6478533931	-0.3962147674	0.20420263
	0.8830950833	1.579921342	0.6109551475	0.03089991387	0.272087606
	0.1409704159	0.4382405258	0.3897654932	-0.0462899167	0.5573782679
	0.6002982758	0.0257650225	0.1049123218	-0.1549079969	0.448590071
	0.6455275169	-1.40465301	-0.2404339832	0.02268251845	0.1048318742
	0.0540293887	-0.4309660547	-4.442710982	-2.377329481	1.247145367
	0.4434638882	0.02618112097	0.391116161	0.522151893	1.137014531
	0.247194743	0.1170756042	-0.08249146421	-0.4001213533	1.499816486
	0.1095634474	-0.3533071746	-0.1001846759	-0.2165717291	-0.9271326901
	0.1484373329	1.148786943	0.9546658831	-0.6243883178	0.9340259196
	0.8368323587	-0.5721123341	-0.9015691536	0.4929612446	-0.2190863312
	0.3546226861	-0.01992313093	0.519075993	-1.263460019	0.4936261311
	1.869744112	-1.235933909	-0.8506987001	2.209444123	-2.667879753
	-0.248794145	2.702255712	-1.213912149	0.1269349454	1.066946925
	-4.847127033	1.704091376	0.750876794	-2.014484626	-0.2046171282
	-0.2789986684	-0.2031174859	0.0841851908	0.2484213928	0.1435926835
	0.0431283565	0.8974263598	-0.4358918307	2.532703665	6.063055087
	-2.281643574	-0.6939695003	0.1403453583	0.05446525933	0.0731841021
	0.0891545085	-0.07558865698	-0.1138563587	-0.3790134041	0.1222035414
	0.8958114904	-0.6585815441	-2.258958147	-0.3032458581	0.05884994312
	-0.001453250374	-0.2645476844	-0.6277095584	-0.7154473148	-0.3661805045
	0.1955521697	0.8002957347	-0.01315126312	-1.568733289	-0.4883521238
	0.07252316136	0.0390226509	0.12607137	0.4870295231	-0.2391018307
	0.256051643	0.3461548096	0.08590316782	0.3935760989	-0.2366347376
	-0.0501129336	0.04150209074	-0.625477121	-0.1445468762	0.05487990483
	0.05309662134	0.1628138241	0.09896900777	-2.197630308	11.30024541
	3.736921811	0.4325886502	0.06936113703	0.3244197024	0.4349310285
	0.2836619378	0.2014684711	0.1172509827	-0.01361482792	-0.003236302543
	1.007804648	0.3421662727	-0.04262637586	0.00251278987	-0.1842505302
	-0.9342291735	-0.0002776765753	0.9027852065	-0.2791386682	-1.738124184
	-0.005567280226	0.9647266664	0.1558335885	-0.2075131144	0.2904331196
	-0.3827011183	0.5603891033	-0.05658608382	0.4683101971	-1.414439538
	0.6574021228	2.028203519	-1.715752503	-1.843893112	3.279645542
	-2.327798586	-0.6694545005	2.875093017	-0.9901454639	-0.5616632172
	2.541420915	-4.744377076	4.480145124	0.5004968144	1.889762407
	1.798013993	-0.5766004834	-0.3776611807	0.09608297455	0.2707197523
	0.0384269142	-0.158200454	-0.1818191985	-0.02037771491	4.698554144
	8.281731299	-1.397209579	-1.400955108	0.06084861646	-0.1903600928
	-0.1110287935	0.04856787581	0.01398068528	-0.1174822064	-0.7301139407
	-0.1022388827	0.4202357723	-0.5883135461	6.918107292	1.66628455
	0.1270452802	-0.03097861357	-0.3051353283	-0.6759849643	-0.7549931988
	-0.3641099611	0.09895352456	0.1587304662	-0.7505650573	-2.797123011
	-0.9593887788	-0.0150586077	-0.007129161098	-0.1786001885	0.4751311142
	-0.3863775764	-0.05623135709	-0.006169325872	-0.1762597236	1.50399868
	-0.1131899808	-0.2392822485	-0.0588442901	-0.3006817088	-0.04865249703
	0.06678828915	-0.08240245938	0.1243682876	-0.1026496595	-4.561184132
	-16.09556257	-1.003757835	-1.05622316	-0.0529544096	0.201034676
	0.2134157547	-0.6084574561	-0.1001148943	0.05002991758	-0.01880431711
	0.01879903235	0.6364744595	0.284131974	0.02995629352	0.008844504891
	-0.1544482351	-0.8285612828	-0.1078854484	0.932135766	-0.6630022639
	-2.280709151	-0.5357759042	0.8731073111	0.6538490401	0.3173570476
	2.072750252	