3131	
	2.284325405	0.03196696828	-2.483522461	3.37933533	15.95740488
	20.20940516	-0.1859332853	-0.8247124538	-1.064779351	-0.7584092984
	1.293138758	-1.090800354	-5.375479338	1.521168809	-0.9866104227
	1.505636492	0.6496944771	-1.457764949	-0.9469019384	-0.8923908406
	0.4606845813	-0.1830435557	10.25568783	-5.704683923	-0.2065848807
	9.496583455	3.953548132	1.967543552	-2.594315221	3.878898687
	-9.194980087	-1.093467127	0.8709399577	1.208946972	0.3953975685
	0.4398551979	0.5959154807	-2.638300483	-2.709712743	1.609910867
	-4.377496589	-10.36036742	-100.1503674	256.5436801	115.0233718
	-79.94129886	188.8393342	-12.0806081	4.151105577	1.341836988
	-2.523458183	12.00215727	-61.88970612	-2.037138444	2.149480584
	-2.749860657	-0.1957871353	-5.484455961	-2.554066351	1.098534025
	1.474869685	1.907191744	0.7781628075	1.362377961	1.133520496
	-8.195013724	-4.710760037	0.2215797979	0.5913688385	-17.0617246
	17.58577458	-23.4729176	9.458612057	-11.2945525	-0.9102550519
	3.225280884	5.417213942	53.67162945	-22.26879902	-7.999877084
	0.5684854639	-5.052572333	-2.675327494	-4.791480117	0.3365297392
	-0.9224475659	-10.59504119	-2.841564751	-3.159026276	-6.884938406
	-2.657649256	1.196882992	3.648007851	-3.418822019	12.91622773
	8.678275251	1.518932004	1.737586302	0.6068092358	-0.6994878585
	-9.708108077	-0.9621466608	0.2006549338	-0.6473008136	2.5334189
	3.463177898	3.579847657	0.87478912	0.1147257209	-0.08975151144
	-1.524963994	2.178928289	0.7325639392	1.510993009	0.8001911218
	-2.994395032	0.8205433413	0.5520671681	0.04087920412	-0.0006718528784
	-0.5301905516	0.2875362006	0.01173242542	10.16465775	1.851193381
	-1.291464024	-6.641508055	3.560132849	1.373380786	-4.582529692
	-0.04704264668	1.693956627	-2.260181852	0.2210564472	0.1243802273
	-2.242458287	0.09403398035	0.5670220408	-0.08297975826	-0.5053509759
	-3.383497488	-10.55412185	-26.05846295	-116.740341	-820.185512
	-593.9112895	124.1847477	-48.85332024	-18.66563843	1.20703664
	3.843287101	0.2218858102	10.90195997	-32.50005104	1.42280999
	9.838741838	-2.67132921	0.6988894364	-0.02518194964	-0.8849921954
	0.3159980101	-10.70868457	0.6558867112	0.5446883263	0.1644479446
	-4.985819032	-1.119531187	0.3646501796	-4.028120547	4.621777144
	-23.69224756	4.95183668	-58.64374881	-13.62617469	1.796372171
	-1.741229885	3.079052094	-5.27667541	-24.06901538	-1.774507481
	4.31718156	-0.3995416487	-3.548009734	-2.262523215	-1.906902583
	0.1710241665	-2.376336841	-3.223223038	-0.4645930856	-0.04420459214
	0.2668275896	-3.808946505	-18.53812171	4.66206216	-8.470123181
	0.2843089861	14.66628928	0.6651045993	-2.228013378	-2.187767899
	2.460380153	-7.836421703	-2.967210325	0.5179474511	0.506621632
	0.4637355678	-0.9497096698	-45.57451536	-1.328396606	1.108175545
	1.177794104	-0.713694519	-1.052169567	3.471927803	-1.033046508
	1.171179936	1.133768097	-2.336801972	1.721229583	0.3156199997
	0.713087073	-0.3254384255	-0.08876495852	0.08374505511	9.599031225
	-9.747844869	1.147685834	3.174787704	-0.4064494303	1.37487336
	-8.760205179	-2.876068392	-11.27416926	-0.3811234582	-0.4062990226
	-3.412040751	-4.542442875	-1.20939835	0.6165397909	-0.01663968883
	0.8064635792	1.610526272	0.5905018911	5.970628136	-26.67225466
	111.4841539	434.5468725	-401.7507468	120.4141545	-70.18917048
	-32.37341782	117.7622561	1.666331103	57.94678974	89.15055351
	-19.52987678	8.407633173	-3.568543944	0.1039190293	1.989574464
	0.831510787	-1.422587786	-3.242035517	-1.742661663	0.02142780399
	1.184080437	-7.046950536	-0.4422189587	2.226277549	-6.968420906
	1.750121108	-2.668523718	-8.769398576	189.7331416	-20.98540096
	0.1554028193	-13.26969008	-3.341065981	-2.028807894	-8.16550542
	3.532375497	-5.197692146	-6.292552214	-1.661246402	1.040292221
	0.7836351018	-0.3786913613	-6.070787507	-0.4811511874	3.675096708
	2.838596487	5.089837151	2.986355783	-2.4782956	17.81223762
	4.382116204	-25.78176821	17.05020545	-0.1803652262	-5.532871469
	-9.715352932	7.183204265	1.13355232	0.2333414953	1.600603898
	-0.1512850744	-0.06331927673	2.204854033	-24.26506117	4.847921387
	14.35572197	-1.084962561	-1.817423233	-3.872758821	19.5643646
	-6.158131869	-0.05580743902	-1.830613795	0.4487690225	-0.9380599452
	0.1078227191	0.405658162	-2.709314736	-2.30673976	-0.07852598916
	3.791707109	-2.777444092	10.27394115	-1.240445122	-5.381600626
	-1.596830341	-9.235805528	-0.02465527663	7.668723805	-2.67698311
	-0.2004410116	0.5852699555	5.679724967	0.7978039023	-2.342769128
	-3.318879937	2.548886509	-1.82683126	-19.34961702	5.237647473
	53.89830269	83.09598729	-173.9324604	-380.1539718	633.9557362
	13.58146486	83.01232532	74.36634411	5.937520291	-57.23327511
	-70.64629515	-4.328291914	3.358498344	-4.826203227	-1.957234889
	-7.449527075	0.7849878172	-5.754952468	7.714500418	0.1120979743
	-0.09931180602	5.763271622	-3.106920678	-16.70075104	-1.348785612
	-1.40017645	2.198095286	-10.75449295	-2.573133376	40.52996052
	-40.19510897	-74.27731749	14.67869805	-3.015526112	-1.828137432
	-0.8559012739	13.03473782	-9.015578063	-3.432061711	0.7329822864
	-0.3760539562	-4.542284595	-8.769787469	-4.63832548	-8.022349551
	-2.300459525	3.972786797	0.1092060722	-14.22397395	-14.37324298
	12.83559139	7.496206702	-11.07503454	-1.139875538	-9.923831663
	-1.861581786	-5.090168172	9.996585841	4.448647268	0.07465981429
	0.5416829118	-4.074195159	-0.9609177372	0.7217488311	-15.38863158
	-6.944791884	46.62189172	-16.09844838	2.734083695	0.1508083843
	-6.512314153	1.030477545	0.2422508844	-1.122209568	-1.651674896
	-8.291535183	-2.876605476	1.045137761	-0.954084977	-2.560444088
	-0.3507762929	1.124549235	-2.477657716	-2.819583977	-12.35123555
	-2.182426659	0.8238480575	1.487146786	-0.803960589	-4.711639725
	-1.081451125	-1.435217889	-0.819417558	-0.9191838438	0.7974804444
	-1.782383495	-8.294863213	2.064191479	-10.2735938	-3.027352959
	-50.87777162	-39.51713735	-62.46588921	-289.0044146	-167.1167424
	294.6014201	-48.47832353	-422.7252591	76.22296857	-10.85205786
	5.868083349	177.0277108	8.320395023	2.619341837	-1.871463165
	3.031280985	0.9116481763	8.544933996	-0.5526758911	-7.912453083
	0.06097871311	22.08992665	42.44825954	0.9042882691	5.48064203
	-6.860461878	-7.709287355	3.15871979	-16.63310107	-6.573787661
	8.204573211	45.44474151	1.058244767	18.78869585	-2.64012864
	0.7897170273	-15.61570454	0.7468036305	-6.920103063	3.742231292
	-5.758650387	-5.295032506	-15.15391186	3.941588226	-16.23581304
	-0.7905985105	-22.21873578	3.290683561	-15.54984192	-19.36646636
	10.78461497	-6.079647614	-2.019351569	-2.229587468	-1.886749563
	-10.0577966	5.025180284	-3.349136476	3.68517471	2.441091494
	-0.1119346096	1.038466014	7.519226049	5.332446955	0.9969296598
	3.568400709	-1.333841512	22.5069638	-10.09946309	4.273514484
	-0.5737337127	-3.145530445	7.404095995	0.5658736469	-7.328712491
	3.873786557	-3.185301793	4.871524261	8.61755895	2.180170921
	-1.932471803	-0.0232843934	0.4883212339	-0.394332714	0.7314591913
	-1.848396463	1.943110186	0.2462362891	0.9412889898	-2.474749491
	-1.535754263	-0.404997011	-0.6272267992	-1.575620407	-7.311780955
	1.942710789	0.8472400729	19.52126487	-13.91243056	10.85832633
	-103.7968227	31.01863661	95.3396454	-673.7985132	-241.5408009
	542.8954143	140.5965845	-666.2603376	557.0225415	-50.70336374
	-48.56039019	60.29686367	28.82992624	-3.600867788	1.363451058
	-2.175715562	6.503578983	-4.509908184	23.67219319	-8.911244079
	5.200070257	-7.827380766	-8.403010066	0.9937089438	-9.962014741
	6.459525628	2.491426926	3.95544794	-12.33629881	0.7903193182
	-0.6412536744	10.90007932	13.4578909	0.6852602613	0.9780906621
	0.59770036	2.317288839	-0.4221230772	-3.192117508	-10.26611181
	14.35535705	-5.994672267	-11.6221325	16.77487658	3.876970252
	-0.2028554513	15.70967781	19.05570288	5.30969117	-3.127584728
	31.576092	8.193762748	-11.4897023	-11.4226488	-0.2705171853
	0.8614232382	1.34453944	20.55551135	-5.80918917	4.665747318
	4.931181546	-4.640670902	-4.292249286	-21.99498391	9.749957085
	-0.6299951834	-4.707608477	0.9532888197	-1.936532869	-3.651567499
	1.348090587	-0.8969224377	-6.058945238	1.948722948	1.025304314
	0.1840629822	2.283288997	-13.26719719	56.11787636	-19.0920797
	1.106720049	0.6187614706	0.842935304	0.3762449429	0.2828603477
	0.3918796521	-2.153502544	3.213419696	-3.067840049	-0.2119226804
	-0.7132801339	-5.373317902	4.502492034	-4.262334024	1.515991615
	0.4215842291	16.79304751	-1.726789592	-3.446548666	1.84419224
	1.105659512	18.99333776	-41.13031241	32.37223788	-181.7984587
	395.4787335	-1806.470795	16.97517086	1034.864776	-2063.775827
	339.5224099	-113.2831217	-16.23663336	-7.678922018	3.860682622
	1.39961301	-8.702327652	-2.265948159	-15.96456463	-33.01248403
	-50.63528573	-8.320677943	-5.946342593	3.778448906	-88.51529621
	-36.43506957	-0.7738693639	2.663855831	2.845092524	-14.79086976
	26.02698992	1.344109061	4.655159459	-44.06341193	-64.45841472
	-20.10512781	9.337326252	0.86577663	-13.52169288	-3.414692976
	7.841682849	-17.66967807	-3.451684874	-7.710585521	13.64743625
	0.5638439062	-0.4786169921	-15.17213938	-10.02862914	-4.888804822
	-13.76453238	10.35275016	4.13214277	0.8080132619	3.798212915
	2.321399272	1.406097414	1.679063367	12.39831794	-18.78871539
	2.984745837	10.61872474	21.81018315	-3.008942177	20.4347446
	59.19559525	-125.2934837	-36.16639349	4.841000243	-12.09086991
	-5.80662759	-0.5269635631	-1.645038084	3.840830122	5.952872298
	13.20465081	-2.732529655	-8.416549639	4.825549583	-20.23256353
	2.938163922	1.826000026	-5.61315096	2.777638675	0.6199641874
	0.414150554	0.4111869074	-2.804785545	0.6334502464	-0.3487998541
	-0.3098498945	2.075631461	-2.730410037	-4.087511572	-3.027820085
	4.360207533	-3.286315012	0.4725774808	-7.801449526	-5.735678357
	-13.99909392	-17.33069511	-33.84870055	42.34624101	306.5993415
	-214.7229125	371.18977	-183.8729135	5493.64549	-2975.875338
	324.486154	566.7110364	221.2438731	74.79081083	-75.82334751
	16.2463605	-0.4335801122	-33.45874436	-3.096434049	-23.74562415
	5.261645412	65.68339509	34.98723385	-36.75167568	-17.02808832
	-34.67780811	20.47719058	-9.729029323	8.320263552	9.84379795
	-19.31172431	59.4856033	0.0318942298	12.24716229	17.31949388
	24.56098303	8.03538591	-17.92609488	2.686032901	12.94665695
	-3.467889905	2.311380161	-3.407967239	-13.21352915	2.041114879
	-1.167889021	-6.164306818	-0.3054434089	5.226514027	-8.379108896
	-35.69599993	-1.792785482	0.8749266343	-20.90222874	-14.22789166
	-8.341651502	2.041362994	0.2711906655	-3.405485418	0.3862789623
	-12.63275092	-1.754224439	4.605350593	-7.996098935	-12.58095295
	-27.03394981	61.63193573	171.6379345	-70.73691958	84.31789222
	4.177679543	-2.152284815	-0.5321698898	5.518625358	-16.92927934
	-63.06651509	3.895756764	-20.275353	18.25070398	1.453530501
	9.486018936	15.59027142	0.5050666998	2.83381131	-0.9602756327
	-0.04123999295	1.090364397	0.5029311744	2.105377403	0.6126311352
	-3.079061723	0.7375133155	11.08866376	-8.245585587	2.890929476
	1.83230624	2.656222657	3.854179467	-15.12765319	11.92752474
	-12.43103474	21.04882705	10.55114537	12.51886844	-16.98086419
	4.341754526	-104.3811095	39.47592148	264.8561518	-758.8105951
	-1928.449735	1135.920045	-4104.348681	270.8002936	48.47209787
	-106.6347656	1.234244914	-12.59882029	-26.33710532	37.55591833
	-83.62298328	56.17249759	-268.6425231	26.38683306	-1.35570207
	21.95970894	-11.28876435	20.67106885	-2.019364914	8.652028808
	-5.495010831	-86.92470357	223.0430891	12.98056932	3.932706954
	2.296959497	-26.6461218	-5.204899212	-6.869906815	-7.719001944
	6.322070201	-9.348889906	0.5361384857	17.71830238	19.64955065
	9.798882089	-15.39264816	-1.196990137	-15.75719914	-0.1207845471
	9.046150616	3.108544522	-19.95019577	-43.69272737	-61.6742487
	5.567729313	-3.220768201	3.381699634	-1.019000302	-15.2554401
	-12.62531185	2.513186099	0.8167556138	-1.249564747	15.91071565
	41.98406577	55.75173463	263.2448624	-754.9425893	-831.3354538
	867.2841201	-315.1841964	27.18693182	-5.702504478	-1.944458701
	1.82356036	11.78754821	-5.214919615	-3.079210185	12.06635616
	-1.424425252	23.42127917	-28.38451877	10.42801445	9.586817775
	0.6523172472	-6.849141199	2.166375977	0.6295985841	-4.405544843
	-1.544318799	0.02321180292	0.3502083166	-9.024687377	8.809561897
	-6.834941009	1.007870344	0.5959712383	-0.2601777851	9.875868246
	1.873575934	-19.90808402	27.45693932	5.849670778	5.899542226
	-68.96814461	24.59521369	-3.094325458	63.4164819	-175.3646818
	548.1352108	-179.7774853	20.19117179	393.0677746	801.5361482
	-74.63166651	-53.07528085	9.906929674	25.11610172	43.92051205
	84.43720622	-99.01910353	127.1557762	-3.097103135	25.88199401
	-177.8942396	4.056849307	0.4189073278	-8.26986861	-15.95396954
	-2.42921179	14.87441711	-9.510057052	226.987022	35.84271856
	10.06328667	-8.823624919	5.092846744	-8.37366454	1.796836882
	1.618959391	2.13927669	-1.485525148	-16.77992007	30.3895017
	25.87029903	25.23029708	-18.02785389	1.688409913	-3.207697047
	-4.278637355	0.1691143687	8.055891805	-126.8500657	57.2499034
	7.579280109	30.23409902	-11.99731092	2.157053802	6.12856119
	-8.662812741	-3.655060399	5.254636715	0.53970644	-14.5144105
	195.621658	-292.1667174	-313.019289	233.2910352	-1547.155586
	-1707.008531	7907.035928	-975.2533987	550.568208	-1.939473557
	3.607657805	-5.72792263	6.456773683	4.231654788	1.379114138
	-53.03673866	95.27825678	34.9568198	26.11609147	4.387119203
	-23.19354345	20.40542545	3.9758502	3.502881327	1.373107645
	4.246399635	-0.04169939123	-0.3051629801	0.8580129507	-3.30906742
	0.7256416905	6.813498219	3.179682626	0.8683370194	0.5895754623
	8.185125307	0.8081313842	-124.9022346	15.30337333	-17.97086793
	8.398385139	-1.735876816	30.97765875	-19.45995328	-18.75498533
	94.39236581	-248.0375088	-338.4331798	886.1969245	-399.7215526
	-220.95287	-1424.460881	332.2273656	103.7304965	-2.539773309
	-156.6983911	-16.91835479	206.4169543	50.1946126	-13.01500833
	20.45709505	-18.54713586	51.36619185	-18.27000269	-13.93947333
	-4.110530417	-29.98465049	7.678814674	-7.441688163	-84.44813156
	5.318343544	44.51126732	-28.79290509	-0.3978982733	2.584446326
	3.965057957	2.255108576	-3.878670934	2.993577007	24.37150212
	-74.65939387	-24.90800148	12.92156841	3.491667049	5.425181943
	-10.01773053	-0.1375426486	-6.308593502	-8.067028897	-6.302034715
	21.53700409	5.125582748	5.932014257	-18.29430789	-6.405972937
	4.15456541	8.306989379	0.860710783	4.209688905	10.08374146
	-23.20732609	291.8082983	-828.8975403	282.3754904	61.08743956
	-273.4249152	-201.8136623	5122.798188	-1153.010332	188.7079106
	48.4447033	-4.678675221	-4.26220579	7.290385101	4.289872858
	-33.42259041	64.22789005	-1.594255199	33.35170048	-40.76602984
	-87.55167101	-115.896531	31.28926763	-28.19036929	21.69572465
	-4.389163903	0.4650835682	-0.5823785894	-2.112210103	1.012726818
	1.912637361	1.443083156	-18.03803377	1.481928767	1.235278358
	0.4107815758	-8.514843801	9.545132012	24.57506446	1.193008306
	5.844635959	7.924221746	-23.46544284	14.4899879	-3.814037031
	1.404872722	24.24420817	-16.33864647	697.9110732	-1278.353581
	3591.391096	768.3913155	-772.0460532	1889.287313	-140.3664742
	-86.93162962	66.45011898	-141.3742701	-306.3095629	-22.22064569
	-140.3669417	-1.767956667	117.2720368	-29.81263443	-23.48428398
	42.14081013	18.94839446	-8.808463793	15.82325629	1.427125709
	36.79708225	-9.331632301	12.81835752	-7.71790394	-0.002019474428
	5.474906982	3.762047863	-4.947190956	-7.384186441	-24.41453154
	48.75017486	-34.58450184	-74.14937983	-9.398805851	-7.05963809
	-7.770253757	-2.524138084	-0.04590094984	2.298915634	-22.03634082
	-6.218095669	5.754451493	-21.06545471	-2.568769467	11.46097945
	1.442477049	-13.23539064	1.645194411	0.7315911661	2.841923208
	6.183584717	21.72567323	-318.6461495	-2.525242089	-112.1475611
	207.4300798	19.25227863	-2.679144791	360.8076443	-319.3988774
	246.2416477	77.18939388	-11.18913467	-9.589028763	-5.765106868
	-11.71882714	4.255958129	52.45310773	59.30033058	159.4701241
	37.53655367	24.44723968	-40.51704412	146.8490123	22.20457397
	-45.09001371	0.0178397781	-15.93114738	-4.879901027	-1.473545787
	1.457123217	-4.588409903	-2.76380529	2.875735555	3.712298465
	1.505520305	2.301732968	0.1837651698	0.6710055933	3.145698806
	4.691009264	2.719990827	-9.692221408	4.004714226	-14.26175526
	-62.0315975	5.073688968	9.653186748	-84.65195357	-506.2407812
	151.5047093	-575.1972705	3182.584713	1081.292373	3328.405087
	-651.5598683	379.1221792	7.64321107	48.86427359	455.6596731
	134.9599108	-35.92642399	94.84105724	-53.47879216	-78.64189264
	31.73864225	-22.13801285	-17.91964551	-71.67704111	0.6394525509
	-4.392766685	17.90294411	11.8192914	-53.64030161	-4.010471527
	-14.41113943	-10.066469	-0.720395773	-21.27986135	16.89272993
	-27.0515398	8.458167828	2.689614971	22.50243458	-0.9160366041
	-0.3411651143	-12.46529126	3.91411864	-11.65110222	-2.590402011
	-7.786926469	5.737377142	3.510539949	-8.393016547	-6.886193409
	4.866633138	1.838793133	-2.914555723	2.16684605	3.669910815
	9.129347662	-16.84793515	-22.10528046	32.2471639	45.57134964
	-2.97988419	-17.70175604	-11.58370794	13.49845424	-13.53193452
	-20.99524888	35.65236266	-67.54983815	-6.866981255	5.397244349
	2.89717416	22.23217526	12.8382511	-13.85835077	-0.9777245836
	22.43264767	-79.11261134	-12.58663947	-41.78241604	168.9118256
	-93.32981278	24.84567561	-11.28720579	-0.6239939564	10.10487996
	0.0505618767	13.13348131	4.767771992	-1.808946558	-2.091252777
	-5.203187385	-2.219829341	1.310174832	-0.08858268092	-4.314066705
	-3.554368031	0.3901955096	6.889048907	-59.89018971	4.904692059
	-39.76005011	25.86465855	0.8681587651	-12.61325251	9.498060058
	-0.5768119252	-247.5562859	-7109.476741	999.8936535	-3989.041254
	239.2161504	-546.197367	134.1157295	-69.92586865	-3.874337259
	-199.4049424	59.18557752	-24.21999982	46.46160314	-3.209040389
	56.66657291	11.42905024	-3.849990541	0.8958191874	66.87380051
	-38.38628169	-21.26226711	13.18516258	-45.60545337	29.27251019
	6.970964004	-10.24405876	-5.571854092	-9.759561732	-5.790155163
	9.110278665	-13.98937351	-71.74923402	11.95829372	9.946634267
	4.999558663	-10.30510175	-23.6932919	6.684299522	-7.108580181
	-6.836847197	-0.6403707943	3.763750929	-1.641960316	1.344789519
	5.799915929	2.062205821	-2.326481097	0.2479690069	4.984809883
	-12.32646896	17.3226978	11.08010135	-1.263878874	151.1962108
	2.830719997	6.093543256	-3.804992513	14.98467798	6.212398338
	-7.334347581	8.479359122	4.737476824	12.71369349	6.155826113
	2.681507898	-0.5880378808	-12.31994236	0.02595432567	3.931180262
	-2.640008036	-1.065911321	-66.63983599	16.30941617	12.9627618
	9.5648891	-36.84417449	-6.247201673	15.95547395	1.389566624
	-83.08591639	22.68202081	32.38328707	65.41985046	4.823200874
	-1.737856149	-1.048906691	-0.7674599596	0.5547546243	-3.246988596
	3.265147718	0.8058721258	-3.433613766	2.258622257	-3.017930869
	35.62225506	-3.04621342	9.844368877	-29.93178151	11.14321638
	-3.787011535	23.76032567	198.0466997	-930.4704635	1939.18588
	-705.9157389	253.8894663	-200.4671824	57.6766297	-58.45043561
	-9.429865895	-153.1678898	94.6635362	-1.203665632	-17.95125151
	-2.878816559	15.45558677	3.493981325	-3.454592428	4.111938484
	5.759104461	10.46151261	88.97875781	-36.57132779	18.44129443
	15.37664787	-26.97148936	27.55578799	-19.43702154	1.618456278
	-56.27666603	45.35798408	-83.87500011	227.9006828	126.9691871
	25.8379579	2.035000628	-3.602103243	-37.70756275	9.18758766
	0.3292890055	-17.00364308	-9.18495291	5.785798607	-12.80039346
	-11.0765727	2.514989969	-1.788652127	-6.599770633	-3.77775979
	5.099750255	-28.55924886	-82.90113193	16.2917935	-5.919337833
	12.74670727	-164.0959833	4.035324775	13.7184429	-8.335144159
	-2.75433599	-0.4580234996	-2.823928479	-0.1759372523	1.652001566
	4.340542228	-6.42185989	3.054953385	13.35171538	-1.304765326
	3.418853986	14.1425503	16.63984552	-46.09822517	22.94479569
	24.76505557	-20.7430121	13.86586458	57.25789593	10.03522659
	3.82169182	-3.046810126	33.33696292	-180.9818793	-12.67685449
	1.000185364	-0.9088442997	-1.931015245	1.006777886	0.2116954327
	-1.841718557	-2.694876612	-2.362115211	1.02241124	-6.781945212
	-10.44375439	21.81860366	-60.87449899	110.3713123	-5.253019564
	-73.57647972	-16.76502322	-8.85058698	14.25433362	33.32607667
	632.5526818	-94.68375593	69.88139004	-35.98919221	27.41966219
	-18.54140632	21.5545145	-24.00411536	47.40305159	-44.78367719
	-12.55611926	2.978838745	2.731464036	-0.3699712338	-4.93986503
	8.928135614	-0.09664554795	3.137266111	18.65529961	1.29706325
	-44.63026594	21.80767029	16.52043345	-19.42553015	6.903321698
	-4.793543028	-57.57894304	74.44806925	157.4141262	-45.20461428
	-161.9024493	3.05857313	-13.32245474	7.35403868	4.518744364
	-7.115348652	-47.80960311	51.96301119	-24.71558049	19.8349075
	9.900426453	-9.925204574	-10.94317895	-11.31235256	-4.676876609
	-7.806786243	9.573622537	-37.38866172	-8.481428018	145.5537087
	-43.87006763	-7.539324847	17.07222834	12.8058596	-41.7992093
	4.056790527	7.025947353	1.651190761	-0.1094777841	-0.5240990268
	5.496959266	-3.49507879	-1.102085385	3.541303166	-2.934237445
	-7.686733387	-1.68416372	-3.287187115	2.280946978	-28.0765416
	5.079627758	-15.29407657	0.9132110872	10.23556617	-22.64839373
	2.599320324	-3.684776369	-26.12894601	-37.12091764	7.897809607
	15.51994855	1.528098179	1.004063867	-0.4285667427	-2.508237109
	-2.703563706	-1.872796922	-0.1176678306	-7.059887944	-7.564927814
	8.048271874	5.647136685	12.90879716	5.430769219	2.462084139
	-5.562267065	67.57912577	-8.208831827	7.883969147	-10.81837049
	10.9875582	24.43327541	-65.67527094	-5.973747225	0.8219344801
	23.58259017	-9.259600694	1.467958575	21.2895525	-17.92547094
	55.16390607	-2.754232949	6.614088009	0.7538842491	0.7174940573
	-3.809385657	-11.46191567	-12.47247928	21.53068067	1.495328274
	-23.04708678	14.58136082	-69.19160999	3.843253545	-24.8105039
	17.40461871	8.684069167	43.19349562	17.80785067	-60.96298899
	16.49961993	-30.04787334	162.8597121	-330.0965933	39.22818913
	-2.753817674	-41.02401022	9.764399981	17.97664846	-3.818516367
	7.349707285	-25.08615899	7.920104425	9.817093332	-0.6520141163
	0.1851155444	-14.19611015	7.14478417	-22.88194455	-0.3991823222
	52.87744349	-126.6006189	-13.99623	-17.8327942	8.521752284
	49.88645823	6.004475503	-15.84816092	-1.016026816	0.5825315117
	-1.115251295	1.320987905	-12.41535196	0.3727765644	0.9745533018
	-4.450804228	-0.0528957425	3.478117196	-27.07187278	3.249689854
	5.919746911	2.437151759	-9.291894334	0.7248705789	1.766065291
	2.425988497	-5.827925623	8.537125352	-9.533919613	6.676268607
	6.765352889	61.33019063	-1.553096299	1.093756468	0.8403373954
	0.4017303243	0.2014781507	0.5672545271	-3.641465416	-0.1693141289
	14.89925919	-3.21244368	1.825652664	0.9642833454	-11.66218471
	-37.24440301	16.56780815	-11.89463124	-60.46682501	3.835609479
	-9.615463878	6.101128163	-0.3798111014	12.82335612	12.3660316
	-30.62285239	-48.71966947	-9.256305553	9.514781822	-13.89644489
	-10.50176822	11.64587874	-28.21554734	4.434984328	-4.86651918
	2.983966558	1.140499735	5.054570956	-12.54405109	16.71236459
	0.6651762937	-9.961100498	43.89927115	-189.2097754	33.95606961
	-233.6146779	51.3820638	13.28633637	-36.77787335	16.80914093
	-113.9240066	133.1316694	23.8221285	39.46087321	-26.36795638
	81.35768854	-13.36874343	-16.40540355	68.01243007	1.618236267
	-34.79681679	-17.31376679	4.415262597	3.252099689	-53.21247758
	-5.329804608	0.8802597682	1.631679636	5.606920074	-13.51323198
	-5.949125898	13.72960265	-26.69442543	1.085247002	-5.822907784
	6.811442083	-57.70612257	-16.96362818	-0.3982565166	6.683679055
	1.302458595	-2.410805199	-0.4276851269	-2.090883895	2.762402664
	-2.91039068	-0.7318788736	-1.88218644	-0.1935954607	2.663728368
	3.735701515	4.239216599	2.20514787	-5.412200608	5.793760116
	0.7844236742	2.191174768	1.84102754	2.90763503	-3.102728295
	4.125436638	2.455621031	9.989366953	-17.48079459	-15.95656725
	-0.7791243803	0.6667383299	-3.576597805	0.03686765679	-8.36685895
	0.8199121864	-2.722150338	-21.97611542	-0.273622138	0.862665598
	14.27139222	7.080847477	-54.76785687	-12.76113729	10.32903334
	5.351642355	-1.431017918	2.666591685	2.362850046	-11.4276436
	-19.81758445	-48.18721678	117.6346503	21.04161039	5.405887343
	-5.616173744	-4.675113351	-11.85644417	26.46869631	1.764838726
	-14.07546848	9.413479102	0.7217172773	2.821328177	-14.25087384
	21.71435952	47.3939547	-27.94963373	-34.3797916	-0.1825581447
	41.94354971	21.90232915	-25.76783417	34.17290844	-25.3711982
	20.54833373	302.7026986	-193.1994771	-41.24648163	-137.6512368
	31.75129727	-13.10379639	5.188513527	9.826599919	-33.64747129
	3.880697037	-15.46088075	22.11778354	-22.56448728	0.6328593945
	-28.67147357	9.247778166	-5.910186597	12.79296784	5.555239132
	6.756770012	-4.491886047	3.927784997	-4.470738552	0.7864416009
	2.522389588	17.85455079	-0.617707061	46.92220609	2.99046042
	11.77276568	-2.528055532	6.443149922	-3.98473152	-2.560846967
	-1.477024517	0.7696701629	0.6351292181	2.513706538	-8.064739595
	-4.283634433	-2.194197215	-0.02397765447	-4.953030888	4.47925176
	-3.761664732	0.1228907676	-3.131096046	-0.2304174341	2.905430475
	-4.410728268	2.253453893	-3.033150462	1.950234698	-7.685645483
	1.605413076	-0.8353550759	1.020022269	2.452216623	-6.115244217
	15.21599466	5.889668625	-11.37254685	4.512957217	0.1547524612
	0.8324706201	1.849715631	13.72700287	-1.841955364	6.383020679
	-10.44308262	8.807635111	2.098421415	3.24867246	-4.741784056
	13.02608323	7.534520124	-10.24510044	78.29508744	-46.43086452
	6.246142246	1.808352003	0.4367317219	-7.989231234	6.201655165
	0.1972992953	-1.771641268	-8.441480487	-14.65945952	6.804170087
	3.240427311	22.94189401	-98.48109967	36.29155174	-117.2851285
	-106.798867	10.0558568	-50.72856891	-86.53005036	30.84642958
	-6.252341562	81.80241055	-225.6341509	313.0233248	228.6154832
	67.43278605	34.92151031	-44.41385209	0.2688305371	42.39658737
	-51.10662004	-6.388829345	6.331588599	-9.190237935	14.7637697
	12.66771119	-0.05201588118	7.886260994	-12.55926346	-28.30800442
	-10.31262205	-9.221140643	-5.635987348	1.186445603	-0.7238270861
	7.754150949	0.05515371779	5.526734188	-14.47270457	5.687350714
	-1.304772263	-12.05117957	-6.711059235	46.16079129	-17.53071435
	7.957619918	-1.782514121	0.9944736197	1.916456606	-8.685345788
	8.212780892	-0.2659111704	-0.6132971235	0.984246121	2.39218986
	1.11538724	-2.573486852	3.45669369	-0.4204820763	0.1212814249
	-8.48071794	-2.563053097	4.406727573	-4.591683078	-4.8827702
	-3.786851422	13.79721751	-11.66354007	-3.240341474	0.4556632214
	0.7647855421	-3.470777287	-9.95861704	-2.377790058	31.86892599
	-6.658133947	-1.732417217	-4.353851124	-10.70615018	3.942119789
	10.10870113	-13.03942897	5.149940516	3.33929314	4.808890723
	-13.57154105	-14.15079236	-12.04786038	51.04590373	48.73368906
	-23.54742831	19.17571142	3.970675837	4.056135517	-22.03418332
	-0.664969944	6.958293083	9.329235338	-92.16709767	9.478149298
	-22.58459939	-4.256335657	-16.71525074	-3.210841854	-34.89722501
	20.86285233	11.23198396	24.9204507	240.2001708	-145.5092164
	49.18534935	-43.7726677	10.72025714	1.053768458	-7.812000628
	-157.4655678	42.08424147	-67.47257461	113.6635327	11.96770517
	10.96033718	65.61838212	14.51248897	19.65844141	-42.18238936
	-23.46456029	112.8044107	2.918973738	-12.80697955	13.67793985
	-8.755847356	5.963526396	-5.662721064	-2.661553542	1.597727469
	0.1239113969	11.11540778	4.090065095	-4.382923772	-26.57424757
	-46.4475065	-7.564171057	8.647102776	-12.69754084	5.459493819
	-0.316823075	1.353723272	-0.2091684774	-5.660282901	0.2728762797
	10.46233483	7.714441976	0.0904071633	-1.977185911	1.286398271
	-3.771898149	-1.120351227	0.9486448506	1.083341584	-5.793862206
	2.132981441	3.735921234	1.166796277	-3.660251151	-2.083046142
	1.011985804	1.964346407	2.492333761	-0.523634079	-3.872102624
	-4.013491364	0.747619786	-7.684641425	2.476021239	-3.527776148
	-18.12212698	-8.219594688	-3.649341778	3.692148075	-1.536717172
	22.0877594	-19.52156408	4.971542209	1.949977017	-9.250583644
	-6.714480701	-21.60108973	-43.18125801	0.1369107456	25.24751487
	-87.7413152	-105.3444948	-44.06702864	-0.4270763306	45.07720125
	45.06425359	-45.68397736	9.083968001	49.4573994	32.34826465
	18.04603799	23.44919668	-13.13857198	-7.649083967	-4.961508437
	15.38451265	16.31277221	0.2404351466	-19.37295014	-42.50839976
	33.05382568	-0.4115643387	-16.86695612	97.85053233	-34.99610141
	-31.38476165	11.31693198	19.92424981	-2.102941734	-63.45002586
	-36.09383874	-22.38008789	-113.975707	-1.148588097	22.9512132
	0.744272906	8.129624646	-135.0936555	-62.6058264	21.93227026
	-73.29277952	1.778971877	-15.96018961	0.4171281943	-3.972894948
	2.85215085	-0.846048667	-17.86115733	-4.179054234	4.911685011
	6.751716857	-4.047582742	48.90400446	15.22294571	10.81290461
	-9.444661053	7.69577636	0.9547330666	1.674069012	0.7045259653
	-0.9380931861	3.884114105	1.154180061	-1.28935621	-0.07906240844
	0.6500241559	-0.6651852922	-1.021070345	-3.417831444	0.3964777191
	-1.954807103	0.3281580807	-2.573701144	-11.49078391	1.309216903
	-5.813894881	-1.965746005	-4.169027752	0.5375913388	0.7851646985
	-5.441302448	-0.6681169638	1.026127065	-3.923899076	-5.6056375
	-19.01472589	46.95657557	-13.68451469	6.659887881	1.380675949
	1.088095219	20.89933303	-7.134817398	14.36242308	-16.42566324
	22.80611228	-54.36976067	7.061795596	-41.44480501	18.58498503
	-4.641334698	14.23587266	-48.01226801	126.1221986	-87.13118743
	-194.5878398	37.24413192	-53.30690322	-63.73114209	23.36498848
	-14.19377767	-100.7151513	16.27005117	-7.556974266	34.74794085
	-8.201017072	-8.187894804	-26.82170335	-3.159889129	4.231775484
	14.66893505	-34.19386874	16.95975159	-32.9654601	-25.04624264
	-8.815006394	4.473457006	31.51107656	-5.707420127	-5.974595746
	-8.919321846	31.79215123	16.72621666	127.3076893	10.69885609
	-18.14415759	3.452829885	10.73575187	-51.91166122	120.4540088
	3.427871576	-19.91231984	26.68529134	0.8633400502	12.57106022
	-18.49681018	6.668787654	-5.29582678	0.3704394142	7.717655022
	3.668882571	-3.037249001	41.44447931	36.65292719	-32.43467838
	-18.40656596	-1.881742352	-2.346606163	-4.747384209	2.167168643
	-2.023472519	1.036306667	-4.139817958	-0.2642888093	-5.781280238
	0.7048482249	0.5984210793	0.8523002409	-2.065438839	-0.0177751185
	1.182019392	3.420663088	0.8497424451	0.2827167328	5.338861448
	2.567319971	0.3669826409	-0.6103122719	1.839945934	0.6542728245
	1.218182848	8.561280259	1.127357448	0.4798591258	-0.07959337032
	1.513692685	15.68075314	8.843828914	-4.55605225	-5.096946948
	-8.787698813	-3.218363506	4.910191174	-5.54348122	-20.91943953
	1.895723743	1.224711541	-12.91287155	47.59581734	-46.29887159
	58.16897959	7.911973394	132.4514034	-129.4265252	377.4419343
	-377.1100407	-1.018001848	-11.14404587	-9.787298933	17.82479575
	28.77865159	-35.64295173	-25.78876636	30.87189286	-29.38864572
	-24.31357722	0.6130976454	0.6649030886	33.64040673	-2.701930824
	-16.71940588	3.098323013	23.49357589	-1.829394788	19.68946718
	-9.560962215	-7.202211965	3.897001609	-36.23433594	-17.06848869
	-244.4247535	-42.3693505	80.36459339	24.57281917	-93.55894971
	25.28361662	-15.98171855	-1.606410927	-36.74375132	10.52294809
	6.861685457	-14.01341984	20.26715876	-1.939752102	1.932495512
	11.19642149	-80.45789448	14.12901585	-14.7726476	5.555316397
	-3.410089245	-0.3410155838	-5.22133503	23.96454901	45.84950441
	188.6509834	-24.92347653	15.68600315	0.1050824744	4.669491326
	-1.615254303	-6.781016706	0.232316558	4.731875449	0.1722562689
	-0.748201917	2.221789772	0.464430116	0.6195756954	-0.06945488842
	1.167727754	0.2181592377	-1.914763099	1.228865046	0.8129634763
	0.2023283969	-5.785203577	-1.025378752	-6.663858098	-0.2666539037
	-1.829607907	0.3833016106	-9.876344073	-2.517429731	-4.416333533
	0.4830268673	1.063312885	3.367528534	0.6583719687	-21.04849312
	-0.3553202736	-4.307971065	-0.4305454269	0.675499694	-1.170929802
	15.37205035	-5.223452876	-5.53798808	4.188780595	13.0521683
	-36.50485761	77.36747702	70.00740441	141.2009545	-89.20800285
	106.5242144	-180.1674927	161.9977005	-38.3754042	-30.7343497
	-6.723740005	-27.24246716	-10.33068634	392.0317185	-142.1149934
	31.50050561	25.18195373	-9.203020224	-7.483592938	-23.11033943
	-24.58936269	21.25966848	3.802016311	40.55765407	-22.72559451
	-45.59878874	-6.862565347	33.28818977	25.26973809	-3.027439987
	19.11276251	-59.07415042	187.8767978	71.15455757	-36.81105461
	-153.6632683	83.0685406	10.38100354	6.176953925	-18.05432194
	3.277759665	9.361227913	5.049205296	25.70426283	-15.20110073
	-31.36963263	6.360650035	-64.29401308	17.0978167	-30.29099521
	-1.83328647	-4.937255081	1.931017022	-1.860769235	1.885270849
	-6.986940681	18.06240719	-295.0196358	-67.84231592	20.77224659
	-0.1876756665	0.3755773087	10.35203085	3.907285543	3.457491178
	-5.089162849	0.3666492786	-1.484221058	-4.220172397	-0.3901869695
	0.1827207434	0.1302421796	5.853020564	-9.894185017	2.822681027
	-1.971183713	-4.841348366	8.693598528	-2.69197379	-0.5826054717
	-4.509761562	-4.589029609	-4.042124091	4.049620972	4.4438486
	-1.597482225	1.308626358	0.5375311065	1.753591337	-2.658208358
	77.82742205	-25.59109174	-3.131665493	3.273933036	0.7658921146
	-8.12215587	1.082733722	0.0326464434	-2.714344644	-0.559099428
	-2.450410278	-33.51781255	28.99706021	-61.07353971	-347.2726797
	-182.2054561	0.6521592323	-17.12278166	36.902225	-42.73137039
	-3.61022783	-13.81258314	24.63770125	2.043116327	-90.55301736
	11.61488565	12.18259209	-44.45563372	-39.86361779	1.062803376
	29.86774252	15.57125482	23.23388427	-1.26013477	-26.37892693
	-45.83219248	117.0438769	-29.81576069	20.79539089	-108.5639247
	24.28310114	-16.62863228	-29.27570173	54.18252169	-26.06814103
	-0.3836221847	20.5800999	34.37247518	-36.9898838	29.91030687
	32.30343997	6.774484658	-19.48366668	-0.1272050835	6.265706378
	-1.544780287	4.113100388	2.643657181	-14.35035171	10.28618613
	8.499108919	-29.81215019	4.816406188	-1.275374363	-3.286977284
	5.114175406	-7.534131327	33.90851188	-41.14872987	7.883186784
	-7.016125701	-13.34476961	-9.413831702	-2.555656697	7.260065381
	-26.75533174	2.991555227	2.178146198	-6.656165454	6.869860772
	1.751913927	-0.2467663225	0.4461590116	1.191275012	-15.27473775
	5.292842729	-4.213634712	0.2730015101	2.006428272	-2.241570696
	0.7499363527	5.816096668	10.68931196	-2.875369455	-2.910600331
	-0.4895710348	-3.325527945	2.481971204	0.6240888613	0.7536057651
	0.06740722248	1.9037392	0.2552560984	4.113486615	3.827981388
	-7.441557982	15.21823911	-9.320562358	-6.593024849	8.831036288
	-15.07918641	-9.566542172	-5.308655083	10.2951969	1.852813103
	-47.35101795	-28.60688039	3.211806487	-14.32895659	6.429320275
	-30.08117146	-9.276530722	10.36289615	-9.419655703	3.430237447
	25.81623659	5.658280692	-30.79766984	8.252412364	-6.627424777
	-7.054041639	12.9125817	-52.67060928	-1.020195942	0.1851105848
	8.228676682	31.11799408	-48.4965592	25.0598639	-75.38685654
	-129.1989454	-26.06133817	10.73661751	-10.29288467	20.90146243
	-27.61479067	-54.58774481	185.7794826	24.6361545	-124.9810074
	112.3064141	-71.24605053	-12.01565354	6.542487803	-1.26804828
	4.49990916	-0.905993291	-8.388591668	-1.328378461	-3.201713231
	3.472826154	1.153866204	-12.95910966	3.243691063	5.02551145
	-3.290609761	9.349264621	-3.47424772	-2.10649809	-30.11648638
	106.4895512	-221.752905	314.4722387	41.59735458	-9.728196367
	-1.459401105	-23.88289301	20.72754908	-4.375929545	1.652302471
	1.612018784	3.413116307	-1.890988704	0.7375738605	1.569915173
	-2.756150442	1.592803704	-16.94565017	25.92170007	-1.049918785
	-1.621221918	-2.541844583	-0.4978047103	2.055236781	-0.8763669291
	-2.080507595	-7.382846942	-3.047613574	2.168116781	0.7096559278
	0.4830644573	-2.221710239	-5.703762288	1.01712548	-21.26211914
	5.245185016	-9.493948241	2.614167576	-2.097955963	6.903658816
	-6.542574271	-0.9417542492	-12.31856937	13.26422253	-7.755694702
	-9.277219448	-2.397271367	-3.733203988	-8.199402226	1.729266017
	3.374970691	5.15215376	50.10861119	5.209797898	-22.64358829
	7.597291943	5.593995729	8.989044434	6.161972013	-1.675245715
	4.084563909	6.551008731	4.745180803	-58.73196334	12.79701176
	-28.07709432	2.584345251	4.487599439	14.99501447	-18.3807653
	-41.5147445	37.80343126	70.91036124	-37.38543221	14.47230521
	10.44457086	12.72928104	-9.448256927	65.99891218	-40.70424919
	-151.0155037	32.66111199	-3.651485559	3.520916599	16.44517722
	-17.37731521	5.469222256	-2.553209232	-19.76459221	-7.313547932
	3.10016579	1.524597287	-0.27142432	-4.340082042	-0.4369026803
	0.4730404057	-5.562030033	2.688111792	-1.47972251	-3.321030014
	-66.67816971	-30.16315771	-6.127189271	-68.69506235	-0.843106596
	11.98831368	-9.463809824	71.94771865	1.51634067	-8.47028998
	-2.873692349	-0.149730328	-2.87215049	-4.016208961	0.8072032754
	0.4701046931	4.438923734	2.495251967	-1.234110564	4.072006379
	-1.257750885	1.074953478	-1.792928842	-6.686376263	8.695386186
	-5.23955091	3.248760082	-3.785614354	5.628223034	1.304252895
	0.7157504531	1.020548918	-0.7438697929	3.370573044	0.7956805885
	18.4622403	5.358661241	-4.571478536	-0.2000421229	-3.912444143
	4.149785749	-6.38180393	0.8635279565	-1.029815857	-3.186596692
	-6.322619841	1.632029981	-9.314668767	-11.0523967	9.291073255
	-5.112693941	-8.786468152	-12.17896639	-19.12568958	2.440293815
	-7.335993219	0.03102773314	1.944950131	2.061951939	26.85682934
	-12.96869548	5.34255566	-19.32043681	-8.098389353	-12.45781916
	11.17308993	-5.80991064	-9.040166924	1.469564854	-9.25300788
	-17.80660016	11.29845634	14.10670094	-43.84912341	-51.51135944
	-105.4318051	-22.64457515	-5.087412167	1.171243494	10.5641688
	-23.55033902	-87.24377577	-16.92260983	5.210646472	8.305572685
	7.493328004	-4.960288654	-0.6576338414	-5.152347274	-5.765607267
	1.86773588	2.623967403	-4.372661918	-5.242070588	1.386946918
	-1.920365158	2.371514851	7.243860011	1.400893928	-1.237014659
	11.62345412	6.044999303	-5.057449804	87.21488716	13.54684892
	14.51032954	36.6216297	-69.29204833	728.6531545	-46.03390034
	11.75177089	17.04364919	-4.748568181	-0.4136129322	2.458919872
	1.103821793	0.4346417116	1.296389502	-1.396313325	-2.181447343
	3.444556602	4.885432906	5.26444791	-5.435073106	9.304216998
	-6.890033465	0.9755171458	-6.310146387	2.880596099	0.7417458582
	1.563915085	0.2961668721	-1.263673853	-4.35512605	3.35414362
	-19.21934974	-5.391169713	3.383960673	-6.854716635	-0.4581128304
	-2.277520628	1.906175528	-2.451436774	1.431315759	-3.63590293
	-6.20564243	0.474770829	1.976491112	-0.1391613751	6.427003662
	-7.320544092	-2.875807919	-3.301638245	2.975836868	-6.951341621
	6.843652548	-1.682534378	-21.03004178	-5.39594579	-33.03024093
	-23.51409537	-15.01099483	-0.9193827226	-9.667227775	-1.702572255
	-3.915773811	3.938063156	-0.5669150538	13.91682197	2.697787434
	-2.521181307	-6.083603385	-9.100328191	-17.85075048	51.15362874
	-14.50216816	-25.65572442	37.39348857	-24.33092618	-12.85598904
	16.15454335	-20.60073109	-44.27768092	-6.918589629	-0.9869885571
	-20.9471256	-17.24279305	-5.704245493	-2.159459127	-6.266681851
	2.617315863	0.09808807621	0.1078449164	-7.5987368	-14.32314004
	4.360794934	-0.8582003731	-3.655611617	2.050252108	0.6509731529
	-0.3568471412	17.46115327	52.92778289	27.77729451	-50.5912897
	-3.019032178	-10.18256877	26.25801285	-280.1417427	-211.6437955
	-47.33985241	29.90732635	4.429549893	-5.245881835	0.3142319519
	1.353321807	0.8488034558	0.7176488025	0.7606612068	-0.7443596902
	-6.138514559	1.601624841	-7.495992567	-7.990055651	1.220546825
	0.5018897806	-33.0796375	1.744045905	0.8327899427	-1.588396372
	-13.1742936	1.611352131	0.5361371234	-2.124510776	-0.7917142249
	4.463301085	7.973709474	-24.18855142	5.721150947	4.884485073
	1.833923909	-1.852977345	-4.330523803	-2.081472569	1.482909796
	-2.433106565	0.7000673624	4.487554635	1.425268119	0.4925475593
	2.615547366	-5.516589518	-0.1171027667	0.8885491829	3.840556635
	6.105991046	5.357910827	3.835562074	14.54957111	3.781403321
	20.77715439	12.3117759	-15.45722091	4.254661325	-14.05013743
	1.73652851	-5.104676047	-7.032872333	-6.902711224	5.696988066
	1.04750699	1.731235629	10.36316801	-9.790995692	0.2958227447
	-42.45332392	-4.43882016	57.45035178	31.01786538	-14.01501733
	23.12826006	-30.94062799	-13.44758457	-30.95953348	159.1643501
	-2.155997014	-25.10844243	6.975849612	0.9401908561	-0.2664338481
	-4.612273051	8.817159414	-14.69874598	-4.000348783	-1.403053783
	17.2835161	