3131	
	1.209700506	-0.1025764776	-0.8905672341	1.457046059	6.834958473
	8.905800129	-0.1286270463	-0.2607879713	-0.4922718475	-0.2752798967
	0.3753682886	-0.4951133257	-2.308050477	1.836917029	-0.6804453487
	0.08051449812	3.500286875	-0.5759532102	-0.3350994138	-0.2921722116
	0.7888432969	-0.0528703028	4.448723036	-2.085401028	-0.3201628824
	4.495463097	1.530471286	0.7452813602	-1.051099752	2.566379672
	-3.653885017	-0.7957397684	0.3591601457	1.156472977	-0.8911877291
	0.1124178171	1.774016453	-1.04738914	-1.137958301	0.1470529808
	-2.05532278	-4.382495011	-44.31855426	110.2997916	55.0476076
	-32.72403512	84.38840599	-6.420435557	2.147092965	0.7630828803
	4.771952294	0.6507360333	-26.86099356	-1.173583138	0.09624423346
	-1.203961016	-0.05212746974	-2.300034944	-0.9707374277	0.1877128447
	-1.118961491	2.169951312	-0.9766736255	2.340372024	-0.3460150964
	-3.251035693	-2.014643829	0.5304658103	0.1741894935	-7.552559331
	11.48984707	-11.39017478	6.204550551	-4.325553867	-0.7109782342
	0.6968450337	2.78523184	24.09573836	-6.246568584	-2.296422662
	-0.5226910569	-2.105389445	-1.263692651	-1.842256327	-0.07157136426
	-0.6301126894	-4.378862516	-1.596076321	-0.9942750951	-2.557845226
	-1.371776879	-1.494224392	3.02166609	-1.88987613	5.357858245
	4.286350568	0.6067078607	1.972623528	1.118018886	-0.1701739911
	-4.226135004	-0.1724471494	-0.05284780378	-0.08376605206	1.134847319
	1.842909839	2.60889121	0.1799247162	0.174773858	0.06898265483
	-0.3659059918	1.433771336	-0.1901218161	1.596652741	0.2639614383
	-1.394313675	2.403945656	-2.791852686	-0.489642277	-0.06404217145
	-0.1899249269	-0.02734446754	-0.1312161285	4.472195815	1.515079772
	-0.7712612416	-2.45301768	1.70502971	1.066035705	-2.048565359
	0.01189713685	-0.9236186677	-0.8101186963	0.02250359032	-0.09015282356
	-0.9578019411	-0.07211596071	0.4379942771	-0.826902373	-0.1075656623
	-1.281450263	-4.45519399	-11.67154505	-52.61135599	-364.9564519
	-264.5579295	56.35141127	-19.42156275	-9.751909569	0.3919651862
	1.274089892	-0.2047230962	4.478310971	-13.48074644	-0.7876722162
	4.759974665	-0.8843703148	0.8499328503	0.3689388942	-0.3145468841
	-0.3369334074	-4.263372814	-0.1557927234	-0.7625715721	-0.5747595115
	-2.046396989	-0.6323902444	-0.1306983709	-1.594537292	3.489287762
	-10.28203924	2.319788389	-25.39510809	-6.138241075	0.06079426663
	-1.190484249	2.524559583	-2.566222605	-9.664416078	-1.180211996
	-10.72066262	-1.587621451	-1.286995552	-0.9311514783	-0.7863830099
	-0.1515567246	-0.9960375475	-1.524457764	-0.1428972342	2.247487229
	-1.566838857	-1.811626672	-7.465295646	1.45915635	-3.928962091
	3.248515804	6.133786828	-0.6195242794	-0.8527263588	-1.081576829
	1.247828732	-3.230758146	-1.275327493	-0.2980761795	1.461721321
	-0.1731699538	-0.5149632641	-20.18139367	-1.029609853	0.3081776527
	0.9671033886	-0.2806727053	-1.605943213	1.479042206	-0.5242026754
	0.240365024	1.442439406	-0.8161645778	1.383545653	1.022568773
	0.1645198615	-0.2204821869	-0.2380224142	-0.732262226	4.502102418
	-3.941463211	-0.5952198046	2.444373988	-0.2680925244	0.03615821504
	-3.803892561	-1.35131909	-4.599973617	-0.4033079126	-0.2394774842
	-1.310467646	-1.889871292	-0.4955469397	-0.1112521411	-1.5762185
	6.884287057	0.4540906226	-0.594084728	2.367309464	-10.32874337
	51.04834433	194.599565	-178.9872066	53.67295073	-31.35737454
	-12.63165755	52.53161153	0.2204015012	26.22230569	40.04353712
	-7.894626252	4.105904708	-1.149534899	-0.2167223997	1.471284132
	1.022120477	-0.6424840008	-1.237033055	-0.9240921356	5.495972876
	-4.181344652	-2.611320207	-0.7948704366	2.31725615	-2.777472367
	0.8178484903	-1.288963996	-5.048370674	84.8861008	-8.851578042
	-1.135495987	-5.105288111	-1.587105001	-0.8792688857	-3.746110032
	-0.184792506	-2.129034574	-1.974029866	-0.6311965912	-0.3332580161
	-0.3632976114	-0.505147179	-2.390902958	-0.6273355637	2.345039275
	-0.559081401	4.19224643	-3.271994757	-1.727782954	8.068521022
	3.442253247	-11.44879405	7.55629184	1.58232612	-2.378358581
	-3.989945069	3.36917262	0.4713901069	1.236945189	1.722961593
	-0.3251647481	-0.03421467561	1.434554155	-10.89157422	2.426356109
	6.403652885	-1.171297128	-0.5650151682	-1.35518382	8.911444438
	-2.064362168	-0.3269335173	-0.4445443716	-0.1208354285	-0.4973606545
	-0.4237611452	0.4481145508	-1.087816776	-1.02016103	1.105375958
	1.740242693	-1.189488806	5.038580057	-0.5692385924	-2.484711919
	-0.6821845793	-3.976926516	-0.08250603396	3.961652045	-1.071970639
	-0.136957145	0.8399773895	2.595059938	2.069619157	-1.228623576
	-1.34597206	0.8695864531	-1.3099004	-8.278227093	5.280276791
	23.88564808	36.82479104	-77.42308232	-169.3947141	282.7883366
	4.161562317	36.04522432	32.91722961	3.784432181	-25.30156341
	-30.16974726	-3.582589025	1.585189949	-1.976098656	-0.8873062695
	-2.899758513	-0.1356355485	-2.283466934	4.119903245	-0.1520249506
	-1.121246625	2.363065764	-1.429761778	-7.239808754	-0.8174471435
	-1.149226574	-0.4902182282	-4.50813614	-2.691746047	17.87553282
	-16.30545368	-33.05647683	9.475861532	-1.055256659	-0.8440552742
	-1.007927044	6.615262952	-3.584035359	-1.600548586	-0.308761666
	-0.672445	-1.920360949	-3.384996024	-2.513581777	-3.408913462
	-1.374852637	3.139712799	-0.7591892683	-6.263292374	-5.375733085
	6.13146049	3.199770169	-5.004808632	-0.3214720463	-4.195561086
	-1.108119443	-2.142833455	4.857546688	1.814099311	-0.9388060117
	-0.3168670605	-1.647918243	-0.7475407566	6.594420807	-7.651563877
	-1.548845491	20.65534485	-6.860461631	1.919289114	-0.4517729224
	-2.174754208	0.3921491114	-0.2705913916	-0.7634457802	-0.8349506765
	-3.688865365	-1.071331384	1.656020379	-0.4860363266	-1.104494262
	-0.05314343825	-0.5877295658	-1.027973244	-0.9456539346	-5.25080957
	-1.171842181	2.620462148	1.716516865	-0.5008183541	-1.694333761
	-0.4656387416	-0.5268544172	-0.4334890883	-0.4634379185	-0.0288694021
	-0.7297548935	-3.08652604	-1.196751024	-3.773007892	-1.560470411
	-23.7122538	-16.89015307	-28.33968942	-128.3871841	-73.80476049
	130.9879617	-19.0506154	-189.5262069	39.43788787	-15.47218848
	2.475469763	79.27694658	3.248507822	1.189639554	-0.5764378569
	1.34806982	-0.1868106781	3.609966779	-0.8945731787	-3.075311979
	-0.3591403641	10.19373901	19.39061208	-0.2087873766	3.775174742
	-2.825678092	-2.805707435	-1.704341401	-6.821638569	-2.857076685
	2.972230933	21.27668143	-2.323055593	10.048592	-9.194493577
	-0.5253633125	-6.359998631	0.2852450031	-2.937861273	0.7005787139
	-2.344400998	-2.536716155	-5.894131416	-1.356246091	-6.529473435
	-0.5221337769	-9.22661809	0.04282161074	-6.501652846	-8.003360824
	6.737993777	-2.467934159	-0.8608650684	-1.178230602	-0.8198134751
	-4.092158882	1.983718189	-1.358880292	1.346305707	0.8509092059
	-2.37804539	-2.315054166	7.719208393	5.078156672	-2.2797775
	4.535897095	-1.055964698	9.868839176	-4.590845481	2.154172463
	-0.08801845227	-1.450838135	4.021111811	-2.466488411	-2.595731836
	2.994520666	0.4804913235	1.479741385	3.830300245	-3.438740269
	-0.8599522626	0.06995753895	2.407261125	0.1885924627	-0.1954236059
	-1.066580614	0.3812824167	1.14128495	-0.1406525563	-0.994295493
	-0.9016669804	0.08504002954	-0.5075064349	-0.7358154676	-2.896337612
	0.4040293467	-0.2403490129	9.155156517	-5.593806246	4.747134824
	-47.07777581	18.83212859	33.64951369	-299.2359405	-108.8250605
	244.4073904	62.01942167	-297.3249662	248.2108458	-11.61442136
	-23.95908368	28.10945345	12.36140509	-1.776474333	1.131565519
	-0.8748524041	3.369797695	-1.924879751	11.59081003	-4.36238781
	4.76620483	-3.434507024	-3.265823005	0.00838620512	-4.246296004
	2.924756115	-0.1563997531	-1.088926297	-4.86740008	0.3908903047
	-0.7320253811	5.075378978	6.900695343	-3.593073026	-0.03297133103
	1.412267132	-1.611125589	-1.358745435	-1.355347278	-4.308880058
	7.426332775	-2.487858374	-4.934693483	7.926441388	2.762851549
	-0.784435785	7.542384778	8.963614266	3.489863601	-1.594513724
	14.57923496	2.980202219	-5.050458218	-4.962529354	-0.3694839372
	0.1860847183	0.2450382874	9.545738069	-2.608800759	2.047235303
	2.313314212	18.24909383	-11.81333259	-5.643278404	0.1362335957
	4.833890694	-1.575239563	-8.14570323	0.2368188204	-1.940356171
	1.229130059	-0.5651571562	-2.221997517	-0.5431499671	0.9157743843
	-0.2885947005	-0.2306916845	-5.822279172	24.91474403	-6.402071071
	9.66571303	0.05738749173	1.408458319	-2.087254286	1.476663
	-0.1411742905	-0.7976787161	1.713764111	-1.034892961	-0.6323345086
	-0.3747696591	-2.255002972	2.599850273	-1.686368054	0.9045839679
	0.4805874815	7.765767892	-0.6005291873	-0.8788934362	-0.8389910168
	0.7157436124	11.35258633	-16.12443434	15.21480878	-80.03540363
	178.6704282	-803.2819313	0.1773762171	465.3918966	-918.2351045
	151.4907808	-48.26501532	-7.171813725	-3.475975553	1.680547491
	0.6362539685	-4.074726533	-0.9678159845	-7.063446278	-14.36216243
	-22.15963274	-3.560111692	-3.141121196	1.146072395	-39.39125994
	-16.30070541	-0.4095737172	2.493210037	6.356613726	-5.894047748
	11.55315451	0.6260868118	2.137036957	-19.76756742	-28.03600427
	-8.092268909	6.161518303	-4.879837919	-4.705087424	-1.520578984
	4.965868899	-7.617722509	-2.014664699	-3.135857985	6.393929346
	-1.063478166	-0.7961069085	-6.119094546	-4.265424704	-2.739852561
	-5.574150454	4.265937101	2.7153786	-1.274716062	5.805243929
	1.535175786	1.042366392	0.8548002915	5.901778848	-8.093704581
	2.55323513	4.672388661	26.11752339	-89.57048809	1.548935897
	35.73866714	-60.19895251	-20.18388683	9.306765381	-4.243802998
	-2.842408392	0.399966047	-0.4902024307	1.463530872	5.253617039
	5.738926818	-1.68788617	-2.983035928	4.004698516	-8.594307187
	0.9526631919	-17.07006034	-2.301577124	1.554027721	0.8737312295
	-0.9104413995	0.2766669327	-1.003404177	0.6363775974	-0.4676138719
	-0.1314913096	0.5681708265	-1.487609579	-1.46245148	-1.262261326
	1.909979081	-1.18080294	-0.6008542237	-3.038368449	-2.936949535
	-5.837264802	-7.303978558	-14.18267691	18.55486108	136.6635057
	-95.61959068	165.9437903	-90.99390733	2454.839591	-1323.99877
	143.4408347	238.4522159	104.1814731	30.61031117	-33.60445157
	8.542420906	-0.977364848	-14.77286004	-1.139206462	-10.64088853
	1.267830382	31.36324522	15.97393027	-16.00051509	-7.348935524
	-15.63386104	11.61946241	-3.830382587	5.735227453	-4.258858302
	-12.25148475	26.89621146	-0.4902689366	5.580965433	7.632396253
	13.66979361	-0.2251967823	-7.555117363	2.98708533	6.49757477
	-1.802660827	0.64155262	-1.895014426	-5.193799884	0.1326522918
	-0.3786045161	-2.258806754	-0.9845034854	3.130458614	-3.918663244
	-15.27758898	-1.255485365	-0.4605963658	-9.263112266	-5.921020723
	-3.149102287	-1.750933466	0.04937345096	-1.60104122	-0.6848259518
	-5.662292113	-0.69018154	1.712089296	-10.71619497	6.424972812
	39.20781846	50.1002293	35.16541932	-14.10798538	30.46959412
	-2.688285601	-2.693815332	0.7692592885	2.893646909	-7.428339324
	-28.41320373	1.504873327	-8.653642557	8.39308869	0.2848603364
	4.194606471	7.199614371	1.26165288	2.991345421	-0.2822377048
	-0.5277546575	0.7374406873	0.05631057084	1.600101225	0.3351616048
	-1.042056765	0.09258165438	5.181212778	-3.422673248	2.918092921
	0.5855942684	1.170278257	2.419961461	-6.428322647	5.91362159
	-5.31697789	9.520101427	5.755951109	-1.378945176	-6.844613192
	1.149129102	-45.94325119	16.18407422	119.3600987	-332.1140032
	-861.4008187	499.3919929	-1825.863844	113.5318505	23.02803018
	-47.453248	0.2635863088	-4.311036333	-10.92196145	17.34878959
	-37.33797768	25.85671056	-118.9146264	9.201628185	-2.211239032
	10.84116408	-4.794465305	8.807008262	-0.04761995229	3.677055772
	-3.060088737	-34.67921159	99.59164398	5.509800912	1.50389165
	1.968065265	-11.07417688	-5.460617911	-4.096268183	-3.982343462
	2.772264584	-3.829704899	0.1840785421	7.802878131	8.936590228
	4.340464327	-6.529346081	-0.9520092915	-6.776975184	1.845390154
	4.727379137	0.7855073871	-9.589886596	-18.86986191	-27.20324224
	1.584119319	-1.867020513	2.521345598	-1.108803584	-6.834346057
	-5.285520183	4.501108571	1.683207257	-0.9108764653	6.909352151
	21.23634562	32.04988965	72.387196	-328.3821704	-372.4859624
	389.8557148	-136.7413975	10.72822804	-3.40870558	-0.182404797
	-3.247280793	8.81880429	-2.095333052	-1.704001505	5.695462813
	-1.30217314	10.5285994	-12.08375719	4.676369516	4.258650058
	-0.6863305755	-2.634440016	1.480306542	-0.6264487015	-1.542624164
	-0.5872638067	-0.3926268581	-0.5861736539	-3.363141789	4.315937121
	-2.636034737	0.1101081163	0.2566097729	-1.448755601	4.7553713
	1.236212368	-9.37207428	12.06404798	2.001202775	5.663134917
	-30.04853116	11.95947111	-3.372949935	27.45719008	-76.53211355
	245.0168912	-85.56981302	39.00867042	174.323596	365.0266231
	-32.77637579	-22.77955739	4.406147813	11.43080113	20.30300514
	37.47455986	-43.12076008	57.64057405	-4.660046364	11.18437762
	-78.55560553	1.455533466	-1.291083639	-3.480497566	-6.985790886
	-1.726196633	7.341440176	-8.786980886	101.3948209	15.93193118
	4.331256806	-4.127093978	6.511288059	-5.281995022	32.31438075
	21.24596636	-1.696532948	-1.169091754	-7.074234669	14.46927824
	11.57149021	11.34078035	-7.731456566	0.310395196	-1.754529453
	-1.838292553	-0.5058399462	1.690400118	-55.72274632	26.38615436
	4.701786459	14.06237483	-5.108553604	2.263755616	2.007729659
	-1.599083133	-1.517908731	0.5946658251	2.325269089	-7.001307021
	87.64889956	-130.1014249	-139.8173751	126.1503437	-685.1165775
	-763.4579454	3491.556384	-437.970894	246.984785	-3.167439032
	-1.733376143	-2.975305104	2.689893134	-1.470420529	-0.8735176038
	-22.78816381	42.66870141	15.49958507	12.12427731	1.475219733
	-10.44162338	9.325845828	2.380906879	0.5834317023	1.071955955
	2.356948709	-0.01959985142	-0.4358662001	-2.129102613	-1.212632493
	-1.460347794	3.72670946	1.075869903	0.5535814152	1.251568954
	3.934182464	-0.06105240716	-55.67796198	9.00058962	-7.296502073
	3.171264757	-2.830445738	14.30924731	-11.52386396	2.477876492
	42.06124241	-109.9828408	-150.5492262	392.9861147	-178.3684775
	-97.51168457	-635.409871	147.734924	46.72963446	-2.890707616
	-69.5267945	-7.982533255	92.70052492	22.0752837	-8.847748894
	9.669259112	-8.709643232	24.06644153	-7.36817213	-5.249994984
	-2.038978447	-12.97047504	3.270556416	-3.15904946	-36.35385971
	2.283716731	20.07515731	-12.37893603	0.1979250681	-0.5952280835
	-0.7955725338	-22.86797357	-2.248369448	1.796012122	11.57025785
	-33.10607712	-11.23474606	5.884388388	2.110719672	4.221946561
	-3.966858396	-0.5265750492	-2.461693473	-3.45930754	-3.940721133
	10.27604234	1.475885115	1.908956631	-7.440940809	-2.969474488
	2.197819353	6.538924922	-22.14125254	4.390978832	4.489160189
	-10.01465476	130.407665	-368.27367	127.4088235	19.96113819
	-125.5660345	-86.99292178	2274.193013	-514.0770964	65.14625845
	23.32091977	-25.98836312	9.162793423	2.301658898	4.572069419
	-14.13764446	28.86884547	-1.293530106	14.7209201	-18.05444533
	-39.01026606	-51.26537821	13.73836483	-12.31409446	10.29570184
	-0.9256563515	-0.6963475492	-0.4591946982	-0.7867098053	4.107853453
	1.486522822	0.1046602157	-7.896826371	1.674927074	0.570386866
	-0.9568896774	-3.373210891	3.95452977	12.3933962	0.3752355886
	2.245210873	4.599585322	-9.91698543	6.970745987	-2.835805312
	6.732470961	8.386489273	-7.122973445	312.150479	-568.8764943
	1602.764123	341.271593	-342.8916232	842.9159554	-63.4554885
	-37.39877833	31.42891949	-63.02140706	-135.8645926	-10.31955827
	-61.89081237	-0.9931510975	52.68091352	-12.86715494	-10.10609489
	19.00457967	9.053372395	-4.478846066	7.713256483	0.127049589
	17.39495014	-4.479647134	6.26739171	-3.256683693	-0.6148460759
	2.88688107	3.8072469	-2.133324844	-1.393480354	-10.93572468
	21.42015833	-15.61369436	-32.91438693	-4.160202484	-2.723392991
	-3.618757896	-1.129464863	-0.6488527003	-0.06843427806	-9.731039477
	-2.568132619	1.332121	-8.870606492	-1.267515695	5.983598447
	-0.6667679201	-4.584028492	-2.815458889	5.834843564	3.720308045
	1.948336406	10.80462566	-141.5091926	-1.686738161	-49.35900277
	92.99249618	6.56074906	2.917053564	159.6539838	-143.0558263
	108.9041643	31.27792818	86.97270275	-22.59612013	2.675074695
	-5.164398038	2.496238385	23.19433548	26.49801794	71.21221385
	16.56935737	13.17527879	-18.36965025	65.39382546	10.3135147
	-19.91210765	-0.5766129278	-7.068749174	-1.323225426	-1.027048766
	0.2088567969	-2.031115778	-1.017241369	3.935483213	1.974744702
	0.3232269054	1.529121384	-0.5698182931	2.089770435	0.2431618685
	2.258332136	0.4329528843	-4.54707355	0.9850530512	-6.469076973
	-27.85142688	7.715498789	1.887084506	-37.80156506	-224.5246488
	63.68549945	-253.1772532	1423.50703	482.2698169	1484.780839
	-290.0309195	168.5760293	2.884497532	21.5491029	203.5749674
	60.27442434	-16.16428453	42.71750104	-23.05697573	-34.91206354
	15.29902074	-9.245789893	-7.863147258	-31.5412894	-0.5666627087
	-1.960391981	7.360392656	6.234026008	-23.5944184	-2.347674028
	-6.1966329	-4.221683597	-0.4621492168	-9.277668427	7.869844621
	-12.74468367	9.180095908	-0.744334223	12.14249058	-0.343713107
	-0.4980766209	-5.794205106	5.640687856	-5.089129797	-1.082319228
	-3.482953551	4.652559758	4.907576158	-3.688889471	-2.619511465
	3.264760837	0.02513886168	-1.305615548	-3.50360814	1.233209116
	2.333740528	-6.944284691	-9.20570402	14.39848555	21.68119628
	-3.45271679	-3.054803944	-6.701967508	6.551838393	-7.19167021
	-8.680678458	6.748244272	-10.28410865	4.588535997	46.68030842
	-12.32639874	10.93090629	5.370243928	-5.578996781	-0.5683390456
	9.62583214	-35.05541898	-5.475466368	-18.38483786	75.40852137
	-41.34860936	12.02080427	-4.53726667	-0.3495514746	7.479909239
	-3.132947947	5.959888181	1.798306166	-0.667107866	-0.7723750802
	-2.118525277	-0.8085726587	0.6569102279	-0.2985956669	-1.580973299
	-1.629199792	1.258448286	0.01231743286	-25.84315678	1.162261
	-17.45937006	12.88416457	-0.5433053086	-5.590527893	5.822130994
	-1.876092495	-111.2518931	-3163.175066	417.8694251	-1774.622106
	110.868895	-242.2381468	63.21993895	-27.96047235	-2.773126846
	-88.11999722	26.04261034	-10.65449813	20.9467795	-1.702195812
	26.04621549	4.360894439	-1.562146224	-0.05146821104	30.51874985
	-16.6141459	-8.788325534	7.764895797	-19.9470534	13.83378736
	4.211430689	-3.982039862	-2.937467691	-4.030044912	-3.473404918
	5.22410078	-8.32690098	-30.75095623	5.231756606	4.087534265
	1.276319877	-4.584281089	-10.50221576	4.636429387	-3.053749083
	-3.220757591	-0.8260631979	1.12040197	0.2583380253	-30.34202686
	11.50886245	-3.95345893	-1.560971171	9.537071684	-3.845075226
	-5.083723572	10.55576771	5.224222555	-1.555986439	67.81468597
	1.304951519	2.001840067	-2.916670589	7.283100192	2.328863893
	-2.970019368	6.320419797	3.734054515	17.54515694	-91.62314672
	17.75038771	-40.33421428	0.3644213499	0.5590946785	2.037723956
	0.4662822238	-0.3406570933	-29.69326264	8.200213956	5.942165022
	3.635292129	-16.48751618	-2.147993721	7.160699191	0.4221668497
	-37.43199114	12.89865588	15.37395157	29.19295086	2.135868443
	-0.7200953017	-0.5505350734	-0.5884794483	-0.08598557345	-1.238839948
	2.213418724	-0.1847186548	-1.257155003	4.3419431	-2.073721102
	16.17091833	1.061246815	2.678601256	-13.14789648	2.434084981
	-0.2065109302	11.29096615	85.89089936	-416.3100768	872.6746505
	-310.7633538	104.9491405	-87.71201816	18.7068174	-25.27695876
	-5.028915498	-68.04988466	42.54726178	0.8217682468	-7.049446352
	-3.806516354	6.651741529	1.246594412	-1.458409532	1.873486969
	1.804628824	4.844288471	39.72458416	-16.2699653	9.683961224
	6.04468677	-11.42266214	12.69162013	-8.124957882	-0.09349377088
	-24.73284373	20.30847827	-35.90478077	101.9785614	56.70943312
	11.19667732	2.039366692	-2.206556779	-15.97658444	1.862468228
	-5.249776287	-6.420761346	-4.528226172	2.41701411	-5.725574623
	-3.044573402	-5.556213895	-0.3715564427	-2.509136709	-1.255811827
	3.660338357	-12.63167708	-36.64729601	5.868639731	-3.720070849
	-0.5008193672	-72.12004848	1.847838559	8.415107399	-3.697375836
	0.3012826428	-1.260317555	0.5285485594	-5.654006052	-7.03212109
	24.30116282	-6.73255641	6.462029205	9.754481568	-2.32062145
	1.628254128	6.15929102	7.512975068	-20.44936505	10.31144383
	10.77864185	-8.932355245	6.403205705	25.6330639	4.322840019
	0.6504812299	-0.3337813649	16.69515625	-80.92718952	-5.484172098
	0.3763270285	-0.1369977567	-0.6609318117	-2.798920907	-0.6620589839
	-0.7779494613	-0.9877517042	-1.165751813	-0.7625947128	-2.929734781
	-4.542692875	10.11909074	-26.47631815	49.45456062	-0.10596131
	-32.39877633	-7.531796558	-3.104975066	9.534068486	6.052631036
	282.3313555	-56.49814865	24.4462194	-29.97917585	9.484076398
	-12.44951442	5.382126393	-10.91259357	20.92464927	-19.08720069
	-6.010144414	-2.676516073	1.714239978	0.6878338708	-2.089782657
	4.663413777	-0.03128775536	1.032664968	7.684817255	3.300888219
	-19.89968778	10.59491256	7.85644368	-8.072348636	3.68248131
	-2.050802532	-25.20905115	33.15605772	70.52112316	-18.48474278
	-71.93405106	3.840878529	-8.026653478	-0.1287317731	-0.3398747986
	-3.51522028	-20.02313468	24.27336264	-10.43216466	8.882210439
	5.360671785	-4.392734488	-4.40631723	-4.15162145	-2.344790721
	-3.523272315	5.015675969	-16.65697163	-3.420337484	65.45973589
	-18.60358514	-2.853916595	13.22766728	-0.2834552077	-16.53127915
	-10.79844509	5.886776418	-1.178807269	-1.28845351	-3.692559621
	9.089996949	-1.393380733	3.381961023	0.3499408411	0.9854110739
	-3.319185703	-0.978080404	-1.437054333	1.150781685	-12.43964766
	2.065855679	-6.525441975	2.479509602	4.502332371	-9.647929835
	1.157106325	-0.01894277204	-13.97001591	-18.4431917	2.094334356
	8.734368524	-0.7381251565	1.076867771	-0.3245190373	-0.884754525
	-0.7892488358	-0.6164974669	-0.5202027564	-3.032784619	-2.779225489
	4.05862227	2.673354155	6.018314647	0.5685544009	-0.6598165083
	-3.771460789	30.56713318	-3.942105966	4.864579009	-4.307374501
	6.396670675	13.32905574	-35.09855709	12.48187976	18.67257929
	10.85567894	-9.121951174	25.70663007	7.331860633	-5.961279174
	24.750913	-1.607193006	4.678887043	1.379916636	0.2927851732
	-1.776436649	-4.986190085	-5.172939691	10.00076098	1.339300142
	-9.86167256	5.237804459	-30.52753073	1.79388913	-12.33094296
	7.08861216	3.844374631	19.90184213	8.407783305	-26.30522035
	6.579298295	-13.94183773	73.23996547	-147.5369883	23.57541796
	2.162698017	-18.17483442	5.508761327	7.939627039	-3.009001918
	5.660466365	-10.28238815	5.79832867	8.291142311	0.04120611285
	-0.7449967461	-5.757010065	4.302377789	-10.21919678	-0.45955172
	23.54468286	-55.80705258	-6.283038543	-7.759660931	4.162232619
	23.37777117	1.435719052	-5.741228078	-1.427046422	1.952921189
	-0.5611222453	-18.42301334	-4.502856966	-0.5352642813	2.443498226
	-2.177826902	-0.7518607126	6.294192478	-12.11585313	0.8682676452
	3.376831486	0.9412059517	-4.142805962	0.1747207093	-0.5696859017
	3.534941111	-2.762672326	4.12158352	-5.312151163	28.49739323
	1.604936671	27.96887072	-5.123089421	0.585969256	-0.08829577613
	0.5352153179	-0.3708232373	-0.2735218724	-1.688911193	0.9704256673
	6.891965784	-1.47807813	0.6930264643	-0.07149011987	-4.613057231
	-16.23200377	10.82545003	-5.230328861	-26.82719209	1.866690884
	-4.135976838	1.897477844	1.349400665	-7.800013331	11.27670597
	-18.51499412	-23.13642409	-2.620984473	2.209216913	-7.282885337
	-4.941098408	4.912907947	-11.6546001	-1.575340791	-1.825951266
	0.8813805946	-0.9836338565	5.817780426	-6.020479096	7.600261632
	-1.663107464	-4.213209812	21.36502755	-83.80128115	11.94185888
	-103.2443451	25.06388598	5.206595123	-15.84516473	7.424239487
	-50.36249455	60.39084577	10.81782759	17.69354908	-12.24540466
	38.09323936	-15.98768314	-6.581280556	30.88206017	-1.447325813
	-15.01834026	-7.139684612	-1.958516653	0.2998390687	-23.54863569
	-2.327007838	-1.180071688	0.004259771804	2.408635325	-5.920499307
	-2.408754902	6.103007172	-12.49027615	-0.1826689047	-2.43544687
	4.247509924	-25.46482157	-6.700833086	-1.926263877	3.481930717
	0.4803858284	-0.5169306502	-1.303603032	0.6809952465	4.609404873
	-0.6453502441	-0.6992617818	-0.8486380671	2.376585628	3.958474875
	-1.556960418	2.283275742	0.6393887698	-2.251098167	3.002452769
	0.8006532265	0.4893492189	0.4411873276	0.8913854784	-1.613304916
	-4.200882608	-3.826388972	4.584553908	-6.960821642	-6.329572637
	-0.7159286955	2.268190929	-1.406172926	-0.9339950666	-3.038523512
	0.01461434316	-1.2735911	-9.466691036	-0.3846875923	0.04172712524
	6.977062584	1.382179985	-24.21030915	-6.054138355	8.551747786
	0.1796125824	-1.44712518	1.58709655	1.554851196	-4.052365232
	-8.564251624	-21.10817248	53.0531412	9.26288116	2.583222889
	-2.18258439	-1.881701864	-4.726786056	12.04036322	3.332443684
	-5.91290936	4.917716073	1.355629641	-1.875599378	-5.66324387
	9.444115372	21.77997808	-11.99963512	-15.42354207	-2.102411983
	21.0382587	6.267903594	-11.29242749	15.16908593	-10.27175976
	8.300997636	135.5954375	-85.04083429	-17.7239988	-61.09664216
	15.54513204	-4.081807336	2.255440317	7.535424861	-15.08958807
	2.538107757	-6.594138892	11.22351149	-8.811980256	-0.6850034459
	-12.02718036	1.660056549	-2.584211612	7.520554562	1.996932641
	4.770453673	-1.98340409	1.862137159	-2.03424253	0.4009404208
	1.196027951	8.019530811	-2.330604518	21.17056046	1.158346731
	5.692184896	-1.679542885	2.616532565	-1.979003127	-0.8913522227
	-0.3020598267	-0.468803141	-1.221009026	2.259049355	-3.628409935
	-1.94164284	-1.187254406	1.454671341	-1.670893617	2.853060942
	-1.394622717	-0.6474273149	-1.09067362	-0.1854387555	2.277816979
	-1.818150114	4.536754167	-2.75237494	3.810463372	-3.641218565
	-0.2678112354	-0.4974465152	-5.583585592	2.067962528	-2.399334192
	7.014307028	3.004135983	-4.602103297	1.872433295	-0.2276068551
	1.590198163	-0.2308427358	6.727371839	-1.169920299	2.410170626
	-4.221736041	3.492334219	1.482405649	0.6839767612	-1.718665007
	6.122102753	3.67139521	-5.147901773	34.77197358	-19.89656276
	2.893229314	1.352838922	-0.2823744047	-3.745682051	2.95043541
	-0.9827653323	-1.102663416	-4.008324639	-6.38107222	5.820272418
	0.3693644047	11.36088366	-43.62779971	17.87598111	-52.25833441
	-46.87935363	4.254877376	-21.22413408	-38.54362379	14.05875216
	-5.146839303	38.13980949	-99.5383995	139.4648593	102.1689017
	30.23669589	15.75751943	-19.30933616	3.576142048	18.35470115
	-22.34282181	-2.680054054	4.879621765	-4.433078516	6.574032091
	4.78849819	-1.632370665	3.323420481	-5.091532344	-12.17994879
	-4.176943165	-3.748302604	-2.841593882	1.345816568	-3.211642701
	3.596935067	-0.737388872	2.689808663	-6.400878255	3.863477635
	-1.469242125	-5.062975813	-2.728989203	20.77443933	-7.223457239
	3.83292609	-0.6719058664	2.136049503	1.350553438	-3.163537011
	3.782454073	-0.4389271143	-0.3411615527	1.097267117	1.729501453
	-1.853778089	-0.7689712671	2.207593013	-0.5306178288	-0.02422644021
	-3.502591499	-1.211746473	1.309203422	-1.761199545	-1.964006316
	-1.847418632	6.678794113	-4.775953987	-1.499289962	3.944936453
	-0.1773965611	-1.222747696	-3.885876358	-1.430974991	14.44803225
	-2.342155922	-1.02445246	-1.78127541	-4.002750553	1.2357264
	5.175660723	-5.633561168	3.01274352	1.256245179	3.559439002
	-6.088058308	-6.60116983	-2.602245855	22.61596441	22.40358134
	-11.23343988	10.35295592	0.931099126	1.109611929	-9.133568501
	-1.243491348	2.885673872	4.636749138	-40.79049757	2.585365935
	-9.75189573	-2.459548563	-6.747163366	-2.630797158	-15.09074901
	11.33320935	2.895601556	10.98179434	107.1454896	-64.86762695
	22.86805532	-18.33509093	3.548537254	-3.23510167	-0.3954050158
	-68.85460176	19.01723484	-29.22171129	51.21088687	5.044091446
	4.185000688	30.53951074	6.20562621	8.804408142	-18.51626858
	-9.610844292	51.17503847	1.169084273	-5.143889163	10.51436718
	-3.617708257	-0.3056585821	-2.407221221	-1.345127525	6.969493009
	-2.961959731	5.079549517	1.895821267	-1.762213963	-11.82117594
	-20.70916525	-2.911342344	3.932815725	-5.515529465	2.085277346
	-0.2268060025	-0.2188885602	1.481024024	-2.440747419	-0.9162465705
	4.891797671	3.457169171	-0.03378740199	-0.7064692017	0.8983748244
	-1.505588369	-0.6246789577	2.174271112	0.006604336454	-2.322177338
	0.8592904748	2.682243832	-0.2307171239	-1.292715951	-1.115602315
	-0.1031680788	2.195655458	0.6278514836	-0.8518769344	-1.771766384
	-1.717823199	-0.7394132398	-3.079282248	-0.01812422848	-1.920071524
	-7.022107191	-4.164405186	-1.250600827	2.883040901	-1.509424037
	10.09704104	-8.331986595	2.616287532	0.7037715825	-3.732633764
	-3.394528449	-9.605689859	-19.07337668	-0.5109321375	11.17616086
	-38.94861657	-46.74915973	-19.13542605	-0.6785067808	21.32857285
	19.90204278	-20.33007253	5.998936065	21.79036935	15.31026099
	10.39543745	11.00067229	-5.415637315	-3.000421195	-2.337478141
	8.102376775	7.472484285	-2.187915667	-9.062403394	-15.93829672
	15.321669	0.6560969799	-7.528396858	44.12602694	-14.12475713
	-13.26950366	-1.140808508	11.41795486	-1.858400566	-27.6007007
	-15.45889583	-9.937144772	-49.84923608	-1.38505303	10.81614879
	-0.2218945808	2.49386701	-59.87097564	-27.27433842	13.84514798
	-32.99115431	-0.03960584213	-6.236157881	1.356831763	-2.020856082
	-1.645532072	-1.575153364	-7.779852598	-1.538127617	2.29538834
	3.427161733	-1.398239678	21.4896433	7.048408801	5.015650615
	-4.090958001	3.749215703	0.4862529313	0.5080541527	-0.9738040965
	-0.04555156426	1.911517528	0.194376419	-0.7131748065	-0.2770430341
	0.9188495069	-0.2595231377	-0.5069213506	-1.333211014	-0.5233155919
	-0.6965769309	-0.2242332366	-1.044533202	-4.87906577	-0.09293599581
	-2.351593157	-0.8547656423	-1.53599085	-0.4540289902	1.007394821
	-1.952019693	-0.477374823	1.653961905	-1.729699791	-2.480996958
	-7.640371834	21.2121384	-5.951027856	4.609845891	-2.541976214
	0.6309444955	9.520509527	-3.239042144	7.192684928	-6.419159806
	11.26846188	-24.04409697	2.895594464	-18.45443377	8.653881765
	-2.941450441	8.454507051	-22.15853467	56.28737894	-39.00137698
	-86.48780972	17.53397746	-23.84214625	-28.48987002	10.12941671
	-5.870458139	-45.33889132	5.039892303	-4.221556813	16.07016999
	-3.075282009	-3.356718733	-11.25210162	-2.025790409	2.059209939
	9.630802636	-15.55885037	7.483755043	-14.55961688	-10.50644459
	-5.201171019	0.04505354881	15.90680186	-2.412258234	-4.018068093
	-5.104540738	14.03703217	6.367346977	57.80532947	3.894134122
	-7.385075328	1.528955325	7.87141807	-23.03626047	55.97720168
	0.1405367043	-8.962700763	12.61146274	-3.093496344	11.59194095
	-9.007429286	4.624833967	-2.147539147	-0.5583412223	3.664489745
	1.397635576	-2.063715019	18.50877399	15.85206228	-9.888476348
	-9.394842492	0.6804786597	-1.022427458	-1.891465071	1.848380977
	-0.8387763067	1.74996819	-1.424950345	-0.328110038	-2.32084478
	0.0215645094	-0.5653586474	1.387676095	-0.7951349941	-0.3681783831
	1.669023947	1.762329247	-0.2903006508	0.8725665991	2.860753057
	1.83938844	-0.1653068918	-0.4581782507	1.412144411	1.258650212
	-0.3442855708	4.222671019	0.4500162349	0.2115416521	0.2259648896
	0.4775634912	7.450593638	3.660767857	-2.661830339	-2.014683314
	-3.676184441	-0.8897964484	1.993422095	-2.572016085	-8.860381185
	-0.5329049034	-1.985439795	-5.724608621	21.67382989	-20.38758917
	25.99239407	2.972273849	59.06166927	-57.2454041	168.6553729
	-167.8650881	-0.8177342579	-5.142649743	-4.697169086	10.56292647
	12.9008079	-18.05831786	-10.56357111	19.69961506	-11.90331999
	-10.33962397	-0.8067879649	0.2804544768	15.65810841	-1.493444833
	-6.496804756	0.09850494581	10.35397753	-0.6847582006	10.56743444
	-4.731529548	-0.7870194295	3.513379708	-15.30232773	-8.129905119
	-108.5053093	-17.8308991	35.82186204	13.68893859	-41.57458014
	10.90862321	-6.665890155	-1.135243822	-16.442054	7.342773419
	1.015765003	-14.72998586	10.10084672	0.3329245525	3.731648007
	5.059882924	-36.48023728	6.491026034	-6.753427174	3.152150532
	-1.306961812	0.9970800364	-1.928540382	10.84947865	20.58208151
	83.57975147	-11.60326441	8.056389659	-1.844836131	2.642235037
	0.1434550127	-2.734508059	-1.282607983	1.971375248	-0.4201762089
	-0.4049124462	1.322186272	1.505234035	-1.328745626	0.1224214215
	1.417520746	-1.013811041	-0.6294606656	0.6958821423	1.595195681
	-0.8165639574	-2.033876234	-0.6861111639	-2.693350361	-0.4069961379
	-0.7106543511	-0.4171294485	-3.941118696	-1.005161581	-1.829925815
	0.8602584533	0.6096169482	1.176180488	0.1218969531	-8.354645572
	-1.19909834	-1.863501761	-0.3936162283	0.009337477226	-0.2656084846
	7.297265163	-2.039094658	-2.175310075	2.886698159	5.471080742
	-16.13486654	34.50644703	31.54824161	63.71021963	-39.80181486
	47.35827822	-80.13641427	72.86029107	-16.37640627	-13.57144583
	-3.079930966	-10.90163702	-5.969413243	175.2394517	-63.15900898
	13.7169445	12.58215902	-4.097442529	-3.20609792	-9.649624589
	-10.62740225	10.84394437	1.425695321	18.81732397	-10.14054076
	-19.50965264	-4.661073457	15.17472338	12.76734787	-8.755109747
	14.28428285	-26.93882701	84.00443195	31.23832623	-16.28800858
	-68.45056334	37.69443139	4.915334554	2.260167612	-7.465208782
	2.560517498	4.552096783	3.278761678	12.05323418	-6.026574603
	-13.60001298	1.516271756	-28.48200178	11.79402029	-12.98225406
	-3.487309182	-1.931665243	2.173389179	-1.126539448	0.05660819436
	-4.573437874	8.433817338	-130.9247552	-29.98710136	10.08521819
	-1.399663777	1.117054971	4.547755504	1.489392887	3.398552873
	-1.784817019	-0.03778218722	-0.7229159777	-1.450009461	-0.4403253768
	0.9886236168	-2.813977306	3.614868313	-4.355866096	0.1550545877
	-0.2636119557	-1.570022749	4.204125609	-1.022501437	-0.6082316999
	-1.714136774	-1.777503584	-1.715109547	2.489710408	2.277581311
	-0.7556336275	0.5597847835	-0.5606944376	0.963110677	-1.741451277
	34.97867321	-10.49458342	-1.374450447	1.417107667	0.8772700502
	-3.235900468	0.9263092399	-0.4397081274	-1.043632605	-0.5102184772
	-1.074370925	-14.75754879	13.06705304	-27.08879635	-154.5900134
	-81.16942979	0.3442944173	-8.345266791	15.76292672	-18.69952135
	-2.424642157	-5.719655808	12.11509079	-2.670199064	-36.94713276
	4.776258571	4.188047664	-19.98699144	-17.5491455	-0.1067463976
	13.40735366	8.555255101	8.979843581	-4.409052798	-10.74039335
	-20.31565658	52.40766842	-12.07870854	7.393620941	-48.36148739
	13.58862907	-5.987449959	-13.56558942	23.72439831	-8.623152044
	1.495922594	8.35163123	14.80922765	-16.17596043	12.86871395
	15.69450966	2.758913981	-7.696411777	-3.675676366	2.484754627
	-0.5202752628	-0.7844279527	0.6844238614	-6.299616811	3.273055526
	3.181057134	-11.12616707	6.532595356	1.076354482	-1.627239556
	2.41129894	-2.594679564	15.30270037	-18.63950917	3.627332271
	-5.736182852	-6.913066224	-3.355435095	-1.507746384	4.127841557
	-11.98728399	0.7556595359	1.704759876	-2.695904886	3.410614878
	0.3600459805	0.5779223863	1.34213222	0.8853470221	-6.906095216
	4.172410585	-1.855392883	-3.39873073	0.6576202675	-0.788187336
	0.5948239621	2.61881664	4.866308306	-1.199303608	-1.247352009
	-0.3070385107	-1.293200704	1.307741823	0.3730304915	0.8255538324
	-0.2046173934	0.02397475912	0.3043017635	-1.098817188	2.509223636
	-3.005803681	7.151039288	-4.038298577	-2.709405173	4.702057708
	-6.513552672	-4.256008279	-2.497782581	4.871512541	0.03626826652
	-21.32662202	-12.94374725	1.297504828	-5.942707104	3.402681017
	-13.44704081	-3.477405994	5.862623749	-3.945194277	0.7323567133
	14.7778331	-3.57892538	-13.37772724	11.04348156	-3.634872138
	-2.482462226	7.065658573	-23.30420852	0.7841220462	13.21701543
	2.230402475	15.30247626	-20.73085288	12.22745137	-33.64565682
	-57.29302183	-11.71491543	7.240761473	-4.901817269	9.315996952
	-12.73352819	-24.27943728	82.94136582	12.22845838	-55.61655184
	50.59495016	-30.87570996	-5.360964674	4.193576533	-1.295574644
	2.516303781	-0.7338108321	-3.610860452	-0.9275715717	-1.358624977
	1.56489959	1.23034725	-2.786430296	-12.42313024	3.826900528
	-1.530632588	4.55814568	-1.43338214	-0.7762912472	-13.33328139
	47.83732727	-98.01903553	140.445994	18.41387854	-4.073070356
	0.5415146831	-10.40340808	9.567622881	-1.838343411	2.110022963
	-0.06649551668	1.855657389	-0.8350266339	-1.081233553	0.8605590417
	-1.211550122	0.7007619392	-7.258371772	12.47187733	-1.207178539
	-0.5171504702	-1.322464935	1.629433045	0.119654497	1.533606226
	-0.787386849	-2.867796491	-1.353196951	0.6245569518	0.4049537734
	-0.4051991819	-0.9204466019	-2.291066049	1.768611487	-9.016983177
	3.304802613	-4.118337759	0.4352106957	-0.9417699763	3.764299535
	-2.553271526	-0.8485883254	-5.293598998	6.432587262	-3.0150654
	-3.798331352	-1.338049072	-1.712823102	-3.181294219	-0.4340858502
	0.8282343482	2.869243523	22.62076413	1.703922515	-9.973613668
	5.166047592	0.4711751482	3.515342167	4.474371204	-0.4192653839
	0.8576207649	4.900047774	2.092470284	-26.02188173	2.982264556
	-13.58053353	2.765696266	-0.1075980503	8.411211834	-8.672032034
	-18.70015325	18.75680758	32.06713534	-16.10373547	1.390991444
	5.65693918	6.182081816	-4.349906821	29.49120887	-17.66154986
	-67.31193607	14.54813908	-1.35583737	0.3265393211	7.673059316
	-7.251645397	3.558479753	-1.257608809	-8.406380411	-3.083282787
	1.921290718	1.316468401	0.9280491674	-2.323868689	-2.106538268
	4.827101659	-2.335734073	1.601536127	-3.951257244	-1.419640742
	-29.64499864	-12.79366827	-4.151107177	-29.74110362	-1.06943941
	5.432977828	-4.451295496	31.70856891	0.4605678556	-3.212253372
	-0.8458131819	-0.4837727482	-0.9768289212	-1.722792317	2.078139663
	-0.1897111496	2.16746406	1.199812553	-1.030220393	1.165604104
	-1.617405513	0.9620987688	-0.9643696904	-2.590662951	3.774280004
	-2.359496934	3.23413372	-2.479122695	-0.5479097901	2.22736069
	0.5757062681	1.839281476	-0.2018484471	2.687388462	1.291455121
	8.371090332	2.355776566	-2.108489311	-0.1145252038	-1.515028781
	1.517534533	-2.63649497	-0.05770193309	-0.8492405494	-1.038558985
	-2.611843708	-0.1917417689	-4.008165721	-4.762230945	4.993504439
	-1.971444737	-3.967374024	-5.635172843	-7.751887707	1.081965366
	-3.336152943	-0.5289737387	-0.7405692806	6.615712268	11.48152193
	-5.805215662	5.783304481	-8.677301835	-3.421260419	-5.960537215
	7.165658993	-2.325656561	-3.563054877	8.156981868	-3.981618569
	-8.069559258	9.170247207	5.133587654	-18.26701049	-23.3017415
	-46.38870835	-9.478581209	-2.609925149	1.305431689	3.847050513
	-10.50712873	-39.22578435	-7.602238207	2.719740413	5.065193319
	3.764646093	-2.386041449	-0.3631921758	-2.12814051	-2.518661106
	-0.1712046199	2.400853368	-1.974390091	-2.594237979	1.0978481
	-0.5163260762	0.08307712408	2.954990475	0.5834352972	-0.2450397027
	5.397512343	2.595146462	-2.071829932	39.06846535	6.416919784
	7.209820814	16.69808723	-30.85451711	324.4222325	-21.39586133
	5.08603865	7.684275308	-1.752229037	-0.2776818113	1.744952376
	-0.3121104603	-0.4299262863	0.5453417132	-0.2749376776	-1.025360576
	1.596409408	2.83568487	2.410479285	-1.990931051	4.807313824
	-3.420454489	3.794992356	-2.859700953	-3.101492397	15.88876462
	0.5193141582	2.799740609	-0.6574074291	-1.797294605	0.5722045575
	-8.599875547	-2.359677979	1.376164311	-2.7740278	-0.1988778427
	-1.071400038	1.880950696	-1.075016312	0.1880523374	-1.387396018
	-2.520649887	-0.2636084548	1.51736304	0.1870177681	4.166326035
	-3.004539867	-1.062029468	-1.536221257	5.838532865	-3.424484665
	3.766702743	-0.8962454621	-8.689265496	-2.13135912	-14.67202045
	-10.37823373	-6.695226527	-0.174485521	-4.624437978	-0.7633155736
	-1.785427509	1.270353778	-1.761793187	7.058053349	-0.5234309313
	-1.556963627	-2.642400212	-3.886106296	-7.344154471	23.9002056
	-6.553277864	-11.42641989	17.94976948	-10.72263987	-5.280627935
	8.589280906	-9.092934727	-19.8894763	0.1401737972	-0.8556521488
	-9.110526477	-7.097177025	-2.497521149	-0.9169227052	-2.546510664
	0.2587224318	-0.8484244551	-0.1253278473	-3.273640466	-5.825038154
	1.962370272	-0.5318779435	-1.423954421	1.272343049	0.3997695291
	-0.4190849655	7.640624012	23.5925807	12.60692793	-21.76728098
	-1.808575443	-1.323520006	9.271683848	-124.5880415	-92.66039668
	-21.51835016	13.25814248	1.843482077	-2.012480778	-0.3583520428
	0.08839945259	0.3787444706	1.062125298	0.3561666613	-0.5103405075
	-2.682404687	1.257932121	-3.119922816	-3.433771188	2.666365844
	0.4989597407	-14.70464983	1.726085679	0.3528063903	-0.1190939521
	-7.772640849	3.585475333	1.928910769	-1.248579189	-0.5445401038
	1.519768138	6.077083862	-10.85358738	2.919588945	2.454265748
	1.564631327	-0.8212800194	-1.695559966	-1.081394207	1.502226098
	-0.9602663877	-0.3955309201	2.687527168	0.05963633875	0.2553928541
	-0.06230052698	-2.445040476	-0.4050423235	-2.06598992	-0.8399969595
	2.25243681	2.223076036	1.21724327	7.800712783	-1.885868774
	11.2272713	2.127173337	-6.468294703	0.853684572	-5.941050921
	0.4044346659	-2.206028405	-2.827009879	-2.570442016	2.140382753
	0.4539921181	1.4015938	5.361608626	-4.123331815	-1.243143978
	-17.90911552	-3.988925149	26.51699176	13.06936595	-5.278801719
	11.88023569	-13.4998792	-6.481743146	-13.37063395	71.17091859
	-4.381471521	-10.38555543	0.7314828915	-0.288108897	-0.2895019462
	-1.911985247	5.105205268	-5.766653852	-1.592627072	-0.5088131292
	8.509754708	