3131	
	-3.114678799	1.830355563	0.8543873334	2.46155495	7.300458992
	5.637581921	0.5320921831	3.242681701	-0.256523327	-0.5023584562
	-2.372609324	0.1030889851	-1.249103199	1.503347885	0.1100576515
	5.125928613	2.173441737	-0.2231080767	-0.185126276	-0.01183034906
	1.016033415	0.1851537934	2.835691704	-0.8541871541	-0.4840936633
	3.199226711	0.6385337567	3.044664101	-0.8062412587	2.198415499
	-2.279132663	-0.5335025447	-2.243084748	2.163898779	-0.7596502719
	3.136085035	-0.03980349173	-1.17100953	-0.7566623749	-0.1361460944
	-1.431360097	-2.693962934	-29.80847602	70.84510529	38.31393404
	-17.04502804	57.09194162	-1.364272473	3.468762071	0.1248290679
	3.820555406	-0.1196822108	-18.00225252	-1.154578828	-3.316172055
	-0.4763209943	0.08911919509	-1.375474721	-0.5684016117	0.03731482271
	-1.126389303	1.454030038	-0.2076426659	2.429095329	-0.3812000893
	-2.008788872	-1.272490951	-0.07803316297	0.06214560209	-5.141022329
	9.737977795	-8.537420217	5.718655927	-2.843500663	13.25915036
	250.2589839	-36.80825761	20.55252186	-2.622838021	-2.251446668
	-0.4599662921	-1.302491716	-0.8666244625	-1.042431478	-0.1514962333
	-0.5491056071	-2.729130172	-1.01989459	-0.7392954312	-1.490259925
	-1.604880914	0.27648598	13.2795472	-1.168352729	3.312036361
	4.145914546	-6.098021921	5.849719544	-3.60448779	0.88385488
	-2.87808458	-0.8390872146	10.33333521	7.486973357	6.695027815
	-8.770780614	1.543762591	-0.3266062703	11.72084772	1.519482193
	-0.2413103472	1.772927013	1.872144997	1.433633081	0.2932878519
	-0.655544067	0.8683434561	-1.802391733	-0.248968597	-0.09255791389
	-0.07405321082	0.05658826119	-0.8816471141	3.068726092	1.543920478
	-0.5756522422	-1.016762388	1.596744473	-0.2382865704	-1.445466398
	0.1083587464	-0.9070194137	-0.4804769023	-0.5473088105	0.06562829783
	-0.7561518391	0.737598266	1.876215977	-0.6334081071	2.030656767
	-0.8465580167	-2.890786791	-8.091430677	-36.41390659	-247.3836091
	-179.8321122	42.25186953	-11.98045736	-7.273644486	0.2365742286
	-0.236067317	-0.3052663945	2.691273286	-8.874214118	-1.28166762
	3.370902319	-0.2401711376	0.6799139616	1.013979001	-0.1427166385
	-0.3655885289	-2.814254078	0.7361468104	0.4807170342	-0.5791871591
	-1.205237792	-0.5754742628	-0.00789736224	-0.8422697664	3.275478097
	-6.608585608	1.702927808	-16.32142108	-4.394187575	0.07246435623
	-5.471804603	-86.73891129	-7.721012524	-3.111821948	1.847740869
	-7.545841697	-0.9720624697	-0.8612177916	-0.5977644484	-0.5242856653
	-0.216513487	-0.6647802971	-1.110415229	-0.1252336606	0.05468007094
	-0.7653591692	-1.541040948	-4.061128573	-11.63012623	-2.600982545
	3.506564832	3.811781872	-1.433493681	0.314544233	-1.04812735
	4.46752017	-2.345807701	-2.117385482	1.886464318	5.726440537
	-21.97715474	0.2404233872	-13.37334252	-1.617991596	-1.057858731
	-1.725004498	-0.6609255993	-0.4216985774	0.08731807637	-0.2856722224
	-1.141393587	1.605689359	-0.1520140136	1.536746465	0.8898400374
	-0.1037749492	-0.183602497	-0.2499712706	0.4381630053	3.211228742
	-2.403587872	0.5676811022	2.002779048	-0.09863605263	-0.302806683
	-2.396019969	-0.9413278211	-2.844772666	-0.4375557397	-0.1682409065
	-0.62811702	-1.081242009	-0.1157878081	-0.007274517831	-0.9684389769
	4.396951797	0.1614007773	-0.763281157	2.046196609	-5.052260152
	36.31415769	133.6730086	-121.3889135	32.86079734	-21.17275742
	-8.637741195	36.66255194	-1.300376506	18.43662394	27.45221092
	-3.278090834	5.013530695	0.5022308929	-0.3378554887	1.380377961
	0.6006625104	-0.33400249	-0.5695416912	-0.1242267295	4.210139864
	-2.489669346	-1.779783441	-0.8351445842	2.537358224	-1.736204046
	1.427981474	-0.976081054	-5.201867042	58.62097631	-5.484933451
	-1.854818366	-1.295532427	-8.041174548	-2.251185909	-1.959499132
	-1.957795143	-1.970347981	-1.136384094	-0.4710637353	-0.2406765908
	-0.3905423128	-0.5087627138	-1.455866578	-0.633959115	1.388939104
	6.367658112	2.811196588	-2.25547843	-1.30176463	7.037209924
	7.607372015	-7.894222121	5.339315625	2.490122777	-1.473261059
	-2.525244942	1.543941288	-0.9801961166	-3.745545287	-2.335258524
	-23.55909356	0.1741892702	-30.42171065	-5.059436334	7.828312945
	3.144118502	-3.529061031	2.032354239	-0.8570930047	6.312401839
	-0.8847793202	-0.4111698769	0.0262560479	-0.1933766414	-0.4132285003
	0.1653709515	-0.2335627475	-0.5799863629	-0.6448335099	0.7945034921
	0.8886498802	-0.7485375754	3.578158632	-0.2499823752	-1.539943092
	-0.3665121636	-2.519447865	-0.1693685693	3.149254028	-0.5420727593
	-0.05114388572	0.9415571985	1.696503357	1.369820965	-0.7962667483
	-0.9531249569	2.583411394	-1.119950273	-5.375195886	4.465904519
	16.24803456	24.64109148	-54.287901	-115.1088225	204.6214568
	-10.1168997	25.41849514	19.10605728	4.513146068	-16.99486129
	-19.491837	-2.38709189	-10.18521797	-1.550805881	-0.5144233117
	-1.560136561	0.2326974337	-1.364383234	3.477171921	-0.8266514694
	-2.565478695	1.599730845	-1.20271935	-4.649976946	-0.5982048069
	-0.8659544134	-0.4160777535	-3.115988191	-1.670207701	12.07058502
	-9.914927329	-22.46266092	7.182668214	-0.6065006017	0.3341929141
	-0.7940864062	5.286182023	-2.128187163	-0.9824848992	-0.3844634644
	-0.6827229031	-1.45563177	-2.114105626	-1.9554851	-2.21930778
	-1.415897951	1.218320829	-0.8796542164	-4.419005689	-3.092872282
	4.603253122	0.3624643222	-3.662503604	0.1150668891	-2.65227641
	-0.7073161616	-1.302800904	4.139349977	1.69436072	-16.33028746
	37.12965445	8.560568205	72.46744105	6.047557844	-1.137179762
	-7.7179511	14.06902601	-2.455492869	10.30408037	0.1487151009
	-0.9060740436	-1.013886601	-0.4107243097	-0.5151345774	-0.3524314424
	-2.297197964	-0.6078591114	1.347134433	-0.6851062453	-0.7249687976
	0.3615561754	0.213637003	-0.7097152792	-0.3624840686	-3.372173434
	-0.8798994383	1.804876804	1.250514652	-0.3843371235	-0.7366286976
	-0.1579011512	-0.3505421509	-0.331369711	0.1246273631	1.415529681
	-1.265157075	-1.575326366	-1.933026875	-1.213379486	-1.876544939
	-15.98765536	-11.87930422	-17.12408605	-86.31379559	-43.80830421
	91.84245255	-91.51777053	-126.9901699	40.23753769	-8.710623871
	1.612546754	54.43273377	2.049468022	8.241744723	0.0814938217
	0.9095268481	-2.494006086	2.206136037	-0.9099660693	-1.436201633
	-0.3304130236	7.406333646	13.87497408	-1.501686568	4.049387117
	-1.786892651	-1.824761988	-1.389580073	-4.490334347	-1.90910078
	1.285245656	15.15705114	-2.644482938	6.98737401	-5.615172148
	-0.8670032222	-4.113421758	0.5268401172	-1.939483183	1.910458905
	-1.608892687	-1.867754609	-3.407354471	-1.158815835	-4.13805052
	-0.1849180699	-5.730590682	-0.2120189056	-4.078444972	-4.752274144
	6.251823898	-1.262271311	-1.489059487	-1.162625588	-0.6812825388
	-2.58095869	3.056218268	-0.8641377527	0.2133763475	-0.2952144247
	109.3269121	-31.75144764	-0.9433185751	23.56100691	-60.51370163
	13.70070795	-2.577753155	7.831404893	-6.302256528	-13.75987535
	-6.947960821	0.1878872793	3.850087852	-1.178999825	-1.579188652
	2.442968176	0.6766775715	0.3056627832	2.598946122	-1.257161206
	-0.7663312263	0.5410428279	1.31982658	3.122956967	-0.1432427168
	-0.9114787993	0.2093493928	0.4212823024	1.502707996	-0.615696666
	-0.7130410435	0.3682462584	-0.4670415175	-0.3550520202	-1.604818423
	-2.051052817	-2.557659106	6.781795687	-2.879435573	-4.856344318
	-32.1493206	15.52586502	17.53619128	-202.283922	-83.24938906
	171.4186122	76.89834285	-189.4394322	157.303776	61.4586229
	-8.396867211	17.96222251	9.115682333	-1.947129367	-5.026662132
	-0.2791620209	2.738399466	-1.271464796	9.327894393	-3.233790738
	4.292116065	-2.229328914	-1.766305086	-0.146381732	-2.768151523
	2.579813247	-3.209483604	-0.3951833116	-3.276405694	0.897514919
	-0.4025814957	3.857166183	5.425309395	-3.179565534	2.229958197
	-0.02493999485	-1.297814119	-1.277518074	-0.8461493587	-2.556669045
	5.704134828	-1.556575954	-3.120757031	5.510094075	1.569375737
	-0.7304181158	5.651192581	6.588891296	3.349446235	-0.8720672853
	10.62184939	0.51038716	-3.268989875	-2.679833125	-0.3545148818
	3.649818835	6.533285998	5.493374759	-1.935414768	1.08453046
	2.204766152	319.5619229	-8.66614095	29.43323669	-16.50277549
	-94.99916241	-20.99876201	-3.745391825	0.1222255904	1.313506548
	36.24521028	2.69654866	0.3162806814	-7.268586677	1.970385712
	-0.6447081091	-0.2697718811	-3.498698278	16.8958219	-3.714414745
	7.118483118	-1.315466713	1.181229192	-1.076001217	0.3783580938
	0.1145618664	-0.4511126102	1.514327883	-0.2049687718	-0.2771899251
	-0.4966290893	-1.418410748	2.164930563	-0.9115951003	1.218609905
	-0.7686018515	5.849388066	-0.4358500004	0.1325132265	-0.4693898994
	-3.933891675	12.31442053	-7.080748244	10.68543745	-52.61628272
	130.7777502	-529.1996676	-112.3959452	295.9865237	-638.3555855
	87.40141053	-108.1055208	31.82299413	-11.9639234	4.174266317
	0.4268760528	-2.540230611	-0.6294790527	-4.781848911	-9.440331932
	-14.73512848	-2.196231632	-2.54557761	0.3513227184	-26.98422885
	-11.22372001	-0.4970687772	1.892905817	5.551179036	-3.801606038
	8.00459136	0.1838298409	1.45227239	-13.42051673	-18.93936414
	-5.350870233	5.004993581	-2.692977027	-2.899248777	-0.6803577065
	5.075411711	-4.898254585	-1.743662256	-1.947281913	4.181029333
	2.510703861	-1.049225646	-3.582868976	-2.727872412	-2.2107806
	-3.34031627	2.139276251	3.273963726	-1.023274409	5.846201595
	-2.846505673	7.026536047	-8.793110551	5.200066672	-5.381201701
	3.063641143	3.166124506	54.96725184	-91.17727669	-91.12160903
	50.37493667	-1.226661433	35.12831924	-21.68349547	-5.460108196
	1.85959567	-45.47441264	1.864790002	1.270889342	6.466062163
	4.21027297	-1.29536298	-1.172366971	3.621805909	-5.128117805
	1.19827609	-11.5161347	-1.570005708	1.146155003	1.207616265
	-0.4774004513	0.8027859326	-0.3636353278	0.03178931727	-0.1956268681
	-1.636917601	-1.061065642	-1.066942527	-0.4549992246	-0.7449706596
	1.37834519	-0.742734483	0.3166333265	-1.548402104	-2.219002663
	-3.819613107	-4.501446933	-8.693356669	11.8842186	92.91252802
	-64.55573013	119.3516721	-131.3460948	1716.101426	-926.7125625
	129.7157272	338.3869024	-17.62845926	88.84593009	-28.42657424
	1.512418218	-2.204278562	-10.22354982	-0.565441302	-7.414132835
	0.0452192409	23.45694834	11.14199854	-10.57534191	-4.765815617
	-10.88895766	11.21639046	-1.846096126	4.124497673	-3.048075629
	-9.089578334	18.42464304	-0.7335224196	4.073063312	5.441046408
	10.91482741	-0.9783299132	-5.411700196	2.644654243	4.944538454
	-1.170442811	-1.531373878	-1.576238133	-2.980193301	-0.09846973119
	-0.306980239	-1.415561518	-1.308467035	3.914278532	-2.734105976
	-9.895126346	-1.316436141	-1.072569782	-6.337469002	-3.921232883
	-1.569657945	-0.8877228581	0.9821365114	-2.077936588	-0.5425630487
	-4.252098778	0.8077043675	0.2202094338	-435.3224276	135.7840947
	4.258103136	20.52182207	-25.50163517	-242.3248626	102.4554121
	-44.86792092	22.54656492	-54.47095926	27.0354167	-6.528829333
	-18.90817684	0.4853179313	-5.489875598	5.906776363	-0.2218389748
	2.874533392	5.140045236	0.7188815131	2.96879259	0.1252188415
	-0.4196151179	-0.1279517477	0.4843526622	1.364430741	-0.05953456725
	-0.4934729983	-0.2593432003	4.16999404	-1.803709546	2.606067541
	0.04787407712	0.7183324364	1.62876192	-4.066409993	4.415465688
	-3.426636966	6.707030174	3.980041044	-1.403419106	-4.886494043
	0.2541445594	-31.05905871	10.04621133	73.99692005	-255.9413097
	-532.2759611	612.1017185	-1319.955126	344.1543829	-73.84244862
	-36.03391296	4.364244334	-8.440079534	-4.394401072	12.37194268
	-25.49090208	17.63962733	-80.51858004	4.458654666	-3.317192277
	8.522307096	-3.094230681	6.367057442	-5.78560411	3.039969905
	-2.866696858	-22.51241908	68.51537685	3.552875679	0.7030406444
	1.478049367	-6.875876263	-4.113471045	0.8934085193	-1.813379988
	1.495999967	-2.543118321	1.133045253	5.246840302	6.31509356
	2.891683158	-4.242876209	-0.9316380669	-4.137226533	-0.2243340165
	4.037302197	-0.1407282923	-7.28948796	-12.2536719	-18.37762477
	0.734549642	-1.427009529	2.429857577	-0.6969825793	-4.419715576
	-2.68507521	4.463233788	10.88377773	-1.095244395	-229.2118242
	-191.1589508	3.458455015	120.24131	-245.9191338	-133.4486485
	221.2107965	-68.67242158	57.64857505	0.443883581	11.4461901
	-3.747767484	5.861531814	-1.207663434	-1.44915371	4.161393032
	-1.658911656	7.205503569	-7.565518453	3.398285378	3.277966608
	-3.209999962	-1.174288179	1.724113111	0.1923430399	-0.9432500292
	-0.2090251553	-0.2750591321	-0.5922007302	-1.762814864	2.923402663
	-1.146836667	0.1919347362	0.1717127458	1.660442006	3.206160755
	1.102986073	-6.761476615	8.036896902	1.120607273	5.006903747
	-20.15631633	8.646437565	-3.005904462	18.51649532	-54.34176148
	165.4813125	19.90067275	-752.1089243	438.390609	65.42870233
	-10.03524055	4.574175737	27.77683194	0.9547340772	15.98456882
	25.06661163	-28.40294171	41.59066453	-4.785125379	5.951872207
	-52.40077571	0.05005903652	-1.576147143	-2.247649462	-4.397263641
	-0.7556445754	5.575003637	-5.671231548	69.58535446	10.89959706
	2.768984402	-2.766091659	5.444217806	-3.276102423	21.7515953
	14.25050967	2.65857274	-0.9834772899	-4.408602825	10.73457975
	8.008344679	7.892119898	-4.877125365	0.09204974647	-1.528971399
	-1.108733127	0.1546915989	-0.08910743379	-37.31025745	19.3724516
	3.957870882	10.42013443	-3.150168887	2.412688322	0.8116936713
	-0.7761255685	-2.198737886	-5.430674772	-1.792210858	-5.606653826
	-243.7930363	-33.26584245	-76.78053878	64.03093854	-467.4115693
	-492.0433086	2503.297335	-356.4234027	88.05682325	109.9330793
	-23.45995499	-9.67803433	3.910556732	0.6363807327	-1.769248936
	-14.52820684	29.06830085	10.39356494	8.728015389	0.5307623194
	-7.158604391	6.768141582	2.223094701	-1.350344844	1.491713665
	0.2671271031	0.5842597066	-0.9992961257	-1.281305002	-0.8547720236
	-0.764876164	3.07860951	0.1585123301	0.8283713546	0.451625868
	2.73603513	-0.568483709	-37.7702467	7.434234574	-4.162172438
	1.673961569	-2.668782345	9.801746272	-7.13064529	1.351285673
	29.83813199	-73.2852249	-105.2537414	346.3670673	-184.8184179
	-48.85322794	-423.5734627	102.8808879	25.88922069	1.966986155
	-47.22657907	-5.890900561	64.1886136	14.01539621	-19.50749309
	1.608515935	-10.39257611	17.80919462	-4.290301703	-2.649458217
	-1.496469575	-8.679339384	1.973081675	-3.295682003	-23.76611723
	1.566808603	13.9985332	-8.09006665	0.680050507	0.06037323187
	3.703726884	-15.29652985	-1.861764149	1.627573151	8.514571681
	-22.49956658	-7.845818765	4.188195863	1.906667052	3.956152055
	-2.268737734	-0.5511379461	-1.632153417	-2.339927924	-3.670604747
	5.28201704	0.8160970889	0.1204901446	-4.498245477	-1.946940178
	2.18122194	4.972353349	-15.07015193	7.238366761	4.508096715
	-5.226279179	133.9667267	-228.8931432	113.119909	13.31902036
	-82.09905309	-17.69422799	1552.13488	-391.3082989	594.801634
	-104.3967434	-32.68343611	-12.51750244	-14.33411961	6.996941187
	-9.605385164	19.75718793	-1.521105904	9.786223322	-12.00749548
	-26.32544185	-34.3200718	9.042726702	-8.072062879	8.254166597
	-2.610347621	3.141738183	6.678394345	0.2832611046	1.261869521
	2.408719162	-0.2059394428	-5.102599701	1.649992385	0.2783947065
	-0.4073480516	-1.881156748	2.420852168	10.18604428	0.2716428687
	1.191976145	4.048690547	-6.293283853	5.821743946	-3.163924637
	3.058497189	4.169034948	-0.9701329432	214.6138958	-382.2381184
	1099.234427	238.4355155	-244.985349	579.2171959	-46.89007381
	-24.78634012	23.09966723	-42.98377249	-92.36513761	-5.821971787
	-45.29642688	46.90381584	32.05451697	-9.899874248	-6.088013542
	13.19275113	6.841867322	-3.529510556	6.051104729	-0.5115773294
	12.97153164	-3.215842522	4.915019853	-2.091300952	-0.7999582885
	2.678933301	2.299655386	-3.074283957	-0.7622664287	-7.014224044
	14.71928751	-10.88371042	-22.42998942	-2.802299404	-1.622703987
	-2.200080294	-0.4137975079	-0.8425386572	-0.5027998704	-6.2491264
	-1.916306953	9.494037495	-6.305306936	-0.6964979864	5.084166223
	-0.6672053913	-3.044551312	-0.2273967972	6.895489146	2.519006416
	-1.817440497	8.742749596	-92.8917223	-12.45877578	-42.65852638
	54.71930085	-1.821734272	-44.89712957	108.4826286	-192.1821364
	-80.16507032	-15.12499294	86.63320446	-8.345788715	97.65517566
	-0.7737260576	0.7515617983	15.62123335	17.9806297	48.28196544
	11.11304128	10.51766477	-12.61228993	44.21509981	7.418710355
	-13.34160907	-1.137348052	-2.552971086	-20.24028606	-20.68317592
	10.19357418	-1.100355253	-0.3672157933	3.132648594	1.535973757
	-0.3175852727	1.548567574	-0.5389140408	2.189465571	-1.611279493
	1.172503362	-0.08555751342	-3.131790169	-0.1385841793	-4.872336629
	-18.46755636	3.027447252	15.00825254	-26.36954071	-152.2989583
	33.22740608	-167.6206065	988.00902	329.526097	1024.662229
	-193.1535275	113.2662323	1.940608309	14.42349456	139.8442262
	41.191418	-9.944229534	25.37056428	-16.55348839	-23.42375415
	11.47225626	-5.60096654	-5.206149027	-21.20102012	-1.147516751
	-1.410222517	4.31997845	5.230301688	-15.80573834	-2.026868701
	-4.072024824	-2.635056206	-0.558510016	-5.751468577	5.857795293
	-9.115280499	8.909569974	-2.965815763	10.73202997	-0.2256367017
	-0.6284302024	-3.883050891	4.462204286	-3.120550635	-0.8489582916
	-2.698430383	2.371933751	1.135979283	-3.891455799	-0.3784348979
	2.464344543	-0.7417366169	-0.3946156382	-2.309829907	-2.73369212
	-0.2141523362	-4.003549794	-5.371327073	14.31131234	14.83122233
	1.970367317	18.67016132	4.145535122	16.11550609	36.52092307
	-103.4366846	485.0484658	-360.7973933	-30.40934407	21.49920919
	-21.6290468	-4.695062866	6.330541733	-2.356903256	-0.7675618456
	6.134908923	-23.47723019	-3.539157964	-12.09365514	51.16589163
	-27.6892851	9.219937269	-2.269812102	-2.067481335	-4.500030966
	125.5178831	-2.212300577	-0.856548056	-1.278787907	0.005695699874
	-1.101968457	-0.5260760414	0.2457561088	-0.2438101116	-0.5453543011
	-1.064485399	1.251668222	-0.2154556296	-17.20032846	0.1614738302
	-10.97740711	10.53456847	-0.5021730941	-5.667567968	-13.40719538
	-1.134572521	-73.68537267	-2135.057671	230.2554461	-1201.552844
	82.06249305	-162.4705453	54.04317806	-6.934219348	-4.268874708
	-59.29707145	17.52411361	-6.789451271	15.14498092	1.448759695
	18.35339783	2.253035307	-0.8119327084	-1.145789362	21.65681299
	-10.82643688	-5.187063141	6.808533767	-13.09646212	10.33513789
	3.619994004	-2.096640145	-2.367985438	-2.511286692	-3.119649411
	4.763020051	-7.60166594	-19.1459109	3.604985866	2.399444314
	-1.108560758	-3.018667858	-7.294938221	3.447613151	-2.26726769
	-2.271611522	-0.5938494074	10.75015273	-0.3970249483	-19.98708008
	9.420738952	-1.604469059	-1.168213194	6.757169026	-2.086776601
	-3.723407315	10.60391568	3.719284314	-1.91232768	45.47871047
	-2.700327714	1.354031188	-6.749336036	4.873736162	-1.940808471
	-11.3851547	20.51871444	-96.93927961	-117.9984105	-8.639811251
	72.94479986	-26.72121539	4.942061205	6.218605459	-0.2065429432
	0.3993925478	-0.08853739658	-20.0488804	6.382149926	4.260127232
	1.751155723	-11.14526025	-1.157756007	4.200891963	-2.269827047
	-21.61819371	-38.49490663	-4.930986007	24.9330106	-0.6557935876
	-0.6981584082	-0.5498462059	-0.5445090418	-0.1029338062	-0.6211979621
	2.009024846	-0.279042734	-0.4579658824	3.35981966	-1.785653498
	11.90010665	-1.955063249	-0.9390181333	-7.711085724	-0.9937353142
	21.23576532	18.83026276	62.38365033	-304.1687233	627.7136323
	-204.7649569	60.11996976	-61.19464186	9.824035321	-16.91868363
	-6.121960502	-45.96821312	29.72231602	0.998323109	-4.364970749
	-1.633956085	3.745463853	0.8313388289	-0.6823659257	1.55361105
	0.5891978928	3.927092624	27.38949321	-10.85623274	8.075921041
	3.109910417	-7.074171933	9.116062577	-5.017695309	-0.7663156127
	-16.63012676	13.98985388	-23.01422144	70.28781552	39.00134195
	7.258757656	2.533001142	-1.715544982	-10.41832114	1.969928036
	-3.661885745	-3.733237451	-3.384932186	-1.31937309	-3.963050105
	-3.027830083	-3.634986924	-0.3400751852	-2.053603914	1.921429493
	2.803803257	-8.921026178	-24.61072354	2.081274001	-3.129613788
	-1.178999118	-47.67981004	1.682538193	6.780513207	-1.663122657
	1.565592642	-0.4287524056	11.53631219	5.875185472	-36.28249028
	98.26583155	-59.01638035	-7.048163522	5.738889525	-1.636651669
	0.8348320888	4.513278668	5.405059852	-13.75345134	7.060372672
	7.022867985	-5.646084567	4.336787701	17.61377158	2.036413187
	7.398378262	-2.487116325	27.67612817	-48.8141667	-10.25832831
	-3.698229175	-1.703658629	-0.3265135613	-1.719778692	-0.4696028531
	-0.5356302445	-0.4650831169	-0.9431386065	-0.7802495416	-1.584890038
	-2.78824483	7.038548026	-15.22461455	37.62579178	-5.984160441
	-20.98702147	-5.026104769	-18.70123672	-49.57153714	274.3317658
	182.6306183	-104.6530172	56.73081181	-17.35100671	3.866556607
	-8.537530686	2.358892807	-7.399380958	13.99901226	-11.88662898
	-4.520581597	-1.817570164	1.32784316	1.512897963	-1.261964455
	4.060756088	-1.346327557	-3.31542109	3.932890167	4.354914401
	-13.53777846	8.185905193	5.923542971	-4.969575708	3.181009101
	-1.347662967	-16.79735059	22.71634633	48.75976596	-10.83567118
	-49.07682823	5.152514623	-7.480654936	-12.30615367	-0.4879554982
	-4.980922282	-15.03383618	16.31221905	-6.503655944	6.729912275
	5.110046196	-1.985352524	-2.562544396	-2.664033199	-1.579871448
	-2.36646044	3.212320058	-11.18177536	-2.028892652	45.67207307
	-11.8181133	-0.3671317407	10.91724899	-1.125077526	-10.71086907
	-7.34807413	4.118847774	-0.5037598855	-1.13017788	-4.403695239
	30.82294037	-177.6901232	-12.82951212	-23.04826949	11.7196548
	-1.935973436	-0.4978688108	-1.004229513	0.4212694972	-8.327702841
	1.261477227	-4.021937235	3.419405352	4.217155651	-5.977550561
	0.9762775233	0.444178445	-10.32941156	-10.02778015	-19.85110876
	18.67696096	9.394776466	3.392529422	-0.07837476308	-0.7716829924
	-0.4873886215	-0.3546070145	-0.521222687	-1.883621329	-1.323660124
	3.036305	2.533071185	3.295536793	6.077776614	-28.17525336
	0.6699388934	21.45766363	-3.150389138	3.289130924	-24.75329963
	-41.82837476	-49.14508329	-39.80314843	-104.2929047	29.39013454
	4.47891924	-5.791212421	18.02402143	5.573185323	-1.617837876
	17.11278574	-1.715533723	3.811823691	1.127580589	-0.5267859806
	-1.202275493	-3.234770266	-2.324147641	10.21094679	12.92972182
	-7.94760234	2.622138255	-20.75686928	1.304180289	-9.521974299
	4.012826839	2.650993501	14.31752456	6.238448827	-17.08047947
	3.563427925	-10.11167359	50.97098836	-101.4097454	23.0665239
	-6.790159543	-11.31664935	29.2128426	13.57208993	-5.327951967
	4.809570884	-6.202210592	4.402606078	7.384857929	0.4873004742
	-1.043749653	-3.625374604	4.794627518	-7.039716992	-0.4852315205
	16.02528001	-37.6405745	-4.466658823	-4.926833216	2.11657567
	16.15763854	0.8411727378	-3.608639389	-0.6818364354	1.526728267
	0.7287509355	-13.57556971	0.9482035791	92.10036244	-3.90556508
	-0.06772029892	-2.822177144	4.763980263	-7.899472779	-0.2804233223
	3.272685771	0.54783521	-2.802694788	0.05631871889	-8.423697255
	5.090074203	-1.831221847	3.288789417	-3.494887616	18.79756093
	4.187513005	19.24039766	3.025104552	-4.828772332	-3.381464234
	-3.310832377	-0.2505310677	-0.3987109135	-1.144574681	0.6161002033
	5.060873443	-0.9583503633	0.07769155144	-1.103833252	-4.120382663
	-9.278541702	12.19447224	-2.210489221	-18.14970238	0.6003663787
	0.4106159759	1.801253009	75.65313049	-1.993013249	48.95243105
	-14.82132165	-14.8432796	-2.406753112	0.1102129781	-3.996524016
	-3.806349472	2.858642587	-7.354617588	-1.012978079	-1.146420046
	-0.5803690248	0.2842950717	4.682797002	-4.074658866	10.33462795
	-43.91580416	1.316894422	16.09973054	-56.93585331	6.252081097
	-70.08449522	19.27905634	2.871275936	-10.17780361	5.022058211
	-34.07611211	42.55463191	7.67322296	12.19767993	-8.743112654
	25.50027206	-8.806564936	-2.447504268	27.04547092	-94.61092584
	-1.26048393	-6.116785405	-1.963413406	-0.3680921637	-15.71215217
	-1.741453423	-0.3739918754	2.524057286	0.5806497593	-3.848028698
	-1.447468877	4.693466302	-9.093174501	-0.4371988212	-1.473247891
	3.816937747	-16.87635933	-3.954083143	-1.44955726	2.499792766
	0.281270886	0.03221125433	-0.4429083866	-4.105317156	7.365540401
	8.982877618	-2.203944244	-0.4388561584	1.576396874	3.158511993
	-0.9281276695	1.466172171	-0.08976840063	-1.288463152	1.669428945
	3.007342619	-1.448773814	-0.5009321848	-0.663992247	-1.504211123
	-1.854333208	0.1253457893	1.953707505	-5.282356945	-4.834688437
	0.09564871157	3.850933124	-0.2795458239	-0.8873152379	-1.499992867
	-0.01273698588	-0.8269340708	-6.164431767	-0.4214482059	-0.4154531338
	6.09234655	0.2387334383	-16.80218006	-4.240025226	7.482701134
	0.3898214611	-1.908911803	6.617515783	-18.58501248	-8.448259002
	-11.91493111	-24.84534234	38.02050849	5.539537965	2.227929441
	-1.553133675	-1.583831335	-2.484819891	8.710169409	3.565720331
	-3.784680919	4.37778803	1.577167089	-0.452684344	-4.181606049
	3.051397144	20.14957215	-4.861148958	-11.4202984	-3.070917921
	16.05251553	1.975263143	-7.586904409	10.07348854	-6.365910187
	4.783129201	93.75107178	-57.11784714	-11.40906155	-41.61018047
	12.06283759	-2.514810125	1.73535999	8.134542209	-10.63469559
	30.93450717	8.136607227	10.07171038	-4.877133722	-0.7962748627
	-7.974788583	0.2291453147	-1.746917315	6.019490919	0.3166917821
	5.185228689	-1.317123232	-1.498895565	-2.029589314	-0.2608053908
	0.4763969523	5.297737726	-1.629235659	14.36074177	0.8786256173
	4.082778608	-1.831781003	1.423568848	-2.141839702	5.705297789
	-72.85233436	-28.41712418	0.2017429401	2.173792175	-2.132066121
	-1.033913151	-0.6676452385	1.002793613	-0.607746334	2.407671315
	-0.6043037633	0.6244373571	-0.8105101022	-0.08497150238	2.628743513
	-0.6870161628	3.550115509	-2.50313358	3.205272999	-2.263581914
	0.3379459531	-0.5192739094	-3.648476114	1.051508949	-1.356943003
	4.927688472	2.36828136	-2.730954588	1.042544431	-0.1929816931
	2.855405231	-6.171494273	5.436542171	-0.6742655617	1.773683219
	-2.318912494	1.865707809	-0.8123862858	14.24764173	-3.373372312
	8.243660749	-3.378507538	44.97587008	20.9154677	-12.62383154
	2.189688293	1.52340062	-0.3763215011	-2.678557832	2.265191451
	-2.759640858	-0.8126248454	-3.168357125	-4.05257388	3.915824981
	5.432052697	8.733160406	-29.37982692	12.02311509	-35.91266852
	-31.40188221	3.114423535	-13.24148417	-26.4514848	9.464960513
	-1.093463857	27.36957393	-67.13395241	95.7340747	70.42361035
	20.95678136	10.88485678	-11.76618097	3.767911703	12.11108637
	-14.49342518	-2.961326988	-4.211670878	-3.999887379	4.319678872
	2.118529372	-1.67621711	1.86037928	-2.71854994	-7.994209073
	-2.747439485	-2.024875198	-1.72115688	4.556350018	-1.929583785
	1.956005288	2.353523468	2.29265658	-4.822277818	3.996616139
	-2.643622875	-2.962722998	-1.570736566	14.2139012	-4.141160065
	1.916616193	-0.3457550366	16.7773276	-1.771632312	-1.479415632
	2.66830142	-0.4200871201	-0.3493765367	0.3861608067	1.731392279
	-0.9985998314	0.004813875244	1.4929006	-0.5288401456	-0.06740381737
	-2.019177637	-0.8977418202	0.4999471847	-1.059595061	-0.937621377
	-0.8709902811	4.943429013	-2.970167661	-1.171106459	3.12487777
	-0.3931835579	-0.4968683225	-2.177343802	-1.157646523	10.07793179
	-1.166725172	-0.5029774631	-1.308618929	-1.617111604	0.03212007492
	4.099331951	-3.594930756	1.831152101	3.692804135	-1.369594186
	-4.341621323	-6.116111162	20.33762136	8.594752205	8.664907303
	-9.758324479	8.375008127	-0.3056768019	-0.2518093651	-5.661002161
	-1.535566568	2.017905119	2.983428926	-27.66596642	1.380548607
	-6.123253175	-2.237327568	-4.335807463	-3.004154582	-9.757808065
	9.13672927	0.8620653313	7.067053318	73.28896368	-44.43736689
	16.74044183	-12.13589841	0.420717542	-5.116337165	2.279770254
	-46.24579863	13.23482836	-19.138684	35.65356913	3.042218979
	2.746161791	22.22467942	3.672752053	7.833048835	-11.56335896
	-5.769108331	36.19689512	0.3867254106	-2.41997227	9.701072661
	-2.264212355	-1.032572872	-1.316539024	-1.291154676	4.445974686
	-1.823314587	3.779421418	1.058183706	-1.791697429	-7.021774167
	-13.34583822	-0.3031047802	2.389619989	-3.693742864	1.013562849
	-0.2638164921	-0.3827437213	2.239070065	-1.693709877	2.361403212
	3.504679886	2.351081393	-0.1830860988	-0.263613955	1.048689373
	-0.6623558369	-0.4920008983	1.59002436	0.7852798893	-1.410850269
	0.2775258985	2.562167085	-0.4810146196	-0.6792955033	-0.8224835321
	-0.2181525692	2.200469099	-0.8579951768	-0.5672599662	-1.285394682
	-0.6661123157	-0.7452660709	-1.895900495	-0.6280719247	-1.605002615
	-3.657523733	-3.157341565	-0.4705637913	2.443270065	1.551224379
	6.791872309	-5.194913361	1.881934213	0.6462779744	-2.217003909
	-2.768487558	-6.164351684	-12.72114185	-0.8056266832	6.335048479
	-25.80568578	-31.00454865	-12.41440025	-0.9976986356	15.9490599
	13.43203811	-13.77730983	4.549483272	15.24667165	11.74748372
	9.259621791	8.091020948	-3.3937298	-1.434999104	-1.567922077
	6.805340312	4.651536495	0.3331756676	-7.497336628	-5.150008738
	10.85233113	1.365215298	-4.743993635	30.91169062	-8.479910956
	-8.559212188	-3.344954616	9.759967168	-2.15572874	-18.26791496
	-9.903627651	-6.872359743	-33.19559047	-1.67269839	7.782914623
	-1.850200363	0.4784767434	-40.78760797	-17.60754102	12.97923242
	-22.64120543	-0.4461940414	-4.036147429	3.850866664	-2.175499445
	2.029063771	-1.885722574	-5.157143159	-0.5686885557	1.62620179
	3.990844442	-7.982838131	16.43327816	4.013907832	5.539445944
	-1.680520962	2.728884065	0.5499547665	-2.2368131	-0.630792686
	0.04987196072	0.8954639471	-0.117511482	-0.5847918654	-0.1608665254
	0.399246086	-0.03490869197	-0.4879645349	-0.6124881723	0.3698567002
	-0.5269109808	-0.1434860956	-0.4147234267	-3.092050354	-0.1713066968
	-1.446143752	-0.603531829	-0.5281485989	0.2121008411	2.209869591
	-1.673570432	0.1200832169	-2.474029986	-1.05637408	-1.69315512
	-4.38314279	14.70561423	-3.841820846	3.829876914	-1.381818759
	-0.2528945636	6.433081171	-2.401508306	5.614628099	-3.793904965
	8.287889955	-16.12675892	1.698386501	-12.66788046	6.336882905
	-2.801574683	7.749035722	-16.47235629	38.62035299	-26.84752355
	-58.85790535	12.93522338	-16.30278451	-19.42639667	8.387959838
	-10.0887298	-30.96897951	0.3386938931	-3.449874028	11.51324764
	-1.659018362	-1.780112269	-6.913900649	-1.967883159	3.837550777
	8.73734865	-11.32372141	5.065653258	-9.774355917	-6.959385419
	-4.10304721	-0.7935016339	12.0874051	-1.135797453	-4.195683603
	-4.44465011	9.639503643	2.866862364	40.90956225	1.294049089
	-4.359035398	1.585994206	7.779416088	-15.27859353	40.40359879
	-5.728158685	-6.07204677	8.43446033	1.085836816	8.336237951
	-5.645308543	9.819547808	-1.436890661	-0.2469727327	2.731072301
	0.7559277536	-4.829631021	13.25050203	12.04144195	-21.77915912
	-1.618899626	-18.40953186	0.3641354962	-0.6150992089	2.863787414
	-0.5541598733	1.555747645	-0.486891175	-0.4308382245	-1.384197579
	0.2606226885	0.1602068883	1.176720536	-0.186746345	-0.1235814476
	1.156250982	1.470123273	0.3820288204	-0.04180700017	2.331257671
	1.590070494	-0.2267121544	-0.3895308495	1.397427403	0.9870886592
	-0.05524019484	1.36589629	11.35251023	7.317287778	7.403323475
	-0.2449411538	5.729055413	2.089371402	-2.305223393	-1.0504605
	-2.487788763	-0.6110791727	1.422676837	-1.768721329	-5.581574132
	-1.103666116	-0.718436221	-3.99468019	15.31848332	-13.63175161
	17.8224237	1.386371593	40.39351765	-38.50352953	115.845315
	-114.4745483	-0.940453192	-3.68121153	-3.481497985	8.633817515
	9.572127448	2.704103796	-1.434682936	17.49933188	-6.813151891
	-6.592038772	-0.919308178	0.3444760496	11.34605957	-1.37547645
	-3.541988292	-2.000062832	7.2009083	-0.04298587749	8.852816081
	-3.687038485	4.780833048	0.3196499198	-9.85031738	-5.930298986
	-74.15968825	-10.57109607	24.38974531	11.98038953	-28.2857075
	7.109091609	-4.071369499	-0.9641799513	-11.59738016	5.621978046
	-4.44782288	-8.226500259	7.647728716	3.01581479	2.975615044
	3.16742904	-24.0154377	-8.227579508	-4.586522412	2.417742418
	-0.2264781703	0.4466913867	-0.6197602912	7.9438765	12.82700757
	58.27818781	-8.307729246	8.647737327	10.81650123	2.010024303
	-2.728429142	-1.517920892	-0.3782852664	0.9099112046	-0.460813988
	-0.263762717	1.190631285	1.154862188	-0.7457015626	1.139676701
	1.094916033	0.03193791277	-0.7038391389	-0.110066866	1.516938894
	0.323893392	-0.7579761455	-0.6103055943	-1.670555776	-0.3664303252
	-0.3590740936	-0.5070820279	-2.414170917	0.3972406907	-1.939464451
	-3.304125355	-0.873012184	-0.2587930077	-0.09190640051	-4.550663506
	-1.514823308	-1.233346342	-0.1292742359	0.2583963377	-0.4365842347
	5.97214528	-1.140470193	-1.343402557	2.884317504	3.292842016
	-10.86689569	23.58751187	21.94043972	44.38085598	-27.26031817
	32.20541449	-54.59807101	50.56173105	-10.40877954	-9.212921269
	-1.995874333	-6.424677545	-5.784521138	118.1787446	-43.90037305
	8.398687697	10.10691517	-2.841273255	-2.176034885	-5.830229733
	-6.805473934	7.880218162	0.7408897733	13.76594029	-6.97196321
	-12.54653271	-4.287082278	10.21671598	9.183170532	-5.249549854
	11.59475295	-18.58994201	58.56657146	21.54797928	-10.84915162
	-46.92464241	26.65854887	3.670608589	0.7268307478	-4.973819294
	8.755961128	3.147928015	4.503170999	8.42757758	-3.653431543
	-9.127736733	1.051811634	-20.38134101	13.21020579	-6.348349683
	-2.452663954	-0.6288321723	1.786006011	-0.367889718	-5.912925601
	-1.210720832	2.951619523	-87.34528038	-20.03322218	4.20732667
	-1.919830336	2.317249225	3.360917037	-0.05915248815	3.32751768
	-0.8993424669	0.1932164377	-0.5531019922	-0.5506202407	-0.1529761368
	3.196063082	-1.734751236	2.690745161	-3.022281535	1.17250113
	-0.2775410868	-0.9518115084	3.258206748	-0.5174201299	-0.4926747998
	-0.8445914819	-0.9279902851	-1.110816261	2.278964582	1.735262182
	-0.5737920677	-2.327086006	2.09881199	4.429078742	-2.081142929
	24.17769505	-6.522290281	-1.042341542	0.9344102739	1.306691
	-1.514656959	-1.947554677	-0.19791051	-0.4921316088	-0.4326655378
	-0.7648310619	-9.869897202	9.063145942	-18.38303436	-105.3475499
	-55.40801637	0.2856332468	-6.360508973	9.962691761	-12.44451265
	-2.395935799	-3.432072052	9.041676955	-1.752018249	-24.97851485
	7.114737652	2.478891872	-13.22949199	-12.01970733	-0.1636220713
	9.322529252	6.882112979	5.445108048	-1.752006687	-6.978931619
	-13.64048279	36.17688524	-7.100353143	3.464500139	-32.91082558
	10.42067166	-2.723111754	-9.43116797	16.34352119	-9.348514812
	1.85992615	5.190856434	9.306998844	-10.76623711	8.272831001
	12.48929421	-0.2965822753	-4.902567399	-1.902794098	0.8972927719
	-1.536387282	-1.216443195	0.1505667253	-4.423681272	7.974207232
	-2.615369142	-7.425464944	5.078548775	-0.0124816211	-0.7443515606
	2.573297576	-0.2317362235	10.5620555	-12.3941177	2.159528786
	-4.711517892	-6.07231594	-1.35530994	-1.068595377	3.591907982
	-7.811832056	-2.239082117	2.139461244	-1.688024521	2.01398332
	1.620206149	-3.079603931	1.782035971	1.126613097	-4.544108906
	3.307433049	-1.767955878	-1.768870956	-0.9251193491	-0.4670269663
	0.7566916573	1.898115671	3.64385171	-0.4497560666	-0.8402104745
	-0.3735507215	-0.9437957386	-0.3968340622	10.80038201	-5.875553743
	-0.8181735712	-1.264558272	0.7188035369	-1.325950751	1.777791944
	-1.81211359	4.828062078	-2.414440538	-1.234238574	3.795102105
	-4.255219328	-2.896117473	-1.807916355	3.547609513	-0.5643421267
	-14.81420862	-9.058526344	0.7678848926	-3.772905494	2.861411866
	-9.178173283	-1.699083527	5.163855048	-2.300905546	-0.8292490337
	11.77490202	-2.923383381	-9.132024767	8.871078534	-2.880967464
	-0.8975380723	5.563332871	-15.97315128	3.017477198	9.14851632
	0.922014402	11.88136385	-13.19061633	9.494121579	-23.10793976
	-39.04928952	-7.927077292	6.303114222	-3.459274882	6.198046978
	-8.252255947	-14.80419576	56.98525537	9.702423259	-38.02099869
	35.32442577	-20.32284321	-3.86174603	4.291702511	-1.38849121
	1.805910249	-0.76998347	-2.361236525	-0.76440403	-0.2486416059
	-6.811425174	-1.759464133	-2.038321076	-8.164009864	2.635330105
	-0.9942050341	2.944108278	-1.215315107	-0.221208004	-8.979632131
	32.54244508	-65.34439777	94.78796122	12.30505405	-2.106492258
	1.003148471	-6.768432772	7.150084071	-0.7959389436	1.284913531
	2.484240581	0.8047798213	-0.7670158224	-0.07310655359	-0.281451398
	-0.9854805124	0.4504322084	-4.496886528	8.048358687	0.6943936549
	-0.04883054742	-0.8540274592	1.369249276	-1.160372676	1.242942332
	-0.585814722	-1.058324611	-0.6343917958	3.223854241	-5.59872426
	-1.505034911	-0.2854202778	-1.04763739	1.728608314	-5.797003274
	2.884356435	-2.824129867	1.820301366	-0.3216099596	3.323293
	-1.342460904	-0.8871272161	-3.432557886	4.77705009	-1.36977159
	-2.314159764	-1.309836421	-1.185558581	-1.700205314	-0.8227300655
	0.722257957	2.392582671	15.83783135	0.1784473837	-6.64994756
	4.887068734	-1.32089686	1.945110141	3.605104085	1.594807182
	-2.095784504	4.736505745	1.464397694	-17.55394931	1.031617595
	-8.974066717	4.130816595	-2.673932916	7.421784688	-6.16641876
	-12.80442777	14.48618773	22.51443669	-10.68100945	-0.8921463921
	4.305352342	5.083375002	-4.308965561	20.31104938	-11.63671559
	-46.20379241	9.929159692	-0.554461149	-0.3598753817	5.476009622
	-4.497006356	3.57152394	-0.8540341347	-5.415255867	-1.958189227
	6.311080158	-4.664878404	18.10207058	-1.462472925	-1.47714949
	3.588517097	-0.7724128562	1.430327677	-2.540306495	-1.056594821
	-19.86444627	-7.921009623	-3.969224887	-19.02795904	-1.22169447
	4.613773922	-3.359626935	21.17829512	-0.4704675438	-1.438236126
	-0.03482130084	-0.2715858895	-0.7256056554	-0.8762223125	1.310722244
	1.981695609	1.47043836	1.009056993	-0.872382382	-1.254171727
	5.601366115	4.002744555	-0.8746957555	-1.168045063	3.020716244
	-0.7254823483	2.785182927	-1.207032005	-7.326420327	1.681479883
	0.740970618	2.738216492	1.00598195	1.829554781	0.6899420502
	6.127758767	1.429991474	-1.454759659	-0.07427283115	-1.027127215
	0.1717555515	-1.650899764	-0.2647609218	-0.8573635726	-0.3205714798
	-0.2343923159	-2.852079435	-1.653673803	-2.970744144	4.123597458
	-1.108568796	-2.507923289	-3.728593347	-4.551711532	0.7045849738
	-2.339596019	-0.4080222963	-0.4628520726	5.62097623	8.076079758
	-3.647063991	5.02583594	-5.475834176	-2.163506844	-4.46145534
	4.913121561	-2.129550209	-2.392050844	3.701138626	-2.192400083
	-5.479016359	8.006326735	3.060589705	-11.28667556	-16.21798569
	-31.45134424	-6.079252036	-1.956306999	1.615562288	1.553408377
	-7.326466524	-27.19571683	-5.1620637	2.249174963	4.57100569
	2.845243296	-1.767112209	-0.0719814342	-1.380910716	-1.774720555
	-0.6975162608	-0.05671246708	-1.705658352	-0.5465034425	1.184811389
	-0.2511990367	-1.706945307	2.335068878	-0.5349778582	1.809590119
	3.454040422	1.770059709	-1.310873192	26.40045973	5.932044635
	2.946493919	10.7296441	-19.52067547	218.5774068	-15.24212132
	3.205654856	5.275312364	-0.8895940956	-0.4234886576	0.004899790124
	-0.5408465521	0.93607961	0.4125453494	-0.02367579326	-0.6333818903
	2.365905847	1.622404593	0.5870344774	-0.7817629716	3.624229065
	-2.402026107	2.568297759	-1.673492584	-1.590070928	11.81344208
	0.7927008958	1.776544041	0.3547410359	-1.121121091	1.91589071
	-5.6969039	-1.577846299	0.5481873209	-1.575587496	-0.06004707985
	-0.6823547961	2.2040622	-0.6351521139	0.2132568375	-0.6867251591
	-1.38177716	-1.447713917	-19.38189047	-15.63171117	-3.006034902
	-1.581274436	-0.5688869635	-1.401753101	3.914945668	-2.410585802
	3.394169273	-0.4729873887	-5.602529359	-1.713203535	-9.621880125
	-6.751512944	-4.659532741	0.193310248	-3.293346072	-0.7596519598
	-1.496239756	4.403255967	-0.3246965351	3.818394824	17.58280006
	-0.3992727603	-1.926760247	-2.305774161	-4.246495729	15.80931623
	-4.278804516	-7.965678275	13.23078383	-7.18746608	-3.004531497
	7.339896926	-6.306505242	-13.41545824	2.429030028	0.294202216
	-6.306603098	-4.322581152	-1.710924099	-0.6156683268	-1.555513286
	0.5138834862	-0.888574965	-0.6961174209	-1.858495578	-3.524077457
	1.154778912	-0.2665987049	-0.7326703806	0.8379404244	0.7056367793
	-4.66359283	5.143448157	15.94832458	8.664727762	-13.80395425
	-2.438529965	-6.691118731	16.81702937	-85.09991456	-60.56836671
	-14.72648653	9.011796402	1.084793045	-1.041480466	-0.4803682739
	6.995977639	-1.046397664	1.366623374	-1.714512527	-0.4814843014
	-1.621944541	-0.542179959	-1.790452167	-2.044744405	2.341853807
	1.688517406	-10.00124562	1.809384054	0.5119310362	-1.135791238
	-3.946522795	1.698225587	1.358615342	-0.5885817928	-0.8118204653
	-0.5280324742	5.229075797	-7.374397382	2.75895551	1.884744713
	1.494668654	-0.5893103887	-0.7258261894	-0.6793543775	1.50284074
	-0.4157040095	-1.984243127	-10.49660133	64.69658898	6.549038469
	39.60118496	-2.117509097	-0.4557066816	-1.775245467	4.021455141
	1.230541886	1.068581554	0.2131308909	6.277490424	-0.6695041417
	8.800625863	0.2175969263	-4.313117215	0.2355085269	-3.905041552
	0.02257128153	-1.34233837	-1.71354272	-2.412951151	4.44769642
	-8.323658589	0.5382134715	4.455942406	-2.656390301	-1.512606763
	-12.67470404	13.86237699	17.25688389	8.644096909	-2.079473086
	9.452589134	-8.840870276	-4.952877599	-8.343391047	50.17861421
	-14.91244802	-5.650731515	-0.738612352	-0.5717140859	-0.2991816641
	-1.083546182	4.292353051	-3.491683504	-0.9984101368	-2.524160809e-05
	6.535049203	