3131	
	-567.4114207	27.70540523	-26.39414371	-11.39707569	12.57050532
	11.35335756	-2.747182729	2.403625086	2.595674897	-0.1546546649
	-1.009642138	1.714327035	-0.2694430981	0.6156219646	-0.08080207768
	3.886571171	1.360477348	-0.02170795164	-0.03858365665	0.3596497809
	0.709802124	-2.442127276	1.868438633	0.4518977491	-0.5133832211
	2.307748882	-0.591304236	2.397685773	-0.1812657043	2.06759038
	-1.270171336	-0.4616900192	-1.240227155	1.888628758	0.08393080609
	2.096540195	2.681769902	-0.8134932298	0.1437060784	-0.3484132497
	-0.976516242	-1.51321882	-19.58253023	41.47361074	25.89814794
	10.57576958	37.5543581	1.653495414	1.603249281	9.326069456
	2.413082052	-0.9227532058	-11.87520284	-1.135194002	-1.402006216
	-0.3147704117	3.680533851	-1.777958249	0.04193120471	0.5424365403
	-1.29551411	11.42106231	-30.49205855	8.690238836	0.9280034311
	-0.9719676228	-3.058704489	30.6536543	10.04325225	-6.450447419
	6.348775486	-6.69670929	5.747040897	-0.1533647135	8.658654087
	168.6996772	-19.99003573	16.45070877	0.5020229504	-2.360211207
	-0.3895526569	-0.7212027104	-0.5239582695	-0.4997509497	-0.1617198306
	-0.4057190662	-1.779907603	-0.9155920796	0.5467275208	-0.7351595301
	-0.9673645524	-0.7194151876	8.507082039	10.44704613	-0.7686307007
	5.242412997	-3.539796011	4.938798555	-1.20716778	5.260191031
	-2.15231218	-12.25654546	42.91064801	19.09257394	32.37166535
	0.862216508	-26.71427778	3.932545796	7.784108125	0.6752191149
	0.7844066913	2.502959597	1.042542347	0.9337565517	1.18036391
	0.2048362581	-0.4127177089	-0.2077501841	-0.2136998626	-0.02397722594
	0.1211993481	0.9762128388	2.068668434	2.840478099	1.158290617
	-0.6380205113	0.7334788808	1.308671488	0.5990084906	-0.9328777048
	0.2050803021	-0.7934634947	-0.3382928202	-0.4782280449	0.3382407107
	-0.3400695221	0.3725690056	0.9167709564	-0.2479061385	1.394823969
	-0.4694041579	-1.70778536	-5.702317962	-25.38043259	-166.0123871
	-120.4081249	27.03429751	-8.276555288	-7.154449694	0.3597121201
	-2.738679001	-0.8696010821	1.212402136	-5.213370546	-1.195709765
	2.565180002	-0.4937124971	4.155520184	-4.452682412	1.687215748
	0.01009744135	-3.043595244	16.79053667	-35.63830433	1.719563473
	-0.3288767333	-0.6202525771	-0.01417054077	5.172853586	17.2064578
	-1.266428568	7.994057274	-8.143080952	-3.686752178	-0.08024076549
	-4.824644495	-56.23250492	-4.509653558	-4.203282374	-1.321822721
	-4.650844986	-0.7170838972	-0.5077808553	-0.3693614036	-0.3326520698
	-0.2152862534	-0.4519172389	-0.7929468834	1.406465935	4.873700089
	0.1682431535	-1.586201724	-2.566139037	-7.339790475	2.008759561
	4.646056569	1.554611262	-0.5686405255	1.064160701	-0.3837742694
	4.017356414	-0.992885204	67.62896597	132.3314459	-101.7350525
	49.74257433	-47.30224441	-0.3179557111	-1.134026253	1.84213615
	-2.067526993	1.44784378	-2.897191547	-0.8187693764	-0.1719474782
	-0.3510582252	1.185400619	0.237445835	1.538893842	0.3733696602
	0.03283328788	0.01591240681	0.5283610371	10.17411083	-0.7136296756
	-1.21324876	-0.7894518942	1.865724329	0.5106962361	-0.2160425326
	-1.626311009	-0.5881970931	-1.550539755	-0.3916176901	-0.1345468837
	-0.06252223798	-0.4995514499	0.03303693394	-0.08168701312	-0.007212397804
	3.057932666	0.001746154624	-0.6203186276	0.6345712514	0.1576999443
	25.87398435	91.99505633	-81.57890006	22.12682286	-13.96098451
	-1.760109066	25.35359975	-2.930578875	13.21211066	18.88704646
	-1.33132407	5.196913264	-2.174479228	0.9180318486	0.1903728757
	7.653582733	0.3663882314	-0.2438571467	6.9892439	7.458220589
	0.7259546456	-1.690776961	-0.7225810789	2.880206354	-0.6049440021
	-52.45080934	3.966813288	-34.67329613	41.36861496	-1.433694265
	-2.118690645	0.2815412109	-6.847332803	-2.945841352	-1.031494461
	-0.1689050212	-1.566123349	-0.7939344586	-0.2940812697	-0.2486240592
	-0.3735193516	-0.4429284244	-0.8541564186	-0.5118011904	1.560484735
	3.700032219	2.146187116	-1.912660988	2.388451079	8.839110011
	20.05866523	-5.03034424	4.05496783	3.10267945	-0.4633717563
	-1.547187959	-2.754065739	0.23011289	1.425856922	-214.9533938
	44.82332192	-508.0573125	24.59129745	-9.591918327	6.377920236
	1.793392274	-1.307501916	4.892322006	-4.25474273	4.282619204
	0.09948753226	-0.4038218269	0.1801669942	-0.1548894534	-0.09167911203
	0.6979676236	0.2298433302	-0.2462498997	-1.260699405	-12.05100751
	4.493435518	-0.3880571645	2.914648258	0.06895599674	-0.7620712968
	-0.6852840856	-1.444223877	-0.09075787018	2.546642443	-0.005991887025
	-0.003652628825	0.8858870609	0.9749551581	0.3716738416	-0.577562065
	-0.6070383861	1.897370899	-0.3128736392	-3.500756767	5.450447262
	10.84037829	15.99285745	-36.20080491	-77.54136075	138.5734931
	-7.755233614	19.82013214	10.8042639	4.294295429	-10.70970469
	-11.00252918	-2.919588353	-6.420577934	-1.451529311	-0.1042588158
	-0.9874442209	3.343791107	-1.04069483	2.902599462	-0.2632483929
	3.560653933	-2.963108097	-1.226862207	-2.457979699	-0.3514656144
	0.3459601397	-6.031148939	0.5744822087	-0.1351292017	11.35919365
	0.279254353	-15.79430356	5.574483951	-0.7226317728	0.4718103361
	-0.253365574	4.222213596	-1.083280941	-0.6916052441	-0.3577670263
	-0.6854344881	-1.029927593	-1.255033989	-1.490003366	-1.410261285
	-1.064063238	0.94186766	-0.9031121447	-2.846341216	-1.310531728
	13.0502988	-48.47150731	-1.375366494	-0.1317414138	-0.8958155636
	0.2575711366	-0.9027668556	2.57826539	4.449006139	13.38323129
	53.5892244	-2.483278867	90.31633084	156.5501451	-34.56854986
	3.985467887	8.560582922	-1.437388742	10.40935901	-24.66239893
	6.597109497	0.9439996341	-0.6572941957	-0.2287685653	0.1719172481
	-1.159572667	-0.5235535233	0.7592496882	-0.4711613163	-0.7170691073
	5.914667075	-1.691050146	-0.3671201463	0.8778789617	-2.137633665
	-0.7775265017	-1.098288717	4.731287689	-0.07391783107	0.1878162425
	0.5685234891	-0.2630646171	0.1397605868	0.8134257446	2.422208185
	-0.6853715389	-0.5112384873	-1.077589154	-1.118495749	-2.425306741
	-10.40738673	-7.592097045	-12.09905798	-57.9054586	-28.89076658
	62.25900638	-61.69086835	-84.99499992	28.08649106	-0.8791792625
	0.462274596	37.31189727	0.6525412383	6.300442049	1.962074758
	1.381620504	-1.035922063	-1.095333728	-1.049281391	0.5074909032
	-0.4296313475	4.668111535	9.753439146	1.412862803	3.285296224
	-1.414626944	-0.6070816505	-4.776867076	-4.016486793	1.162956833
	-11.95389368	12.82042358	-3.546183881	4.641964366	-2.974541423
	-0.8092589053	-2.417553637	0.7792351315	-0.8707284027	-1.140670439
	-1.003957525	-1.305083379	-1.399168506	-0.9898646873	-2.382124513
	0.3900187448	-3.035581686	0.1475387173	-2.61442267	-2.709701755
	0.1525796839	1.793535344	-6.804012277	4.100298505	-0.5432656548
	-0.01357074127	3.268641743	-0.2667285573	6.25454669	-1.343690874
	72.49421468	-20.31717322	-9.256288673	-9.008666875	-46.95683215
	0.5843355596	-5.846788066	6.112069874	-5.019951762	-8.522165158
	-3.137597376	3.822681963	1.605761232	-0.4022954649	-0.8420403577
	1.999778155	0.9772207358	-1.783642139	1.840279762	1.111519805
	-0.5429189353	12.94904444	1.047743512	2.286195553	8.381311905
	-1.336312333	1.195071606	7.381930243	-1.239233203	-0.3187398732
	-0.4577879162	1.001324796	-0.2182306816	0.2297766204	-1.312315118
	-1.129130947	-1.426730567	4.907310948	-1.687501069	-3.748302381
	-20.77490802	12.19895699	10.26679573	-136.1865295	-56.12403359
	118.2859757	49.36131187	-127.63592	110.1949304	40.5103566
	-10.61036019	12.57218096	5.713991531	-2.169835865	-2.47116207
	1.102856094	1.589936188	-0.5725972622	8.056643584	-2.444982112
	3.93149926	-1.246914918	-0.7663658903	-1.380256752	-1.746938609
	2.123601205	-1.441813149	1.001342522	-2.695999506	47.69026993
	3.838316357	46.2104005	-1.278019426	-2.059788861	1.372842106
	1.285375928	-1.257182466	-1.143104497	-0.3389187359	-0.7099267142
	5.656848031	-0.7007756861	-1.680277512	4.494425169	0.02322614096
	-0.629972514	4.402018937	5.023061628	3.329436551	-0.1830974226
	5.122353477	19.70918982	-2.274672097	-1.426880643	1.608343559
	1.134489283	5.650491824	2.611931696	-0.7817244378	10.23722727
	-10.74501934	211.9809048	-14.97632113	24.33909914	-20.36851253
	-56.69118804	-10.54131559	-2.141747524	1.286855623	-5.738435168
	25.37790656	2.634284716	-8.674910623	-3.811847887	2.847590003
	-0.6883270782	0.1571830983	-1.276231504	11.59047164	-1.457935656
	5.205658763	-0.9574461979	-8.396194641	-0.2767364083	-14.24137767
	18.17506672	-0.7997449214	0.7010302816	2.071992152	-0.646241461
	-0.5205443426	-0.8295716035	1.553506621	-0.13344735	2.321470853
	-0.05317257043	2.323414149	-1.116374239	0.9178709401	-0.7606772245
	-2.42818484	9.895407995	-8.896708629	6.885254071	-35.09842201
	93.78318435	-357.5817847	-67.95942632	204.377902	-430.1236615
	58.22516548	-71.06901552	21.51635681	-7.408405775	4.342253254
	0.05269933786	-2.084345356	-0.3145879372	-3.262435933	-5.714882496
	-9.128054102	-1.114717412	-2.102510389	-0.5435361559	-17.75997918
	-7.164209839	-0.6899751178	0.3245941997	5.347516591	-5.017595815
	-4.517089244	45.2537173	-145.7007548	-0.3699491661	-12.975794
	-3.214055528	4.435039074	-0.9278466827	-1.273525722	-0.2169014618
	4.444503988	-2.633677541	-1.322555949	-1.133490993	2.682006093
	2.293980466	-0.6991658767	-1.324894751	-1.512446251	-1.554027879
	-1.873685814	8.82834496	-5.773890476	-2.388848996	5.281850526
	-0.4130086787	5.450365318	-4.619881407	4.960254234	-2.719564301
	-1.983511378	6.997863888	38.23394658	-55.54635253	-69.97735198
	17.18317872	22.94552078	-34.70669456	-17.89789934	-7.864646761
	1.402982002	-29.55568761	0.7570700164	-7.597978029	8.278382858
	1.701083868	-1.168707867	0.9938258768	3.199881888	-2.03975446
	0.8938435881	-7.547610876	-1.064152618	5.497953137	2.996371117
	-3.064109909	5.505846628	2.368966274	0.1385904829	0.1019472201
	-1.112292748	-0.2091314719	-0.8528958878	0.6105927135	-0.2479580899
	-0.3167138129	-1.251422903	11.91613389	0.2732859303	-1.623980286
	-2.059501569	-3.069374423	-5.034637091	8.57701255	63.95183098
	-43.0793653	79.02126889	-80.93854285	1166.884816	-624.4815179
	86.37232261	232.3988999	-17.41614808	61.05184221	-19.30577614
	0.5264039477	-2.218796705	-6.678128096	0.0214280236	-5.120995761
	-0.2862026928	18.14085188	7.355540036	-6.667454993	-2.774751755
	-7.359213172	9.174531927	-0.5312555748	3.661528827	-2.592297203
	-4.533629533	14.90333801	-16.69850903	45.6522636	19.12025533
	6.213589842	-1.050820027	-3.527542559	1.667851188	4.808621541
	-0.5613008568	0.4152615359	-0.8937416749	-1.372915325	-0.1796367773
	-0.1864278142	-0.3642118495	-0.9888043638	3.39795981	-1.654708891
	-6.001247289	-1.484329908	-0.9502741408	-4.763831598	-1.915462962
	0.1907169786	1.12312089	2.255430323	-2.039080529	-0.1799423513
	-1.743307445	-2.326363934	-4.636159119	-286.6723457	81.63974309
	6.52582744	158.0362634	-57.45142716	-171.0417679	90.92681196
	-19.26696405	16.56785245	-36.41120255	18.32573615	-3.361400013
	-11.92810136	-0.2892208436	-3.140051703	4.291740808	-1.15907709
	2.023586773	3.729497242	1.01514273	2.093786129	1.867696748
	1.183482679	-5.773014196	-18.53512	4.834685193	-0.3072442738
	-0.185908134	-0.1599806257	3.129420834	-0.6426896476	1.865066863
	0.8193678265	2.099731644	1.935914231	-2.507349246	1.646010416
	-2.148247183	5.035874245	2.296050973	-1.091419612	-3.37909922
	-3.266675099	-20.3055517	4.441667657	54.50844922	-168.8900856
	-357.8186998	415.5612622	-887.909322	234.0357217	-47.4087796
	-25.77278828	10.2896259	-5.728869996	-0.4734035786	8.932630066
	-17.20717004	13.06039477	-53.52915123	2.081381183	-3.627249981
	6.856610016	-1.954512995	4.001368459	-3.161278666	1.749242689
	-2.31853894	-13.97416649	45.65617426	3.975159145	-28.79577237
	-39.07061189	-0.04162545712	-5.191380307	1.015474413	4.243954499
	-1.37183013	-1.439800585	0.2656777819	2.976893285	4.644099882
	1.582981359	-2.590040773	-0.76954267	-2.612899377	1.570994642
	3.332812038	-0.9182202323	-5.751011657	-7.452052167	-12.37536004
	1.658151163	-0.8572036597	3.892037679	-1.21888061	-2.423254843
	-1.72792885	3.821447947	8.28913001	0.382880181	-152.1661585
	-129.865303	51.78145095	15.41690872	-187.909285	24.31224702
	96.58802036	-76.89901239	37.47637704	0.3881073134	7.230573512
	0.3014660753	7.414567377	-1.60555355	-1.515488973	3.256665214
	-2.699613712	5.067538898	-4.080868632	2.573571773	2.312546803
	-1.173018222	-1.346182982	0.9393227575	-2.945186304	3.069900243
	-5.627936131	-0.1409811649	-0.5420482213	-0.4747365685	1.978922479
	0.7203131063	-0.3105486715	-1.579627773	-0.2357137868	2.851930455
	0.6642455927	-5.077745148	4.960809944	0.3294599473	6.443078903
	-13.43798171	7.087481569	-2.073257803	13.70496444	-34.36454435
	112.1628509	10.92712748	-506.3110922	298.0490054	44.50180641
	-7.513640227	6.940654279	15.15299554	11.52442515	10.87812668
	16.52659763	-17.30576393	28.43233573	-4.468758737	3.065176241
	-34.57966067	0.4765208941	-1.618447429	-1.247921108	-3.044610628
	-0.5910775391	5.726640259	-3.032652223	47.07931979	6.876937406
	6.76653178	0.5981841706	33.91465024	-7.59115272	12.9709675
	10.13528359	1.186960092	-0.08599151131	-2.143074182	8.935592106
	5.421309701	5.547782947	-2.537592116	0.181957324	-1.179694489
	-0.5637163667	0.9556576456	-1.180405208	-24.03368664	14.38500148
	6.601199004	10.69378311	-0.879800881	3.395602885	-7.313732057
	-1.60210717	-2.796329378	-1.519088994	0.2119144262	-3.523899966
	-162.3920008	-20.89080749	-57.09453313	105.9201726	-305.8159209
	-311.9151627	1781.787671	-198.795682	62.89726234	73.26498541
	-15.12964962	-8.084546129	7.03040597	-11.18157044	-0.646852226
	-8.735227085	20.08881042	6.902972008	6.635647706	-0.265285919
	-4.941114362	4.84863592	1.059275708	3.375649679	9.811049725
	11.29464546	-28.55677679	-0.81954675	-0.6559172978	-0.5342487342
	-0.2674720956	2.460098628	1.291551513	-1.847502701	4.283000008
	1.915257334	-1.153419562	-25.14672778	7.182063186	-1.132782285
	-3.491522037	-2.529553841	6.402632876	-4.175745082	-1.593434149
	22.88025367	-49.0079091	-70.79331525	234.3172682	-118.536112
	-33.9688141	-285.066155	68.66057102	17.07944892	9.964055801
	-33.22426389	-4.04082798	44.2395517	8.632545598	-12.85756937
	-0.6834239755	-6.934410869	13.31901567	-1.652499328	-0.2045160145
	-0.904356194	-5.275910228	-2.162401869	-3.525897143	-14.19147187
	1.114775403	8.932023711	-4.350747175	-12.14809679	-126.8245349
	25.04587148	-10.54915889	-1.247338414	1.58602326	6.66203305
	-14.86351169	-5.479760151	3.175200469	1.594179698	3.739368204
	-0.9184399813	-0.5315819902	-0.9144069917	-1.74163215	-3.555344275
	1.717269708	0.07658357674	-16.29945324	-1.833686675	-0.9479730696
	7.336617563	2.493484277	-8.144362991	11.4650707	0.6902273168
	-2.676089318	90.83733628	-152.7538663	78.71044858	-9.629880473
	-57.25132522	-51.08576308	1044.285293	-209.6644675	398.0869225
	-63.30140484	-23.53816089	-6.667273189	-6.564174745	7.775703651
	-4.071220005	13.46751435	-2.154576546	6.342323288	-7.714461126
	-17.64870823	-22.69036564	5.730440277	-4.957183889	6.342357743
	-4.088317136	-24.50979815	21.69597849	-5.556753233	0.5532652723
	1.061282011	-0.9392752772	-2.796229147	0.2812070663	2.303244675
	0.7958726494	-1.133261154	0.615548736	7.939123682	-0.3298427894
	-1.000524419	5.146156219	-3.221845309	5.264502509	-2.603788353
	3.773972036	-0.3707445272	2.829080613	145.8517398	-255.7620249
	745.1048134	159.5064286	-162.1354611	390.9612829	-30.69637352
	-14.62008604	16.68553221	-28.3801924	-61.17765903	-4.295746466
	-29.81506327	31.93302719	22.12850774	-6.434144109	-2.559056822
	8.962503404	5.508983732	-2.960506571	6.709668107	-4.060716051
	10.78959095	-2.131805175	5.088068938	-2.132888965	2.635945057
	55.75588922	0.6517229575	-3.848093364	-0.0545689678	-4.095552123
	9.622109706	-7.735104899	-14.78719244	-1.984716266	-0.7424366422
	-0.7938108173	0.3233075309	-0.7801754782	-0.7162529649	-3.838019206
	-0.5202775455	7.482656906	-3.164984353	-4.191855911	8.087739901
	0.7143510201	-1.526990721	5.742630805	8.327008945	-14.07726158
	-0.3499993615	7.993442517	-61.48473019	-8.938717527	-26.82882849
	39.43995335	-6.762460642	-20.7233897	79.49867857	-138.8727477
	-78.67835021	-9.831544037	59.86772652	-11.39891643	66.31856532
	-2.682147057	-0.9646325157	9.971985402	12.46643035	32.84955098
	7.41619713	8.8150959	-8.63303551	29.76091946	5.700010096
	-8.39522808	-3.313365222	8.006014188	-15.04666565	-14.87654773
	7.092489051	6.066922144	-1.02694494	2.790067413	0.9903168209
	1.496736446	0.6303521265	-0.507345015	1.461887954	4.732952965
	-0.9369952671	-0.7591545837	-1.912244033	-1.978445373	-4.13455658
	-12.06081695	-0.1322036243	11.25892038	-18.43607899	-101.6457589
	19.91622533	-111.9684397	671.1544907	222.8906635	693.6636322
	-127.886513	77.50902864	0.8950584722	9.462365197	94.78282123
	27.66774389	-7.064033898	16.61077245	-9.081433207	-15.02140082
	11.72823398	-2.809552238	-3.170775289	-13.66140364	-1.411854415
	-1.220736315	1.714345247	4.402508143	-9.990055554	-1.686745514
	-2.940308383	1.319303036	4.098170793	-3.595945144	4.185782403
	-6.679875226	7.280095931	1.32139608	8.548631646	1.292342044
	-0.7083572278	-2.615970204	2.935561808	-1.711478764	-0.8032356198
	-1.643809385	0.7241620301	1.94352444	-3.658963095	0.9741781328
	-2.911973478	4.022676631	1.098619505	-1.766995816	0.6289019724
	-0.4660504062	-1.382557571	-3.125333758	8.204300964	11.48986258
	-3.316596551	11.81133461	1.852542878	13.41351777	18.3202725
	-67.35020642	328.0264303	-237.8614012	-22.60415814	14.40355986
	-16.72506393	-2.462537702	5.346958526	4.48724558	-1.32301795
	3.468945605	-15.5081108	-2.000603317	-7.548593391	34.77164638
	-18.20629641	7.195379604	-0.8566725554	2.88334632	-34.70896536
	85.70506229	-14.7828515	4.195806696	-2.32951223	1.167024463
	-0.2049157486	-0.1259649079	-0.037386064	-0.2006370301	0.6009248392
	-0.7406929296	2.005360771	-0.1493120911	-11.05616001	-0.8108236715
	-3.356980762	12.70280483	0.1319473165	-2.863560074	-8.18019563
	-2.245771847	-50.20630219	-1432.224725	148.0373429	-806.7383726
	55.75015702	-109.0130773	41.77295382	-13.02628292	-2.703518832
	-38.84620843	11.1989347	-2.188745603	10.3497373	3.359732971
	14.43103327	-8.572303271	-4.392599072	1.809310906	15.53719705
	-6.467021566	-2.002883522	6.18284537	-7.494966192	8.44626171
	2.838087952	-0.3909776082	-2.017437324	-1.910198005	-3.207169459
	5.182019228	-7.144893737	-9.051004679	2.614537868	-4.90199004
	9.87232502	-2.811798223	-4.705886191	4.728713036	-1.42953005
	-1.555512394	-0.2907921736	7.581380786	-0.8127659234	-12.89737219
	7.981742548	0.06739487883	0.9325331098	5.403865219	-1.106606588
	-2.865975134	9.921252813	4.783209985	-1.640214468	29.80262791
	2.816582412	0.751991544	-3.57767117	3.738726494	0.4891662999
	5.825519335	29.94466627	-65.23197131	-79.36139492	-7.979430807
	49.76011107	-18.65104475	22.95590537	-2.06925115	3.615194891
	-1.588065518	0.2596233256	-13.4452788	5.309004057	3.27625616
	-0.1870918701	-7.646357774	0.2308476186	3.100928257	-4.936463946
	-9.411956271	-25.76242597	37.02625846	14.31279712	3.660072482
	-0.5849072293	-0.4765679951	-0.4822923257	-0.1405363254	-0.1332656992
	1.74419396	-0.2573137861	0.5353670928	2.534805717	-2.395249424
	9.792531061	-6.179241798	-29.57308747	-2.976427815	-2.228698051
	14.56157189	14.42723537	40.50980252	-206.1070251	427.5294979
	-137.8035466	39.00395192	-41.71808515	7.423465393	-15.76210935
	-4.843650196	-30.7011512	20.28668656	1.532669986	-2.659977012
	-3.825872671	-9.383879089	13.7506546	-1.021580851	0.2423296367
	-2.671127648	3.037058795	18.78110058	-6.328604831	7.321168634
	-0.5258560682	-3.355772717	6.63118817	-2.532246694	-1.282913528
	-10.66377587	9.386939713	-12.91842966	47.53424583	26.67628298
	3.54320798	20.57770422	-2.85898878	-6.070624173	-0.6381877662
	-3.748772939	-1.649969028	-2.654673946	3.966827894	-1.713137133
	-3.022498211	-1.856822961	0.03946508314	-1.374672961	1.042814297
	-2.628182633	-6.171238551	-15.34970937	-5.459899871	-2.10384174
	0.6803315501	-31.94545305	-0.6769694576	5.846526246	-0.8314199206
	1.628190735	-16.89209038	3.972618468	4.222523458	-24.25855323
	67.06056516	-38.71706985	-4.875178464	-3.834039777	14.86906595
	1.297076086	3.325049301	5.836796139	-9.360203437	4.834440986
	4.466906127	-2.906506124	3.00017124	12.16124589	0.154261604
	5.261920607	-3.380636597	19.07235836	-37.56174648	-12.62579988
	-1.218294138	-1.676733391	-0.1976037289	-0.9631816106	-0.3098621464
	-0.3197791193	-0.005425821456	-0.7692085613	-0.6842154352	-0.2305585495
	-2.939201466	2.119876088	-11.0204036	30.88151769	-1.439199157
	-14.15772227	-3.061112896	-12.99150421	-28.6678605	186.6289476
	122.4415393	-67.44525974	42.72358657	-7.623975798	1.163870434
	-8.104604322	51.05952836	-6.854948644	10.51886206	-5.606569591
	-4.583712038	1.2361397	73.22117978	-27.27816464	-2.296804184
	4.358787135	-1.980594094	3.754982771	0.1572773867	5.519656359
	-8.862849225	7.243260673	4.765281647	-2.494988871	3.284633234
	-0.7540481275	-10.56285884	15.25132906	33.41125226	-4.369052931
	-32.4969263	4.99227786	-7.412111577	-8.70720256	-1.186437073
	-3.933042248	-7.279655442	9.891657347	-4.208554623	2.856370871
	4.35925026	0.215869624	-0.7403420934	-1.614876444	-1.410347418
	-0.4006534398	7.326056045	-7.201968851	-0.5747109137	32.49854838
	-6.239918083	10.48169633	6.584310703	0.08576050057	-6.521492943
	-4.809316934	2.437817327	2.305998449	-7.329172848	1.756291615
	21.90830293	-118.678442	-8.78129448	-15.28586744	10.48356051
	-6.805218631	-2.053684702	-0.73970258	-5.006662014	-5.164514533
	0.571753481	-1.977171187	3.044978401	3.089056737	-2.241223071
	0.3711600421	6.704418695	-7.136714677	-6.106622965	-11.87812711
	11.23988164	6.97207726	2.55771784	-0.3023203808	-0.7249491457
	-0.2852627156	-0.2587209006	-0.3122416651	-1.139966134	0.02863468356
	1.086662275	3.726169599	-4.758813081	28.38376014	-20.35182416
	-7.077790199	15.99471415	-2.175254989	5.141541213	-21.18705151
	-26.90540264	-43.84740796	-29.01796699	-70.05820078	18.32185664
	6.568796634	-0.7614995557	13.45470515	-6.222178301	-11.33783415
	13.11212092	-0.5325325934	24.50788381	-76.75348547	-12.90056816
	0.1497625317	-1.457168555	-1.159310897	5.751410525	10.1868545
	-3.083002221	1.122653422	-13.88094779	0.9741973462	-7.628910603
	0.8436303926	2.106247331	10.51381972	4.837957461	-9.949338144
	0.4744281482	-7.453879903	35.81461406	-67.79297071	17.68467557
	-4.213923509	-6.293795222	19.82250462	15.91111939	-1.294978078
	7.737952237	-2.720138465	3.401856512	6.753536084	0.8559912801
	-0.6007369159	-1.369931786	4.451855047	-5.014607279	-0.5208374855
	10.33733821	-24.384111	-4.205465763	-3.477113028	1.22822022
	11.30364559	-0.313408085	-2.358394733	2.123807226	11.51695788
	-1.139288156	-8.219156596	-1.764476965	62.99749012	-7.532084577
	2.651348113	0.2559684936	4.220081641	-4.749100374	-0.6731590237
	4.786652858	-1.247639043	-1.73712659	-0.2143502958	-5.377773917
	4.181754785	-1.416099113	1.269516814	-3.318028456	12.62642462
	4.302545084	13.29195768	2.357162653	-2.76824521	-2.202735198
	-1.794067785	-0.3255781201	-0.4507357281	-0.6677017754	-1.584556458
	4.230297761	-0.6334202111	4.639571762	-3.419457509	0.1304567311
	-8.840942216	9.697804819	0.004305257308	-11.85356651	0.7277777518
	-0.566042745	30.42254353	46.41994634	20.04373647	31.07881932
	-9.599997103	-9.306553474	1.213441301	-50.92018018	-7.036321748
	-1.517834608	2.079397053	-4.376525509	4.447963153	-14.34501002
	-1.052966124	2.491176033	2.050083944	-2.145343389	8.774054708
	-28.945732	-0.1656015087	13.05686291	-37.78472679	2.763743217
	-46.38640735	15.83478262	0.3538452754	-5.732078335	3.578161196
	-22.12268179	30.40343511	5.654952966	8.258226913	-7.399328005
	17.1296207	-3.722915515	-1.673987712	18.97816804	-62.89912619
	-2.353936283	-3.101043487	-2.093289708	-1.328605977	-9.797452992
	-1.275627982	1.615437937	3.261392671	-5.375386656	-1.827743646
	-0.8537288429	3.572144715	-6.832925267	8.879373788	-2.818463186
	3.274035186	-10.95763952	-2.05689405	-0.7383018935	5.374520906
	-22.07414338	-5.47750207	-1.601176475	-2.724692571	4.924927786
	6.502249971	0.07798846447	-1.203333098	0.01675252626	2.934390088
	-0.5776370439	1.480766599	-5.972572294	-0.5851003779	0.258623091
	3.869459507	-0.4898799889	0.03549960853	0.2387814362	-1.637950984
	3.100369718	-1.2429329	0.05230745769	-2.900904866	-3.189331838
	-0.3198362179	3.723951906	0.03075204789	-0.5506556652	-0.1955459456
	-0.2127476062	-0.1668923741	-3.799809134	-0.01505810512	-0.522752524
	4.257498556	0.9787300007	-10.24269951	-2.448887343	8.749159716
	-2.229913506	-0.3105601803	1.26388073	-12.10775845	-7.065051006
	-7.946766921	-15.45609934	26.09045946	2.302244849	13.41804733
	5.223797233	-1.028328345	-1.135287982	6.279487344	2.208246073
	-1.862463505	6.655151788	-2.572455671	6.416070422	-2.087917954
	-2.622776526	15.59865818	-2.686495619	-7.638100104	-3.872458277
	13.4601212	-0.7987901977	-4.748556788	7.075870801	-2.312885473
	0.4395462857	64.35020266	-36.54356785	-6.336316163	-27.54633493
	9.896971901	2.304107188	0.4145228292	7.537905056	-4.92204783
	22.84231264	-2.569986267	9.965461978	-1.877291704	-1.425335539
	-3.471856046	-2.823236133	-0.5642678709	6.247101868	-5.987888617
	7.167886315	-0.117860132	0.2596106317	-1.8537061	147.765235
	-17.8613662	4.348860614	-1.471922458	9.76849934	0.3956451456
	2.046042046	0.2223372135	2.796353845	-1.416613805	1.407589765
	-48.0694689	-18.74658164	-0.3690959172	1.944449145	-0.814421386
	-0.2572927855	-0.3138040254	-0.3808217663	-1.9751005	1.461153601
	2.350902079	-0.4303413549	-0.2004580251	-0.0830297884	2.182454538
	-0.1436927075	2.270917338	-1.928306155	3.188848425	-1.423351235
	-0.3447169939	-0.5353420708	-1.835911274	-0.4949523805	-0.5049792752
	3.461815172	2.011900245	-1.298190648	-0.8725127652	0.1058494717
	3.030544342	-3.358573773	5.67957122	-3.562516424	-0.06567742154
	-2.34379198	-6.103919074	7.596794015	9.430967525	-2.931556127
	7.730471184	-7.203975306	31.2161919	13.51881314	-7.016237757
	-4.211728376	-0.5890126773	-1.502173016	-1.75568337	1.265509291
	-0.2252894669	-0.7691335794	-2.574993745	-2.419084853	2.79098294
	2.672701514	8.31663262	-18.85356475	9.602422246	-23.94074977
	-20.27723564	-1.834660625	-6.178657725	-18.11109151	7.360174423
	-8.048039689	22.66021051	-43.84169511	64.43770345	47.95886344
	14.49169979	7.128783786	-5.318339016	3.65570133	6.973423849
	-9.821850143	2.832929765	-2.022894315	-2.886958105	2.384111281
	-1.467462231	-0.8487005013	-20.69406978	-0.7991451775	-4.884683449
	-2.078394938	0.2947089856	0.1234458173	2.034135554	-1.077258014
	-21.34495705	-12.84982251	13.78224544	-3.809483267	3.050573076
	-0.60123692	-1.934095603	-0.9599553523	9.412628937	-2.489982194
	3.148469749	-0.7657932762	8.825228678	-1.812051607	0.4352603499
	1.980073537	-0.3602326643	-0.1855368722	2.732684768	1.554776033
	0.42710256	8.343070318	-1.684557401	-0.7452213205	-0.1037091697
	-0.6535454388	-0.6027024308	1.502989922	-0.7048423326	-0.00935598461
	-0.2815321231	3.237203502	-1.610961816	-0.936801253	2.987430234
	-0.1950659787	0.09525723749	-0.9116748626	-0.7250032518	7.288031165
	-0.4590760779	0.2770896101	-1.638957425	-1.766380847	-10.27798016
	4.161230718	1.045785756	28.54453994	-3.614962609	0.6424043023
	-2.687150046	-4.140019032	13.32058582	6.098527796	5.999660469
	-7.412523921	9.308815602	-1.609228206	-3.867336239	-2.756330119
	-1.742356648	0.4105268958	2.605799219	-18.17852959	0.8093176154
	-3.30981727	-1.967187436	-1.621943489	-3.549537021	-5.648471308
	7.458521786	-0.6669598843	6.970515269	51.45450448	-29.67039436
	12.09340558	-5.526068014	-7.671139711	-6.346857578	6.023685906
	-29.81677809	9.06793538	-11.48691636	25.00802339	-0.480330449
	7.09336677	16.26675499	0.4958646144	6.332863116	-7.578743853
	-2.668008893	26.51467974	-1.342174431	-1.667534936	13.48362781
	-0.06163915572	-1.505014596	-0.965986161	-0.7589675935	5.779002139
	1.126907369	2.198416943	12.09483982	-2.162061382	-5.832685573
	-7.655577699	-12.92530886	2.710863619	-2.048928046	0.09307163247
	0.4447100013	0.04095167306	0.8176401668	13.17265679	1.47276208
	2.188335472	1.206999546	-0.4927329877	-0.182818175	-0.3945697652
	0.1537488963	-0.452424718	-1.374734672	2.751688876	-0.6212914384
	0.2614880655	2.122015107	-0.5708911119	-0.2187972991	-0.6352910946
	-0.5674455844	-0.0422436428	3.626525644	-0.6785646073	-0.7732908472
	-0.08892034406	-0.8342398326	-1.032848174	-0.7956747278	-1.389629167
	-0.4913809863	-2.344455338	0.3067777663	-0.6432272301	-9.594357354
	9.258149316	-1.894888173	9.304714721	-54.07129667	-2.340561392
	-2.113813994	-4.00441958	-9.459443599	10.80960578	2.808194454
	-16.93474765	-20.58993024	-7.483723579	-1.236556008	13.13709307
	8.870205788	-9.417572373	6.656291703	9.441807979	10.27478812
	8.899663059	5.43559799	-1.966850811	-0.02261859718	-1.173513941
	6.185656826	1.327344852	5.457546952	-2.601475014	-17.80285485
	10.37296643	2.657689181	-2.62555095	21.95913277	-4.093766221
	-5.083583933	-4.741384029	9.002736351	-2.452548025	-11.52045826
	-4.942878664	-5.353738384	-18.8278324	2.591026732	4.791956082
	0.4791787192	-0.7243770813	-26.88213796	-10.78816664	11.66179326
	-15.42760657	0.9760840615	-2.457505311	-0.3856348563	-1.595764602
	-5.313544718	-0.9717877885	-5.786263162	13.63484323	-9.758486428
	5.377317388	-4.955422684	12.61781431	6.125416116	2.933530646
	-1.725169763	2.248502058	-0.9623897011	-0.868298521	-1.032398169
	-5.027213719	1.270486049	1.881476514	-0.5764874908	0.3056810261
	0.3904176421	0.07889480989	-0.2932057475	-0.9528089293	-1.629424309
	0.2786908519	-1.119590277	1.103157175	-1.706535654	-0.1856816469
	-0.8460656031	-0.3196254053	1.273534194	7.001504493	0.3916411053
	0.4509986058	-2.68225635	-0.5764585364	0.08427453716	-1.786019608
	-2.047050405	10.10321811	-2.386785453	3.611745957	-2.853500088
	43.10270643	0.5693867253	-1.77648788	2.911283496	-3.532943551
	14.87714207	-10.89938824	0.9919550789	-8.238336562	3.540295225
	-3.129421413	7.478953892	-11.7500739	25.95023303	-18.29913552
	-39.08577076	9.763632132	-10.70723099	-12.72483316	4.484115323
	-2.418048617	-18.50042579	-0.4478156719	-2.892878383	8.39465861
	-0.5324626651	0.5568799334	-3.648516982	-1.048898605	1.747071792
	4.406128851	-4.077119185	2.803636965	-6.457732756	-2.92668845
	-1.544396876	-1.403011626	9.821598058	-0.05315037111	-4.624965877
	-3.605080194	7.087764221	-6.326964612	33.34612418	-33.29295923
	-0.0417120335	3.884353451	6.324409261	-10.47998239	27.43740755
	-1.393437211	-4.168930532	10.45603604	-9.810242289	10.81787471
	-4.059225653	9.421126209	3.193285638	0.3563903593	3.283715894
	21.54889722	-4.056330638	8.880517791	7.122265145	-13.44131984
	-1.955393173	-11.87066952	0.7715079758	0.4092062989	2.736890567
	-0.2288746888	2.934300342	0.1277106172	-0.1267457724	-0.9918954992
	1.149948153	1.186946326	0.758287942	-0.001951847898	-0.01586561032
	0.5190750463	2.967592768	-4.383419413	2.75407645	2.5084401
	0.9500373273	-0.2980278952	-0.1360006191	2.779709393	-3.634372099
	-0.8256785399	1.223597771	8.464502793	4.972419966	5.298209502
	-2.477767094	0.5798203391	2.005340917	-2.150081069	-0.1688286077
	-1.800109898	2.513609959	-4.903566659	-3.106457129	-2.735288317
	-2.127954583	7.222294804	-2.673161069	11.15790226	-8.837025651
	12.27907458	-0.0487721788	27.22843532	-25.03038541	78.36384278
	-76.41056821	-1.150305395	-2.411012684	-2.824498982	6.500830915
	6.129877852	7.675847485	-25.60714916	13.79755886	-1.740418576
	-3.675147168	-0.7654988829	1.064399529	8.132051947	-0.6662509238
	-1.676231003	16.5805319	1.724714859	-2.133298378	8.550891643
	-2.441535243	2.685101779	0.9447114875	-5.94924631	-4.37366318
	-49.55753768	-5.395338196	15.95539566	12.98634687	-18.17317396
	9.916890677	0.0111437335	-1.764745234	-7.1296623	7.181396502
	3.015309428	-3.743688532	8.229084404	-6.125020038	8.668047686
	1.64970498	-16.41734214	-4.558855594	-3.209477434	9.431750371
	-22.4813903	-15.87012047	-2.658429052	5.179677476	9.446991101
	40.32960334	-6.381658775	7.455876773	7.344483008	1.025572912
	-1.23474091	-1.111867541	2.071511908	-1.69649925	-0.4677669908
	-0.08994948013	1.142110032	-0.1042627172	0.521737025	0.4789529603
	0.3425657713	1.604829353	-0.07983812329	-1.38759679	2.708041356
	-3.702252786	0.6284809866	-0.4906003247	-0.9934972383	0.1853153373
	-1.137029612	-0.6831936717	-0.8250693391	-3.372736677	0.2471881974
	-1.714586791	0.7313048117	22.3130073	1.567777072	0.6692896072
	-2.277103943	-0.8607045305	0.6823260534	-4.531301121	-0.9570057813
	4.795474621	-0.4597896182	-0.2881012581	2.833607865	1.182360328
	-7.035223336	15.85618362	15.31024687	31.08036885	-18.34838307
	21.37612407	-36.25068207	34.95837212	-5.88861382	-7.139771324
	1.858711883	3.669180945	-27.89599624	85.23122449	-24.79481415
	9.691618616	6.920913028	-2.071150302	-1.437835658	-2.586184456
	-3.499753182	8.993469113	-18.49054012	10.71750737	-4.508407818
	-6.750810433	-3.620201447	7.700932634	7.628331866	-2.137983976
	9.310238934	-12.81623376	40.07281983	13.88454099	-6.584491818
	-31.59729954	18.97608488	0.6042289466	3.004002741	-2.440463425
	4.497438417	1.00385975	5.294110727	5.055964123	-2.054206675
	-4.802201854	-0.3624978036	-13.05619365	9.904563838	-3.412005219
	-0.9268411034	0.7991595348	15.19490169	2.980539985	-4.876003624
	1.544748246	-6.680837189	-57.41327156	-13.4044728	1.438327175
	-0.1170074526	1.899511263	2.185104615	2.701424127	3.207994061
	-0.3189236548	0.6189569795	-0.1968606927	0.4548056836	0.9023785799
	2.262028828	0.06215728277	2.403831734	-2.098790886	1.133821698
	0.2482652769	-1.068151238	2.932601475	0.1722200046	-0.09816657225
	-0.3336445369	-0.2068717457	-0.5070657416	1.608567362	2.551630999
	-0.6163876542	-1.60663881	1.14110026	1.528214882	-23.87042614
	19.7557024	-2.53968719	-1.063233039	3.213759226	1.906801366
	-0.04492183949	-0.8734458605	1.157822402	0.09684478112	-0.2442346819
	-0.7276638801	-6.288284164	6.328533651	-12.19581355	-70.41925419
	-37.13672768	0.2895288762	-5.061298421	4.12557854	-6.019663113
	-1.820016122	3.858201755	31.246071	-1.759591556	-25.08761964
	0.4909879668	-4.412148393	-7.852065101	-8.031088047	-0.005843313582
	6.276731271	6.412981114	1.894637379	-0.5021202914	-2.666603248
	-8.789035807	24.60538557	-3.232448871	0.9615478667	-21.94645084
	7.872950962	1.719769303	-6.51960429	10.27852234	-2.729141205
	3.769174554	1.82294802	3.343915515	-6.972213763	4.472674977
	8.581113402	9.092094364	-2.644171362	-0.03385831598	0.1755733605
	-1.143454713	-1.650738467	-0.5107926004	-3.232815983	2.979194602
	9.272640424	-5.508274317	9.267442057	-28.84558054	3.881176082
	0.7309959742	8.658610926	7.112566127	-7.523628281	0.5490379242
	-3.901244579	-7.734032411	1.165800322	-0.9354348883	2.380172142
	-5.387596265	-1.132966649	1.895820916	-0.6448329487	1.237697581
	1.337984503	-1.773543968	1.592005367	-0.838646221	-2.786526893
	2.788825735	-1.159522789	-0.6217083246	-0.01540112071	0.2950654119
	1.841253223	0.9630196823	2.579929432	-0.1785822295	-0.2674412397
	0.6919303561	-0.570181897	1.438258451	7.594128571	-3.39717032
	0.5130126603	-9.400169843	-0.4405487888	-1.654235064	-0.9892018415
	-0.5275761142	3.377141864	-1.524316586	-0.2422270689	2.999507647
	-2.599674533	-1.91960981	-1.228788712	2.540473592	-1.035048161
	-10.35822162	-6.377307409	0.4025790366	-2.348130029	6.436055659
	-4.357658538	-11.7489139	35.57234142	1.828908856	-212.4465717
	125.1775636	15.58604854	-7.177108128	9.828488836	-2.230732904
	0.8251660164	4.580234313	-10.39143235	2.779831812	7.43873791
	-2.840027589	8.482173689	-6.77517773	7.840727796	-15.67011839
	-26.02149185	-4.91506923	5.397738982	-2.67869446	4.304176844
	-6.046430236	-9.473436608	38.50055141	9.564801994	-25.40838472
	24.99800718	-12.28363321	-2.221164069	3.230645215	-1.232018104
	-2.494659441	-0.9566741852	-1.654016201	-0.212646696	-0.1365608499
	-3.866142824	4.688661652	-1.366892235	-5.403321009	7.166373825
	3.673683891	1.577307565	-0.7845961909	0.8847462216	-6.206681252
	22.45901568	-43.20558818	64.50317462	8.323304572	0.02420168496
	2.012418874	-3.906849068	4.426780243	0.315603977	0.214182583
	1.927345683	0.4649511572	-0.7378482729	0.99697967	0.9134685539
	-0.5427027883	0.7373455307	-3.079733531	5.309166691	0.1362752241
	0.6302661912	-0.4246692074	0.5050711397	1.336202898	0.459935023
	0.1503075485	-0.8300334263	-1.162469343	2.01642182	-2.784365307
	-1.494472371	-0.1564407466	-0.3864477328	-0.3651617647	-3.114604803
	3.967248467	-1.528935382	1.1602697	0.1475742153	2.175352259
	-0.1625954062	-0.8652807599	-2.149457572	3.683485982	0.1450279945
	-1.203138595	-1.01683794	-0.8272704434	-0.4703563941	-0.8242063654
	0.1234513922	-5.897196087	18.67942578	-127.8775612	-1.572067084
	127.8662392	-459.7393092	13.87257161	13.04352593	-8.096959688
	-0.1025989865	4.06340616	1.422353767	-11.4788621	-0.05518765462
	-5.312324326	3.871268616	5.876144582	5.198337955	-4.256700515
	-8.343644343	12.34152903	15.76162331	-6.695897447	-2.347909972
	3.356934997	4.497833852	-2.565138467	14.30264413	-6.509003858
	-31.27871617	6.767120064	-0.9733417074	-0.524184608	4.359951513
	-2.333521608	5.617369034	-0.3370543527	-3.248754605	-0.8747456531
	5.200914837	-2.3516787	12.07174891	-0.7921150245	-1.131257325
	0.5768169509	4.205078015	0.1918697828	-1.284961168	-0.8904477325
	-13.38253179	-4.174356558	-4.035605726	-11.59500401	-1.90255921
	3.643630437	-2.614480086	13.57100588	3.223969197	1.335285852
	2.073523342	0.4167737375	-0.5696395435	-0.360510067	0.9090629998
	1.177229807	1.626181649	0.5838530395	-1.396871043	3.360062843
	3.715899054	2.591375442	0.4324591356	0.02124395239	2.190472214
	0.8469966055	2.275948335	-0.8146954914	-4.338481523	3.313311883
	0.2597853163	-0.3596861326	2.777297194	0.3516307584	5.235950861
	4.471828376	0.5598854847	-0.9341374904	0.009682133793	-0.3912234064
	2.295851762	-0.9530950886	-0.3560723634	-0.7375008507	1.200697243
	-0.4376493737	-3.095064328	-2.055731239	-2.264388132	3.142540296
	-0.8132562979	-1.311225064	-3.332062098	9.89640291	82.38809818
	6.000096133	23.24730482	-55.80826935	73.00404049	-13.41897026
	-5.216848656	6.179697581	-3.2550804	-1.175398425	-3.305214243
	2.57530458	-1.225811389	-0.4946427711	0.9395988832	-1.405263531
	-3.421905146	7.877392165	-0.6371784428	-5.366250687	-11.32342668
	-20.72277638	-3.513610252	-1.341862021	3.164572222	-5.047868119
	-4.437519513	-19.95289897	-3.395073342	2.898832071	4.709335681
	1.648558389	-1.279005716	1.127885806	-0.5495615277	-1.241895442
	-0.6970948706	1.703825853	-1.612672053	2.085359043	2.137727508
	-0.1497126209	-0.9996952078	1.256015348	0.3900471413	1.965516419
	2.289918979	1.023541655	-0.4309313258	18.08553994	5.020245194
	3.293789621	6.498276812	-12.67038965	147.3514132	-11.46252553
	1.767920056	3.321928548	-0.1724054039	-0.440797693	2.816217391
	-0.188301013	0.8880765665	-0.825927023	0.03227185821	-0.5394714335
	1.465104535	0.475078821	0.1398590059	3.087118518	2.637403603
	-1.714429059	1.523983081	-0.3996375206	-0.773382302	8.32931018
	-0.02821601435	-1.14111066	7.729293561	-0.2887605964	0.4470728343
	-3.525160221	-1.374756307	-1.116152317	-0.663727723	0.1972682379
	-0.3846560456	1.30704453	-0.4003288169	0.419511014	-0.2189847986
	-1.130542195	-4.626063804	-11.35222172	-9.224791068	-0.277776114
	2.635077157	-0.608859404	0.2370687183	6.629315893	-7.025836615
	-50.40067945	-13.02155396	-5.548571742	-0.4046719094	-2.009564345
	-7.483775381	-2.843679597	1.967913753	-2.253561413	-0.7015878225
	-1.140780086	1.568460696	10.07981594	0.7207337317	12.87039748
	-2.409661645	-1.010787798	-0.576976213	-2.376859208	11.94484085
	-2.25538241	-5.291829336	9.419083135	-4.485120056	-0.5766473726
	7.978081464	-3.312261169	-10.20235609	18.69810654	-1.58992119
	-3.596690338	-2.438250667	-1.131291831	-0.2909609898	-0.7676081453
	0.9113658363	-0.769151436	-0.2410164936	-1.148265448	-1.296290986
	-0.8334433138	-0.05449912793	-0.5050438839	-2.112118019	5.13058691
	-3.37660339	3.286293528	10.9197378	6.122368662	-7.993861638
	-3.567431905	-3.154488574	11.06970624	-57.32684523	-38.2742256
	-10.70020451	5.980041082	0.7473049515	-0.5029975385	-0.8107677767
	4.26586554	0.115424579	0.9712050521	-0.8178406663	-0.2321043801
	-0.9796936168	0.1321063655	-0.8922411119	-1.002100038	0.8985249566
	-0.3870785336	-6.305911892	0.9834752895	2.674527072	-1.640064521
	-0.1901365228	0.809083282	2.200657837	4.111537949	-1.883208607
	1.92690089	4.675518715	-4.863812767	3.999578296	1.353208802
	1.457112058	-0.3119240452	0.1703980847	-0.2139022123	1.475978325
	-0.04890410136	-2.092910757	-4.756601089	44.65704321	1.544283731
	31.78894113	-43.79249325	4.577263561	-1.163792346	3.880464033
	-14.64066907	96.20948543	15.88471336	5.403477374	2.541834638
	6.66697865	-1.577446907	-1.567958416	-0.3706036298	-2.720077952
	-0.1956013396	-0.8426952711	-0.7486729554	0.9189434635	1.401838828
	-1.745899996	0.1332748333	4.875707974	-1.537740033	-2.310348969
	-6.632245764	9.059160237	12.75168839	3.735595913	8.396494461
	6.712687482	-5.063799671	-3.701220673	-6.813821727	30.9151814
	-9.471948081	-3.610755825	-1.313195608	-0.6409438113	-0.2533930855
	-0.3337121343	3.848510935	-1.743617904	-0.6266355947	0.2651503493
	5.406190263	