3131	
	-171.7350403	21.38804522	-9.290644893	3.265972363	7.602057451
	-5.641626025	98.45577428	-11.09742545	9.043299929	-24.88212889
	3.552451422	5.825917317	2.1693033	14.22649849	-39.5281128
	175.0929844	19.49785088	-2.698425987	1.591064304	4.437826371
	-1.528388651	0.6454344576	-1.903820664	-3.948986675	-0.2189169939
	-0.5035804972	-1.292473274	-0.4468298547	-0.3389083048	-1.088698304
	-0.02573620561	0.5737277822	0.5879028198	-0.1821531672	-1.632184398
	-0.9063677696	-3.08019519	-1.187897732	-0.4433761397	-2.526148457
	3.014227356	3.418197932	10.82367385	-19.14158192	-30.32095185
	1.29183172	-24.64467622	-2.446588583	-3.417611743	-2.255971963
	-13.06179024	-1.343096629	8.811320097	0.5655083318	8.65382957
	-2.359659552	-2.112223653	1.707483898	0.5100035269	0.1479888814
	13.42582298	-17.95339205	25.10163515	-10.36167233	7.709375097
	-1.427389141	6.469330323	-30.44617422	-3.285684095	0.9942216878
	11.34344053	3.748893038	-15.37033108	20.88567086	30.64768436
	-188.0575996	34.51055955	-15.01363484	18.06748882	1.056335904
	0.8796295532	0.6335102712	0.4201036036	0.6176507053	0.4647399407
	0.3481951333	2.322986945	-2.007637149	-6.414855254	-1.251782561
	1.497438396	4.137919378	-11.69559543	-11.66402888	-30.39620076
	6.256473475	-1.159540733	-4.357313033	-3.359167748	-3.76527833
	-0.5730921494	36.85428437	96.40711432	-25.71409895	3.954657708
	-5.267133317	-0.4095751838	-29.15167465	-0.8138680296	3.218520695
	-4.236424658	7.090044424	-6.074100812	-1.506368622	-1.329493676
	-7.034999912	99.0041964	145.4889287	-13.02048216	0.9000255001
	1.343105388	-1.483779091	-0.003305865863	4.778406068	0.3296690029
	-0.08466195356	-0.2035918129	-0.550215969	-0.4831664445	-0.6163676331
	-0.2636482797	0.8490247907	-0.01100995691	0.1867696563	-0.7581989017
	-0.8699992291	-1.602438219	3.013212102	-1.49430505	-0.212874437
	-0.3020117578	9.942288085	-5.635387127	14.04975933	90.049988
	69.99942842	-22.85680883	-8.872491402	3.852211642	6.221365359
	-21.97831819	13.94363214	-0.3083813943	3.802757437	1.069925646
	-0.9694310067	-1.212966108	-3.686806903	2.675044335	-1.073028224
	1.825047499	0.5691673599	-14.14048347	28.39921321	-2.245710788
	-1.50032603	-2.497649884	-3.912250461	7.866852893	-17.62343563
	-10.10914978	-21.74158683	9.723315023	6.156588124	2.497432988
	9.766970968	27.50051815	106.7801538	-24.79710454	8.296643875
	1.339623903	1.550897353	0.4337455032	0.6069741819	0.4716137015
	0.3186816983	0.9626486669	0.02923101421	-1.815469693	-2.506947541
	-2.20442258	3.024176195	-1.904865477	-2.225607253	10.52590755
	3.532092327	-8.190235632	8.64776653	-2.346526482	-1.318239412
	-4.566029415	-0.4902379073	-30.15819586	-23.3938049	-30.2481732
	31.1477202	5.718884349	-5.7720768	-13.36356093	0.9434246588
	-2.554127285	19.3059329	1.322184907	-1.703662999	-1.766534717
	0.6557673487	14.729901	-36.75854939	53.4765692	-20.23144986
	4.816190676	-2.066012301	-0.3123838621	-0.5562730784	-13.52053348
	-0.0854507582	-0.9954679121	-0.6185220048	1.375241356	-0.3793567682
	1.188352764	0.1786988514	0.5836394582	-0.04723494024	-0.4824771663
	-2.616653679	-2.07967562	-3.290141016	0.6633501496	-1.122411127
	-1.732905615	-0.416054211	-1.73863716	-82.66562889	69.18634992
	-33.95781125	-62.10858078	51.36650237	-13.69749879	10.76327297
	10.68800034	-17.70456836	-4.305333886	-11.41303604	-14.45592244
	-0.556018124	-5.588839075	-0.2919538938	-1.265290281	2.57906695
	-7.676242611	2.864497366	0.9319648017	-5.518365941	-8.63616471
	-0.6332507434	4.111411176	-1.827483941	-18.40308167	8.518000649
	41.01203327	12.41633612	39.82820538	-25.6100019	-9.838810203
	4.081217689	-8.010029855	16.62024168	-5.444344755	-22.01287984
	9.433773262	-0.078601559	1.482025748	0.4189598667	0.4106131226
	0.5092252756	0.7133210718	0.8196185858	0.2157155938	-1.713022236
	-4.307716199	-3.028804317	4.157031052	-17.38038362	-18.71204596
	-22.47209921	1.954893128	-4.228498467	-2.212210366	-0.6552479931
	0.05111214887	-2.093415684	8.606805465	348.6568005	-131.3010755
	37.94424818	-115.2743789	27.53904257	-6.88489468	-57.1284304
	52.77085746	2.517574411	-7.685749381	-8.187541481	10.56224842
	5.829635063	2.388439702	-11.58433	19.69337312	-12.68491383
	-3.681348573	5.678986686	-10.82914949	3.489437865	3.020935201
	4.052118008	-0.9062184951	-1.870809936	-1.080509051	0.6606714658
	-0.2851177903	-0.1272149535	0.2425839231	-0.5559385696	-1.06498452
	-0.8046850539	-2.856731938	-5.77352952	-8.573874773	-0.002714357997
	-0.3933573116	-1.095081381	1.178041684	0.8492488006	27.88218842
	-8.054302091	-26.88600352	17.50045937	45.71822224	-102.4774225
	6.625842677	-18.96796852	-6.948524017	-4.764575931	8.893583069
	1.070728991	4.419242543	3.881955669	1.718549685	-0.4722680304
	1.13675454	-2.141862113	0.4072204282	-2.897843384	5.156221522
	-1.946352138	-2.019094496	-2.212455901	-1.034066519	-10.16007551
	89.77118176	-14.25800991	-2.330205095	-65.77956082	-25.70522069
	-73.07699626	15.20155404	-12.9790576	-0.7753379608	-3.131291591
	-3.022443123	-4.291521646	-1.513201791	1.413236848	0.2451073427
	1.018767382	1.002183983	0.922953551	1.372984602	1.114092251
	2.998866757	-1.761542292	3.440857376	11.61557382	-24.72365025
	30.54013089	37.08355704	5.37828888	-2.530446495	-1.461246981
	-1.474314544	-4.561021968	-13.6640307	1.019272969	-303.2874434
	546.7681435	9.804900784	-96.86836262	54.64227398	-61.93588029
	286.6384646	-38.91010282	-11.93953005	11.08129603	-2.442343164
	1.237963293	3.067286495	0.1814033075	14.54399958	-4.055808284
	-16.24602835	16.54367199	0.1410728279	-6.945264545	58.32605289
	-14.26388594	4.353125079	-9.569049476	5.901768671	-0.3297682912
	-0.1123727691	-0.9552251148	-1.424539963	-0.1556272437	-0.9908643143
	-2.226147352	-0.2323488191	1.69068119	12.26256863	-0.7241036957
	0.1321585362	-0.4899591508	0.9246848168	0.9059422598	2.886310636
	5.259773113	-12.63780917	4.03306187	39.00744515	34.51262223
	-58.02664542	42.36543993	55.99302697	-25.22278522	4.540099391
	1.096308003	-30.11825208	0.6823037883	-6.387447906	-0.8823345143
	-1.891866128	-0.3355042049	-2.363666445	2.005935067	-7.409316493
	1.92898578	-5.076598696	-8.185526668	-2.662471777	-6.427211285
	-9.48417332	159.5552706	-180.4234777	305.7463531	-430.558682
	198.0622136	162.762621	54.8426657	16.7701029	5.874452611
	1.476158192	4.982231689	-0.4092166638	0.9341560937	-0.6733480766
	0.8628910823	1.011037322	-0.4724762078	1.005965095	1.934711167
	-1.533620051	-0.5322021428	0.0679160216	-0.05236553228	-3.458079852
	-98.16414577	-109.0000558	5.239799695	4.729431619	-8.590605481
	-1.350259694	-1.836643587	-11.76688661	-0.003293470646	3.677329455
	-8.847090028	-8.599589594	-386.438577	-35.31297984	-34.89640518
	-28.46586172	-3.220210223	-69.17056441	-4.085458157	-0.6948005181
	-8.73623345	21.37889982	-7.82542434	-2.21905422	7.603732378
	-0.9281060042	-10.53823362	1.494750261	-2.192528418	0.4521333118
	16.39618178	-11.87908631	31.53614014	0.4601725385	-1.998991696
	0.9904771443	-0.3571773721	-2.216558547	-0.7271320106	0.09893172171
	0.3399509032	1.605317452	0.2323636028	-0.1636611273	1.374549237
	-0.2151957718	0.4945630483	-2.710862115	0.02458235154	2.618067762
	10.0073962	-2.390495922	-20.29885881	100.3514348	16.66497467
	-89.90278725	34.6915194	79.77083448	-102.6960667	-24.72009281
	24.32305467	-11.0168376	-3.943746404	6.529768063	1.106828748
	-1.250588745	-1.805154906	-0.1185425522	-7.301101438	1.854591198
	-3.67753245	11.17279229	-1.197866031	1.880035705	1.635030066
	10.05766377	-15.86251756	131.338049	-555.2383983	-17.36686785
	70.72954182	251.272953	-1337.830945	71.07449636	-39.71295218
	31.00801868	2.320004879	-4.893233956	2.282547957	2.916272504
	-7.203703148	-1.102115305	1.753926865	-4.714602014	-1.470887698
	0.1183860998	-4.091182429	-5.91308233	-1.135601319	-12.23642905
	-12.00472676	0.1988304366	-34.26949784	7.61397439	10.00841571
	-15.82995129	-2.741757024	-2.294101167	-5.973633035	-8.927892141
	7.209095348	19.89099524	77.94030192	-15.0034617	42.69642616
	111.5692764	-57.65311578	16.0087209	144.325737	-33.8203969
	32.54038612	200.8398772	-25.10109826	3.717634579	2.222460441
	1.169563272	-4.546367746	-0.2182371382	0.01894707387	-0.6648612873
	-0.3510673715	-0.1408121077	-2.894154446	0.2757630471	-0.8225703215
	-4.646015495	-0.07186466309	-1.143714281	-0.5036300367	0.04271544313
	0.6667290296	0.149756035	-0.2407216085	0.3585888134	-1.685759376
	2.441734164	-2.165477414	1.455371242	-1.072355442	1.367498984
	2.049561397	-8.641031481	12.28512128	-15.53593132	-0.4185950057
	-353.931285	293.0306699	-426.8600342	-202.0101343	252.5611392
	-45.92366979	30.99144415	-18.06529618	5.43735329	-6.793595224
	1.0327041	2.233084345	0.4646075415	2.350054555	4.439904478
	6.079564656	1.076853209	0.4933068738	0.3955584557	14.33251205
	4.512516583	4.532151822	-35.65282945	-38.92547063	54.21027271
	88.76315421	-66.39698156	120.2322638	-79.96315591	164.4995394
	-68.14610132	0.3391805899	-16.4612824	14.97596293	10.4951875
	1.031737275	6.359805121	0.2214534214	3.569065336	-3.001288134
	-2.434368158	0.9435774128	-1.433821008	-0.4737781373	2.078408085
	-2.040277801	-5.573829655	10.41598748	-1.042675569	-4.155724272
	-2.794089074	-2.368393426	0.7359523171	-8.190676323	-1.329946214
	-1.472991301	-9.104490111	22.29327276	-32.61127305	9.694891194
	164.19184	-1444.931898	-32.679345	134.9987621	-375.1679416
	26.80665894	1.808427669	-362.4146169	8.101500185	0.9970731388
	-2.340073564	4.834453994	-17.83875965	4.198706452	-0.7932566658
	-0.4055413109	0.5383751691	3.71380411	-0.9241909412	-5.171859415
	0.6166791274	-2.018761545	-0.5019644051	-0.4874209573	-0.4387170787
	0.5506419719	0.150891809	-0.2337420975	-3.608479035	0.3077369948
	-1.281083333	0.9732757616	-6.151848622	4.488977563	-2.45797931
	-0.4918020044	0.8318735975	1.797464872	-0.1813808561	-37.2207515
	37.59304935	87.27576162	-1010.148438	-1754.345925	430.8815419
	-122.920749	-283.9338775	148.1310292	-52.550697	9.378386416
	3.443524732	-1.343000317	3.515522694	-2.860555831	4.555847397
	0.4056625405	-17.85964369	-5.578618142	5.103928654	2.246174781
	5.862475513	-11.25759992	4.101773535	22.93927977	-5.029812017
	-1.446287421	-6.667419124	-25.90172394	-7.624205633	-323.511427
	224.6911238	-2.421561727	28.75000151	-2.234370569	-3.070395823
	0.3118179072	-29.69458299	-1.539309918	-1.222221903	27.53244444
	0.2338046484	0.3558813383	3.803882569	-0.8680034834	2.322250609
	4.576711042	1.922143768	1.861863997	4.329908088	2.455973789
	-4.20332773	-6.63827083	-5.964976101	2.937563201	-2.322592711
	-1.254231639	-0.6520535446	7.055800139	-61.25731557	30.40581894
	-182.7167468	-164.7636764	1028.213441	622.0865332	573.214237
	1092.243932	98.93794477	69.98057193	61.79331102	16.99226259
	-4.952129145	-1.483333342	3.302710747	-0.8126675051	39.01419416
	-0.6107134614	0.1095173262	-2.335574887	1.628605473	-2.466680492
	4.103675525	3.290099149	6.52379693	-1.414353877	-0.2690383685
	-0.4734674137	0.7896146616	-0.8891738106	-0.3684524479	-1.421977683
	2.46436999	-1.793643521	3.541968133	-1.947049187	-2.911688682
	5.133377408	-3.299521891	-2.62937414	7.247005233	1.771202444
	-43.72032175	25.73151821	70.28279806	-282.6674842	-30.18571971
	134.0622281	-414.4285105	420.4040601	-243.7844765	-6.911589421
	33.59474322	-8.488189344	-1.915438301	24.85871385	-13.78916679
	13.54885176	-12.39848674	40.35230959	-0.4003248537	4.247756532
	-7.132499706	1.505875267	-1.753029136	2.486287915	-33.08797033
	7.086373166	6.843765541	-40.14555587	-7.857067177	29.15799163
	24.3764987	-51.80192646	9.176522367	-31.47702445	61.60001861
	-5.513970305	2.592535244	-37.21972174	24.47842783	-23.81119524
	106.2232176	-0.04033904912	-0.4118045409	3.019572791	-12.46949959
	-1.000950735	1.339777653	5.777765809	5.364608443	10.22645122
	-4.753134986	-1.611544932	5.362965364	-11.60975009	5.446233143
	0.3964629363	-2.52908601	-10.65798125	-6.61938978	-85.97275446
	-8.750123994	-182.17285	359.906644	101.8126271	-6037.406216
	-1854.720307	-2170.129707	-403.57003	373.4884223	1.611033566
	-35.57971512	13.36186761	6.580035194	11.09927807	-4.07736656
	-3.062075514	-2.155720537	2.158942912	2.245315697	-0.7308526839
	-0.9647947857	0.9838351216	-0.1834237567	-13.39640787	-0.6188243781
	2.138475405	-1.353623295	2.736467668	-2.309502705	-0.8384033469
	2.493811989	1.159801252	-0.3530703447	-5.017565579	-1.079459268
	-0.2932859423	2.46652486	-3.267540071	3.78061346	-6.545534642
	1.079430798	26.60811717	-63.90840082	-206.4576623	-15.60373361
	-54.56995712	63.40677555	292.042371	-314.9234739	35.79735173
	-115.8810046	-35.35407542	-7.269541909	-8.203102328	-14.57794896
	-14.37899892	14.12906265	-23.40205274	3.802631592	-0.73284382
	26.1338126	-0.8580563584	0.4239149171	2.036810882	3.108234622
	-5.368251289	0.1868133073	0.337309222	-41.36391516	-4.869486157
	-8.728903549	12.70953784	-25.92108087	12.41930782	-1.442687836
	-11.31310992	-9.815239336	0.5735031786	-5.872091473	-11.61584386
	-20.34559265	-30.65540367	-1.68760028	-2.867405524	1.803804748
	-1.737364067	-2.879568474	1.467554629	20.53187122	-12.68806046
	-7.599607368	-10.5553704	-5.024224183	-7.746980018	14.3028805
	-4.010625228	0.5852779555	-7.303185143	10.9782292	-1.149493263
	-38.88152125	177.9338539	180.6638699	-68.62624085	-237.055251
	1773.130393	7860.303631	5301.525846	821.1871001	-88.56098747
	-87.16533992	8.338796091	-0.3089887233	-39.0077858	5.555572762
	-1.796061529	-1.230717346	-1.665936352	0.009665325769	-1.043436997
	0.6149917441	-0.792841516	-0.778068455	-1.234831101	-1.678403895
	-1.297531377	8.743375482	-2.807826317	17.48028473	-12.72364945
	0.002178451924	-1.824072934	-1.090433373	-0.9919612901	-1.368318617
	-0.5891733805	0.7796092781	12.53196222	-4.087150928	-0.9598103752
	2.748929921	6.059400761	8.838642956	-98.37489228	856.5256506
	-44.47562861	-25.92205638	101.1779289	-134.1723645	-164.422863
	99.31549495	201.0280824	-46.40917912	-10.22058056	-13.91285164
	25.6296566	3.049861554	-37.37932703	-5.99410185	9.225828047
	10.20312586	4.897198664	-10.96007573	-5.151644477	-4.872651166
	-0.6863356135	4.279107556	3.184849989	4.264831617	11.45698155
	-0.8234933317	-7.465263859	0.211962271	11.35168741	100.2663584
	-30.31498326	-8.116642431	0.8503493676	-0.2994256706	-7.003641834
	12.40399653	8.741860924	10.69721571	15.93858567	-9.359401193
	-0.8617949191	-4.181867297	-14.03323477	3.154129325	4.352923447
	-11.01726963	-4.034646929	13.74149239	-0.09030923419	-5.878371106
	-3.216739693	-33.18923138	9.513227076	-21.57456506	34.35673804
	-2.917748038	104.2660168	-165.2046254	107.9283126	-1997.239413
	642.6552385	-2569.527884	-1358.506538	11678.11119	-240.4562009
	-899.2746589	299.7742894	-100.7780141	108.7325972	-8.302098923
	6.187897756	-1.525814573	-3.044343593	-0.5928018806	1.014225068
	2.528574518	3.867194838	-1.214469003	4.448455303	-1.743390911
	0.05238481195	4.498251321	-7.304804896	-1.368561377	105.7360715
	-68.10967288	-1.753805909	-0.9599056687	-0.5196953489	-0.9395051435
	2.826037373	-0.3051407927	-0.3646126271	-4.803625652	-1.137805538
	-1.413913411	-2.956530594	-4.719424922	-13.28037023	-21.96775239
	24.14490097	-1086.940475	1067.100018	-263.7865678	84.86097572
	-1003.995888	-87.1970443	-44.1428218	-388.2858927	-13.15000286
	52.94046309	-15.84916373	21.26922869	44.96148772	4.122203205
	22.4653263	-26.81232998	-19.05712131	7.365176959	-5.752600708
	-5.584413089	-6.0776384	2.876706607	-9.292078501	-5.978238363
	-13.10340063	-0.2040386518	-7.35967526	8.743602186	0.02164058805
	-55.92656399	2.478678973	-1.77319571	6.383938027	0.07540212165
	-8.258002752	7.045281321	11.6592181	0.7286623274	5.370154944
	-0.1213550133	0.3834582394	1.475919157	3.675595295	4.175978111
	1.248459733	-6.512426496	8.748383393	3.681568234	-6.320077291
	-17.92469393	-1.516902777	0.8549336946	-0.3582942403	9.720211028
	11.15381245	-22.41483066	-33.4001683	35.24124771	118.522312
	216.4868605	-362.894806	750.8516424	1798.369335	-4571.015162
	-3123.296499	-640.2522205	46.60897864	-186.4955385	2.025994017
	-53.40952232	-0.2683282517	-0.5745048851	-0.5920151243	-3.047255504
	-0.9704302432	-1.240986452	0.8811059615	-5.828521952	-1.432039197
	1.139429458	5.093886304	20.91679687	2.101324342	11.03499371
	-38.33162202	7.710920887	-10.49377181	-8.122887854	2.280263821
	-1.141687792	-1.230418291	-0.09876616563	-0.7704944231	-1.840371523
	-3.071201964	1.235310503	0.7079616992	-0.7179933206	8.818637602
	-9.602850193	161.5130616	104.2590353	-45.10491105	-59.61981623
	149.3029669	-41.67494435	-1009.733918	-182.2509681	-911.0464221
	-49.87046627	-31.52557456	-10.57578667	-4.65292883	-80.096955
	-22.76477311	5.156268595	-11.26177719	-2.727561831	12.04826755
	-10.39706888	0.0676632878	4.297110545	10.1940739	1.257588501
	21.09358234	12.10994288	-9.202528992	7.934966194	0.8355054758
	-0.0537724555	12.09273008	-2.824863738	2.435491992	-4.978760312
	7.054441624	-7.589587084	-3.216821781	-8.991727121	-2.254673553
	2.009256967	1.463025368	3.545724961	1.60475379	-0.6974145926
	5.024059485	-2.848075155	-3.399269414	2.413953428	-1.790899099
	2.538554495	-0.6461332483	-12.90304128	-0.348708378	-20.53354225
	-4.438305976	1.84612929	-4.610933691	-62.44026941	11.25244709
	-22.29496262	-74.68943454	-129.1520443	212.0036253	-707.1807067
	1427.842484	439.6461667	427.4518769	-188.672265	12.3574721
	31.0625813	-15.19786202	-0.2178841255	-1.83364675	-2.306381273
	-1.77766099	2.447533892	-0.3371586725	-0.7449094859	-6.916819281
	4.250064196	-1.732671278	-0.3745285305	7.027479432	5.990805361
	-30.71081457	11.98218747	5.906368664	1.013827527	17.72548503
	5.904072007	0.2122783569	-0.5930426794	-0.3227018735	-1.948031632
	-0.3590520181	-0.4010089548	0.7445363399	5.579311727	4.006254338
	1.543658564	-5.823769836	-17.6468676	57.8634462	-8.143454074
	109.9052266	59.59559176	343.3679214	441.9980653	345.6230184
	-108.3555687	-66.81947612	-180.0065063	-180.3595268	27.45155477
	25.65911263	-8.107586716	4.263158572	-10.92956683	-5.32129312
	-10.16009632	5.684387991	4.139117148	-1.650214458	-13.7529446
	5.094041138	-5.137705502	-13.14982665	18.01681018	-6.513935015
	-1.9806279	-3.965988246	2.709120555	0.2476671277	3.8260301
	-7.693997993	8.811544842	-4.749300121	0.8621147299	-5.318626753
	-7.177612974	2.035749069	3.825284913	-10.58050994	-0.4853971695
	1.891238239	-0.8299633382	-5.39076521	-15.92542255	10.9559824
	-10.84982432	-0.07932384026	12.57280574	-5.241039378	2.518533923
	-2.749389721	-6.861450804	-6.109908175	-0.04569421007	-15.51676898
	184.129825	17.53322951	-82.53743096	196.5127284	312.0963181
	101.4844719	524.7886249	-309.2982596	-278.2191317	-314.294058
	-19.85610699	7.018559294	-1.934313393	-1.232400578	-1.512334703
	-0.3998105252	-0.8943595559	1.575193146	-0.8251993774	-0.7854511202
	2.339189138	1.520514794	-0.646325797	-0.7649175761	0.4404458401
	3.173913035	8.036732726	-14.0929353	-5.737197766	-2.690636097
	2.934397106	1.558436662	-0.1714106704	0.3469521674	-0.1288861341
	-0.673750886	0.06819526187	-1.49998383	-1.96544034	0.9783976321
	-7.827198089	2.267449581	17.63672324	0.5080970041	8.741574549
	-6.747340542	-55.60115784	38.91927166	212.0622848	-697.7591096
	35.82487629	90.28593121	88.8516715	111.2608416	-0.7347401382
	62.31394419	13.66008772	-18.46812243	0.3685860838	22.99264493
	4.663673773	-7.75443218	-13.50857845	0.1030009034	-1.142113896
	-3.534265049	-2.314026638	-17.19089983	2.518420134	-5.574879694
	-17.54228758	0.3831042718	-8.165290395	0.1958930413	0.4686388776
	8.721842737	-5.316588077	4.342064458	-41.54964638	-24.48388871
	-1.204013964	-19.34425394	3.810994068	4.696028806	1.638662016
	4.480188313	1.573196543	2.839111988	-4.321824776	-1.346169289
	2.327882957	23.80597277	-4.461902399	2.718966742	-9.943629031
	7.500926845	5.58733784	13.57140699	-2.813196306	5.418195649
	-69.42702812	225.8670975	-702.602763	596.3921212	426.6845263
	-457.4922568	410.391456	-657.0197581	967.0345157	-198.5077868
	-8.9071199	-215.4496738	148.4373742	-3.333133694	-1.741874426
	-1.740047271	-3.64091182	0.6911863279	1.973756736	-0.6216473443
	-0.7087399751	1.932537011	-0.1838214421	-2.640786524	-0.1233053632
	-1.529573248	1.504298637	-6.905558635	12.23655908	4.932159031
	-3.722107833	-0.3138820532	0.2229490016	0.4284373506	0.9916883275
	0.01333970837	-1.890635648	1.153894815	-0.3532431389	-0.9963792284
	1.238182	4.476776836	8.278134159	-22.62467051	0.004993574446
	7.671574113	2.147747495	2.493388002	13.88735307	-176.1096291
	18.76396204	-188.7788954	-201.5517692	-266.2547101	26.43224976
	-18.36678975	-44.38661323	0.9747112918	-9.01429429	-4.464370755
	-23.71265351	0.2239461201	-61.3243361	21.74405231	1.698497362
	-4.931062819	0.1329790883	-3.90731858	10.42668855	-5.194986172
	7.5346268	-3.62199706	-1.146329493	-2.933595833	25.40087459
	-28.61430054	10.09418401	-16.88755017	-35.10253566	-2.607247577
	27.58916793	-5.999770152	8.275225305	6.021417063	1.822632912
	3.605265311	0.3274625904	-6.190874416	-0.1810308261	-0.8203065736
	-4.674261646	-3.197618663	-2.33260066	-1.798061091	2.817744082
	-5.631367861	-4.539181072	5.607896356	-1.006457338	-30.54074433
	2.768212303	39.92386537	-319.4224776	-599.9522368	-994.0778627
	-843.9868923	991.4316926	-3739.088109	259.5372631	-72.82903321
	-283.5142861	38.68079532	-72.47690361	-73.62661427	7.387781528
	-3.585518241	2.121026846	-16.51868463	10.56108315	-2.363672421
	-0.6669387873	-0.5038608455	-0.6765367131	-0.5272831281	-1.649010592
	-0.27989647	-1.934426113	1.539387351	3.381245913	3.858112541
	-4.567965237	-2.527405942	-0.8917757324	0.4995674675	0.4366636961
	-1.324040827	0.9343498831	0.6864993207	1.088330161	-1.118378297
	0.02722087822	-3.217792176	-1.082718466	-20.18961057	4.250717534
	40.05741549	-5.247100532	6.634443808	42.94847689	29.80325393
	-56.68850427	94.22155375	90.88518362	88.94987717	136.5764
	-54.4069841	-4.433941475	-3.345994548	1.54651613	8.821052874
	-11.55015025	14.64300236	-20.21131591	56.92870371	11.98559094
	-1.09872876	0.6895649144	0.2139435708	-3.444933147	-11.86071555
	-8.189802847	-9.870429105	12.38236254	-3.586880344	12.90767095
	10.59945256	-72.37481824	13.03923697	-18.70163613	55.03531346
	11.56390022	5.675659346	-34.63711778	56.63060786	-17.04946976
	3.76661662	5.468078724	-18.52693672	-16.41201822	-11.34521017
	-6.631899012	-0.7747345591	-2.877911827	-6.716309969	-5.551090524
	-0.8981627238	2.398441899	-8.088453412	4.81559015	-0.8984390094
	-7.910332328	20.04544775	7.979624514	349.4176283	131.8364512
	-144.2285206	345.3340563	272.7488337	3047.346132	319.2228094
	-39.82571806	-107.5950027	9.925860202	0.3448451506	-5.34491077
	51.0039746	-51.42102785	10.73475902	-0.03579031125	1.918549515
	-0.8088571957	2.704715845	-0.7410153232	-0.2520497494	1.84757635
	-1.027160422	0.4186267121	-0.8170984114	1.897352344	-3.059977976
	-0.7534666602	-5.589777287	-0.4915137637	1.218605674	1.053990595
	-0.01760159279	2.082882225	-0.1456538876	-0.3526434195	1.260110207
	-2.610448471	0.1059807925	-2.53564051	2.147091857	15.84043429
	7.44278929	1.25543894	-62.64811512	0.6394951462	22.71237437
	-38.87088869	-15.59100048	-34.81090189	-8.677776763	-13.38458215
	-26.50170738	29.07804315	-6.01446994	38.47838814	5.881187239
	2.138939457	2.228681544	1.735849361	-12.51487126	12.94901058
	1.498425713	-13.57532922	6.522812644	1.632925759	-7.451570394
	22.99948328	-2.72869238	-10.70609302	32.11066758	-2.173809476
	39.39986952	-47.47114852	178.6095189	-14.9981151	-37.68505619
	34.74309036	-29.73874392	1.287868736	-5.604724115	7.74327708
	-17.92492371	-6.296575019	1.109819656	-16.16620732	52.67075683
	3.558017894	-1.438603465	0.5914228121	1.733689872	7.232211435
	-0.2783495265	-10.34014053	17.18454887	2.630579848	-0.1153600397
	-0.9974060884	-7.253617856	6.558271485	-0.9090399957	31.3383035
	-162.6292478	537.9250441	358.6204077	-301.0572924	-517.976041
	-24.06514608	362.9066341	52.57083719	269.5714089	1.729609048
	-8.258519654	22.17758341	-18.31088924	5.664170924	-1.981033912
	-0.8981159003	-1.122260809	0.5213569753	0.24580255	-0.7026348489
	-0.6563435295	-0.4035022985	1.815284429	0.7013407687	1.655580265
	-0.5175022945	-11.41431275	5.843742319	0.4748342619	1.198367761
	-0.189764147	-1.879401244	-0.4133488837	0.0888228835	-0.7175744646
	-0.02818371107	-0.2130144328	1.767252977	-0.9711325077	-1.558821293
	-6.384150485	1.572471717	-1.091774981	11.39302604	31.94169834
	-7.420961772	-13.94421098	3.163158971	8.732984773	7.288917707
	16.13732019	16.0751337	-22.53918783	4.749910642	-13.07742726
	-10.40448815	0.9500637166	-0.3467844063	-4.353964839	-3.776236146
	3.45358548	-7.248953859	-3.74409094	-4.813467181	0.4725206457
	-3.200723995	-14.96933474	1.708693224	7.519023681	1.458622656
	-22.6356174	0.2976329701	18.59098172	-74.22119633	-65.91247973
	168.713365	-35.39619039	-28.44246928	-59.32581546	30.1719276
	-12.61315157	12.93896526	1.561496704	-7.330428658	-7.770388009
	-24.76681079	1.966131028	-12.05927625	7.692879962	-0.1926023607
	4.165726886	4.277427692	-4.895197742	-13.16826444	3.498599291
	-6.891992363	-2.240632981	3.504745016	2.694578298	20.36799718
	3.11935356	-169.9633347	115.7780098	-690.3354422	-69.88516313
	135.387681	637.2269606	-2484.790598	-42.83289381	-125.6148183
	60.90573623	-54.13697957	12.0479596	8.826212433	0.8239206387
	-2.074059759	-1.06891853	1.322148009	-0.4493961084	-0.4199720219
	-0.3801051804	-0.2982682884	-0.2002364276	-2.413941831	-0.6566746031
	-0.8731477285	-2.198853951	-0.5160582974	-2.107272905	-0.6716300071
	0.6122174828	0.7162198884	0.01947608543	-0.5910345733	0.1981249876
	-1.617741739	-1.36856919	0.2250752609	1.702123355	0.215877367
	-1.382158716	-0.2298642413	-3.603480444	-4.443673952	30.63179086
	-101.4966161	41.69489368	6.117688803	-4.574221445	3.885509555
	-6.730980996	-0.9252005532	-25.18100449	-9.245207592	3.614640114
	-2.149436328	-1.495892332	1.486530388	1.703191624	-6.962388912
	-1.069630597	5.664400331	-0.1508211532	8.238188124	-3.329599183
	-1.68217882	-8.252867085	14.89016367	-8.565764554	19.94223419
	12.88834633	45.09845917	10.15420946	3.830661298	67.50754495
	224.8874808	-137.6872809	-104.1093317	-161.5179097	0.6670578376
	-19.96067795	-3.564676639	-6.194580363	0.9969884054	-7.696402118
	7.901208922	10.02732173	-0.4904567102	1.817278061	3.438080025
	-20.51797718	-1.386028764	16.60757698	-1.473584344	-3.490165101
	3.651684855	-3.257594111	-5.990991474	14.03579681	4.376407926
	0.002879007283	-11.57869169	32.20531273	366.7755916	109.7069842
	98.91682501	-5.159060551	1299.513064	-179.4124439	-1345.658889
	53.39651506	272.2240373	-60.09252679	1.038514056	-22.5455012
	10.01674083	-1.670036317	0.07143301781	0.04529866103	2.756113205
	-0.05343039787	-1.5070835	0.006241486004	1.851014664	-0.5238249941
	-0.4052704183	-0.1302212028	2.0438974	0.002810578182	-1.49155363
	2.934984617	-1.756676135	0.444078804	-0.8466340521	-2.806478278
	-0.2072861507	-2.091865778	0.6477586889	0.6565475845	-3.592710419
	0.728337158	-2.335028124	2.908943097	2.186253068	6.511210815
	11.7751925	-47.22176868	-4.876772985	17.90540276	-47.44577025
	2.785494614	-0.2658410147	-9.111791201	-2.014918998	-5.768298364
	6.166445877	-8.171193494	-0.5246058911	-0.3988920032	2.177495541
	1.340151307	14.25188763	-10.57723143	13.5168036	3.528372659
	-2.249626845	-3.029683802	-1.240407609	3.864660941	4.257851679
	-14.2150958	0.488201789	-15.2002195	-51.38390033	25.26198498
	13.17057227	-405.6569255	903.8912242	-256.7199214	1428.252774
	-87.57426394	-26.33149948	7.18864251	-19.32739574	-25.16604661
	-3.753088916	-16.81623723	-8.499785563	-6.781386223	6.152553929
	2.889103406	-25.59318324	15.44928033	10.19014705	-13.68628999
	-6.739162638	3.999159169	-0.6708206953	-1.00422119	-12.77891225
	-1.566695381	-0.06612931151	2.643553874	-4.570185867	-54.12399258
	40.16921461	-78.07125279	19.85913957	-741.7463321	8029.584899
	-5055.58328	71.76850527	-111.9132476	58.45112075	118.7901127
	-37.6136124	10.41583857	-1.709901484	-1.247214389	-4.788545543
	-5.925653231	0.06556242513	-0.4516063465	-0.5245268903	0.1256559057
	-0.03493135364	-1.122664684	-0.7369753952	-0.04534964621	1.288273197
	-4.213419848	5.355733113	-2.325244033	1.11207975	1.21727341
	-2.11925548	14.09774395	-10.93023912	1.977839879	0.7642688651
	-6.931798594	2.60453215	-3.794369962	0.8707904447	-0.3629930717
	-8.116253146	3.985833847	-15.1421409	38.2415179	5.808689332
	-5.660753698	6.073146114	6.333862055	-8.422263445	-4.847180612
	12.31516594	15.16710215	4.411191296	1.914846297	-11.93292987
	-5.54926814	6.721063862	-12.32954563	-7.209083381	-8.128288722
	-9.441717053	-3.749375362	16.90933339	-3.911664425	-0.6328836784
	-10.56690523	18.40551466	-8.865495217	1.178096756	19.39086565
	-9.15580948	-30.1901684	47.70726193	-81.09116419	83.06282679
	-173.730918	-263.3563235	-10.94954379	-1.611401245	10.56850653
	0.5310724953	9.08992734	13.27095853	5.987579562	-4.617334995
	-5.277345698	1.543480372	20.7561894	17.19575152	-17.71260019
	15.90986715	-7.107536823	1.627984051	-4.708578602	58.6550134
	-1.048292184	-0.7472711483	5.132761648	1.210156635	-0.6737705956
	26.25548137	-34.10478634	83.09681347	-17.60045484	293.524474
	273.4004029	961.9615702	-339.0585624	112.3583479	25.27649024
	38.39094137	-6.076672347	-8.195375382	3.649349558	-3.556789387
	-15.96908297	-8.621992774	2.261124021	-0.9565652971	-0.8378521884
	-0.9336371882	-0.08928715755	2.156156359	-0.4402999027	1.08340669
	-0.1434563892	1.013160945	-5.436260599	-4.900764988	3.838859317
	0.9324332239	-0.7381056219	1.531976225	15.2913427	6.498885625
	-0.8928870764	-4.719454725	5.011297985	-2.618231519	10.71202804
	-28.69754604	7.148152262	-0.3397351972	6.410776035	1.694798918
	-8.613682059	7.309606978	1.151897551	5.123069778	-3.608382141
	12.05802081	-10.19657501	8.468414458	-19.786316	14.0905556
	28.00429762	-10.17257547	10.29739391	10.4429939	-1.049077851
	1.458946747	14.68564198	-3.849486583	-11.78118412	-7.642851777
	-0.5892572214	-0.5062630278	-3.337613796	19.04632899	-7.440739993
	-11.82432899	-2.5553134	43.76129575	-5.896981202	18.36863775
	50.76267246	49.97713811	15.60453228	-28.29626944	9.220833699
	2.936042219	-5.742318203	-0.7034884902	-31.96130035	26.88290288
	1.60395856	-2.253861531	-7.826358327	10.95146892	-10.64108697
	-102.7465427	9.209328623	-11.48556302	9.379763258	-10.9545073
	-7.030627201	-18.5463075	4.43616226	1.057774097	-0.9353145275
	4.897944664	-6.263704903	3.553912614	-62.19177852	0.8290198127
	35.11422757	-560.5943255	117.249165	-2251.686154	410.310117
	320.1594246	-64.96858255	-24.42627759	0.5473037259	-1.469033217
	4.272273796	3.871797706	-4.476695	10.38061376	-7.530187752
	3.316112121	-1.806781292	1.685431148	-0.8795720813	-1.780019628
	3.42733034	0.8623461065	-1.348754792	0.3120366795	30.61937588
	-9.38726604	-0.6236612388	-3.926574643	-3.039038314	-2.12235699
	-8.945121155	14.02009977	-2.942698944	-0.08717100927	-0.2348456124
	0.1585013798	-0.921355561	1.523341861	0.9707481582	1.869251928
	0.7573123498	-5.084418511	0.976925016	-7.410994636	5.653401117
	-9.008270227	1.639651653	-21.24394667	17.27663101	-62.60639168
	54.46061174	2.183449664	5.784251209	-3.338504618	-29.35307007
	-4.010046898	-12.23219864	19.75098742	-11.82809491	-8.65230101
	-2.795363109	1.335468938	11.17848491	-8.114126677	-4.339525297
	-1.582689225	-14.55327453	12.58079636	-5.755460374	-12.80337008
	2.075571193	-5.102562465	-36.09774901	-16.12917274	14.55684222
	42.9877148	5.595855781	-14.06799101	-14.71551494	15.30427734
	-11.25359535	1.260809509	-1.312584098	3.591629973	-7.874572714
	19.85750705	-64.72541253	7.273230191	7.271166986	-11.0300482
	-0.8011618321	18.2217241	-1.187379491	34.96172565	2.584654876
	-3.14596662	-1.324128348	-4.670570744	-20.35475275	78.69424947
	-88.41068786	-465.5108792	299.3216181	81.12602925	583.84704
	124.4168687	134.1481846	-91.87065348	7.696610416	-0.8233498371
	-6.640034042	-8.567262045	11.59634523	0.6615180579	24.58214984
	-19.74641011	3.614577292	0.5995312215	1.124463119	-0.7086088799
	-0.8111998482	-1.554264974	0.07002957307	-0.2656293572	-1.291913177
	-6.197121341	-4.837284475	2.878212454	-3.185930706	3.291371481
	1.978877835	-33.8736542	-13.28794805	-5.549931181	6.512144014
	0.9703896646	0.4535087212	2.883433572	2.425072421	1.455535464
	-4.040324973	-0.05069837633	-3.299368155	-0.4594932694	-8.877520899
	5.341244719	-11.43824478	-12.71367941	-25.13983274	13.36545472
	-15.71098556	25.91278037	-26.07555644	-14.60743761	-3.335672919
	12.56121084	46.58606703	30.22061312	-65.67920603	19.31695167
	-6.812582591	-5.863804229	1.851539993	2.061404156	-1.191141543
	-4.000800109	-13.22165614	14.95655007	-14.40963168	6.37155264
	-2.817870581	5.108971861	-8.311932617	-4.348989981	-2.120932626
	-29.45611156	8.900278874	-38.89668947	-13.35948755	3.591368397
	26.66948108	-18.21000054	3.27897884	-10.95085796	1.709929412
	18.96401958	-57.70590484	21.43680323	-16.32879836	7.306764878
	0.7067620355	2.965577084	7.413792955	-29.43349809	-14.84610184
	-0.3671620234	-0.3004456171	3.230190667	3.040150582	-26.18267018
	25.79850961	-157.7255947	122.5959534	16.33391353	-545.3526564
	36.64555123	-220.0872987	-43.94060269	-18.67832412	-24.43975529
	21.57130945	-14.54740577	-4.886298013	12.08355948	-13.83985036
	-4.775241358	-9.70123971	5.917351835	0.1651984019	-0.04311501346
	-1.297812867	-0.4826538208	-2.870222823	0.006751518437	-3.428570039
	-3.959953299	5.386896167	-1.616251894	7.070670462	-1.331019146
	-0.2841856518	-3.646360569	-21.1401998	35.29939882	9.085365913
	-11.86898611	-1.007659972	1.255696294	-2.625267334	-1.600160718
	-0.3278818377	-0.8344992535	0.0794688221	-1.756171158	1.464255213
	-0.6722789446	5.140305077	-5.078443714	8.722302311	48.62717634
	26.62973095	0.1922965131	4.239138565	4.410856963	-6.173905804
	90.00931192	22.60684513	-66.34042469	-18.54822643	-46.33300054
	-8.648202913	5.469364586	6.022080942	7.258560809	0.8320745631
	-4.433641714	-10.61432799	54.85241152	-3.302835947	8.757209014
	6.30161858	-20.91886043	-1.122653291	-0.7689984243	20.45241809
	-16.63749192	62.5735804	5.607681606	-9.142510759	12.66532065
	-6.596300169	8.65609286	-8.850637106	5.696600606	8.992333257
	-8.550706063	-13.38400533	-9.212462245	11.41466381	2.416089593
	-0.1296299107	0.9722008686	1.88726419	-0.06790637637	53.7252791
	-9.69230134	-0.6130143486	2.024539158	-3.444715622	-1.851258037
	-3.323421372	-17.99619905	81.13850656	-150.4517875	-57.24706055
	37.23607998	243.284519	121.8348998	117.5530328	-9.619335255
	70.40246165	1.942513946	-3.808267489	0.5060893592	-5.441866447
	8.283553929	-0.01229237093	9.472403371	1.224269885	0.02079021395
	-0.8882600661	-1.413584839	3.577787035	4.19531263	4.522274112
	-2.003049555	-13.95492087	7.580294957	-9.825546445	-3.008288259
	-3.699732599	-0.7598630675	-3.37769042	-3.624050504	2.133950635
	-4.974463304	4.601713308	-1.697207716	1.522581849	-0.5596610797
	-1.116589851	-2.319875958	-1.047258968	-0.4142374069	-2.311758159
	1.482941683	1.190062817	0.7510543376	-1.351247302	1.233269347
	8.012545837	5.250566473	-0.07469396185	0.7032300609	-9.75127958
	21.31005877	-6.910524425	-27.60896263	-121.7963168	171.5000711
	-122.8874101	-16.97273509	-3.551041459	-8.793708903	-5.149028956
	-2.499421993	-4.471821343	7.72253503	-8.487683427	-6.82048705
	-3.861179813	-8.633470458	-0.7836433425	-8.159271737	13.01924901
	22.9330848	-9.676250579	-29.99714248	-9.094679089	-1.901385479
	4.713555128	1.629555627	-35.81874602	-14.22710452	20.94203303
	-29.68812635	7.733414755	-0.4300680807	6.333953564	3.843920978
	1.330407286	1.019737668	1.819920071	1.334821823	0.8053612703
	10.79767626	-47.12999382	-0.4780873503	0.3176278349	1.921410813
	0.003395052322	5.636048121	-2.822310327	-12.43658449	-64.95027058
	44.40755568	-14.6253109	-82.57369486	-89.06542465	476.0349949
	-89.41707867	2.460634792	-11.74088991	5.795681422	14.2194912
	-5.131428105	0.01561646099	-0.04989105227	-1.724188069	-10.33142305
	-1.379408171	-0.2934568156	3.323812511	-4.135129875	11.37116545
	-0.7994538038	6.158442405	16.21805647	2.795746209	-26.98198249
	-11.06029137	0.4198824154	-0.5576052275	-0.9106421928	2.818301532
	3.410262124	-2.609250676	13.48605797	2.129177385	2.373996442
	-1.612444635	1.433951092	-0.3898828151	-0.1702130087	-1.232396209
	-1.123403241	0.6608838747	1.410025023	-4.08633299	-1.112693825
	0.9557496614	1.04883454	0.6133264851	-1.269363724	1.917097531
	-1.292815017	-0.8130832045	-32.05332105	155.4234405	123.7239709
	-180.5214707	263.4868895	76.82025622	-34.88566831	-0.8920994664
	-3.832030817	-2.104266556	-2.611300637	10.309592	1.758283883
	-33.18045221	-2.85799219	-3.598128852	-6.20656869	3.729482501
	7.809099074	-9.162704014	-14.69939618	6.03730553	3.976699588
	-2.782914133	-7.122333178	4.316995273	-11.60398216	5.52615616
	25.2744269	16.90698013	0.5250540603	3.123509698	-6.544051005
	1.517049074	-5.67764907	-0.3880236808	2.534824586	0.2082294247
	-2.728695496	5.377279231	33.96785349	0.01430995781	-0.2734505765
	-2.183706947	3.818065243	-8.991540671	10.883167	-4.068306649
	13.83380197	-18.99239306	-20.59865168	19.52913222	3.598632444
	-384.6006868	28.65286637	31.75873561	1.565311942	-4.009938352
	-8.138667281	14.16475921	-4.905858316	-0.7624444152	-4.93556865
	7.751136537	-0.2812181928	-0.4777307598	-0.5677814925	4.430636252
	-3.428337103	-12.28235656	12.90499704	10.22376913	-13.65462807
	25.59795642	-0.9173114465	0.4232281862	4.11992743	-0.7916132838
	-1.349876924	-1.026273947	-0.5280851968	-2.320584956	-5.016313267
	-2.432449949	-6.090562115	0.1286640548	0.3131464416	-0.09253644259
	-1.960733574	-0.2712267665	0.9410606694	0.1230693466	0.9013786643
	1.403964776	2.556130175	2.187676755	1.6643464	-4.761249129
	0.7841163478	-3.379183537	-5.436471034	-63.70583614	6.930972585
	-678.0991582	-3.074807239	77.57152155	-57.04613246	47.56052294
	-5.233053284	-5.999462764	-10.58969515	4.721610175	2.667158575
	-14.69141326	-4.773460612	11.47404891	-1.434627416	0.04962921197
	3.071676456	-6.169924332	-17.58750365	-1.164585551	9.953708005
	17.24032737	2.744329331	-0.7060019973	-2.01001564	-2.028488966
	4.561074125	17.67056003	2.243323551	-24.01093858	0.6150002364
	-8.094413198	-0.4202187679	-5.312312707	-1.084395564	1.659053792
	-0.6022000765	-11.89871161	-5.060176402	-158.6495806	0.4626320612
	-0.13754121	-0.4777763618	-0.1321667423	-4.502718574	27.06916631
	4.596135707	-8.757280312	-30.97564012	18.70217976	17.09127448
	-191.2113011	703.1578164	-84.36913692	-1.656108679	26.83539774
	12.88630993	4.543621131	9.4822926	-3.677349703	0.8591808814
	-1.786349125	1.782949706	0.5142756762	0.2617140713	0.6645309613
	3.77447775	-16.78168777	33.81990457	-5.813261599	-2.064491453
	-0.8855602153	-5.796067861	4.588932184	-2.162027639	-4.72084308
	-5.94611257	-2.214820482	-3.203674638	-2.980583564	-1.130568507
	-4.914868663	7.450576051	-2.38352315	0.2775197865	-0.4391044606
	-0.06920388909	-0.5353129554	-0.2850502034	-0.5072872664	-0.2155221681
	2.347971729	1.230327457	7.030982355	6.342303777	-3.814468964
	3.788025351	-6.005252419	-21.64620208	-9.105675302	-12.17219195
	64.49493903	-88.5829884	51.48915567	59.94707434	-144.4686248
	-65.3862401	5.878620137	3.777303234	4.126482491	2.833116313
	0.2630587163	9.936201145	-9.276653636	10.17465052	-11.13948591
	5.210102871	-0.8949679714	-1.346202809	-2.96996941	-9.678366194
	3.276510315	4.214030399	-11.99798749	-0.503132795	-2.992991394
	-8.399424353	3.697181051	8.394847727	-16.29337	-3.433466436
	2.019517171	5.528601565	-2.494768083	-1.145512292	-0.7900252264
	-1.549934236	-1.02476646	-3.685342054	1.977103745	-30.47113327
	0.7550809209	-0.2224162505	-0.2179312012	-1.9188802	2.382510372
	9.834317306	2.233899358	-68.32726043	63.03983388	-76.81699197
	276.5781728	-394.1103748	-52.41782415	-42.02584062	101.0551069
	-29.92263386	20.41112325	-19.96087156	1.42597466	-2.712316836
	0.1726601806	4.474894353	-6.635874144	-0.6925619899	0.3194699889
	0.04978716478	2.709608234	-5.927999349	10.28139849	-0.6738152112
	-12.6603138	5.271464094	-14.38777542	11.42734301	-3.008959277
	5.076809836	4.681452998	0.7724495595	-1.895788754	-1.468005462
	-6.390458817	-2.684360401	2.28980925	-2.750803095	-0.5752361902
	-1.611897027	-0.1184958683	-0.1579011021	-0.3195844101	-1.703283998
	-0.1487369085	2.134712333	-1.102205519	-32.82951435	-1.009267115
	-24.07069691	31.36638618	-10.20743477	-9.368074692	13.33436602
	-1.347157478	-80.21780411	-4.805674108	-57.87828423	-19.20012888
	16.88245365	57.69814432	25.57728086	-2.830159629	0.5435674158
	-1.168137268	0.7129108207	5.082156652	-1.473880751	-3.522162562
	-35.27858295	14.64045567	-9.182342228	-1.259747767	0.9584729697
	15.72741758	-10.12245777	-13.21530361	-0.1396059215	-7.11118406
	-5.238101093	-0.412262592	3.659056886	5.122651365	-28.34345151
	3.28726833	6.103639545	-0.2542893317	1.846245353	-2.096222204
	-0.6509276106	-4.298300498	-1.508153522	-1.451713842	6.270957661
	9.747880355	