3131	
	0.2323308966	0.1266697737	-0.007793389954	0.05980121237	0.219513088
	0.3498202402	0.4926712109	0.3108852191	0.1110036965	0.09552570071
	0.2096260134	0.2508084182	0.4357168338	0.3824807176	0.173427516
	0.07426167279	-0.1586366168	-0.5658557443	-0.7178533062	-0.5187055207
	-0.461438909	-0.7901057366	-0.8322601717	0.2840004668	0.7033677732
	0.2502445801	0.02413734238	0.03185344568	0.1807534856	0.5149489326
	0.7558152769	0.5975794877	0.316579511	0.1222972274	0.07724484187
	0.1298915695	0.1481432018	0.07827732921	-0.02829518992	-0.0356590321
	0.06474840521	0.1983695157	0.3330264517	0.378026821	0.2318067281
	0.01222866881	-0.05094394227	0.05090398113	0.1378537732	0.1481330091
	0.08633626577	-0.02246910728	-0.06775740607	0.06755630006	0.3854358183
	0.8666762148	1.081049943	0.03107747992	-1.124732402	-0.9170525182
	-0.3640608617	-0.05515030986	0.05775475482	0.09227525427	0.1112276904
	0.1238023327	0.1288888179	0.1264546456	0.1197810966	0.1193151266
	0.1253838384	0.1290493132	0.1311170255	0.1356419067	0.1401762537
	0.1404089992	0.1342143084	0.1211547726	0.1058573624	0.09895884282
	0.1051484285	0.1167642622	0.124291604	0.1238226033	0.1154962765
	0.1027269357	0.09275757272	0.09206000605	0.09983655342	0.1093916328
	0.1146105354	0.1125765427	0.1025020583	0.08571736612	0.06704990654
	0.05368648108	0.05054016117	0.05688653086	0.06752188746	0.07645403251
	0.07950952292	0.3104458624	0.181088078	0.0308883817	0.06980436401
	0.2304296433	0.3579785007	0.4481425555	0.2731288983	0.1052887128
	0.09952000202	0.2105245522	0.2389779893	0.3796324944	0.3564819036
	0.1693893194	0.09247970409	-0.07904069302	-0.4234855922	-0.5835957926
	-0.4254626068	-0.3540845051	-0.5832812913	-0.6148489693	0.380826162
	0.7748335145	0.286536334	0.03431938672	0.03895008486	0.1678941347
	0.429300086	0.6104908122	0.4916895331	0.2828392699	0.1373753039
	0.09672782312	0.142051744	0.1579781732	0.09404639812	-0.003480204891
	-0.01189425327	0.08334749025	0.2131805352	0.3507304316	0.4168742121
	0.304578881	0.1010566177	0.01424950819	0.08062376847	0.1499766378
	0.1565845283	0.09796512714	-0.01068325427	-0.07176855429	0.03830857628
	0.3394283252	0.8222796672	1.145236536	0.2968204605	-0.8904532893
	-0.816842443	-0.3221858543	-0.03833569655	0.06293638816	0.09276173339
	0.1105537963	0.1233043037	0.1288856912	0.1274493723	0.1216626809
	0.1207168149	0.1259804195	0.1292944248	0.1311200993	0.1355149964
	0.1401178378	0.1405232303	0.1347062045	0.1223324897	0.1076133125
	0.1006164785	0.1062755001	0.1174476726	0.1247172206	0.1241071003
	0.115702623	0.1027880078	0.09250301585	0.09148355299	0.0991743009
	0.1088493199	0.1141978077	0.1122216438	0.1021765849	0.08542656174
	0.06676334195	0.05335774719	0.05018489661	0.05658178918	0.06733687725
	0.07641872384	0.07977030574	0.4422295082	0.272709661	0.07534307204
	0.08105854684	0.2178207868	0.328419476	0.3248810316	0.1557268208
	0.08520165712	0.120526349	0.2146762836	0.2201319754	0.2674866981
	0.2678356844	0.1547488052	0.1438004573	0.0961509865	-0.1028443366
	-0.2369696321	-0.1772881639	-0.1436784331	-0.2293694931	-0.1209341564
	0.6733483205	0.8689848533	0.314084683	0.04887650132	0.04743048172
	0.1400356897	0.2691018155	0.2890244243	0.1998799429	0.1587123985
	0.159273273	0.1556326183	0.1830813278	0.1849286402	0.1281976357
	0.05355863492	0.05178882796	0.1290175321	0.2342000585	0.3617621647
	0.4611492811	0.4233409902	0.2778662967	0.1702325765	0.1628456087
	0.1831318572	0.1786324787	0.1285817532	0.02376513177	-0.07067317727
	-0.03283717955	0.1968260351	0.664438622	1.196875465	0.806208595
	-0.2689362838	-0.4601612217	-0.1795943783	0.008325843749	0.07379985235
	0.09238712573	0.1084139188	0.1217734086	0.1284977207	0.1291485152
	0.1256456792	0.1246872788	0.1280446844	0.1298896736	0.1310821338
	0.1353809831	0.1401156811	0.1408342665	0.1357930841	0.1248437969
	0.1116400306	0.1051221369	0.1099600507	0.1198227831	0.1260616824
	0.1248415104	0.1160162582	0.1025837549	0.09163637378	0.09010006581
	0.09767682151	0.1075446872	0.1131060083	0.1111965988	0.1010864977
	0.08424105984	0.06555221492	0.05224711546	0.04930526859	0.05601420715
	0.06708122703	0.07641257877	0.07993805177	0.4717484579	0.289764865
	0.03438890262	0.03146182401	0.1640067688	0.2328371213	0.1667338731
	0.05199098571	0.1000487303	0.1711969142	0.2221410166	0.1963407441
	0.1483658423	0.1497833276	0.1393734231	0.2195212249	0.3116920866
	0.271071573	0.1734853656	0.1114700876	0.04729669947	0.03553873914
	0.2846966061	0.852211414	0.7695619707	0.1932370392	0.0005088665594
	0.02964717072	0.09903863033	0.122052864	0.001525899595	-0.090325474
	0.01179223092	0.1803216041	0.2363865532	0.2397688023	0.2171527907
	0.1673953515	0.122656529	0.1299458433	0.1749076765	0.2265037005
	0.3126874629	0.4315056416	0.480912748	0.4199986286	0.3143570828
	0.2416712315	0.2156450019	0.2057529575	0.1764409657	0.09164530477
	-0.03524670089	-0.1101966655	-0.03889554389	0.2995899483	0.9877026927
	1.219698774	0.4692667102	0.01677092231	0.0147191709	0.06958496371
	0.08612133795	0.09015122945	0.1047155631	0.119367162	0.1276369369
	0.1307157067	0.1299141912	0.1293672509	0.1306961612	0.1306598862
	0.1310378781	0.1352641822	0.1401588103	0.1412331157	0.1371213884
	0.1279246079	0.1167290861	0.1110728891	0.1150133472	0.1231332454
	0.1279106857	0.1257918739	0.1163186296	0.1021160119	0.09026772225
	0.08808362783	0.0955397797	0.1056626769	0.1114926376	0.1096396768
	0.09937625604	0.0823285754	0.06359251072	0.05050571013	0.04800966927
	0.05525459388	0.06679906728	0.07645792089	0.08012451873	0.3585875628
	0.2273750275	-0.03708003019	-0.03287539384	0.1056550162	0.1387634781
	0.0882449005	0.08424338668	0.2207949634	0.2773113268	0.2369769278
	0.1671437991	0.04999813756	0.01715523133	0.1098180502	0.3018473845
	0.5151132357	0.5972566119	0.5461332083	0.394068931	0.2159574993
	0.188233188	0.4540637807	0.7557858152	0.3878837027	-0.1453275225
	-0.1541697942	-0.02680303014	0.05977031982	0.05819103485	-0.09088937323
	-0.1812071165	-0.02533843689	0.2307892809	0.3218757782	0.2906182823
	0.2355382342	0.1921115812	0.1809235379	0.2006268269	0.208824642
	0.1924634598	0.2186733712	0.3400034456	0.4705411412	0.5002086165
	0.4105729676	0.2908037736	0.2330692152	0.228346101	0.2353982994
	0.1988336486	0.06900329273	-0.1225041734	-0.2770634176	-0.219326895
	0.4079324648	1.202215009	0.9778732389	0.4289025901	0.1942257694
	0.1259068715	0.09516141276	0.08535894152	0.09967717264	0.1164846717
	0.1265033645	0.1317123082	0.1331903578	0.1332101722	0.133061514
	0.1314351319	0.1310789701	0.1352298485	0.1402503142	0.141623195
	0.1383390039	0.1307610723	0.1215269929	0.1168534565	0.1200397678
	0.1264642856	0.1297519439	0.1266723437	0.1164635515	0.1013848177
	0.08855668553	0.08571204579	0.09308152278	0.1034988195	0.1096120004
	0.1077842471	0.09728995831	0.07995658868	0.0611530573	0.04836610821
	0.04647213552	0.0544198586	0.06656481453	0.07660798193	0.08041086673
	0.1862355266	0.1740987587	0.00729974184	-0.0005675066359	0.08092922849
	0.08686489053	0.1325167371	0.2973444817	0.458058462	0.4319673463
	0.2608344697	0.1327535176	-0.01862599743	-0.1227616443	0.03001809185
	0.3486631054	0.6530279637	0.8089071717	0.8301704199	0.6673288114
	0.4054515008	0.3093887721	0.4759090165	0.5202818221	-0.03157346952
	-0.5041606417	-0.3461157997	-0.1033428645	0.03068097885	0.07554215495
	0.02167460953	-0.007923221597	0.1343291794	0.3455610474	0.3938878529
	0.3092124604	0.2187127709	0.1835170777	0.2122947774	0.2577245452
	0.2417480707	0.1641995107	0.1298774944	0.2409278481	0.4456850123
	0.5681892635	0.493559963	0.3262813872	0.2366863693	0.2384196063
	0.293119062	0.3358673296	0.2551945069	-0.0009328720266	-0.3553168465
	-0.6156054353	-0.2599886037	0.7813449504	1.082557086	0.6460786476
	0.3086455373	0.1632029865	0.09854351371	0.0785764792	0.09408874598
	0.1137565651	0.1255424049	0.1321853424	0.1350417083	0.1355233691
	0.1346736406	0.1321628336	0.1313289799	0.1353548133	0.1404019198
	0.1419431587	0.1391893044	0.1327331892	0.1249792138	0.1211815049
	0.123919857	0.1290735424	0.1311637502	0.1272464162	0.1163338667
	0.1004163441	0.08671032428	0.08333975891	0.09071011399	0.1014334271
	0.1077948393	0.1059377218	0.09514631233	0.07746369774	0.05856489642
	0.04611148025	0.04490426576	0.05365109458	0.06646661569	0.07692368424
	0.08086207441	0.02739775246	0.1483335801	0.1825714733	0.1541140519
	0.09388792269	0.0664888998	0.2280517965	0.5422590809	0.6078357375
	0.5051314258	0.2714558081	0.09672198223	-0.05914194108	-0.2433573981
	-0.104959211	0.3165993863	0.6798475994	0.8677388736	0.9806119625
	0.88831959	0.5954820556	0.4180971061	0.4486891762	0.33280674
	-0.2094005479	-0.6033174092	-0.4373493217	-0.1675805259	0.006012191402
	0.1198535771	0.2166218553	0.2990054825	0.3983044205	0.4728027621
	0.4180835048	0.2733200941	0.151728989	0.1297188681	0.2111037991
	0.3095731582	0.2954591978	0.1662989285	0.06549881557	0.1524380028
	0.44317343	0.679572994	0.6132737409	0.3738391092	0.2297056216
	0.2258310518	0.3313509473	0.4767163768	0.4971761306	0.2575288152
	-0.1852559892	-0.6339320791	-0.5735746886	0.3455866664	0.9117713833
	0.6705992489	0.3487174206	0.1788296055	0.09754512292	0.07198275652
	0.08936290693	0.1118982332	0.1251702714	0.132355002	0.1354915136
	0.1361718172	0.13538342	0.132836352	0.1318591698	0.1356753747
	0.1406022459	0.1421377036	0.139509198	0.1334730445	0.1264756576
	0.1233161828	0.1260048452	0.1305278052	0.1318990824	0.1273794499
	0.1158779752	0.09928142699	0.08496992818	0.08135148497	0.0888618104
	0.09987346674	0.1063985111	0.1044355658	0.0932917995	0.07521123062
	0.05617385933	0.04403255127	0.04351948712	0.05308649143	0.06658619139
	0.07745622378	0.08152453446	-0.05589561748	0.140235954	0.3759419965
	0.3561793431	0.1280417891	0.04575078587	0.2557061102	0.5865840689
	0.4058792208	0.3266809561	0.2243519591	0.06542649314	-0.07913708055
	-0.3121250078	-0.2361949582	0.2153388534	0.5946935456	0.7820453737
	0.9578170049	0.9482692378	0.670449789	0.4510463738	0.3906420293
	0.2347770143	-0.1575353246	-0.4435526597	-0.3930245721	-0.2158376978
	-0.02934977412	0.1567029029	0.3772636925	0.5424053801	0.5712581944
	0.5015098484	0.3627621773	0.1795718122	0.03149567963	0.02458406345
	0.1769784682	0.3700469247	0.3900095656	0.1920110953	-0.02761686932
	0.01858305038	0.4507066311	0.8581950969	0.794675123	0.435088741
	0.1962952447	0.1704250558	0.3269076935	0.5882064499	0.7438724737
	0.5847196609	0.1611220366	-0.309742051	-0.4249869123	0.1793897148
	0.7004723675	0.5937121186	0.3382939357	0.1793316327	0.09585702339
	0.06866351629	0.08721864068	0.1115162532	0.1255426579	0.1323205468
	0.1346559287	0.1352170109	0.1351572573	0.1333791613	0.1326095957
	0.136148539	0.1407964022	0.1421290125	0.1391939137	0.1328244355
	0.1257938125	0.1229989843	0.1260698225	0.130676795	0.1318766254
	0.1270404194	0.115118621	0.09809752499	0.08358320383	0.08009764009
	0.08791567971	0.0991672089	0.10573085	0.1035720972	0.0920342016
	0.07351935473	0.05428243538	0.0423785892	0.04249491506	0.05283374088
	0.06697944745	0.07823299125	0.08241875961	-0.0405243437	0.1418880697
	0.4622206176	0.4904001687	0.1537961319	0.003589407954	0.1841734282
	0.5164582714	0.1685983887	0.08322871478	0.1440270945	0.04241052509
	-0.08829067019	-0.3252462027	-0.2973123389	0.1073224879	0.4508967333
	0.6093022802	0.7651466054	0.7456660865	0.4919383791	0.3272767723
	0.284910613	0.1782631557	-0.04562186693	-0.2270100323	-0.2995921186
	-0.2795417569	-0.1019539703	0.183460379	0.4883049373	0.6525264266
	0.5791162988	0.407883006	0.244792533	0.04699338079	-0.1397410768
	-0.1415403356	0.1051978303	0.450628938	0.5460736289	0.2273131845
	-0.2466168019	-0.2751196308	0.4063178233	1.075665613	1.010379445
	0.4673052179	0.09189639433	0.03984041522	0.2535222756	0.6390561859
	0.9468206718	0.8993569706	0.5434428753	0.1316310801	-0.05084599435
	0.2403146884	0.5607319565	0.4967947265	0.3066276755	0.1732679357
	0.09690448928	0.07102471848	0.08896617751	0.1129274767	0.126570659
	0.1320846419	0.1327473258	0.1328936279	0.1340621109	0.133654773
	0.1333981738	0.136661335	0.1409073801	0.1418455009	0.1382151007
	0.1308355958	0.1230458047	0.1203601131	0.1242181645	0.1295870093
	0.131143534	0.1262832607	0.1141446012	0.09701512461	0.08276458999
	0.07982330171	0.08810491958	0.09951543382	0.1059694981	0.1035264926
	0.09157245487	0.07260197895	0.0530933599	0.0413123447	0.04193814966
	0.05294734144	0.06766171909	0.07924804389	0.08353334267	0.006740562446
	0.1092261945	0.3680907558	0.4694315459	0.1454967152	-0.05222561185
	0.05774033428	0.4879758183	0.3541272886	0.1354694843	0.1200843111
	0.02918148007	-0.09866301688	-0.312777568	-0.2832596971	0.04247968343
	0.3121475521	0.4193733962	0.4708724072	0.3159778813	0.0635409959
	0.05387416728	0.1422523105	0.1312281584	0.0308978473	-0.07561893111
	-0.2305752084	-0.3831341653	-0.2359747729	0.1908008026	0.5816289714
	0.68719715	0.4995537548	0.2695495801	0.1166815917	-0.1038651757
	-0.3672080921	-0.3877552713	-0.01985250138	0.5511885642	0.7889326335
	0.3165832316	-0.5785241354	-0.7610701408	0.2548459707	1.249921607
	1.169352446	0.3907268131	-0.1376658374	-0.1955536178	0.08967931524
	0.603770452	1.070166627	1.147316134	0.8657432339	0.5139883317
	0.3035604885	0.3613300846	0.4788303299	0.4106979306	0.2705725669
	0.1659063613	0.1017883303	0.07927088145	0.09469431461	0.1160032181
	0.1280818559	0.1318022098	0.1303632419	0.1298772784	0.1324313789
	0.1335992545	0.1340159651	0.1370821361	0.1408839644	0.1412913419
	0.1366983567	0.127829181	0.1187288567	0.1159305751	0.1208645578
	0.12751979	0.1298594796	0.1252353941	0.1130977466	0.0961929759
	0.08265161849	0.08060969702	0.08945420477	0.1009129421	0.107108993
	0.1043123697	0.09194695795	0.07252013626	0.05267001744	0.04087976751
	0.04186636855	0.05341567884	0.06860074092	0.08045883755	0.08482349285
	-0.004807041659	0.02079010445	0.1683600963	0.3322494149	0.1180189616
	-0.08059362073	-0.04916805228	0.4002046887	0.6186262485	0.3487649923
	0.1394536757	0.01976601362	-0.1224441197	-0.3112789547	-0.2385240048
	0.0226063912	0.2125384473	0.2613715773	0.1828352485	-0.1413865571
	-0.396834598	-0.2336318186	0.01098894238	0.1003475186	0.08630252166
	0.03102941652	-0.1758336025	-0.4954627426	-0.4030946124	0.1762774747
	0.6732913685	0.71999261	0.4347981454	0.1666294837	0.01475588736
	-0.2741182186	-0.6637356046	-0.7252212757	-0.2147661874	0.6449570491
	1.118352769	0.5704938862	-0.7594182876	-1.186436796	0.07006365348
	1.305407192	1.166861142	0.1478073197	-0.5045829922	-0.5316357421
	-0.164506091	0.4700255774	1.089008021	1.297266529	1.08992792
	0.7751435306	0.5344359867	0.4327678242	0.4067931163	0.3322815624
	0.2340449828	0.1583361864	0.1090474915	0.09115043282	0.103010314
	0.1201269726	0.1299114727	0.1318905118	0.128625028	0.1274369698
	0.1309526662	0.1333131185	0.1343212227	0.1373118986	0.140729492
	0.140583194	0.1349736356	0.124466108	0.1137976978	0.1107035957
	0.116773323	0.1249484485	0.1283028833	0.1240949651	0.1121557766
	0.09576535812	0.08326789433	0.08234695041	0.09176725757	0.103146297
	0.1089604723	0.1057736183	0.09303014623	0.07316987171	0.05292545339
	0.04100247746	0.04220274865	0.05416084248	0.0697188985	0.08178997635
	0.08621541489	-0.02208343817	-0.03044506747	0.04962537101	0.2122291365
	0.1174410984	-0.02910902453	-0.0312897335	0.312986459	0.6224828163
	0.412357076	0.1351066472	0.00962738543	-0.1573709834	-0.3263420277
	-0.1944580499	0.02913142988	0.157822925	0.1591164104	-0.01143124681
	-0.4239567761	-0.6439298528	-0.3830317492	-0.06399582613	0.09824550299
	0.1674213287	0.1708158199	-0.05758311598	-0.5092808582	-0.4926338986
	0.1744006461	0.758466829	0.7894758561	0.451793183	0.1470935522
	-0.05522104229	-0.4897290564	-1.033017663	-1.11772706	-0.4626697969
	0.6737098095	1.439519316	1.009942424	-0.4862271846	-1.140863286
	0.05506546843	1.255326844	0.9878283132	-0.2150879937	-0.9331313472
	-0.9074270787	-0.4711413402	0.2522063447	0.9962125879	1.330510948
	1.201908917	0.9097378637	0.6273145332	0.4137424017	0.3079912264
	0.2486182205	0.1948283348	0.1493403345	0.1159700377	0.103247702
	0.1117002182	0.1243859014	0.1318733972	0.13277478	0.128675129
	0.1269184516	0.1303836287	0.1329804727	0.1342587534	0.1373011416
	0.1404836203	0.1399031875	0.1335029709	0.1216491907	0.1095564125
	0.1060466832	0.1130100359	0.1225354943	0.1268565714	0.1231124958
	0.111500493	0.09580414039	0.08450314026	0.08474828738	0.09467066492
	0.1058502204	0.1112055268	0.1076292471	0.09456152724	0.07430906286
	0.05364350626	0.0414951876	0.04279122779	0.05505129933	0.0709042887
	0.08314324272	0.08761601238	0.0302443039	0.01457007328	0.05356985667
	0.161465416	0.1624674389	0.1065688384	0.1325272002	0.3484477146
	0.5138433118	0.342820129	0.1159812732	0.009331659586	-0.1550920186
	-0.3014971254	-0.1372557112	0.0543367693	0.1439531835	0.1174853328
	-0.08914529325	-0.4848291227	-0.6299597189	-0.3660319257	-0.07955716664
	0.1180057522	0.2931921386	0.4012313585	0.2079520888	-0.3038313812
	-0.3822566869	0.2233236021	0.8088480992	0.890545125	0.5884071486
	0.2508091408	-0.1003970551	-0.7833737943	-1.447146231	-1.463028803
	-0.6843737493	0.5893894294	1.562056442	1.404410155	0.1429628797
	-0.5638047675	0.2924420269	1.172073791	0.7374023549	-0.5433457496
	-1.276137562	-1.217595281	-0.7567943861	-0.002775967231	0.8129756374
	1.246791709	1.196536121	0.9236028348	0.5921573077	0.2961446641
	0.1649216207	0.1513658241	0.151122376	0.1378177905	0.1202617597
	0.1126878766	0.118780369	0.127924382	0.1337253787	0.1344885174
	0.1307769722	0.1287194381	0.1309886653	0.1326786421	0.1338226404
	0.1370389076	0.1401750006	0.1393885601	0.1326761537	0.1201968497
	0.1072482775	0.1033192281	0.1106762095	0.1209839619	0.1259247923
	0.122531874	0.1112650541	0.09628307767	0.08611793757	0.08740217395
	0.09769749892	0.1085988785	0.1134803624	0.1095477293	0.09621318639
	0.07561393461	0.0545259906	0.04210379835	0.04342629596	0.05592468215
	0.07202821887	0.08441182038	0.08892604058	0.1054878999	0.08043831152
	0.06982742079	0.1304960783	0.2191734699	0.2385082078	0.3166821345
	0.4559982597	0.4196132062	0.2508530145	0.09368968778	0.0380381267
	-0.004874855656	-0.1329387348	-0.03230063917	0.09883825868	0.1675458813
	0.1323824503	-0.07962600128	-0.410070943	-0.482683884	-0.2736593835
	-0.07729751255	0.1252482291	0.4251067176	0.6864589497	0.5874707969
	0.08969580649	-0.09906963798	0.2938445905	0.7726393107	0.9576018071
	0.8242139661	0.5145472247	-0.09563514926	-1.128080725	-1.815176189
	-1.62956921	-0.7728558861	0.4202195357	1.372683735	1.446763443
	0.6517856653	0.1168245037	0.6017810449	1.084931244	0.5428887736
	-0.6792062831	-1.394285117	-1.358616329	-0.9388012527	-0.2285721361
	0.585736375	1.071333239	1.085196106	0.8303830775	0.4488313587
	0.09325410225	-0.01772264176	0.0440659409	0.1055303088	0.124398399
	0.1209800163	0.1179500385	0.1230790566	0.1302035399	0.1352219843
	0.136605173	0.1340847875	0.1319475655	0.1323195457	0.1323062894
	0.1330419548	0.1365477884	0.1397947922	0.1390449917	0.1326026949
	0.1204494643	0.1075111358	0.1033196985	0.1104832657	0.1207759266
	0.1257857052	0.122498702	0.1114749488	0.09705880245	0.08777536236
	0.08984637412	0.1003800347	0.110995513	0.11545535	0.1112207006
	0.09766152103	0.07674723327	0.05525317181	0.04255517271	0.04389136498
	0.05661597409	0.07296560683	0.08549590377	0.0900541736	0.1757820164
	0.1257822247	0.05686334819	0.09044200808	0.2538376546	0.2853833276
	0.3475681209	0.4881444952	0.3182979737	0.1564716966	0.04073815805
	0.1029927533	0.3595443877	0.2023078753	0.1097482365	0.1524735198
	0.2257556941	0.2016651791	-0.01772133703	-0.2991485852	-0.3396425177
	-0.2081878877	-0.1144207154	0.0659797534	0.4713616058	0.8733118984
	0.8783864516	0.4407996252	0.1603618297	0.3050904531	0.6194710244
	0.8716523132	0.9878899957	0.9076941953	0.1078841866	-1.306152672
	-1.952035353	-1.524757729	-0.6807292896	0.2556526577	0.9834178559
	1.123439129	0.7420101003	0.4834352103	0.7590386449	0.975732077
	0.4554941216	-0.5752129812	-1.238802382	-1.27983625	-0.9622549788
	-0.365357725	0.3697542679	0.8490938374	0.9019741365	0.6629133364
	0.238412598	-0.1527726713	-0.20899112	-0.05576645005	0.06581550771
	0.1116264544	0.1184316791	0.1186183063	0.1241380264	0.1310046651
	0.1361923566	0.1385561206	0.1373782692	0.1352396399	0.1336526722
	0.1317440031	0.1320274029	0.1359037869	0.1393259136	0.1387666651
	0.133075223	0.1221087531	0.1100740573	0.1059174078	0.1124268039
	0.1219504369	0.1264615524	0.1229867899	0.1120161802	0.09788368924
	0.08909481627	0.09164339794	0.1023232745	0.1127321537	0.1168846638
	0.112412771	0.09864384438	0.07741995818	0.05554343835	0.04260812769
	0.04399816619	0.05698577606	0.07361457133	0.08631695712	0.09092955634
	0.2546751011	0.1817689705	0.05877491089	0.05984059115	0.2747713411
	0.3449030274	0.2993489667	0.3962032121	0.1861225567	0.06104275218
	-0.04554454916	0.1460156228	0.7686341377	0.5261669543	0.2054040765
	0.1896682668	0.3090277605	0.3223083697	0.08164170423	-0.1958502096
	-0.2580553	-0.2207052511	-0.2368482582	-0.1006965067	0.3649332683
	0.832172281	0.9044641989	0.5605011176	0.2568684673	0.2350332626
	0.3909049158	0.5552799741	0.7659039331	1.162437876	0.6756148463
	-0.9444739288	-1.650571627	-1.158046722	-0.4644318789	0.1529022357
	0.602006172	0.6951827584	0.5443246585	0.5057388922	0.7256986147
	0.8463477123	0.4521982396	-0.3112216436	-0.8785058052	-1.008482467
	-0.8248547632	-0.3847148642	0.2094052561	0.628799183	0.6944563725
	0.4728959622	0.0287440747	-0.3672748339	-0.35430932	-0.1209496743
	0.04228125888	0.1027736015	0.1134446189	0.1147567025	0.1218538477
	0.130261134	0.1365284135	0.1399194706	0.1398032256	0.1376737259
	0.1345489147	0.1310681337	0.1310185952	0.1352573071	0.1388084229
	0.1384545681	0.1337360695	0.1244384127	0.1139239846	0.1101375257
	0.1158023201	0.1240896536	0.1277055248	0.1237986906	0.1126580914
	0.09845507922	0.08971790076	0.09244266753	0.1032476603	0.1136131605
	0.1176221684	0.1129818807	0.09899094763	0.0774357951	0.05520159947
	0.0420967567	0.04362046164	0.05694400056	0.07391215771	0.08682854919
	0.09151106587	0.3015164564	0.2427611456	0.1029029328	0.06012459684
	0.271876453	0.439401868	0.3469784448	0.2812306115	0.06012068949
	-0.01123927733	-0.1179356707	0.09858123465	0.9238203664	0.6207075567
	0.1938279386	0.1945372797	0.3910309968	0.4656853776	0.2054945973
	-0.1003888272	-0.2296816267	-0.318776941	-0.4642826122	-0.3625245687
	0.1453358118	0.6092961494	0.7082136908	0.4789560169	0.2249730639
	0.1378877987	0.1708407244	0.08731773197	0.02503148138	0.8361593716
	1.33648641	0.0007289685124	-0.9221274059	-0.6660575628	-0.2369716812
	0.1017262952	0.3351045002	0.3686593139	0.3102707936	0.3822216169
	0.6094313276	0.7370152013	0.4977528865	-0.00766707135	-0.4447507242
	-0.6284303492	-0.5707542315	-0.2970561017	0.1233052338	0.4443474815
	0.503494422	0.3145815731	-0.09746027469	-0.456276963	-0.3908949372
	-0.1254076563	0.04291476035	0.1000801098	0.1066967537	0.106589858
	0.1163292243	0.1279645268	0.136123002	0.1404563525	0.1409968345
	0.1389422759	0.1349874508	0.1305690729	0.1303382337	0.1348090595
	0.1383753423	0.1381325008	0.1342953415	0.1266397453	0.117796074
	0.1146268782	0.1195491469	0.1265274886	0.1291208981	0.1246470906
	0.1131267635	0.09848896529	0.08937493763	0.09202626306	0.1030081348
	0.1135558497	0.1176169647	0.1128798485	0.09863946979	0.07671643788
	0.05415065959	0.04096027703	0.04271723985	0.05646564974	0.07384416134
	0.08702254636	0.09179232342	0.2709789081	0.2568225809	0.1657980639
	0.09911055677	0.2344221488	0.4147653456	0.3508272828	0.1819021912
	-0.01180150351	-0.03312945103	-0.1190830512	0.02811153	0.7777637108
	0.4959259147	0.1221540504	0.1777020294	0.427564681	0.5589269435
	0.3096689426	-0.01152966257	-0.2140658896	-0.4535435401	-0.7367096083
	-0.6214963358	-0.06283455243	0.3643676578	0.4602451494	0.3328399412
	0.1589749996	0.06790548325	0.02171161277	-0.3211982446	-0.8846268611
	-0.08368326914	1.518475648	0.9780233848	-0.09931578131	-0.2380731238
	-0.08333333136	0.06727735021	0.1740823888	0.1784198368	0.1564916305
	0.2708324721	0.5212603441	0.6965418031	0.5888957791	0.2742332958
	-0.03588447797	-0.2254031489	-0.2589398417	-0.1354124589	0.1047131364
	0.3048733625	0.3467685467	0.2249675792	-0.06508176856	-0.3326239426
	-0.2709177424	-0.05639577302	0.06911807832	0.1036287937	0.09869242258
	0.09485499378	0.1081482616	0.1243102157	0.1349060932	0.1400428896
	0.1408687117	0.1390476558	0.1351169803	0.1305363044	0.1302390816
	0.1347226326	0.1381962468	0.1379420566	0.1346239888	0.1281141457
	0.1206267955	0.1181676499	0.1226742273	0.1286270653	0.1303273897
	0.1252665622	0.1131948118	0.09779597098	0.08794324163	0.09034348483
	0.1016052725	0.1125871336	0.1169057645	0.1121470369	0.09763332804
	0.07531116912	0.05244585538	0.03925633879	0.0413424751	0.05559666859
	0.07344794839	0.08693014836	0.09180214425	0.2067227533	0.2169129886
	0.2016323843	0.1658477693	0.2025417813	0.2905159811	0.2439098348
	0.1015379673	-0.01180741937	0.006005347304	-0.03462374518	0.04882169781
	0.5437898526	0.3233240381	0.0718117008	0.1513408058	0.3768990385
	0.5278807303	0.3335603383	0.05201598953	-0.1680115959	-0.4984723839
	-0.8558207677	-0.6928701722	-0.1357945222	0.2114421592	0.2779008344
	0.211562182	0.1128399505	0.04840983817	-0.03444627892	-0.4860788742
	-1.363622348	-0.9329606173	1.130301186	1.431764486	0.4549363669
	0.01812109783	-0.02073074883	0.02350686377	0.06704843851	0.0736830583
	0.08529789637	0.2293903878	0.5199711282	0.761437084	0.7523228421
	0.5506086815	0.3266566214	0.1524768715	0.06336983015	0.06547401821
	0.1354358976	0.2012719516	0.2170725788	0.208208473	0.1615270071
	0.04833398056	0.01597252886	0.07769638679	0.1142313631	0.1114555779
	0.09042523756	0.08167449191	0.09890542814	0.1199484875	0.1329822764
	0.1386752305	0.1394443735	0.1380302568	0.1349716918	0.1310083185
	0.1307464022	0.1350193436	0.1383406531	0.1379822297	0.134670351
	0.1285046964	0.121745061	0.1199604771	0.1245125509	0.1299609873
	0.1310753962	0.1254950589	0.1127497588	0.09633915301	0.0854904997
	0.08753808631	0.09919843269	0.1108470423	0.1156115102	0.1109091433
	0.09612018415	0.07339335144	0.05027066729	0.03715626845	0.03963998165
	0.05444893893	0.07280786477	0.08661769266	0.09160048646	0.1349632187
	0.1646585224	0.1896991873	0.2220552661	0.2079714546	0.1867004405
	0.1367377094	0.06727637536	0.04172372927	0.0925322354	0.0961309081
	0.144834988	0.3758339514	0.2103932296	0.06664193985	0.1070783535
	0.2302488592	0.3747865624	0.2657090482	0.06961232165	-0.08689015608
	-0.3449209831	-0.5992960849	-0.4086302641	-0.01424988959	0.1697211005
	0.1777091136	0.1220995753	0.08736034348	0.08515199407	-0.001903840671
	-0.3984536939	-1.171392127	-1.073885232	0.6227084287	1.317427977
	0.6230694184	0.0986070088	-0.03743501978	-0.05381963106	-0.04364733611
	-0.01353826138	0.05959839308	0.265010444	0.6291325489	0.9534110844
	1.017505233	0.863069663	0.664058926	0.4891992054	0.3627568949
	0.2743983722	0.1974079771	0.1233918103	0.09563164368	0.2219101002
	0.5206795829	0.6235848878	0.4124932718	0.2413643615	0.1637218674
	0.1202289611	0.08384731843	0.07086321571	0.09128317093	0.1159792844
	0.1306850307	0.1365376756	0.1369032916	0.1359550449	0.1344277326
	0.1317251553	0.131627032	0.1355408895	0.1386827495	0.1381448068
	0.134324981	0.1276295878	0.1208605726	0.119660886	0.1247765828
	0.1303505901	0.1312749324	0.1253002304	0.1118228278	0.09426157298
	0.08229477361	0.08396126265	0.09611540179	0.1085950628	0.113945253
	0.1093738365	0.09434109582	0.07124228716	0.04791368467	0.03492165375
	0.03782319404	0.05318449434	0.07204343889	0.08617749394	0.09127020789
	0.01819287287	0.1035526378	0.1572109925	0.2371480648	0.2360502017
	0.1514342283	0.09608602173	0.07451613301	0.1099017054	0.198960113
	0.2145093164	0.2201761209	0.2780539404	0.1659479901	0.09128950455
	0.03944752349	0.02806100984	0.1799892882	0.1597029231	0.04864730183
	-0.007186063172	-0.03716810324	0.03637684035	0.2201523431	0.2664569591
	0.2036963841	0.1236515016	0.02175135328	0.04606068619	0.1760749843
	0.1095575033	-0.1928073765	-0.6607546221	-0.6539040641	0.3372521746
	0.9263201625	0.4899165211	0.01770214887	-0.1487688296	-0.1943723675
	-0.2043349098	-0.150783585	0.02335729287	0.3599402298	0.8479427538
	1.269624153	1.38551907	1.22440511	0.9864332085	0.7733328065
	0.6090400499	0.4581975685	0.2737951085	0.07474899469	-0.02155129041
	0.1896482675	0.8074058846	1.144479307	0.7554136906	0.3652145852
	0.195747239	0.1256812041	0.08107488883	0.0663504198	0.0878916038
	0.1134520887	0.1284260036	0.1340155628	0.1337128563	0.133101257
	0.133401343	0.1323175799	0.132512833	0.1360219829	0.1389615396
	0.1381575702	0.1334329122	0.1254796917	0.1180380976	0.1173321724
	0.1235054208	0.1298264921	0.13096897	0.1247632646	0.1105806996
	0.0918778833	0.07882791515	0.08015140525	0.0928378444	0.1062015908
	0.1121976475	0.1078164502	0.09260531742	0.06920612753	0.04572551131
	0.03286342148	0.03614153092	0.05199038575	0.07129141947	0.08571448122
	0.09090530609	-0.08728329679	0.04325808073	0.1452107165	0.2335467814
	0.2557817402	0.1606596725	0.1055010799	0.07583980489	0.142762911
	0.2918176416	0.286179854	0.2335475032	0.2217588415	0.1761006778
	0.1478264226	-0.009917103031	-0.1427011005	0.03010921335	0.07496678801
	0.02196642489	0.04167380985	0.2396183698	0.7340077596	0.9337842
	0.5771324116	0.2593666053	0.08154687584	-0.1124343268	-0.02907098989
	0.3235460992	0.2933998756	0.01812210238	-0.2500517125	-0.2400060882
	0.2210585524	0.5250060221	0.206085559	-0.2060054988	-0.365791152
	-0.3804788635	-0.388726352	-0.3585691027	-0.08816448023	0.4566368679
	1.123703203	1.650134771	1.798015631	1.591052844	1.267519758
	0.9830364419	0.7734239018	0.5835880219	0.3450897802	0.0692693224
	-0.1008209359	0.08463718959	0.8007560358	1.259566861	0.8083762683
	0.3601091396	0.1867333838	0.1235681574	0.08278332809	0.06951419812
	0.08951503581	0.1127120099	0.1264734953	0.131590453	0.1306423399
	0.1301213205	0.1320603556	0.1325433394	0.1330774427	0.1362199092
	0.1389453705	0.13780295	0.1319730551	0.1223338554	0.1137571149
	0.1134422948	0.1210237456	0.1285828688	0.1302943702	0.1240448414
	0.1092900131	0.08962621609	0.07568880808	0.0767604775	0.08993943136
	0.1041035424	0.1107038758	0.1065429004	0.09124309528	0.06764424123
	0.0440585169	0.03128796688	0.03483764423	0.05104744951	0.07068386218
	0.08533016993	0.09059693787	-0.102276724	0.02766607784	0.1677915951
	0.2462473923	0.2501747243	0.1676125571	0.1244845499	0.05559537216
	0.1362035574	0.3488136251	0.3122868912	0.2181152415	0.2097457114
	0.2416302671	0.2653763657	0.04477293305	-0.1812790911	-0.02995665686
	0.03239456978	0.009446884162	0.04081304639	0.2810368544	1.021605072
	1.325920363	0.7476389243	0.2872053824	0.0540022362	-0.2070862665
	-0.05151419695	0.5405646978	0.5225346229	0.1934586035	-0.02884697962
	-0.04486206225	0.1469676245	0.2321743003	-0.07792582869	-0.4698224022
	-0.5776542103	-0.4493252788	-0.4015369167	-0.4963777889	-0.27415345
	0.4548413492	1.315238056	1.943088063	2.117460345	1.861382679
	1.449644814	1.090965645	0.8384192772	0.6305943896	0.3905827071
	0.1076797585	-0.09584969991	0.002504793589	0.5668335426	0.9035556357
	0.4766790502	0.1873260763	0.1289375342	0.1127846664	0.08778422032
	0.07831386557	0.09472369087	0.1133325746	0.124928169	0.1296870124
	0.1284983045	0.1278966922	0.1308241801	0.1323756898	0.1331422175
	0.1360059169	0.1385474865	0.1370746942	0.1302058291	0.1188659214
	0.1089730872	0.1088767023	0.1179224428	0.1269476515	0.1294512658
	0.1233479313	0.1082611176	0.08798033478	0.07348459107	0.07442445078
	0.08797152661	0.1027173898	0.1097766861	0.1058278833	0.09053902119
	0.06685598614	0.04319864107	0.03043924593	0.03410272278	0.05049811389
	0.07032572993	0.08510639396	0.09041927278	-0.03898375651	0.0614656463
	0.2066728258	0.2635653689	0.2107369499	0.1456544037	0.1508460336
	0.1083545477	0.1920283315	0.3809878232	0.3077098907	0.220641563
	0.2590624184	0.3627141588	0.4439495114	0.2318666238	-0.05959077918
	-0.00673675794	0.02201816946	0.003654090326	-0.03206124323	0.005215907606
	0.6686801254	1.156012415	0.6889583531	0.2683189143	0.06368948192
	-0.1588708306	0.08810401903	0.7779879393	0.7054640006	0.3066282886
	0.07702694048	0.02807314291	0.09965900875	0.06812088917	-0.2477039744
	-0.5928550311	-0.5589367029	-0.1591067555	0.03207925122	-0.2711152264
	-0.3807432768	0.2873146584	1.234197667	1.932300188	2.152769238
	1.903479015	1.466201762	1.077169066	0.8061855052	0.6025946025
	0.3979087284	0.1644986719	-0.01149254246	0.05075154421	0.456666664
	0.5441860674	0.03948866182	-0.05344219449	0.05107128059	0.09928617325
	0.09455329384	0.08915969664	0.1012328517	0.1147108013	0.1239327265
	0.1285973088	0.1277286527	0.1270641981	0.1301077943	0.1319136967
	0.132670569	0.1353692402	0.1378121005	0.1361377001	0.1286075353
	0.1160365745	0.1049780295	0.1048203346	0.1149863092	0.1253408096
	0.1286726689	0.1228769001	0.1077751165	0.08733365818	0.07268158063
	0.07360588312	0.08732328272	0.1023304865	0.1096238234	0.1058437973
	0.09066248487	0.06701268712	0.04330433598	0.03044894719	0.03403881996
	0.05041949912	0.07027624143	0.08509181824	0.0904177891	0.02347076004
	0.09908725858	0.2333112688	0.256120089	0.1423557004	0.09619020943
	0.1746078992	0.2452774365	0.325066532	0.385199596	0.2823021123
	0.2649323	0.3716123285	0.5088019637	0.6029838767	0.4337019891
	0.1199296146	0.04986283495	0.02828545843	0.0009403819264	-0.1491592028
	-0.431054174	-0.04604844212	0.6055020183	0.4753534439	0.2225954983
	0.1064045834	0.005922337687	0.313749936	0.8768396667	0.7175250845
	0.3290623643	0.1288597166	0.0769726349	0.09490372668	0.01300384146
	-0.2606553024	-0.4764674468	-0.2295503937	0.4747242315	0.8694441908
	0.4001891819	-0.2331030575	0.01094724815	0.7984118803	1.47285275
	1.759617792	1.62026487	1.275897888	0.9411331987	0.6971782032
	0.5216805026	0.369848689	0.2079035814	0.08854790803	0.1826976357
	0.6303858336	0.6814117907	-0.04235912942	-0.1625968459	0.01017805853
	0.09486945213	0.1026847399	0.09916359914	0.1072743343	0.1165609532
	0.1238056195	0.1284837403	0.1282525099	0.1276242532	0.1300200919
	0.1312327349	0.1317012418	0.1343572069	0.1368061875	0.1351403159
	0.1275838869	0.1146895947	0.1029561003	0.1024099991	0.1129976188
	0.1241829474	0.1281760303	0.122788233	0.1080051369	0.08788473869
	0.0734710885	0.07446161807	0.08810789624	0.1030140731	0.1102839744
	0.106608871	0.09162033797	0.06811400179	0.04436908982	0.03130676463
	0.03463669224	0.05080764436	0.07053794173	0.08529412705	0.09060259425
	0.01967754997	0.09607569844	0.2366768225	0.2338492489	0.08401818904
	0.04830406914	0.1696087716	0.3278010582	0.3880994338	0.3287810116
	0.2498068955	0.3579311413	0.5151565432	0.6113363158	0.6367058227
	0.4965006087	0.2213074157	0.08622180557	0.04735985523	0.02347708726
	-0.2174985647	-0.7297429391	-0.605725496	0.08178081013	0.2558182783
	0.1798613577	0.1499736902	0.1607348484	0.4427846066	0.7459706217
	0.540667182	0.2694225638	0.1585182129	0.1370931145	0.131309135
	0.03607469397	-0.1548563244	-0.212906698	0.1886355177	1.053728552
	1.604203537	1.118847134	0.0919281701	-0.2440846088	0.139841087
	0.6373341512	0.9628706735	1.02419667	0.8964820563	0.7092426016
	0.5429311187	0.4160545436	0.3203891042	0.2245889016	0.1435425861
	0.2399539371	0.8189795638	1.18686465	0.34223543	-0.03645492626
	0.04318235673	0.1078191105	0.1121936785	0.1067362773	0.1118410401
	0.1187753607	0.1248116086	0.1293371911	0.1296178118	0.1290269181
	0.1303149078	0.1303229184	0.1302991992	0.1330177242	0.1355211703
	0.1340386785	0.1271650353	0.1150769111	0.1034319048	0.102273841
	0.1124539709	0.1237594458	0.1280973379	0.1231407763	0.1089561116
	0.08956597994	0.07570155159	0.07678868696	0.09012437622	0.104599172
	0.1116131346	0.1079795989	0.09325209973	0.06998441531	0.04621886991
	0.03285862127	0.03577452475	0.05157652148	0.07105599724	0.08567976475
	0.09094859774	0.008432113746	0.08238145135	0.2329112318	0.2242448943
	0.07433577752	0.03865810494	0.1599021413	0.3267217505	0.3451344122
	0.2391865254	0.2486907373	0.4971182453	0.6060699996	0.5865100891
	0.5169544506	0.3975865197	0.2031638812	0.07355743364	0.08210316615
	0.1125569792	-0.1456620634	-0.7039892088	-0.7274122808	-0.1670910259
	0.1199590509	0.1509121041	0.1663457032	0.2266152069	0.4235366848
	0.4979466239	0.3062068377	0.1859593213	0.1870159306	0.2107096515
	0.1957961279	0.1067593628	-0.009014820682	0.0219125717	0.420196815
	1.220132151	1.787432112	1.406280845	0.3312849438	-0.3976507371
	-0.4899706433	-0.3072361759	-0.0284270871	0.2505215684	0.4086135847
	0.431046363	0.3777501607	0.3102330279	0.2659241731	0.2235518256
	0.145966989	0.1311896864	0.6589092696	1.447897353	0.8015813902
	0.2114107654	0.1281261497	0.1341578422	0.1218311506	0.1110306492
	0.1142993114	0.1209782268	0.1267541631	0.130881848	0.1312660508
	0.1305881933	0.1306226769	0.1291597584	0.1285643544	0.1314012904
	0.1338876986	0.1326037418	0.1269669605	0.1167109678	0.1060077265
	0.1042474502	0.1133577793	0.1241065962	0.1284378087	0.1238686485
	0.1104518601	0.09204914885	0.07890775551	0.0800724021	0.09291230938
	0.1067274517	0.1133290515	0.1096921434	0.09527072569	0.07231191229
	0.04854580582	0.03483363262	0.0372380044	0.05257212201	0.07172789102
	0.08618140748	0.09140313025	0.05521269331	0.1113561075	0.2384233586
	0.2262609064	0.09390504959	0.05475383524	0.1757061103	0.328100391
	0.2975174776	0.1958791083	0.329794758	0.6627858675	0.516602063
	0.3716881835	0.3048818215	0.2278728931	0.1080784603	-0.01103180928
	0.1112861238	0.3048157099	0.1000651907	-0.4026671881	-0.5012907268
	-0.1634056412	0.07121732128	0.1301097763	0.1471317878	0.2087889783
	0.3314055783	0.2905126122	0.1441751992	0.135330304	0.2241190413
	0.2835672706	0.2696770992	0.1983357142	0.1166258019	0.1400379007
	0.4184620453	1.015719655	1.477954463	1.217582077	0.3587385945
	-0.4445341941	-0.9073494859	-1.087465845	-0.9496336163	-0.5150548688
	-0.08049288911	0.1624127859	0.2307523259	0.2208536676	0.2192269571
	0.2265836249	0.1547138677	-0.01542939495	0.2170337353	1.146520866
	0.8946180255	0.3744374101	0.206943808	0.1609123114	0.1292369134
	0.1117045467	0.1142786303	0.122494932	0.1289342318	0.1326095044
	0.1327274775	0.1318301692	0.1307126663	0.1278212001	0.126675561
	0.1296231033	0.1319193408	0.1306474014	0.1264879898	0.1186975932
	0.1096058452	0.1074720075	0.1152227987	0.1249969305	0.1290597309
	0.1247968302	0.1121813091	0.09483028834	0.08242808648	0.08361712619
	0.09587455116	0.108952076	0.1150915423	0.1114331416	0.0973321687
	0.07471578045	0.05096878851	0.03689326201	0.03875712693	0.05359843916
	0.07242127504	0.08671143233	0.09190053802	0.08108886625	0.1349528617
	0.2350192639	0.2183095749	0.08558863551	0.02310687867	0.1808204583
	0.3773132263	0.3184692913	0.2419446821	0.5087885314	0.8257901837
	0.1817924042	-0.02085717978	0.08785147109	0.07771103707	-0.003492057132
	-0.1736128107	0.08342676437	0.5785133915	0.46646865	-0.02273319843
	-0.1983802412	-0.06320806542	0.06971086666	0.1114124023	0.1028884171
	0.1474783833	0.2390704117	0.1758303295	0.07860170275	0.1283892378
	0.2634554564	0.3366035114	0.3330117237	0.2874473087	0.2026906176
	0.1669411602	0.3106073031	0.7063001132	1.031737116	0.8513712611
	0.2594262449	-0.41983107	-1.085149818	-1.577956552	-1.624869341
	-1.125264956	-0.4814227372	-0.05286326347	0.1204141017	0.1564043905
	0.1868794054	0.2511880942	0.2540282416	0.1178703634	0.1861364109
	0.8565388779	0.6763130104	0.3756322276	0.2434727853	0.1781146744
	0.1330628621	0.109442586	0.1120774067	0.1228778418	0.1306219208
	0.1340271143	0.1337374847	0.1325808965	0.1305914905	0.1265401531
	0.1249124686	0.1279223617	0.1298855783	0.1283395122	0.1255182776
	0.1202680911	0.1130230433	0.1107987439	0.1172925559	0.1260375159
	0.1297389709	0.1256954846	0.1137854625	0.09736068748	0.08556457209
	0.08670765686	0.09841619696	0.1108439616	0.1165824825	0.1129091217
	0.09910686998	0.0768219472	0.05310514948	0.03869129328	0.04005159121
	0.05444977268	0.07299607004	0.08717784531	0.09238337255	0.05749156586
	0.1139321403	0.2097921832	0.1967861293	0.03861931329	-0.08382008191
	0.1205233816	0.4339852258	0.3881251131	0.3363194122	0.7106117843
	0.9770356465	-0.2235564527	-0.4513114221	-0.06941360854	-0.01478742313
	-0.08191865761	-0.3429280188	-0.01774670967	0.8132194034	0.8058014665
	0.2627954188	-0.004104745752	0.01238622324	0.07790227448	0.09681875183
	0.05913538348	0.08486932732	0.1759833034	0.1285317461	0.06660959208
	0.1404245818	0.2916123244	0.3628921736	0.371026807	0.3522741339
	0.2530059306	0.1609755847	0.2142717411	0.4823425021	0.7123006093
	0.5726104342	0.1584908071	-0.3759287117	-1.110474545	-1.804223294
	-2.007594231	-1.508013693	-0.742113302	-0.1902015618	0.05437045566
	0.1194308822	0.1690162986	0.2867967388	0.4217573307	0.5695013669
	0.9535409248	1.351724877	0.6169757087	0.3184998446	0.2473565529
	0.1853344219	0.1342533925	0.1063163467	0.1090484791	0.1223743859
	0.1315221015	0.1349036541	0.1342745663	0.1329045575	0.1304340229
	0.1256496248	0.1236128646	0.1266352328	0.1283340625	0.1263677793
	0.1243754518	0.1211043534	0.1153895594	0.1132202422	0.1188245759
	0.1268197198	0.1302452331	0.1263464685	0.1149477377	0.09917502866
	0.08773078273	0.08874663129	0.1000529015	0.112068122	0.1175591587
	0.113891738	0.1003311	0.07832615721	0.05463784539	0.03993253014
	0.04087556955	0.05494313433	0.07332665665	0.08749690191	0.0928326075
	0.04678543756	0.09399749233	0.191038841	0.1857795122	0.01962882152
	-0.1456982235	0.05327754202	0.4473458354	0.4348037595	0.3825522296
	0.7721253699	1.08304551	-0.3480472737	-0.6942705711	-0.1329401958
	-0.04583542446	-0.1015761506	-0.3933640335	-0.1148874656	0.8770882228
	0.9596190311	0.3781399411	0.05569441563	0.03501233516	0.08095003942
	0.09300570107	0.04460627347	0.05558050642	0.1517652819	0.1181528233
	0.06679375637	0.1447867583	0.30016007	0.3716945123	0.3797623002
	0.375761586	0.2738971934	0.160520708	0.1803708993	0.4031437513
	0.6025240229	0.475940294	0.1130064442	-0.3582677848	-1.088636495
	-1.848532377	-2.125852859	-1.648730895	-0.8418373748	-0.2395856365
	0.03399307488	0.1096942767	0.1626286629	0.299163851	0.4966959384
	0.8027612582	1.45320709	1.923463053	0.7645037909	0.2935807877
	0.2432399314	0.1872458689	0.1348121111	0.1048488176	0.1071435445
	0.1217814315	0.1317637177	0.1352585851	0.1344743087	0.1329553148
	0.130425813	0.1254504354	0.1230748645	0.1260537289	0.127815901
	0.1256279107	0.1237350582	0.1212936094	0.1162984364	0.1141051645
	0.1192924273	0.1270449277	0.1304130971	0.126595036	0.1154566954
	0.09998188777	0.08855363482	0.08933901173	0.1004700136	0.1124218063
	0.1178774394	0.1142346255	0.1008300956	0.07903462532	0.05536840467
	0.04042110538	0.04105374856	0.05494547471	0.07332189375	0.08759129802
	0.09331833181	