3131	
	-49.55058815	0.1001740435	-2.194677523	18.00324287	-1.66595084
	23.13238311	33.42015436	14.62162082	7.994849072	-7.485522239
	7.517391122	-2.07767691	3.81409312	5.241660647	-13.23259753
	53.42857939	5.560018659	40.1472944	-14.33469975	5.92759694
	-9.507381472	0.3281619888	10.7809602	-2.738534614	0.8267280704
	0.4040237815	-0.1331211955	-0.1617444734	-1.240421854	-1.004263243
	-27.10087643	-2.055729124	1.908319269	0.3256089326	-0.315280761
	-0.5193474778	-0.1783652909	-0.1527728999	-0.276330277	6.686883542
	-1.824609716	4.132926229	2.951033882	3.884792067	-8.334315393
	-2.513753023	-5.866297491	-1.524730722	1.322167622	-2.697755631
	-1.575168564	0.8303163855	-0.4565458947	13.9213484	1.959724919
	-1.105687564	-1.388571358	8.554914879	-1.405316141	2.16146764
	4.890692202	-4.392684745	7.381538934	-2.185767888	2.714857638
	2.027656106	3.728455007	-9.211301745	-2.715456751	-1.654261063
	5.552014721	7.919604891	-2.073931618	10.47158974	14.84295938
	-59.08387287	6.986175962	-4.48681223	7.494854601	1.59301379
	-3.075932016	7.656261105	1.747069696	-0.1266795639	10.81834294
	6.809889247	3.076712391	-1.62979903	1.325704396	-3.979579046
	8.706857491	4.439176307	-2.695267608	-0.7491920651	-8.473671933
	7.544049194	4.516775595	-0.5944083427	-0.6931135017	-0.281437894
	-36.41277377	15.19904913	30.7999649	-3.327187383	-14.71514566
	-1.186517993	-1.133505061	-1.850856086	-35.86761576	11.24095022
	2.006025694	-1.737604251	3.368738726	-2.751872541	2.092304706
	5.920825121	29.37436568	47.26184195	-35.5820867	-9.154596878
	-2.666622495	14.97440672	0.6057334063	7.897567819	-3.237213438
	2.313323298	0.9406105793	-0.1404801612	-0.1427288748	-0.7872214592
	2.782533374	18.71017351	2.342779265	0.8104861545	0.004212631004
	-0.4006127525	-0.3768455986	0.4651381159	0.02074144974	-1.16624046
	-4.421678973	0.05152284794	-3.442513657	2.849177064	27.91533721
	21.31118764	-3.067161911	-3.663945565	-2.14985161	5.613308489
	-6.570944516	6.428592646	0.8573673914	6.902840082	-6.780873445
	-2.158793619	-1.032064307	0.2723618129	-3.567518037	-1.894632349
	1.179295312	1.891073831	-4.079759853	9.644969231	0.3829798617
	1.833192366	-0.7018634849	-0.3270036499	4.388495681	-2.004312894
	-3.568936544	-2.985166664	2.80828329	6.242055141	-1.110827918
	-4.952383557	21.23638784	35.02089648	-4.182772324	-2.565736481
	5.310267178	-4.38852041	7.740897079	1.251890543	-0.3193259964
	-13.2681964	3.02632449	0.7086902996	-1.069159908	1.652164827
	-13.82742518	10.36689943	-1.54467194	-2.483343626	7.728254601
	-0.738884985	-0.6642871909	0.3849776483	-0.5643704545	-0.9953670296
	-2.253554787	-41.89838412	-14.1872588	-12.33888078	-6.271879095
	18.94590349	4.089114204	-5.184415465	-7.615038019	-4.549180293
	-9.337900021	5.722530937	-0.2510320514	8.480573613	-2.18343139
	-1.260080402	-0.1766131438	-6.258628039	13.30258039	7.612680072
	-7.064468261	-8.609598785	3.320283326	10.63688534	-3.580743879
	-4.077646965	11.44472244	3.465669148	-0.3165811367	-0.1502962714
	1.865530428	-0.7012573998	2.341214216	2.049352186	-0.0306365967
	-0.790796307	-0.8863015459	-0.9731982148	3.563517044	0.5510275884
	-2.015354751	5.901090913	-1.556913035	-24.27588805	22.40445766
	-9.144230022	-16.97519459	16.59347602	-4.3711753	8.292676815
	3.178322253	-5.391384084	-0.5487657766	-2.128971298	-3.464661516
	-2.359139772	-0.6557624122	0.1105452479	0.4564900707	15.06083956
	0.08561682731	5.416374535	-2.208175988	-1.262585117	-0.5033723139
	-0.70215639	1.022131171	2.894289607	-4.614845434	-1.491537837
	16.21925564	-6.762731709	14.88278194	-9.913737839	-4.40144595
	-4.725328709	-20.1937206	-33.85394729	-11.47485293	-7.067715958
	7.915215092	-1.119508932	0.106480053	4.085023463	-6.562450491
	4.93361706	-2.252274983	6.933062926	2.660120882	-1.109051412
	0.005401611122	-59.98641779	31.28443536	-7.061615304	-2.022484582
	-3.968193933	3.830796183	-0.7827206077	-0.5205279903	-0.5428706824
	-1.403016028	2.251614312	23.00983134	100.7235457	-16.47379479
	-8.716519922	-32.32204114	6.191677732	0.7905958299	-6.708473428
	20.61198322	-4.582711829	10.42276852	-5.542589814	-8.642077779
	0.2530702658	20.01547977	29.84666226	3.340178256	-3.159797686
	3.292988128	11.69945268	5.773437108	33.26651615	6.526045337
	6.527490795	1.727615475	44.23737706	9.807451743	-0.3964433094
	-1.325704826	2.003292482	1.356794798	1.231627071	0.09261681942
	-0.5681826423	0.3500378094	-0.1855662534	-2.132454326	0.3288319732
	-3.348803115	-13.25760756	3.96343284	-0.02279243038	12.28132423
	3.407779617	-6.563581032	6.701983975	14.14217693	-29.85406513
	-9.135036152	-2.61747042	-3.453097438	-0.7406616845	5.891838793
	-2.463060982	1.526268283	2.185160354	1.570740966	-2.128643929
	-17.49940508	-1.361328371	-3.827117522	-1.174173684	7.551186373
	0.2012298068	-0.2027606792	-1.506802333	6.392707588	-13.68119952
	29.36322504	-11.04307674	0.3852454171	-23.02441355	17.49696559
	-20.27022181	4.7133362	-8.377213359	138.0333562	35.03266986
	-2.895200618	-1.037098952	3.451291909	5.570688994	5.093946505
	-20.64529541	3.087132441	1.166400548	-1.157067144	0.5899234532
	-1.163628368	16.46132652	30.18203834	4.65587222	-9.998380719
	14.7933993	10.47293639	5.044381821	-0.5868635736	-0.4949799535
	-0.6445250296	-1.583116189	-0.8437931916	-3.692347178	-81.61635815
	161.8760759	13.90869799	-27.61591743	23.14157519	-13.44424805
	84.71411801	-5.836286994	-0.2905345382	21.17118253	-13.52772765
	19.81678952	18.04584955	-13.1684204	3.909228644	5.210968507
	-3.965585133	10.28107686	-1.121551342	-8.573466339	20.31343996
	-67.11753665	-18.29804444	-1.320313568	-11.03831596	3.725256146
	0.4735903098	-0.9324861957	0.5683454651	1.018557632	1.482848351
	0.320179605	-0.3375854825	1.603382493	5.416579158	-1.444593585
	-0.5363167978	0.9615376179	-22.50657598	-1.554744098	1.158403995
	-1.105507152	-2.710397004	-15.19512323	11.2777182	12.80007316
	-17.56722449	14.75270495	20.99645186	-6.282323422	-2.382196652
	-0.3904574111	-8.634818422	5.950925974	0.91690037	1.802315778
	-0.4153952717	-3.092950076	-1.489480379	-20.17232441	-0.9371895476
	-6.518279984	-0.6378605146	-3.718444902	-12.52051987	0.333691232
	-13.18055688	54.79787849	-56.82092511	97.59596189	-130.5254618
	32.88297134	53.08161007	19.72494611	15.53214019	38.08556547
	-38.83649787	9.952900919	-11.73304071	-0.8117210466	0.6660084329
	0.4399258919	8.209212837	3.367208898	4.033711477	-2.323811566
	-0.9606044615	-1.214271039	4.288231872	6.137767004	-1.637477299
	-28.55102592	-32.5689406	7.220158901	-3.592079708	-2.341887242
	-0.7020653201	-0.8327481682	-2.680355908	-3.236595463	-40.27054739
	-8.717526848	-16.85085687	-122.6703217	-11.35486653	-13.31274461
	-10.47124732	0.8931150916	-16.36186291	-7.776236952	-10.14331734
	-8.901380953	9.041032276	-2.355493952	-8.425898148	-8.720718276
	-6.869953027	-3.283814627	-12.03892354	-3.808831174	6.252832818
	-2.242562254	16.30446507	14.82751195	38.7841838	-6.439646767
	-3.583620519	-0.1317899447	-0.6818862027	0.537528431	-0.02624353396
	0.5104674697	1.6433421	-0.04986791627	0.4168298259	0.7273210311
	-4.455051247	-1.05522361	4.080340618	38.90797034	-4.521569376
	4.255412601	-0.4810624565	-0.9937169449	33.73634718	24.5744566
	-24.03985817	5.636200291	25.96430673	-27.60686793	-9.198536301
	10.30093611	-2.420335192	-2.132291484	0.8472714863	29.81025461
	6.506507626	-0.9554697967	-6.84362933	0.1758143049	13.69148375
	-0.2998770566	13.63633809	16.60365816	-6.781887349	24.59170035
	-0.7557312616	-2.728500629	43.93790651	-171.5527021	-1.853095712
	23.56175625	82.0170329	-413.9953904	4.01334151	-14.86759842
	6.842555568	19.21974248	4.333404296	1.60218161	6.64905697
	0.6030515228	-4.565137089	7.153855018	0.018461877	-2.17780516
	-3.497927772	-1.002023134	-0.9790042541	0.8916632541	-3.507863965
	-3.551429211	-2.809429417	-10.72674048	1.118477011	5.12806161
	-3.008099538	-1.246212812	-0.9592968681	-1.865278373	-1.150542186
	23.29979693	19.01820824	-5.142696699	80.07998127	14.47160215
	9.323369307	-9.217972546	-21.21955962	46.74724759	0.2351991818
	4.800457965	72.63143093	-37.74512089	13.40354762	2.001835931
	59.23957693	-5.184474376	0.7478740252	9.529249656	30.70237275
	-0.8594500291	16.18083286	-1.204760254	0.9968307408	-22.87821937
	-4.196402725	0.3900110658	-0.009001992572	-1.643043739	2.163144762
	-0.9231097465	-0.517290748	0.2317551666	-0.1936818006	1.865080569
	2.571321771	-1.688527474	-2.374912724	-1.52498965	-58.98852006
	-10.84394498	0.6388170039	5.473779921	-6.042203326	-1.068272435
	-108.3507092	82.65965458	-133.2741449	-58.45659232	79.35458118
	-15.15238837	5.694133389	-6.13209263	3.089791251	5.380815126
	-35.07853704	3.08515166	0.6736592953	6.2103146	5.066998353
	-2.477558761	10.40675735	-43.4256695	-1.795589533	7.234717487
	-9.930448334	-2.140094224	-10.82528718	-7.164692347	16.08482599
	18.17257986	-17.66811014	37.28821482	-37.01169468	105.9268653
	-2.988501828	-15.03409347	1.495566584	0.4762648703	5.811554642
	-1.140699482	2.566430352	-10.31744631	40.99975877	-1.163218717
	-2.01107675	-3.582652773	-1.297528309	3.567120302	5.328084876
	-2.057963444	-1.36972157	5.586838583	-0.6482264746	-0.5483393936
	1.229614902	-1.713504083	-2.089683708	-1.668967459	-0.6711001068
	-1.383801232	3.862085404	24.87168694	-22.28648647	76.27229243
	-57.816576	-408.4627768	-57.67144409	78.59141851	-113.5674558
	45.43839203	-7.225373474	-107.5744008	-7.047914951	-1.781412992
	-6.223557843	-1.374457199	-12.21657223	20.22919282	14.36815111
	4.139595166	-13.68515896	2.867275754	-1.304319634	-1.931584734
	-0.6111405993	-2.199251841	1.333728253	-0.105080811	-3.687432894
	3.521719497	-2.137925628	-0.5876759069	-0.5317198673	-0.1173708981
	2.314401212	1.105513617	-1.27971554	-0.2351259607	14.92932711
	-12.11692966	24.77444598	0.1192392459	-0.2526964772	-11.04090858
	9.046115481	21.31071087	-307.8622482	-534.9376628	146.9711466
	-36.26347007	-86.67930028	50.01413903	-11.83426385	-3.458087757
	9.221911105	-52.94361395	-1.10541268	-1.806726169	-4.707978015
	1.464769958	-2.549734426	1.123468864	11.33442523	6.408957043
	0.2709187897	-2.502388263	8.956346156	9.639101562	-3.723465082
	1.909034199	39.20648099	-12.32247789	-2.58755115	-96.40286427
	63.40954901	-35.17206002	16.36685357	4.195350504	-3.020094553
	-0.6695946339	-9.131697277	6.035535359	6.054617718	5.580925687
	-7.697762089	-0.4135822344	21.14733438	-0.5746664541	4.26442155
	5.065440855	-6.360809682	-0.7826343229	2.974093571	2.799456982
	-0.691088069	-1.290600032	-2.457762023	-5.473381554	-1.9568595
	1.724333758	-1.189825301	4.589356606	23.01511807	-0.7116231645
	-48.12624005	-151.2073725	270.0930827	172.0529209	76.27642386
	306.5342622	40.24718947	12.37649883	33.76170725	4.478937216
	-1.100563289	35.22473628	-8.508940247	-12.26772638	4.853022731
	40.55551749	-5.764252665	4.63146765	-0.5272997587	2.351190322
	-2.009207674	25.30494496	1.153072181	2.451171252	3.12706592
	1.205909082	2.250063076	-0.6410172672	-0.2648839442	0.6975670901
	3.486075398	0.4547341066	2.178583823	-0.7850487585	-0.993453937
	-0.8261874569	-2.133469599	7.777143399	-6.806689018	-3.746139999
	-14.0454981	25.13468331	26.23542733	-87.14628042	-11.84224217
	24.49614544	-126.5832757	132.3460206	-74.22054793	-4.767898385
	12.580586	5.812127129	-12.14350549	17.59528469	-0.6415588714
	5.454258725	-2.237904935	14.48065899	-7.99569343	2.511055947
	4.515595723	-1.600639038	-0.1403222186	0.5213493947	-9.394975837
	4.49517748	0.2875142097	-15.02627011	-10.76528098	12.49766508
	-5.433854386	-13.0361252	22.88704883	-4.445102049	18.1897771
	-1.982976126	-0.553381317	-10.59400744	10.17560021	-5.638406159
	31.86029988	-6.315078781	-3.923284688	30.9152916	-3.768394302
	-1.021178047	-10.51228628	11.74801697	3.824349896	4.873968977
	-0.1374427494	-0.7061440664	3.894554013	0.06521767208	8.798363379
	-4.915531837	2.737650537	-18.36314147	2.759415762	0.05165108964
	-196.5430663	-31.23626693	115.4778916	27.06971668	-1784.472274
	-547.2740768	-631.8548731	-126.9640299	120.0919293	-5.885579141
	0.3469405922	16.37177369	-5.828030828	28.87761717	-9.701852914
	9.211433508	6.686869771	-6.788407427	11.945556	3.028763217
	1.772264094	-17.97836492	6.149257447	-8.022453447	2.467963474
	6.141795089	2.925114991	1.182745115	-1.067375999	-0.1389980868
	-0.1412432804	3.15555553	-1.291974456	-0.5219333536	-0.4219387999
	3.266561049	-0.419824483	-1.316173487	0.08376170636	15.44867683
	4.765796373	8.238000513	-21.78865081	-59.63469625	-8.317682072
	-11.49011218	22.13583629	95.8715792	-96.22668117	12.79643623
	-34.32819442	-10.50818412	-3.023870612	-3.570624182	0.3128709738
	-5.432652216	7.385067126	-6.940870884	6.285577476	-7.230132316
	11.92887954	1.224427158	-1.443766814	4.403907161	-1.387195535
	-2.622334785	2.439590022	2.42200103	-11.72437539	-1.375741433
	24.64548084	-11.25211554	-6.285718897	-6.200140451	-5.232678013
	-0.5700732011	-2.614967374	-0.5369284192	-3.197575627	-1.014310068
	-7.423627085	-4.313833174	22.80459737	-14.12558319	-42.69134285
	-5.727436267	-0.8455308059	-0.464589529	10.32941782	-1.185561305
	-1.260883578	-2.343395194	-1.570960367	0.6829776159	6.764007706
	-1.702711533	5.844581453	121.4810904	-67.1067032	2.913856792
	-12.98383532	95.28987231	5.558861195	-30.7801067	-57.65150035
	516.0269346	2325.810751	1566.932791	192.5785013	-84.73327574
	-13.33525335	-14.36564164	-24.80526436	-9.698087087	28.34770221
	27.04185085	-2.577886805	0.4145551507	35.83969671	-32.00185605
	-1.579063732	4.744849146	-2.716368141	10.49842181	-1.18567916
	10.5073935	5.295199085	0.5777240848	2.012236333	-4.606316649
	-0.7731010613	-2.300180664	5.066534765	-3.434209252	3.786780086
	-0.7810540704	-0.9858378655	4.730220503	-0.2185334929	-4.25114378
	-1.531696162	0.03415026463	6.841941691	-55.81035999	270.3655343
	7.656031748	-39.397848	34.98666029	-39.4455168	-52.73784768
	31.32177168	63.42567348	-15.44009323	-2.927997105	0.1349002139
	6.615319286	15.51120542	-13.99971796	-3.156709848	0.2863347707
	8.772075554	-6.841867596	-0.9079919032	-2.06187837	-0.813670849
	1.205276012	3.166047682	-1.030461484	13.80873162	6.070782253
	-0.2227273359	-5.694636112	86.38811285	-8.139620763	34.70621706
	-4.331395498	-3.104771352	-0.4201063513	-1.027297657	-1.391365615
	4.860569223	3.832431934	9.248836445	4.518138979	-9.234580189
	95.12544114	30.70003219	-3.723954461	34.01428458	-4.368714679
	-15.6319727	-4.175644315	-6.80793492	-3.615116902	-2.29503289
	-0.1289864954	-8.483488788	-20.26494579	32.21364658	63.40506688
	-20.45923729	3.924631472	-43.66317927	27.54856857	-572.7873447
	93.76089986	-760.136943	-401.843591	3454.864869	-80.62894417
	-263.8968789	98.93119096	-27.95263704	26.30603355	75.31566394
	-153.8075208	230.3681781	-13.18728881	-17.49272869	-85.15889051
	-14.34890294	16.47643103	3.749110827	-44.12855681	-8.522564679
	-127.3893307	64.16447917	-13.00950696	-7.032292884	33.30477384
	-19.37498015	0.8769223466	-0.8280480844	-0.705971793	-1.480387611
	31.7330712	-0.05177160657	-0.5603538512	0.5321750772	-0.1521525403
	-0.588259236	-2.341188607	-1.622635561	-9.170715651	0.03798003792
	-26.63846075	-332.8863025	333.5332623	-75.05932416	17.79274692
	-306.8943955	-28.90992806	-14.12997944	-119.8790887	-4.165721353
	17.39008452	-0.3839763292	4.825351527	10.74257732	36.26975982
	5.698690663	-7.180841343	-5.273258645	5.413988905	-0.9318999048
	-1.831112722	0.9634058097	4.791449282	-2.336927467	7.392475871
	-3.784413092	-0.4274522576	-2.88665246	-16.09259855	-0.5061269198
	-13.02602921	0.2046837923	-0.9182266346	4.787078497	-4.237680364
	-1.825165121	2.021709954	4.004398105	-4.120903789	0.9243607475
	0.584952032	-21.75077136	-1.828948732	23.0518134	-53.63518718
	0.6109539011	12.55412132	5.172445245	40.40567471	-57.48039487
	-0.8431720879	-1.605255325	-3.054659178	11.50615138	75.90202775
	-317.3436962	-11.46072574	119.5409409	30.41166959	92.67117311
	-29.13083671	-93.70856475	321.0876169	518.3262576	-1354.830333
	-930.3610918	-190.7609043	3.563597388	-56.12210459	-4.364515617
	-4.399677802	-42.2266417	325.8175136	-13.0593907	64.91879777
	-22.31397703	-8.379216175	-6.148327984	2.908067473	15.92739234
	2.770662338	20.14767456	38.95182266	-275.1431001	38.89379892
	-9.27850694	6.793593355	-1.10683393	-39.63236977	31.61036517
	-6.301548426	0.2945532264	0.7693035259	-0.411944781	-0.5069936787
	-0.8455803636	4.052252829	-14.6043935	-3.249751887	7.400710247
	-5.688785652	52.95960978	47.3972938	-13.70652408	-23.73330851
	49.10853444	-15.44561022	-309.8716117	-56.40990876	-279.9022862
	-16.61669403	-10.2837114	-5.846331596	-1.074194065	-23.51433659
	-6.174956312	-10.91564909	-4.020516098	-1.828240693	2.982582715
	1.173087947	-10.43593733	7.624442594	2.108167488	-2.150002027
	6.599036753	3.53701242	1.25470207	6.132890537	-6.339946743
	24.3188026	4.224558953	-2.926446033	16.55721378	5.368611297
	-1.380901948	-1.519447781	-0.8365182969	-0.8237294491	11.41214951
	23.66931363	-1.463051699	60.01156467	-14.82130291	-33.77450693
	-15.85053269	-10.66741739	-45.84318464	101.1986293	-90.43235512
	-43.41367382	120.5040272	-10.32764926	1.801557817	-6.049800671
	8.306480692	-30.2552986	165.7730615	-22.65825902	-321.4391861
	-87.57273857	-241.3358979	-24.75332153	-86.93140006	-290.1801483
	405.1712326	124.3079908	103.7364048	-56.42111461	-0.9025326187
	28.34370416	-5.572868608	2.303280118	18.22239062	-20.96803935
	124.8232282	-77.03846232	-100.6678766	-41.52429225	7.66425628
	14.55256197	37.37455733	57.60133082	55.02851419	12.46972753
	-0.7486825019	17.11413848	-2.630565594	5.100680662	24.6496184
	-3.96892717	-66.03153368	6.646955389	-3.279159331	-0.7256722208
	-0.4332579676	-0.3888961925	7.874216653	3.181420776	5.787670847
	-2.004125897	7.585906239	-3.002774224	11.35460828	8.852256201
	35.29990113	16.97798709	106.3810496	139.4484337	106.3133989
	-35.06078581	-20.79174019	-54.59655572	-54.90487755	9.387723939
	11.29809936	-3.262732357	-2.769679524	0.01390939426	-1.482353529
	-1.724139592	5.895823285	-42.02657127	-5.564577733	-2.571148593
	6.194146988	-0.4906290892	-1.535645503	6.524043837	-0.4745554453
	-1.099710081	0.7708890381	5.790380077	-7.714913245	2.721751613
	-0.7376035056	6.715367343	-3.045872799	-1.391463215	-1.802676782
	-1.68906759	-41.01370772	-8.221501376	-16.25448343	-14.84661628
	28.17465778	23.81777186	-14.45186063	116.3154007	202.6055435
	-7.598112247	-76.67130442	-54.19290769	-29.88311454	7.987531899
	1.088788143	-4.226109984	42.0521727	552.5156112	-11.17141847
	71.7581111	699.11345	7.132002029	-68.96994139	294.7739057
	640.5409252	92.04143946	147.0978857	-122.9840038	-90.65890222
	-10.64885456	-29.45569056	-4.378415243	-2.048350607	-1.869540892
	10.11750196	-34.75127555	14.33817404	-311.5452539	-106.4156411
	35.81446607	0.08986105802	-18.05804202	22.65616314	-555.3450909
	121.7112017	-86.92020854	-1.815577886	-8.264293758	1.424377125
	-68.78847737	-0.8452781852	93.44862993	64.82223185	3.866092722
	-0.9606830045	-1.152382746	-0.4341697089	1.37223183	3.976885112
	5.50764211	0.04428356061	6.990669586	-4.445343071	7.203670502
	-8.812228322	-15.17906369	11.4349284	67.66831256	-214.6971108
	20.75860281	28.72957152	29.86389714	35.144004	-3.096616583
	21.68752318	1.869204882	-4.416912846	-0.6638965246	9.679953839
	0.1487193535	-4.567846796	-4.154674534	67.84794426	-2.079203157
	-0.9882629805	0.1276800027	-4.049867204	-1.784286476	0.7687827508
	-4.631129399	-1.018059056	-2.484897383	-0.332929258	-3.916710643
	2.964063596	-2.628828382	-1.519423797	-11.86979484	-5.584008462
	-1.905980977	-4.974162724	1.093388716	1.369528525	114.6832198
	-24.75177383	19.55829983	-8.328007006	-13.68644418	77.88784021
	-1036.072923	283.7397627	145.8934643	-108.7030876	34.14758069
	9.479267425	-0.5793350065	12.52011743	14.13552491	45.93263728
	-16.44265999	63.62148316	-248.8768773	-70.60689493	680.7209105
	-177.9902486	-1059.255692	-232.1008597	285.2393138	-85.40887416
	15.64681245	-68.31003415	43.27821252	122.75272	-21.5813891
	-0.4747807018	-2.693909398	-195.0573312	188.7483696	-291.3190415
	-34.88973256	13.10771803	-47.45771835	-2.670876609	0.3635490898
	-76.31011635	91.86445438	-45.96926188	-4.678081074	-5.816179342
	-1.225995202	-0.137374315	2.395278958	-95.89070154	-22.10610718
	6.175974398	-2.251566594	-1.173352843	-0.8003651405	-0.1435561528
	-1.537213292	0.782084931	4.898960068	-4.631922692	-5.170946506
	3.23613489	-1.068485033	2.332572836	1.310568469	-52.1635351
	1.563979518	-58.83829185	-62.3613265	-81.61563057	10.86140443
	-2.811753174	-11.9734386	0.421599483	-2.544520254	-2.234912271
	-5.452551593	-2.745174199	-16.717768	11.34360617	0.4826032482
	-1.198031258	-1.477756467	-0.457431323	6.533619878	-1.227197353
	4.429069143	-0.5126897077	-1.859638386	-6.919841426	12.49489593
	-8.648073228	9.21808744	-5.961770945	-8.543562191	-0.2849249391
	8.4655331	-5.102662231	16.28866819	-5.142775453	81.46687699
	-126.3978964	-3.35442141	-2.708951012	-5.524608463	3.444361444
	-54.92504927	3.161405479	-194.3430454	347.8920014	143.5974466
	-27.92443651	-17.24733197	-9.880294253	-13.01261288	9.937531526
	-412.1934748	-88.21394591	-79.21030757	-170.3684824	-291.978441
	-240.4674684	-1564.397695	-653.2454032	166.6719668	-12.50670733
	-113.1203499	16.82162401	-24.77261474	-18.34906709	-57.89252976
	-13.98934375	0.8371691807	-3.453481088	55.25386313	36.24730576
	-132.8941831	-15.10097421	5.627942781	-24.24315115	0.4063369072
	15.36394619	-6.202463697	52.72635889	-12.63388655	16.65885739
	4.253195328	-9.615979628	-0.90276773	76.01732228	18.6844821
	0.7207795903	10.9589921	-5.585000117	7.777657456	-0.7874064454
	-0.2060681767	-0.6679796425	-1.251546357	-4.275519363	1.488369043
	14.76621699	-3.125277331	2.97985338	12.93112405	10.98869623
	-18.12466346	31.48304266	32.43293667	26.16936962	40.18238501
	-16.42264391	-2.592135377	-2.351158013	-0.1554377654	4.237997449
	-1.777914797	7.999511438	-4.448947449	20.3392432	-1.844628091
	10.95851804	8.220137141	-5.341571438	-1.269651903	-0.1208252709
	-3.43456509	-0.2063995687	3.283653143	-6.900943687	5.942690587
	5.566974677	-19.57350864	-4.238628197	-1.075741148	13.71845898
	5.351726441	20.69815543	-15.90164913	9.856471679	-5.904855397
	-46.93249369	51.95577601	4.163272961	-2.040439443	-2.905918195
	-0.9238428663	-0.9556669867	2.163868425	10.19019876	65.74605974
	-128.0475656	-107.8257708	-45.95992478	36.29269068	7.031433358
	3.126675663	103.0104696	50.01286824	175.3667567	-134.161671
	-49.65536334	211.1291776	-865.3803906	1440.651098	-3234.348304
	-95.2525728	41.23092152	80.51049354	-9.01390925	-5.549002689
	26.72988146	-7.847239455	9.974706452	-0.4276890351	-12.53859425
	-13.59377973	-45.70626123	-14.02330171	11.42800699	19.31727274
	0.1067120447	-1.465405831	-3.89658472	-30.11860114	-11.80350603
	-7.214560387	3.33095474	-1.270419758	41.55458123	-52.28753578
	14.88819548	16.55111008	-3.695295942	-1.985488014	1.644025238
	-1.922998722	0.202074099	-0.2658015953	0.1391718133	5.771057101
	1.242117772	-0.09685385234	-17.43623433	-2.290982529	9.367089684
	-9.941244156	-6.551727767	-6.742135209	-12.68092457	-13.38957757
	20.97129521	8.745344981	-0.7017103788	13.10118804	1.495757044
	3.430017403	1.137889107	0.9695609134	-3.620171803	0.5249032904
	2.957979646	-2.396450261	-9.757565585	12.07977219	-1.170261656
	8.451532987	-0.3672074633	-0.6464212594	12.09858988	-2.006789987
	15.88497671	-12.94213267	54.59655271	2.942330547	-14.82703636
	28.59393384	-9.637627779	-3.056324451	-12.71246072	69.05599733
	-3.812698379	-4.829331318	4.309037799	-5.46109181	17.08868017
	0.4619278838	-1.197890424	5.360059129	0.8023905184	0.1069790346
	15.87660411	2.353163293	-2.125762147	139.1992636	-0.2852815043
	6.369971896	-6.326596957	10.65281885	302.4012683	-280.0127671
	-2.080437712	400.0844266	-75.99176999	278.1475612	-108.2204341
	-3342.877608	4439.502018	-2254.74138	402.0883606	-303.040174
	30.18987208	-4.064778995	-6.501659347	-3.423024244	2.503437322
	-10.63114274	-60.25886754	155.3009381	14.85816132	2.943773868
	-4.134150541	-1.983765635	-3.254749746	17.01119608	24.72880855
	1.812280248	-0.5265831485	6.361338047	12.14866065	-7.856615235
	-25.46111386	0.7292208803	-4.990184677	-6.004585477	-0.9471333281
	0.1498682292	-0.3911680968	1.854547081	1.576215098	-0.3931263436
	1.790995905	3.045821864	6.481648562	-11.3048939	20.45186545
	-20.90866874	-7.988299812	1.135971733	5.424350557	-6.390521029
	8.642946083	9.977940844	-12.15024437	-1.252187352	-1.134406816
	-1.723203133	1.506463987	2.13131907	-1.165533003	-1.367946949
	2.590651615	-1.410526819	-1.700089783	-1.429419078	3.263293195
	-1.619900107	-2.075091199	0.9061236802	2.853891363	-9.431229382
	-1.978891319	-13.60642352	12.69777073	-16.96636494	-4.474783984
	51.26232119	-11.06682725	-11.65524346	-20.22067784	17.00200873
	58.22458398	-11.02868332	-6.180244681	-0.8257361783	-4.189293076
	-4.049004747	2.494237212	-1.658392198	-0.9212101249	5.385750165
	5.623821452	-5.901220116	-4.861451288	-6.902286031	-159.0267555
	-3.462380438	-0.5011270931	-3.003811339	11.8253052	-78.1191632
	148.5298944	-238.2547705	-1307.665775	-1035.4207	1190.524802
	-2473.890036	7599.606726	-1444.709994	49.28312053	84.37742736
	-78.10147319	-12.39574836	29.51179213	1.686125457	0.6792289728
	-0.2722640471	-0.5437091225	-14.67934942	55.75983876	-2.136986153
	-3.850871357	-32.28942893	-6.381448874	-0.7678006717	2.551208162
	9.761376735	1.081569469	-5.000682281	0.6794061626	4.134918505
	2.77356024	-5.380182606	2.401039724	-1.387341377	0.4193732497
	-0.2702783796	7.374031238	1.605777501	-0.1478953803	1.858913793
	-0.2355164873	-1.56828932	-0.4024042157	8.376192274	15.28348966
	-26.87319442	6.02876768	104.4434082	-11.05750631	12.01250407
	-1.626588683	-0.2904891602	-6.285860871	-3.217165426	13.80606881
	-2.038552414	-1.493530182	0.3487334928	4.721659915	-0.8017947003
	-0.357598463	4.746578037	1.141766467	-4.914048753	-7.989528381
	1.177817422	-1.758873661	6.31401428	-0.2345154761	6.873831952
	5.709384295	15.3754731	7.984157978	-8.053621558	25.08876154
	71.61932049	-61.67054145	23.99687546	-117.0275417	-3.440018357
	-4.87472879	-32.82622714	-15.64123031	-17.32342702	-1.852739989
	6.597918821	5.490035535	0.6267276115	4.050658276	-0.8977492788
	-5.613039415	-4.337422982	8.633219192	-1.300889589	-2.811084606
	129.7854618	15.2992233	0.3785762204	6.475077855	11.65701929
	21.36171476	-101.7660823	425.2350179	-757.8565238	8400.038666
	-1092.019576	-541.5395537	383.4814783	-219.535651	-253.0957323
	-271.8713872	125.4340778	89.43235125	-52.25002299	-1.960129667
	5.302165105	-2.550944121	-0.3200419712	-7.256427682	-7.826443935
	-4.435847308	-3.143897917	-34.6695633	-4.728634132	-3.14786838
	-18.11308973	3.008633944	-42.37088787	-46.76600458	1.041847707
	-0.9583859595	10.16337973	32.44984424	1.227699151	-1.004047389
	1.789654005	-5.88160753	13.61030751	2.368382609	-1.24104777
	0.9941485297	-0.9896995434	-4.163657966	4.81500335	1.25506585
	1.645633284	-13.26335394	-29.83830574	-5.349342754	-18.74990701
	3.970568219	-1.095140041	-2.524031965	-2.033398975	-1.67149109
	0.6181061109	-2.430757542	-0.8671480001	-0.8997835484	4.8505772
	8.234776947	5.156865347	-1.871524794	0.8968083958	32.91160913
	8.687870692	4.905144853	-1.254142441	0.341162625	3.357250261
	-1.922251903	-1.141589587	-2.149627038	-15.15977235	14.44426832
	-6.024109783	-120.3489176	282.2012735	-67.35334044	435.2547372
	18.73443912	-12.62636796	-60.55067677	4.081360099	7.568097751
	-3.289647513	-7.98598928	1.089969537	-1.535260971	1.845315843
	-0.05323065048	-5.403966639	7.923116732	2.321392955	0.8383420363
	-17.08443916	-52.90329911	-10.99073069	-21.79629617	-1.567787512
	3.058800104	56.08761109	-152.5373094	1098.547697	-252.5422741
	-3222.428248	-552.1476005	448.0744831	-399.9697832	2286.702794
	-1543.124405	-59.25990644	-115.2488359	-15.51309182	40.63089601
	-7.117154712	8.132820219	-7.340537216	-0.9989188718	-1.589492439
	-2.375947447	-0.7545033189	-2.790321652	4.359162339	33.98551148
	9.848721999	-19.08360541	-13.90263421	114.8323503	-61.09880586
	2.200638846	8.728382361	-4.471690546	-9.221251484	-5.845402803
	-1.795801156	4.561366295	-1.128308638	-2.568552169	3.848320674
	-2.14254353	4.683979047	-1.230886502	2.539713175	-1.236795172
	-0.7895678337	-0.9796922819	-1.478981319	31.24064575	-1.812633084
	1.026378339	-27.92795095	1.680938143	-2.162433823	0.4084924032
	4.801505807	5.410663129	2.929075493	11.13270078	-2.452680593
	-2.10269003	-0.9036226698	-1.84505664	-2.534083993	-1.959195817
	-3.050156646	9.075768906	3.639181824	-1.410901916	-0.611038253
	-1.365243618	5.683335516	0.2647758614	-0.9296464772	9.462310385
	-1.334538166	-9.321092064	8.720394316	-29.4362255	27.92054241
	-47.94009806	-75.97697544	-18.3940077	1.561041101	121.9535979
	-388.4722678	83.50343885	9.894658951	5.247827607	-1.309200315
	-0.7955637335	5.966762992	7.523848407	7.320971968	-6.017388479
	8.528492789	-36.05404231	-54.54031365	113.8191454	-43.25806888
	381.4206955	-39.23571553	35.30586694	-31.35858917	-89.30893307
	-362.1791872	121.7174416	512.9091508	-29.77564512	210.5306804
	-88.99815936	192.9885131	-89.78701939	-88.03741633	121.0095746
	8.556686398	-0.5142050822	-3.114248914	13.39955065	-0.2494977502
	-4.136774088	-2.356695494	6.533538634	-7.946953833	3.813088631
	19.60206298	-13.39715261	-13.91453378	-57.67343714	-51.26977842
	40.35158343	1.76551251	-14.96546182	-0.2626259906	3.154387146
	9.695580601	-2.512138896	3.856848096	4.576213321	4.442043405
	-0.4666088794	-2.030647939	3.027933441	-7.350190379	7.140195751
	-8.950436399	3.602166921	-1.665190636	17.52244551	-80.03470603
	0.7686463371	3.942625922	8.325949121	39.575349	-0.1214445925
	5.721436803	-1.721917381	3.290335036	-6.286025081	2.561697533
	8.058800776	1.522972384	5.957474526	5.571404267	2.331840266
	-1.260008715	4.435443253	-1.768294156	-3.323510543	-2.40928467
	2.025935955	1.315359245	2.155694024	7.350662537	-2.098548442
	-1.193568163	7.581353303	9.335646914	63.01728341	-12.99478062
	17.7435674	21.22845865	-11.96616798	-5.593884223	3.52995261
	18.7064766	-87.58531342	15.26111611	-14.55732362	13.677301
	-0.3541752343	-1.016511243	-1.125918985	-0.4784727549	-0.8895825137
	-31.30158383	3.255789589	48.73622967	60.91338687	-423.1243008
	109.4416264	-22.96206551	-132.9212294	10.11583827	68.62253809
	-14.03670146	3.476337987	89.84028588	-11.616257	63.80548068
	-138.3864184	-169.5218739	648.0423871	-814.9717624	681.7600514
	37.31796382	-49.0612631	-4.785753905	-0.1538023246	1.122415953
	0.3553115041	3.764443886	-0.6739829141	0.8627337968	-2.623045757
	5.021490129	0.9377535153	-5.910048457	38.0206189	-2.559243169
	38.79514636	23.11022869	0.8827308195	13.69715696	17.53165474
	3.134533157	11.0631918	-1.231808313	0.7034440108	0.1171552841
	-2.880140508	5.564928009	-0.2096100078	3.788251908	2.424489667
	-1.975267831	-2.957622391	10.35331098	1.901320961	-1.606602894
	-3.447522142	9.123498058	-1.121016689	-3.298345562	-21.63507317
	-4.878027927	-0.9305404635	-6.536920256	7.663300475	-18.56521385
	19.24483302	-4.974080675	11.27831498	-3.473890041	-7.827156187
	8.611348007	-2.862586872	8.687389798	1.839673874	-3.369304659
	-1.18804097	4.350975471	4.857966445	-1.720980837	-4.910429759
	-1.208013884	-3.965000614	2.412706414	-0.509203627	-25.46467733
	49.88753382	-1.071487222	-6.568601666	-9.274828722	12.0530861
	11.65174057	9.531114144	-0.6618423458	-13.35426846	18.82873159
	-0.6202267055	-9.087918101	-1.560438969	0.4047556634	1.788374721
	11.98786862	-22.11106229	11.29445581	305.7652131	-349.0671942
	477.0578761	-1055.526622	-359.0249763	154.1074267	-21.63721598
	12.29771747	-67.32328178	-8.831447342	20.08275257	2.283376465
	-45.16300547	-147.5436893	157.0493972	-421.7136806	170.1321369
	226.6741288	-112.7098058	-136.7752811	18.27629946	-18.79476648
	-0.1938497981	-1.932989525	3.52284191	1.859505183	8.301409601
	-5.260631749	-3.088006261	5.5971752	-2.115437984	8.302892464
	2.57906218	13.23808649	4.434201561	-2.42300875	-2.437803119
	-51.98634002	-1.919917793	-12.98765969	-2.931254247	2.942850792
	-0.4061507803	-9.979406387	-2.109294242	-0.8461607521	1.551313932
	4.487805022	1.158593257	2.953543897	3.693507522	3.24352606
	-2.250658199	-1.035780874	-1.065516765	-2.46755485	-1.432793867
	17.63785612	-3.106227119	-0.3933895233	-5.737343585	6.17188696
	-5.265068482	7.578741049	-8.084974754	-3.159403004	55.60604202
	-2.191642442	15.41608945	9.061214673	-19.64717045	7.111377755
	-1.031959437	-0.689246881	0.9412313475	-2.927770627	-1.670226419
	2.171040235	21.17923228	5.237039005	0.6177395821	9.985485127
	-4.351869745	-5.221488149	-1.780579455	-3.922032196	-2.798782943
	-3.148386092	2.224238685	-10.6313584	-4.83488259	13.05763642
	9.283476092	-4.21461977	-2.240256203	-0.4666329588	0.3846992631
	10.22313895	-16.05151388	14.14471826	7.837791335	-90.04571649
	-101.5076942	512.2933977	6320.803243	93.18277676	-89.10850931
	11.37199508	-11.7968668	-85.53678746	-24.28459545	-9.250594814
	16.30511605	-48.64420969	63.27798456	-15.79462013	-139.237038
	120.0806306	-55.31620684	-43.33366754	-65.51582911	47.34351077
	15.73039678	0.7265547081	-2.84131545	3.612515592	-4.302246879
	2.33046302	-1.374070634	12.9225074	-0.2281291214	2.555400604
	2.752979939	18.19997135	-7.556102569	4.068097987	-1.378542762
	1.905153565	105.2739711	3.777504128	7.821656196	-1.17451855
	1.576581561	-0.9410483551	-6.261471472	10.80932281	3.392903829
	-2.777301463	0.5754134662	-0.1397737604	1.434245104	0.3972654442
	3.294819401	-1.148612184	-0.05019750515	-0.3144414136	8.861241339
	3.643763455	-3.924071405	2.757966511	11.11608131	19.0666278
	5.308466634	-4.289353543	2.056193401	3.74218487	9.063814764
	24.32930421	2.540535029	-19.85950388	-3.186467818	-16.01571567
	-0.3606623399	3.900625903	2.32721185	5.935346593	6.691752675
	-2.365876324	-3.274931878	16.49828939	-10.66021339	7.912232308
	-8.444765784	-5.137802069	-4.799835058	-4.298680943	8.669795327
	-2.136041531	21.18223567	-2.573645413	-3.378325187	7.115404452
	5.009918184	-0.5487073623	-3.156681803	2.108400633	7.264372488
	-1.237589945	-1.051375298	-3.28518852	-4.309910926	1.292681661
	-37.59567174	-43.34146204	736.522282	-13827.86883	976.1081788
	763.68138	-33.20960184	-103.3740531	278.3559551	-5.921854305
	-5.438553522	10.23230554	27.98803198	-51.30809407	-12.16119826
	-43.39641957	83.10488377	29.06861239	37.65208124	5.923278599
	22.29559536	-17.82964671	6.608708742	-1.053035095	3.293193555
	5.252651118	17.4782535	-17.61228744	-9.84726734	-12.86503999
	0.7205571753	1.289166152	36.14943542	-27.56844142	5.968960242
	-2.494765809	-5.010936238	-40.10318376	-6.848365942	0.5727010541
	-0.1466549339	0.1044400458	-0.9355140545	-1.855187572	6.065478481
	1.696286305	-0.02271201477	1.88510704	3.697583103	0.5435237153
	0.264678022	0.2038682126	-0.4540660337	-0.2270063222	-0.7355018142
	-4.771289056	1.814991768	-1.514626711	-18.88342443	-17.18141453
	-28.37990969	7.016617379	15.38014877	0.08595276989	-0.919463933
	5.918650627	0.4108655734	-33.36949132	-34.71505154	53.84861865
	-33.12488272	-9.793978251	-12.07688107	-1.605257904	-3.556356366
	-3.526029354	6.889071915	0.05918859822	-1.616036736	-5.361735079
	1.654469785	-2.540501843	-1.501535689	-0.7333282259	6.09337925
	7.708270086	-4.491934538	-6.375967397	-2.535348809	-1.210204725
	1.753285662	2.099328799	-10.89393239	-2.641510037	7.413323071
	-5.976884249	4.475955138	7.618020658	6.658964334	-12.86045396
	124.7054207	2.848783972	90.73508339	-352.9461462	1087.514047
	129.7555116	16.46855992	-30.6778556	182.9837663	-28.29729487
	-37.8131213	-21.58910282	10.43646048	0.9082731807	-21.41279296
	22.04486341	1.086583659	-24.225923	-42.43771461	155.8428593
	-13.32180291	13.18075355	-6.032794749	4.004030202	4.581070004
	4.589255349	-0.63600308	-30.89676385	18.74909306	-2.731533283
	-2.179031719	0.5522172501	-39.28794027	-79.87471124	13.91673073
	14.639053	0.06021627198	1.317817699	37.38631857	-5.470501589
	-2.801016223	-0.7029948219	0.08481625909	-0.3568990372	1.855078119
	6.595751795	-2.486006721	4.556243206	8.144392212	-0.2648036524
	-0.4267654478	1.931035642	0.3952539993	-0.2234957141	-0.2315148037
	1.984179218	4.132305685	-2.877635576	0.5408757977	-23.78582533
	-30.41894718	247.3971945	-10.21811154	3.879621358	0.2427813585
	-0.9021736404	-1.659557668	-6.502600234	51.84700277	58.87324324
	-54.50789018	85.28342565	14.18370116	29.92384211	4.408695693
	6.786753863	-0.8827097513	-47.8444834	31.93569475	-5.076467227
	-8.736757669	-0.1333241946	-1.805235877	-0.7787608729	6.488786749
	0.2933275425	-0.6691294689	-3.219808099	8.44331271	1.096884646
	0.04281128044	-0.8939890242	4.363623734	-3.840683705	6.108901063
	6.485223698	7.50440579	-1.080158254	-1.013906531	1.459251935
	-2.671291022	4.107455834	-6.439597898	67.68259862	-219.2314514
	2682.360584	2817.362589	-708.7869812	9.687955604	-9.776414826
	12.13421438	-188.5465714	23.26239254	101.9314699	-57.91511011
	-2.511088755	-2.769024452	-7.778030707	-23.63033732	47.67726407
	-121.367767	11.13917262	13.82704933	-21.04807051	-0.06358720038
	-8.00584313	5.436606208	-0.06292371542	-3.284439449	16.97718786
	-4.310706521	1.672043228	-5.485273596	21.90479099	-90.94571038
	15.68159821	2.826349799	5.232152853	4.288688118	2.805538675
	4.904848764	-2.617666817	0.2428191091	2.942320454	-0.1736194122
	0.4213390763	1.241414136	-1.628532983	-0.4752384851	-2.534273009
	-2.061510428	-1.2397697	0.6249413279	-0.1332062806	-0.1721098896
	-0.2649684051	0.3728636236	3.962239227	-1.072523592	3.590778288
	2.627903695	-13.6871023	76.66403727	-37.02352324	-5.425972787
	-0.4548028045	-1.887666193	-1.960907492	-19.29908291	3.131423028
	-211.048496	-5.545942141	23.37662764	-31.14610445	73.05881312
	-209.6689841	33.57691023	-27.5795464	-28.63586504	-92.29738945
	-5.378555189	-2.320083004	5.894619335	-0.7610418357	1.553014181
	-1.421573396	-0.9983049892	-4.74574946	-2.174978893	-2.660891832
	5.637742536	3.427973254	-0.4198302373	0.7746932458	-1.446760342
	0.1921934647	5.606117937	1.494085729	-5.556541603	-1.718951478
	-1.004592208	-1.253074451	-0.4005852582	-8.420697166	-20.02920159
	-72.44103455	101.4542898	-85.94894068	-564.0513914	3.965074186
	45.87733438	-117.3199099	396.6916489	180.3499011	-83.39310202
	-99.22345719	22.11305412	-13.43273622	12.59746156	-23.8606001
	-49.09860039	227.5765285	-17.24392796	0.8516517793	11.55085144
	5.818137873	5.386276323	1.667556992	-0.06715342171	-0.6626692804
	1.628541115	-3.087124039	9.716371064	-6.963070231	-13.98627884
	50.69534707	3.134765786	9.114509673	-14.17108646	0.6536784271
	-0.4508718783	-3.357691078	4.973058262	0.6077354153	0.6517419683
	-0.7062759784	-0.589203116	-0.6977762953	-0.9633267311	-0.3862200957
	-2.344498324	7.437319651	-2.084139086	0.01954153825	-0.140688314
	-0.1293130224	-0.1239756409	-0.05110174493	0.4443635216	-0.7798938608
	0.655908785	1.694745285	13.63668525	-11.46687416	-21.63120637
	-4.823239581	-1.275224751	-6.158946451	-1.599077659	-4.336110484
	23.11211665	-28.76908282	20.20032568	21.5159294	-41.65103046
	3.539308748	-359.9202038	105.4799106	-35.1373636	136.0681395
	268.0723118	-19.39050602	-4.54235511	4.438578741	-3.570136324
	7.352298984	-0.4836588423	-0.7644376089	-1.850375987	-0.8339250699
	7.138130036	2.253021267	-1.607931633	-1.177325913	-0.7776915464
	-1.950440894	-4.33329289	1.562517387	-3.900077396	-2.393848942
	0.6019763413	1.88486297	-1.244835276	-0.4538846811	0.6671162468
	-10.4320437	1.457579289	12.06218282	-73.78228075	227.7094978
	-10.16966767	3.033282105	-183.2817866	-1004.929246	60.3723665
	-144.5156707	710.0650705	-77.68247231	20.67531576	-13.01153367
	96.38612439	-114.4778206	-76.95947244	1.977423489	30.99486416
	3.587679	4.238085513	-4.451944399	5.539864485	-0.2083707363
	-0.4384276774	2.662312453	-1.027210715	-16.757578	8.922281766
	-6.1954972	-26.34363521	-10.73078222	-1.948013387	13.92230069
	-1.944830483	5.009601715	-3.339653046	3.06628379	0.365759807
	1.601548396	3.112990807	-0.1295521424	-0.6046388516	-0.7760497821
	-1.213671256	-2.724421815	21.6454475	-0.9456594201	-0.1416981922
	-0.1353157819	-0.06786961775	-0.06427264422	-0.06533611456	-0.05855475984
	0.07995602073	3.525407945	-1.31743101	-9.457646734	-8.469373509
	-0.5415197175	16.11590369	0.3783439854	-3.960233509	7.822102164
	-2.352927387	-22.47141682	-4.121767503	-16.38502869	6.880568318
	-36.00447334	6.652253849	88.98729362	61.22395355	-25.89297278
	2.856876943	-205.5538853	-14.5356624	-28.87733998	3.966896427
	-10.36762821	3.881511266	-1.139426758	-0.7613683629	-1.415670632
	7.538843591	-0.8493495489	-2.935212383	-2.007006859	-1.975636542
	-1.030356833	-1.0351158	4.772840219	16.00247529	-8.405137009
	-1.09568524	1.658379673	11.05077998	-0.7124120459	-0.3962674478
	0.01604487603	-1.199589947	2.832335958	19.65809115	128.3957523
	-10.86025972	