3131	
	-26.81489664	7.024527989	-4.422621562	-5.94586047	85.02688482
	2.263579412	19.6105571	7.539408819	1.465008514	-2.34528673
	3.493732165	2.014365707	2.206993893	-11.33113896	5.189538559
	18.51267415	-0.2598629833	17.18646557	-4.756718375	-2.316634103
	-1.125194997	11.58371735	2.739956992	-1.2333479	4.293641779
	-6.772499444	-1.801024057	-0.545000397	-0.8779156672	1.702515102
	-12.97889796	-1.466037663	-1.361447659	-1.532186139	-0.2986038721
	0.01870287272	1.830478302	0.6891181878	-0.3859171395	4.94086302
	0.3644735489	6.643303333	3.213447065	-0.3142498835	-2.377245264
	-2.293241941	-3.408832273	0.06477592176	5.221070864	-2.135749631
	2.896428739	-0.5541713089	14.63016897	9.38311592	-10.59176715
	54.63656318	-87.27743134	4.119964102	24.07384171	48.94616588
	4.613778753	-1.498078002	4.362846092	1.253478365	15.09845331
	-14.64329735	17.19228133	-4.591835135	-1.924343028	-1.126042301
	17.67512951	21.90396937	32.42333064	2.742450334	11.9747891
	-35.53752248	1.061816626	-2.756007269	11.77329457	-17.06935376
	-0.8681272018	11.72265964	8.707863047	1.141980099	13.40975773
	15.32178293	2.207240863	-0.3251609067	0.9209909829	-3.484521418
	6.886321104	4.610009931	0.1609110853	3.888608817	-4.551751904
	6.641259689	0.5987753665	1.344247728	5.855948608	-1.600149001
	-24.03715002	10.48869764	15.4392871	0.4032429048	-6.964104077
	15.42827262	0.07664061191	-3.84266242	-15.80299416	8.84317776
	-4.219896918	-0.8256803182	2.862444218	-0.3817251792	14.17447047
	8.855994163	8.336114749	18.11118132	-12.86654233	-4.038893046
	-0.2284444298	12.56003032	-1.00246348	2.958172929	0.4719726526
	4.770250415	-5.015736336	-1.865111775	-1.459231739	-2.017257147
	0.5690954863	10.85137034	4.842159901	2.552496809	-0.6628741412
	-0.2027143545	0.2582940771	2.863035391	0.9722555455	-1.354053429
	-0.4312829787	-1.320980711	-2.191910551	-4.179544005	16.71230482
	12.05267522	1.721457846	-2.363769232	0.6727386102	3.871165231
	-3.588451159	4.913885401	-3.371031392	2.993615346	-2.780251576
	-1.254963243	-3.727098574	-432.4790411	8.393106602	33.55664537
	-30.32363702	-19.57719386	-2.021350357	6.44072668	-1.842848933
	0.9711420355	-6.099649342	0.468679448	-7.269228105	-1.820129802
	-1.494023601	5.532611236	-45.45629075	5.015236646	-0.4391318423
	-3.854609813	18.46522601	22.80222663	-1.371719174	2.637336861
	0.1412370408	3.00745758	-4.294282596	-4.3474281	-0.7594025472
	-6.404218826	-15.26895319	-4.29488743	-0.6370805857	-0.2633933385
	-9.522261997	4.541506421	-0.3806569497	-0.7026665765	6.552327609
	-1.229778793	1.895533483	1.762819689	1.791551202	-3.437185932
	-41.15527681	-19.87721956	13.54021356	2.332240488	-5.859712269
	14.86778048	-3.245564838	-11.98211151	-4.59596222	-2.465409568
	-3.062977315	4.067937639	-1.705297147	-1.771076136	16.24461858
	12.73553008	-36.1466377	4.181205986	4.483952652	5.096694646
	-2.914097029	-4.665069778	-15.29087935	-4.025162772	-11.57270791
	28.61412951	0.009507785094	3.482871284	-0.8317958136	-1.391897448
	-5.617307781	-0.7755142982	-1.930282614	-1.812580822	1.862467749
	-0.2947181738	-0.2076670209	-0.3102948924	1.549174914	1.211239105
	-1.7952081	0.3144344688	-6.174309022	-10.19188878	18.07223264
	-2.492435813	-7.575797061	9.47609163	-3.439273181	6.903593828
	-1.381225847	-2.982466167	1.126769221	-0.02917872334	-1.627191475
	-1.176534016	0.1817290185	-23.97675905	-225.5293645	60.40486651
	239.7117611	-33.39358979	-14.81525594	1.374034484	3.45608025
	-0.8954607484	-5.599101429	-4.580857869	-1.75872234	22.93137005
	9.752430638	-1.89876606	14.05188341	-6.699958822	-5.857283351
	-0.7022741121	-12.31550556	-15.80861776	-4.435887449	-3.923749579
	4.063411951	13.82932653	37.45558383	25.59626147	-5.462732156
	5.000143222	1.105263945	10.25142722	3.459816512	1.416474384
	3.92272536	-37.10079211	21.79581039	-1.404801884	2.487163361
	0.5136945346	0.09771188925	0.2604355611	0.1840560432	-0.001089764921
	-19.47846859	-240.7907645	117.8164448	62.61957698	-68.74443299
	2.674411978	-17.20308237	-0.2463591327	6.928854694	47.14160245
	6.324362178	-9.638082233	3.632479164	-2.210216728	-4.75436609
	26.21513165	-0.2051007154	15.19848541	9.603496457	-1.689829187
	-0.7481455272	4.285780528	5.20404416	9.922534401	62.05727489
	-6.707082068	-8.430026411	17.82384654	6.381541591	-1.428675487
	0.1033176672	7.123061243	1.680686239	6.73185126	2.942370869
	0.6818554999	-0.2137041647	0.9090180513	-0.8454229831	-0.1074662046
	-1.608782176	-8.416257455	24.27089384	-21.75109385	16.08154492
	-23.77321723	-4.344260853	4.831419741	7.697905057	-16.41477742
	-3.986334418	1.735956914	-2.552209765	0.1582511617	4.501589005
	-1.603874337	4.859174003	11.76536826	-13.6632966	-1.442633018
	9.589432569	35.41952325	-20.97639771	-5.757913727	6.15590831
	5.215680174	-1.019417265	-0.9134879052	13.88829433	-7.268653778
	14.48511553	-5.156439671	4.711334366	-16.656437	-0.1012332793
	-1.309935556	24.44907013	-10.27496948	87.31998923	20.59921396
	2.077103858	-1.797143128	1.582877983	1.425068874	-0.2285491085
	-11.99534185	-1.177801292	15.78941966	4.724271671	9.559904033
	-11.81992888	17.55077992	18.31490171	10.21689749	-6.501708545
	14.10811381	3.05376895	6.39801732	0.6022872853	-0.2255399027
	-0.3151719174	-2.621672201	-32.35337945	19.05118306	-40.4925595
	83.84561279	38.89052532	-17.26296223	16.57651072	-11.72652586
	27.49869551	20.31164648	-18.9341084	11.9931658	-4.16065779
	6.394115836	-5.39262914	-5.964353071	3.870209235	-4.326447656
	-1.57428901	4.993977906	4.142292673	-3.058452611	7.684526989
	-32.50909027	-14.94468798	4.4803798	-4.710101808	3.34257557
	-6.534385044	-0.235548801	3.719332098	-3.450890304	-1.286385076
	4.707322683	0.7438267714	-0.3296555316	3.27827624	-0.6853301098
	-0.6782576724	-0.6013567119	-10.6052365	-0.5568120873	-15.07971183
	8.747467004	-8.010918223	-0.969583524	6.025438257	8.701069396
	-9.309410623	8.423149027	12.96174293	-3.051580375	0.2236070468
	0.8665647402	-4.578407213	1.819301464	-7.041934171	12.06835287
	1.645419995	-6.324443562	-11.5021779	-12.93307066	4.453888262
	0.9459246529	3.858486975	-3.213694102	-6.069735896	2.704244852
	-8.619351769	35.00379623	-34.43601668	60.47450249	-79.80653795
	19.74283091	61.35629161	0.7801774349	10.24460927	22.50774601
	-19.39074647	12.0599385	-5.884349648	-2.909558723	-10.98068341
	-31.68457699	26.10616105	-17.45743246	7.794724812	0.5312177631
	3.531197087	-18.10436536	-30.88574392	7.363208438	2.796353113
	-18.09874998	-19.57722334	7.815945664	1.977067516	-1.256620755
	-0.5817172169	-0.4755147047	-1.851720612	-1.204163822	-18.11041088
	-8.099337906	-6.655978737	-70.85494554	-11.00460547	-4.688763972
	-15.51557573	26.84431847	-15.45985841	-7.297098437	8.215157043
	0.364846837	-12.18649705	51.05068911	-9.062414348	-0.8787550688
	-2.569822171	-1.447116534	-4.073335113	4.342446865	-1.092611159
	13.78921556	-6.063765037	9.682748586	17.0176405	-2.765897374
	-1.148328196	-2.234639044	-0.3889501763	-0.5045799962	-2.608240767
	-5.018302312	1.845258946	0.9600590612	0.227231387	2.397614033
	-1.961154136	-0.7220813877	1.276596636	22.48370735	-1.189635761
	8.024827584	3.204026579	-5.903010875	21.01937937	12.53737951
	-10.4208553	-1.436412038	15.66507999	-11.78372783	-5.933139738
	8.66733044	0.6961144556	-5.535841971	7.261364461	20.23837106
	0.9169797995	8.139136483	-3.854037949	3.063823923	10.26258155
	-0.05267033272	11.43051877	8.652227352	-1.689093615	15.19564716
	3.335002904	-6.453902204	24.21855297	-108.1518042	1.723805925
	17.28927053	47.43299453	-262.9123873	-10.48235982	2.269234083
	5.98019006	18.09186451	1.59396088	-5.481396701	-2.24935533
	5.289522143	-2.365291669	2.357735547	-12.98110616	-0.3123002024
	-2.450077764	-11.11456182	-58.43018175	88.24185644	-0.3214565104
	-1.656999653	-4.276293501	-6.728310227	0.981854117	2.637613941
	-1.776652019	-0.8647752827	-0.4177700768	-1.266498275	3.095987179
	25.6768682	13.05755457	-10.82373425	43.36931017	17.5906791
	8.800590268	5.321188161	16.17067035	8.051691204	40.05455285
	11.06376824	24.44923277	-11.53557394	-6.254917731	3.163795065
	19.75776201	-0.6733604872	-4.833884354	6.614940842	8.482764286
	25.55369412	-6.758592991	58.88347338	-8.440078867	-7.628186308
	-3.437272756	1.564831602	-0.1687354264	-0.6759838969	-2.214068018
	-0.9954189414	-1.173001795	-0.04493220427	0.1006993551	0.1765027213
	0.5102805707	-1.343521939	-0.5910319317	-1.275422646	-30.3193973
	-5.852422413	2.559699789	0.8064962459	-3.057693934	-1.361624305
	-60.45985007	50.85835834	-75.84032657	-31.41178803	45.91332272
	-9.582242328	-3.565678821	-3.628383423	-19.01573985	1.618652783
	-19.40397674	-2.810565734	16.46404815	1.713284836	3.650471052
	5.320470092	1.113354043	-23.50789434	-1.621588912	7.879279523
	-4.202627779	3.773261454	-8.27061205	11.37121736	28.61470239
	20.95488336	-7.915789408	24.64987921	-24.90029126	89.65205879
	-115.5572694	3.954297219	-19.30340233	0.4194387409	8.67544522
	3.74659354	30.78896389	-4.04831722	30.12601382	-13.70576244
	-5.677252721	-5.141668143	8.655740466	-206.2951757	132.8433667
	9.480059596	-1.809687463	-6.78123067	-4.908637187	0.382193987
	2.208594348	-1.196689479	-1.36160038	-0.7612306906	-3.262812778
	-2.243968467	-28.86843015	14.21868716	-9.019222617	45.34841218
	-28.08355607	-251.9817384	-20.71495198	89.98491395	-91.80050422
	-3.477634291	-18.00004455	-43.27151475	-3.9155896	-4.159293104
	2.195752955	5.983317166	-3.356011517	9.3489109	3.70113944
	0.5169991305	-4.80950563	-10.07015288	31.18298404	-22.73956403
	-0.2963197926	-2.385315683	7.625772102	1.418527503	-1.395586461
	4.588143448	-0.2874419351	-0.4040397828	-1.23816025	-1.372904071
	2.061445543	2.0364887	-0.5964899074	2.211823302	7.553657703
	-7.097111417	10.67085063	-0.2069816528	-0.9808086509	-5.45422171
	3.225664276	12.23174904	-179.642736	-318.0335833	78.87529407
	-21.26782424	-48.89542729	32.83781562	-4.335035112	3.180017709
	34.24053982	-32.10692388	-0.4816111607	-0.1545491168	-2.673721244
	-0.16506549	-0.03356290338	18.91646703	8.256730379	-7.106063406
	-2.645050834	-1.263201642	5.404481716	7.305921498	-1.951464431
	-17.51945846	22.31512818	-6.880304309	-1.880711244	-58.15885977
	30.57696001	-5.623737166	17.29269741	3.426240598	-0.6535780017
	0.9576933935	-5.726877189	-15.99469275	8.352459291	-2.769075156
	-4.4158766	2.003583236	2.762626844	102.748161	277.1109433
	-86.64153278	-4.79327356	-2.17228573	29.23017226	-4.640757964
	1.274463891	3.174522569	-0.2507462176	-2.171475061	-1.990297161
	-10.95881274	0.8118249299	29.97127216	14.68403952	-3.989653527
	-28.48696418	-84.30628069	231.772345	139.6137238	52.18594666
	-173.9856717	102.3182669	-15.24297837	4.984051357	7.234035129
	-22.73355227	18.42259363	0.03928759385	-5.919989908	1.157469744
	13.12009593	14.33925316	0.9036094668	2.410907895	29.88025997
	-9.704605724	16.38208611	-8.206235443	1.967283584	0.4097448682
	-5.000863357	1.078623469	0.1795424182	-0.2938607547	-1.271211948
	-1.413507321	0.6525530647	0.4381722043	-0.2869153013	0.2999704511
	3.47883163	2.913747019	19.58060457	-0.1906000484	-7.974905594
	-6.02092747	16.17783364	16.97117776	-49.16557897	-7.178754358
	23.32706814	-72.37490694	76.92561944	-42.12017738	-3.924828831
	12.37373779	-10.25423802	-10.63175256	7.142515216	-10.01581165
	3.858950907	0.05662463307	9.737869029	-3.949093861	-8.487007349
	15.28221908	0.762145284	2.633457148	0.117253167	-3.933860753
	5.537322438	-2.528974479	-6.916060187	-6.978046569	7.79217349
	-6.946369988	-7.546152415	18.91509633	-7.759249826	11.01646024
	0.418721013	-0.7747585981	-6.693789572	15.92256474	-0.6905288869
	19.41478129	-2.4565613	-2.983375029	28.43121685	-19.27814898
	50.83029839	-32.9477834	32.23008823	-8.524636765	-6.186621774
	-4.608429117	3.252817072	11.33544204	7.480111531	4.443230274
	-2.277845669	-33.56767302	-8.477841165	8.315811152	-1.686799263
	-115.8729372	-15.77935501	65.29073625	35.87501118	-1162.907836
	-318.7697697	-355.0538798	-61.27093426	22.8162809	47.28341172
	18.96410939	10.91289895	-26.59703048	7.550357925	-1.853849103
	5.348143445	0.6996834031	3.924914877	9.654697113	-10.18945076
	23.96719525	-10.80749473	0.1862454678	-1.089847936	-0.1745804273
	2.474206056	4.065165358	0.4342302196	-0.6022577681	0.09112334024
	-2.286937665	9.984202356	2.051443585	-0.1701601888	-0.2827495755
	2.113682816	1.389841731	1.700016247	-60.14171077	-1.53898473
	-33.95076622	-40.80686533	-0.1977685042	-32.29725307	-7.227007465
	-6.980222402	8.528278384	55.44444626	-54.5983325	8.640394985
	-18.83098556	-5.343497267	-7.079399555	-1.744222641	23.2965481
	-0.1743126867	10.36023383	-3.442384934	1.952400851	-2.364787798
	15.53792532	-20.82525693	0.07081745249	6.580431354	-2.404690978
	-1.351168481	1.006884882	1.016642134	-5.976620587	-2.568255821
	14.65189112	14.16409397	-9.287059753	4.653431471	-3.094387755
	2.48516708	-0.419080649	-0.8840765327	-2.495764947	6.946327822
	-6.085185355	17.08759277	12.23974286	-8.60317129	-22.22181168
	-18.75786364	137.6304011	135.2177112	-6.371724107	-5.333232865
	2.056553755	-12.19227698	6.795403111	-11.65850702	1.055379675
	4.79495665	5.850435276	82.7396134	-33.75504205	-7.322202193
	-20.55427397	63.02583196	-3.153598162	-32.27304479	-17.51000043
	403.5708847	1601.038104	1113.609188	336.6130689	-25.82974657
	-30.12166598	-7.176824649	-12.5182177	-1.902015702	23.95045048
	10.98892489	-4.402221851	1.81281601	15.109953	-13.64170954
	2.442314302	13.32949049	-5.251967288	2.220916501	-5.805267775
	6.044990015	3.751574655	0.8246010135	0.4663826827	-2.818103288
	0.02648872295	-3.375451527	-8.067846526	16.44102966	0.06129630186
	-1.487456167	0.7478500668	2.014040611	0.5009382754	-2.823879863
	16.16525671	158.2441105	35.79094775	-25.83655091	142.6737031
	10.22169925	-17.78000239	23.73972719	-20.7825385	-31.21643678
	18.92159555	37.16598635	-9.501174177	-2.237966372	29.0107548
	-11.03404798	10.00744318	-6.719478913	2.870213959	2.817742059
	7.623560088	-2.484224558	0.2988308573	0.07656689145	-0.2031155269
	-10.18589431	4.770640426	1.218555073	7.778656804	6.447519598
	-4.646535606	-6.622073858	51.41251416	9.103994801	21.97805073
	-3.602808013	-0.8317180266	-0.1252848711	-1.010867864	-0.3359952857
	8.644026349	5.925365831	0.7300951272	2.157794448	12.0476596
	59.46397248	16.93909802	34.47453011	4.864884503	-98.3051204
	1.191499031	5.746605562	-27.05942407	65.18909886	-45.75571933
	7.864404968	-1.772964869	-23.79500474	-1.54006611	44.51131439
	-12.65599453	131.009606	-44.67211931	6.840961965	-345.6249079
	63.85289726	-487.1875151	-223.5243153	2368.947792	47.6408413
	-146.8856957	6.838301759	-10.35488978	6.631954577	15.06934861
	-60.57549967	24.97851026	27.89199743	-8.324789537	-34.62920258
	-6.251148293	7.314187043	8.324397458	-17.30665468	-1.554847731
	-57.43450689	26.62532876	-6.191710667	-1.545169495	13.84179209
	-7.70520698	0.7863053457	-0.9631455706	16.74481768	16.48308328
	13.83955878	-4.081551828	0.1681893592	1.330461827	1.639993821
	-0.1508290407	-2.207791455	0.3074248542	-17.4056505	-13.8775056
	-14.14103024	-193.6273799	178.0064408	-44.16287446	10.92935983
	-180.9947575	-17.56217444	-7.792910747	-70.23878697	-3.067768253
	1.78994452	33.28999068	1.011560292	7.785930337	21.34021887
	2.71856391	-3.062005666	-2.386541514	15.34046773	2.221827685
	-1.439505027	1.578606233	7.823450606	0.4479099931	1.909468871
	11.68506705	-26.80335938	1.226344268	-6.865797348	-1.669330483
	-7.544878714	-1.127523392	10.31774095	3.264436187	-1.734939243
	-1.399892922	-11.44303282	-1.64623079	7.336477863	5.410908123
	-57.78524754	-1.701164793	0.1979868497	19.42108087	-28.36290971
	-146.9461971	37.28668121	-9.094340148	44.416436	-3.66668131
	-505.2032257	36.88938175	-26.59861605	-26.29247755	46.99053618
	-205.2185061	-2.270829593	109.1291372	-162.1855268	84.50616969
	-34.70237411	-173.3623721	7.002427155	408.267709	-875.9333015
	-546.5387214	-101.9921275	36.19543797	-21.9943121	1.400751252
	24.6764673	-63.49748207	-4.179370611	16.63646453	18.86631953
	-9.300713058	-3.704377738	-2.716232592	-5.788603565	16.52923958
	-32.46449905	-12.54990383	37.52592821	-135.8924962	15.25299471
	7.899049608	10.58641089	-6.373976014	-19.50817251	13.04374528
	-4.78199038	-12.89165359	12.62862354	1.023046538	-0.02775592047
	2.184770314	1.358694073	-7.708372053	-0.3541014998	6.686496292
	3.996415907	27.4658882	45.96652745	-5.643049603	-5.240541207
	28.39788178	-9.118096915	-182.7070804	-32.39943018	-165.9139405
	-10.00995999	-6.784266596	-4.491061495	-2.335647987	-12.65885292
	-2.087934311	-5.634914591	-2.448056626	-2.286915119	-16.87659745
	-1.124399656	-6.962243004	9.736739012	-6.617366066	0.4711142338
	1.590892029	9.406738934	-69.0403755	29.70228149	-5.515685636
	8.900995917	25.87232417	-1.90667011	12.16778953	0.4386410449
	1.959498214	-1.286235175	-3.116689952	2.908716986	13.50677544
	6.803755225	57.75917667	36.96373564	-10.50460275	-22.62679645
	13.4031191	17.45842004	188.8244259	47.52391615	-59.50968745
	-25.74685764	141.3534445	-29.72443303	-85.1404286	96.65132121
	92.41715858	62.39648843	90.93841947	-6.481758019	-177.7838408
	66.52134942	-206.5661621	412.5074651	623.5292083	-239.1529163
	577.055588	138.1526778	124.3821762	-26.04958132	2.727970213
	6.733398404	-6.073019255	50.17036717	21.2731682	55.96671394
	31.41530277	-30.42665991	-43.74661355	-17.81639199	4.080762088
	7.559193444	5.922069215	81.86250946	15.29377595	-21.08266022
	6.251474463	7.650431957	-7.001434692	-20.76153396	19.99013384
	12.59622122	-33.07615324	4.67384137	0.7578831474	-1.057816877
	-0.2541843106	2.104893165	4.682683849	2.998953845	11.00789691
	-1.870154108	1.9639977	0.1895632627	-0.6032383626	-2.205891946
	21.57204847	8.07012559	60.01927577	80.89279106	60.06312977
	-21.06762814	-11.50669528	-31.16968404	-31.53266388	5.295570727
	9.886969523	-2.305166286	-2.248626456	0.9609847087	-1.419371795
	3.847001782	17.53085707	-23.95884628	-3.974500624	-1.805452502
	5.744193125	0.89686495	13.01633195	19.10744171	11.63953567
	0.7894941644	40.65211737	-12.20394966	-4.674761253	-4.924659352
	-2.906449561	8.824878424	-2.366829063	-1.025575445	0.9972871295
	-12.09414395	-19.57917154	-25.87391343	15.96792794	-16.73078605
	15.96739528	24.02873119	-259.2501649	166.118823	79.49745227
	28.21857443	-50.32096801	-31.64442567	19.88584078	-126.9680391
	215.0557245	-649.7840854	66.88007763	307.6469448	213.3505849
	-157.8523851	628.6028978	-680.5060995	447.1778225	2763.708264
	374.2626018	-74.24350072	-110.303689	-113.5794567	42.62360055
	-41.12723005	1.012774972	12.38094187	-1.28839547	97.98069647
	16.22782941	-25.90512051	14.66902219	-151.0142244	-46.63437824
	14.83377616	0.1052052203	-8.439192871	9.129386478	-290.887794
	47.27520669	-39.13523663	-4.163300622	-3.340147234	3.031863334
	-29.75821478	2.112105601	44.70103655	32.8114717	0.6655309376
	-1.275130187	-0.215263696	0.1946976695	-0.3128488192	0.1109803385
	-0.2710129347	-21.23381253	8.734248535	-0.9429433812	7.753034936
	-6.514711352	-6.588856642	5.864209002	39.97714554	-124.3060374
	13.9515261	18.45279554	18.92490111	21.21741791	-3.282460427
	16.20444253	-0.9230307337	-1.788321953	-0.4497241633	7.144830575
	-0.1810050271	-0.6246806473	-39.71272588	46.08009463	3.310551205
	-1.032887121	4.011278198	-0.969035472	0.07936987491	17.44912214
	-0.9167727373	-2.57327697	3.391838944	-0.804457344	-2.34749544
	3.023166082	-2.03239185	-0.9888994734	-7.111126519	-2.065415465
	-5.163864665	-9.797280383	46.63363668	-50.10235318	80.273382
	-10.24325737	12.5194074	14.14007368	-44.45809766	-16.03552114
	-668.4825783	178.8073741	87.15285082	-67.74647399	33.60235939
	24.71212743	147.223462	121.9229121	-38.23413931	24.15245382
	2.017671103	70.83752826	-135.6343501	-64.72257118	499.0891503
	-193.9288285	-842.8773618	14.45877726	-43.30245021	758.1917728
	-503.3232251	14.70568472	13.7872355	22.04805174	-11.27785176
	4.928112206	-2.79406418	-79.0240751	55.27816287	-136.0522252
	-13.97794082	10.48686183	-20.07121657	-1.891877212	-4.527520021
	-29.1784065	9.653781432	-25.3078024	-1.736897384	-2.216413018
	-1.285222265	-20.14905574	-1.393526861	-47.72964403	-10.38507244
	3.341857668	-0.4059367033	2.75506188	-0.2066350474	-0.2958390535
	0.1534826909	20.77707983	4.99566432	2.854840547	-1.998175248
	-1.061422821	1.39004594	10.25591254	-0.1012828707	-28.15402056
	-2.865673679	-33.79415021	-36.08907608	-47.31188079	7.653623474
	-0.8103273319	-4.548615488	-9.300532143	-1.052190129	-1.449313987
	-1.409567942	-1.810375338	-9.913475153	13.09412888	2.138960571
	-13.57685427	-0.9829892916	1.560108982	3.439782803	-1.631471413
	-3.309876247	-1.140001026	-2.069398444	-1.977966761	10.2586464
	-5.445262235	9.600870807	-3.305395322	-4.068183656	3.689314856
	7.654920906	-3.851927433	-1.44406363	24.70037197	47.84553632
	-72.50729833	-4.658656932	-1.70217473	-3.563353199	4.646863997
	-32.42752567	8.520273933	-123.9282499	218.7942163	93.43919333
	-18.58111007	-10.3517507	-7.043563946	-10.57597196	7.07038474
	-254.0726004	-51.61412274	-46.67659496	-112.7233772	-188.5173942
	-155.7001831	-1023.42595	-377.9447864	171.0745108	-423.0605955
	563.7108477	-5762.676646	132.3210727	-51.78448286	-19.7862575
	-9.305478652	3.874664447	3.637851773	18.98549684	15.46157087
	-55.46140593	-5.90498934	39.8479244	-11.89735869	0.952143128
	6.499788174	-4.025382008	38.29360103	-45.70910604	-1.394244447
	11.87947835	-4.283379262	0.6858734062	39.95454269	9.63699325
	-0.8523953463	6.095120929	-0.02768677537	9.023355397	2.03632427
	-0.07684763993	0.1062250902	3.458602091	0.01757771162	10.62977675
	7.329754552	-2.971651095	1.480691257	5.172895974	6.334264681
	-10.77237642	19.25102786	19.6474383	15.76960291	25.41158037
	-8.745430693	-1.722745341	-1.342973469	-1.740812573	4.414092709
	0.6112606667	5.270288727	-1.363071381	12.89522569	13.03908863
	2.853210457	9.004788905	0.5540216794	-0.5997186157	5.20427574
	-1.707905689	-0.7370597721	4.64510284	-2.808191646	4.133111112
	1.95508029	-8.991739591	-3.660208925	-7.623229018	7.884095438
	9.847945649	11.12402258	-3.233960948	53.15899423	-5.869627889
	-27.61193984	47.6612929	-11.82140382	2.014666124	-1.261948818
	0.453816919	-4.767265167	-0.2333747319	-9.656182009	41.89380887
	-76.02521939	-69.02666274	-25.3049402	27.41212617	6.992991285
	-29.20472893	99.08045277	27.57933531	92.910813	-70.56113592
	1.145281059	266.3642882	-563.80623	1015.295958	-2099.4008
	42.93238174	101.4991812	487.2844746	-328.2400438	62.48186059
	126.1393518	3.595881332	-0.6307705293	2.826881869	-2.216034996
	-15.53742789	-18.31028908	-5.531077833	-3.214633732	5.828109462
	-0.6794971257	11.11819391	-1.728650431	-10.65113866	0.5627065358
	4.649385007	2.383198169	-11.81113296	22.28944366	-24.39375875
	6.093760444	8.965913667	0.423770176	-0.3473606807	-19.01132311
	-1.552078054	0.8419755852	4.630457309	4.652781486	12.39506528
	-21.05061745	-1.179885402	-9.354956274	2.397395895	8.004865099
	-4.477367171	-4.162735335	-1.847203787	-6.050095912	-3.600121464
	10.98625211	5.417976996	1.396064404	8.307924335	-0.1291580687
	4.619850114	0.04858537851	3.892472177	-1.519215522	0.4919964114
	-3.357355558	-2.174218425	-3.59939261	7.27959183	0.08103215896
	5.406915427	-0.6025261278	1.667006771	8.05676899	0.1974812713
	10.81109899	-4.90744165	35.72268738	8.537257343	-2.550287887
	20.01699333	1.8680385	-50.54318515	422.097672	37.82815247
	-242.6777773	15.0588963	-34.98328993	-19.88743787	14.428415
	9.666838884	-0.006848779719	4.644597566	18.68392546	14.62155683
	14.4363134	-13.66630652	-4.173191168	94.96582888	-11.26611246
	4.566323713	-8.611464945	-5.992220216	119.5431782	-153.2527606
	10.38071294	298.4069667	11.82655738	218.0598812	-12.90744639
	-2162.942296	3080.40528	-1413.351648	616.906429	-139.6718968
	222.3417042	-651.1243153	49.99377123	-12.18109159	22.30959813
	-5.205018199	-21.10903938	48.29313267	7.614085862	-4.006040844
	-4.163752374	-2.707759006	1.105297288	5.565300601	13.59294804
	-6.72971952	-3.965433497	3.148604933	8.169647295	-0.8603757411
	-12.91712839	-0.6369646599	-0.5590815131	-2.739314344	-1.574434813
	-11.39203058	-0.3946649409	-2.080167438	11.21126028	0.07965449244
	-19.16589938	7.705717782	5.72164574	-5.473256616	14.19528427
	-14.0209895	-3.36270918	-1.69554667	2.469597326	-4.034711136
	7.752461827	5.713391705	-5.968839119	3.370680736	1.96649157
	-0.2473171812	-2.081625837	-3.831817322	-0.4735068316	-0.5869493552
	-3.302957592	-1.638590579	-1.729544704	-1.967798047	1.744090702
	-0.09748535319	1.759681429	-2.500696643	6.309553858	-3.834693921
	0.7168650215	-7.158669638	10.45364141	3.72798052	-22.76905023
	34.49599281	-6.21774755	-11.94398429	-7.413450888	-61.8012843
	10.41619589	-149.7405493	48.89651877	-23.26412387	1.396423489
	4.034669259	-1.375661586	-2.833705914	-0.6730325401	-4.574771593
	2.834772229	-0.08646885662	-2.594857686	-11.54477629	-95.66890401
	-9.113579704	-0.7199442135	9.039896823	13.93263403	-107.5551135
	-42.14639821	-141.552035	-832.7476994	-651.4307377	864.5784999
	-1595.462218	5148.617093	-870.1981978	168.6274329	131.3193167
	174.9085396	-66.89361956	82.62362357	-19.5885206	-23.62075192
	7.347469721	-0.4856993844	-5.293939685	18.30955371	-0.09971036287
	-1.579740485	-12.43372916	-2.514199385	-0.4934275227	5.162331568
	3.216219582	-2.177785717	-2.333918238	0.2894827021	-0.1791033435
	1.207847941	-2.124140499	0.1724452075	-0.9457804252	-1.358476395
	1.576690005	5.363877943	8.050286053	-2.146737729	-4.686733753
	-0.3116057178	-3.890314768	13.82555174	0.6368933937	13.63478496
	-13.96840536	-0.3705017212	55.70293491	-6.964328425	9.855337542
	0.01008428685	1.22490506	-1.849004221	-1.595968956	11.41174794
	1.563805551	-1.013897159	-0.154653769	9.148588077	-0.08609399992
	4.151825663	4.452507143	7.065520153	1.58840609	-3.912465927
	0.6141803941	-0.1008490477	4.366293762	-0.753666983	3.645743938
	3.365540022	9.667601458	8.664708375	-0.557664945	14.25103495
	47.58884472	-31.50727408	19.27473518	-69.86697661	-5.10832105
	-6.821653872	-22.36611916	-9.016698583	9.192122975	-19.31584929
	14.30186948	-0.3385631886	-7.914317349	-5.234336062	-0.9872099326
	-3.004038838	-5.508557012	-0.1598453968	0.5526825576	-2.367636256
	83.28242157	-10.65113711	-18.89189115	21.32279478	-2.727470484
	-78.10331859	50.31829971	415.4988922	-462.0495808	5654.381862
	-675.9173339	-330.0180011	348.7772676	-41.15457933	-125.5433539
	-128.8144678	-29.05001783	44.24145676	-12.26084682	8.97012349
	4.048378732	0.7349209332	-1.48217775	-2.471547088	-1.306544304
	-3.434273346	-1.448715992	-13.95639923	-1.89833749	-0.9937254157
	-7.841143031	2.05383751	-18.16910394	-21.7609166	0.1646439594
	6.183399699	4.361613001	16.42612949	-1.146314738	-0.7491977417
	-0.7945120505	-2.07489585	7.319385011	-2.584041742	-0.6408469631
	-2.437893053	-0.9528968627	-1.387959226	-3.171232897	8.942202509
	-10.04687578	-6.347051595	-19.22750125	31.62286698	-8.862866341
	-4.707211389	-4.017695129	-0.9055017161	-1.952557648	-3.912579234
	-17.47170146	2.843756371	1.224753719	-1.580857544	-1.815187052
	-1.96489358	6.481377012	1.294523497	-7.39368674	18.27070262
	6.386610862	2.594468221	-0.4911784986	3.025209032	0.7654138351
	2.162694203	1.564478881	0.6564080638	-7.905639504	9.160109982
	-1.724771192	-71.95029655	173.789346	-32.47070284	269.807435
	14.8750946	-6.681191467	-35.41443543	4.859587673	-2.170750112
	9.50663421	-1.467924225	3.357050691	-1.430154418	21.4698373
	4.84299774	-1.868470932	-14.40734935	19.10180793	12.50885321
	-14.73326928	-32.69000276	49.92652297	34.12239047	-24.38472487
	-1.721277497	94.43660913	-46.87322465	816.4323696	-129.3238625
	-2094.836475	-307.2985183	450.7682332	-171.6768314	1640.46145
	-934.007887	14.76945632	-84.31388075	-141.490332	6.964806913
	16.38498471	18.15005532	7.236295312	-8.295975551	-0.1402194897
	-1.188892833	-0.1908738624	-0.7501331432	2.972878464	13.41894087
	5.588334303	-8.215042737	-6.338393468	49.5482356	-28.18153171
	-0.03756543961	4.084144542	-1.364479481	-1.921953426	-1.798254077
	-0.776428982	3.640773103	-0.03149914591	1.473972374	3.013430159
	0.1019192507	5.695240886	0.2448063357	3.76605305	-2.250908325
	1.138535513	1.364818951	-0.6443838656	22.8221369	-5.948139965
	-9.269339491	-12.88539546	-4.494962757	-0.6996308972	-0.8037334214
	-3.420115828	-0.1913184112	6.952463476	7.314825112	-1.248112074
	0.8291268912	36.75652136	-3.214074937	2.967903407	-3.162944482
	17.67842784	3.579302911	3.336867812	-0.4083188096	1.998272862
	2.298920604	4.69135861	5.388571386	0.3655836995	6.369680252
	7.236884719	-11.22976192	-21.60458814	-0.01812523443	17.95390942
	-20.66878223	-48.13355978	-11.93674686	-10.40103405	85.0621454
	-248.6354837	52.90405536	1.269921649	2.586504674	-0.3991410517
	7.366874177	2.238553103	-1.83074396	36.83312582	-3.812409957
	2.542077574	-34.40172608	-20.24723462	82.48007955	-45.32578755
	245.4341877	-20.00754695	6.188803262	-57.53321668	20.90641594
	-205.7807058	128.4189922	431.3174677	115.1878185	-389.0091441
	155.12357	295.1424886	-19.42441904	324.5921534	184.7701267
	-107.5396685	239.1141067	-22.77572225	-37.6159987	-186.6877078
	5.597346789	-3.87567164	3.827851606	-2.528435548	1.062364672
	8.084011946	-3.875335662	-5.759440494	-26.02605294	-21.76529186
	19.11324986	1.639585491	-5.963276778	7.765397089	2.926500039
	4.38652616	-0.7758506162	0.8517463094	2.772125325	2.264001872
	3.118554014	-0.8112207443	-0.3874868659	-3.157165911	4.673821422
	-4.143144255	1.261065523	4.728294559	11.40904654	-43.41319001
	-1.691524638	9.477506552	4.410318678	24.69661688	-2.072052511
	4.81924052	4.967909127	32.2347041	-5.794687401	-1.864824094
	1.650013701	-18.275194	29.85030902	-16.77180337	34.3880912
	1.616617048	-2.012690396	-3.767916364	-1.32300332	-1.120730858
	4.740761514	6.291099714	-4.199149569	4.513743157	0.1044100056
	2.080959215	6.288553578	4.08705677	44.33880072	-6.352341161
	10.3075512	17.67768159	-11.82172888	-2.62960028	11.25683943
	7.040270316	-57.49480415	10.6388745	8.863960596	11.48710212
	0.6467931855	0.2486345534	0.2612442121	-8.441005941	5.576099302
	-22.20029117	2.699132292	30.60330957	-81.80822332	-274.044397
	60.03144886	-2.72615707	-83.47915841	0.1491522592	34.3930414
	-19.87245847	-15.89925045	93.11413668	-393.9514167	-372.7428605
	-23.61052551	-24.20984094	1161.304151	-463.3624181	1947.234329
	-1115.79712	356.9411107	-172.6378621	62.81939524	471.1234819
	-169.8547505	-96.30780566	-81.60474596	1.613159844	-1.534340984
	3.504770743	-3.191386077	0.001614457397	16.39233691	-1.072639311
	18.3331575	10.41589034	-1.205208993	8.796103306	9.991715534
	-1.875542825	6.285533949	2.009034616	2.022351924	0.6439678194
	-1.60124844	2.694428383	0.3373463574	0.5722231641	5.521713277
	-0.414395327	0.04037894157	7.430954592	-3.542940064	4.257860088
	-3.584609443	-5.34317937	-4.563450349	-1.076413888	-10.64821765
	-4.170615634	0.1536262649	-4.38314486	-10.3451337	-11.86583382
	9.76190675	19.31008016	26.29102246	-128.7130127	17.68920284
	-3.858199447	-1.258626648	10.76860243	-7.684132743	-1.622106023
	-0.9282790298	-1.6389553	1.373412445	-1.962276086	-0.05806816851
	8.853120107	-2.359173233	-6.862708261	-4.681358074	-8.566355944
	31.88495892	5.231630767	-0.2229348037	-5.688030191	9.04362637
	4.957092497	7.939810117	-4.033502005	-5.041215895	11.97082798
	-1.355130965	-4.597706291	-1.227720136	4.989260522	-3.181438761
	13.17978501	-14.53222898	3.123921763	198.7856571	-231.358895
	369.2308457	-689.5971665	-243.7273552	106.2933516	-2.163182746
	4.380257499	-34.08940274	-4.793558305	-14.39760916	-34.83792043
	17.2475025	-19.97983232	-159.6718202	-194.0193819	-478.8970728
	-374.0271387	304.3233279	150.218259	-2221.482949	-128.3969962
	124.2814652	-17.02508447	332.4140124	-83.29888038	22.7103723
	0.5568687088	1.07561883	3.083106897	0.04236996925	2.872358549
	0.7208574596	5.7724813	1.301916806	-1.388862898	-1.4039312
	-23.50927416	-3.129932781	-4.907251604	-1.431917798	1.762515184
	-0.4175510309	-4.985085139	0.9231733804	0.2344492863	3.357976881
	3.387173195	-3.140164496	6.977553793	0.2730047053	3.265603291
	-0.4735197598	-1.321799994	-3.949442653	3.23606787	9.977465491
	6.603954708	2.958883762	5.217166019	-1.450208551	14.21598474
	-2.118580612	5.239649262	5.114468339	-71.92350322	70.52656303
	-117.6907972	20.38111561	4.167618233	-11.1511582	9.581724051
	0.7916788411	3.242177062	9.063462791	5.397942898	-2.92203983
	-1.18907743	12.75956527	1.570043529	8.204200293	10.69349053
	-4.949176922	-2.675547913	-15.13214764	-1.693183581	-3.348752363
	5.494673098	2.65762599	-4.50309115	-2.825442236	11.00436919
	5.10617299	-1.817092872	-1.530846209	0.8086567828	8.480782967
	6.47010752	-3.768896954	8.595434058	38.92405733	-98.03253871
	106.202872	353.2326161	4222.451772	107.0257591	-51.90767779
	-16.73219794	-19.70177199	-25.94012666	14.05566664	-12.30615872
	31.5244281	-20.10625781	49.75189907	-44.34277176	-57.69006702
	430.603591	-1338.401322	-43.05579684	-183.3195361	327.3771352
	255.0388606	915.3817707	15.10649343	-353.0114652	-36.04660878
	34.39472017	3.640337614	4.818609132	0.5884403296	1.313497157
	0.1843685085	7.996810136	-3.96999854	0.4715427983	-0.7691079686
	-1.747771502	49.86878906	1.531009612	4.362181519	-0.5290571456
	0.8345729297	-0.8694755129	-2.861789503	6.957375526	0.6765214182
	-0.2495213329	-2.772906362	-3.30596722	-0.7291738892	-4.038454554
	2.616859066	0.148011526	-0.4360554153	0.665717133	8.623757042
	39.1173047	-1.267695017	21.07175666	4.885981421	11.72376365
	-3.408821424	-1.163747605	-0.5438441307	-1.398790904	19.92586747
	14.66118232	-25.37340277	4.95052687	1.802611288	-10.6847345
	0.3019626375	-2.684968932	11.55942917	-5.117807076	14.27768308
	-14.71621228	6.264934077	11.06659238	-4.499428796	5.495847673
	-3.633279189	-3.242016468	-2.556211115	-1.205586721	8.605446177
	-0.08403503173	13.59493047	0.6850258979	-3.356666845	-4.05790867
	2.079977647	0.1215495753	-1.530791349	2.193280884	4.892903237
	5.615625535	6.047577035	0.02466697692	-32.27027482	5.300839179
	-11.54073754	-7.475669129	498.535161	-9211.125586	659.3333868
	469.470774	93.59151217	-53.58094488	7.054267461	-233.3265537
	1.860653782	-45.82370738	21.97267011	-17.34666239	2.054080612
	0.5730880166	-101.0691935	-19.55416313	-126.4992533	278.3537888
	-261.6653613	631.6844183	238.1500801	987.1437597	250.4832646
	52.13050368	-1.367620219	-8.911079242	-3.300947281	-4.660660468
	0.5480008859	0.2810228821	16.61912886	-11.55097982	8.648751506
	-0.4445280389	-2.845296398	-16.65750911	-5.938922066	4.030657742
	2.027143685	0.696863436	-0.2100617402	0.9289266206	1.077015784
	0.9763933175	2.129311106	-1.592484923	3.801909583	0.687266338
	-1.781593945	2.23398474	0.4522049514	-0.2653789948	-0.2991183761
	0.08664569899	-69.43326455	-3.657088306	-10.54109259	-20.95349722
	-1.845679331	14.30024783	8.977435081	5.958682804	-3.157053967
	-0.4032437047	-5.160193778	-13.65625137	-18.77404544	32.14896138
	-16.64380109	-8.041309662	-7.315147822	3.995300468	-0.362822195
	0.4266448918	-24.6298078	96.05827739	-3.455822297	-3.71996083
	0.6807588663	-2.024231542	-1.396389942	1.028079115	4.353844633
	4.102735844	-2.328784182	-0.07217051022	-1.219510566	-0.1477087186
	24.10586204	7.009072929	-6.370991254	-0.1472433629	4.950516691
	0.2502636617	2.842961084	1.959196832	4.811301317	1.285537087
	89.78745905	-41.24530877	145.6829431	-225.4201299	730.4873446
	92.52097244	6.409024702	291.6415725	152.7595625	111.5942998
	-235.8361592	172.9752118	134.9289388	-1.366396372	-5.220696774
	5.780392262	-1.336963359	-24.74393859	-24.49080791	24.96868376
	48.20825097	36.34553787	149.6123798	-3469.583623	632.9906932
	-461.5776001	-74.89268842	-7.113218853	8.474562555	0.3823901466
	-1.355547662	0.1714041981	-17.06562177	-35.36915001	9.819940968
	5.811509086	-7.390682228	-0.2561364027	19.36467659	-2.302414718
	-0.7363783657	-0.003465328425	0.8583958325	1.101952829	5.618424466
	6.802280457	0.6443832511	2.121415131	4.476471204	4.5351354
	1.263709815	1.259439011	2.462879683	0.3981188212	-0.04880215961
	0.6655031478	4.581230004	-6.157711918	-2.297059866	-13.09248786
	-15.09919889	140.0155325	-11.7550868	-3.046803654	0.9158956291
	-0.974658116	-1.516908761	-3.266882366	31.80218448	40.70907732
	-30.47648965	52.18884461	3.768864049	9.042529607	4.783428953
	13.53272399	-2.134311381	-27.6055182	6.095820435	-5.693112412
	-4.338624883	0.5741040358	-0.947887502	1.022043916	4.122805406
	3.938369027	0.4616233277	-1.529772609	8.363114866	-1.172107178
	2.11029069	7.015783418	-5.582241162	-3.259631645	6.748112287
	3.69413917	6.773886523	-0.2011440282	0.7548588435	9.438725755
	-2.692198882	-22.86624547	27.32805429	29.54224654	-138.2659135
	1801.233724	1886.669291	-458.4448424	785.3113508	-193.0305397
	-1063.490515	-1.068612384	652.211924	-111.3082162	-15.50823028
	-30.01757751	6.346638343	-3.027304423	-1.559700344	17.12224428
	-21.28811753	-50.69720804	5.233265286	25.30453127	-587.6380429
	238.144004	198.1197439	-263.4263983	21.12187712	4.719136195
	1.722832639	1.05200796	-1.648608169	11.11485935	-40.09811776
	-0.9822696425	2.139753008	6.302702277	3.070715504	-1.446327146
	2.537564579	-0.3411007448	0.02904199357	1.26301163	0.6683211512
	-1.339188863	-13.26445366	-1.278048164	-0.5391909539	0.1702707702
	0.8482116556	-0.9690377041	1.244123421	1.58288489	0.2725000274
	0.04362163535	0.6094405326	1.466110214	-0.03730098734	4.842233837
	-3.829256748	-7.310184474	43.13361641	-22.70292241	-1.525307765
	-0.9866502655	-1.448327004	-1.5390792	-10.5214668	1.423947808
	-126.8063536	-5.902250066	12.42183275	-10.524331	62.37323622
	-131.353336	5.34370857	-19.57435973	-18.1929013	-53.26252314
	-8.978434983	-0.4234391083	4.541358418	0.3993038012	4.520029232
	1.316811976	0.2425068221	-2.786802237	-1.757686285	2.323507485
	-0.1133916803	4.966820796	2.026385356	-5.666546481	-2.421178785
	3.261455315	1.200404384	0.2486942634	-2.927464893	-0.4216951588
	3.932673958	-1.009091732	-7.937979906	1.5700306	-23.06325193
	-54.7582116	-5.203692625	-20.11244593	-376.234799	719.9199561
	-1009.451417	36.35509761	949.5045588	-285.070708	61.66328709
	104.9377496	-383.3762057	-16.50051235	1.192027205	-5.511958898
	-17.63622309	-25.26410666	-17.82066699	12.66195341	-25.96437938
	286.4775911	-63.83234639	-168.1546897	-235.8930837	15.99979372
	-3.657481534	-1.606924123	4.633673316	-2.418116024	-4.093455838
	22.65526099	1.286775947	4.591392429	-5.716686651	1.288051231
	0.5290446381	-0.5801921668	3.648873495	0.5825123493	1.329874356
	1.04002398	-0.4171472557	-3.466363865	-0.1907000142	-0.8834374108
	0.8065302585	3.444559312	-0.9879610564	0.3843876192	0.6665458522
	0.1189676037	0.08815452106	0.5280454618	1.134768228	-0.1876978587
	5.056254898	-0.1163113236	11.56922939	-2.767799397	-12.52961082
	-1.905022346	-1.138114856	-3.100825696	0.2426488725	-2.947095443
	16.50764442	-18.22326342	8.772715086	14.90412671	-28.77342295
	3.596600516	-224.2161268	79.43836689	-7.365577654	80.95006162
	166.4097838	-4.93441637	-4.7718997	4.22858888	-1.955305064
	3.566571937	1.406035359	-0.6370421107	-1.192927918	0.9640164577
	1.620886423	10.48697815	1.499966641	-0.1553222407	-1.758828693
	-0.9478090278	0.1968242619	7.065823262	-2.349049354	-1.668945542
	3.602677335	10.01278793	0.1490591814	-1.42739332	7.135672108
	-38.05826509	74.87772356	70.79491268	-44.52253979	171.9666818
	58.23639862	-85.33607979	57.41081478	-715.2895075	131.3775487
	-8.169948565	820.6018494	152.7984306	283.1892009	25.2510637
	9.551052222	-28.82651652	-25.79867778	29.31830179	-9.738236597
	57.72681446	-181.4085768	41.14531784	173.0361506	-215.8577724
	17.4915922	-3.776901165	-1.642146616	-5.332887267	4.983258838
	-4.114209285	-9.682550556	-6.418153206	14.12554907	4.82664138
	-0.8306101139	2.940234988	-1.445117676	0.09407363534	-0.9407841995
	-0.5707530075	1.894185578	-0.0804721071	-1.054493865	0.1459369436
	-0.863429484	0.998993435	11.91824462	-1.267908952	0.1245949156
	0.3866772138	0.09296359074	0.1128414806	0.4175485095	0.7539794181
	-0.9656576472	-0.8393957707	-1.573055565	-2.614759467	-5.784525087
	-3.393339613	11.08527795	2.442127037	-2.16928356	6.707893011
	-2.438133365	-11.12958879	-4.526449761	-7.572662103	4.484931944
	-24.21553779	30.43263756	44.79407758	15.51906411	-45.71341287
	34.16201917	-128.3778741	-13.92997542	-18.44204072	2.595624432
	-5.796348893	4.084494237	2.00465977	-0.7250882428	-0.2360016145
	5.700689305	2.637766002	3.578827407	-1.406814013	-1.398884896
	-0.988975181	0.03628651355	4.88100218	8.814113095	-4.911902065
	-1.058413394	4.539853662	2.654014738	0.9138794722	-0.5057838066
	4.203461525	-6.501557146	496.2739008	-76.88884673	90.89635931
	-59.8190121	