3131	
	-31.13515122	9.087525912	6.40969078	-7.21318158	-7.162002103
	29.66413593	21.33982123	30.81031676	-15.98348823	4.288845948
	-29.31069186	-39.82484527	-3.047771877	6.359193026	242.960625
	-19.34744055	-86.72374841	-47.83832534	28.67574348	-2.876033341
	166.1872955	-68.60675161	591.7291556	28.29338795	-16.52525258
	9.12719384	70.54340448	-19.56630223	196.0952249	-9.699348129
	5.286062539	-114.528436	1.75918524	35.68502649	7.381221738
	-5.936845285	-53.50177474	-28.71327025	-2.681634427	-7.055343891
	-1.040552117	8.98290121	-5.950587825	-10.50555418	-18.97185051
	3.784717032	-7.311840628	-10.69218454	13.07453847	-17.41082857
	14.48133186	-8.922710782	-155.0168712	-99.74422206	-80.89661425
	177.7673166	-163.3334166	136.1337981	2.495102602	15.97457421
	-48.473272	84.67793073	84.0734517	-1.987534103	-100.6206997
	74.40381758	35.87425168	46.06965647	47.39192572	101.7289171
	8.614762833	37.2888654	-32.21152058	33.18571614	26.44595387
	156.4823037	-167.0533885	-1146.389765	28.87866728	61.94608407
	66.05492481	-106.6926175	-802.7405891	-1330.712358	495.633672
	-208.5928297	701.9536683	35.01001446	-41.1345081	-228.3465239
	209.5196711	-140.1415098	-35.63676923	-399.1838367	507.0301182
	-31.03576964	-604.6509843	-462.4051238	-151.1769491	167.61842
	-1253.157829	-30.33038238	17.27730112	8.357712621	-14.68340205
	-16.6719202	15.93994267	32.65545168	39.2965546	9.924614127
	15.68234499	-46.80070736	-78.29056495	-5.584564779	7.037247421
	12.89718276	-2.803596828	133.358659	39.78972611	-24.65971427
	-62.03051192	29.49814475	-449.3065565	-145.0249795	12.44546635
	-34.27289093	30.59505229	45.51984706	-3.572705147	60.93998229
	-19.40927607	-26.52556888	-171.2475958	16.57181487	71.1993958
	10.96210789	-66.39346471	5.79231903	6.511641964	1.724435385
	-5.153448215	-3.018222937	-5.098473824	-15.65889587	-0.2748633454
	-2.181136629	7.73980764	3.060138397	-2.279319654	-9.864314024
	-4.569081232	7.884836792	-47.31935316	22.1160135	-40.64162934
	187.3340164	-959.7412352	251.3662143	-69.13288206	-53.79932098
	65.43313157	-50.75364797	-80.40706749	555.424438	309.5944323
	-25.42712942	108.3636844	-280.6958859	-3.871936231	-131.7438837
	67.12823489	28.14848318	121.8581201	-24.81511906	33.08766091
	177.7698091	209.4029916	-510.7309122	-1059.951555	-23.9268995
	53.12247142	35.41301274	-83.63914582	-666.9462131	-1159.74112
	575.40822	-665.5240686	281.1368923	19.11574772	-61.94991939
	-48.20074287	156.0744252	-76.76225071	-13.37904277	-285.3016218
	490.1633468	-2.418590778	-545.2244618	-434.4799357	-152.4136721
	-176.0222351	-548.2602333	4.317799411	43.70259214	16.48813089
	-28.84222737	-52.62284505	-6.003247057	-6.912777038	36.30471321
	19.46495844	40.61245063	-102.228136	-233.1697169	-30.58705484
	6.986542742	-46.50471664	53.90464115	-21.86763713	3020.385432
	-207.780711	75.47247766	2.657354181	-78.27783671	-115.3574135
	-29.28929569	-82.59452393	-95.85552777	293.7960505	-44.43505685
	72.09590711	-85.33819852	13.93107045	-67.52911995	-28.41310301
	-2.694004952	-130.6738162	41.78627469	44.43755125	-5.396773674
	-3.524322064	5.85371188	-19.29157161	12.89079548	-60.18064154
	-7.009372061	-10.78652104	-9.275396947	2.342570269	-0.503348965
	2.221720739	-1.346626875	7.041533332	9.196567461	162.6899745
	23.18662354	26.38409939	-72.89773899	304.045449	20.69760564
	7.653066639	-37.41322691	-61.85580209	123.37712	161.4006321
	-177.2365683	-228.9620605	17.85170229	18.26988768	1093.116089
	-80.06842887	64.29232128	25.11438738	41.7382369	-52.23663968
	57.7734707	31.85292971	35.40167714	-1208.909945	2149.576406
	678.1790932	18.67684142	36.40563033	-8.743509489	-437.5346632
	-829.5286621	617.805112	-246.9387386	-140.1513185	-46.88486274
	-78.29378346	-87.04352078	15.67175081	-92.66769542	-28.8260205
	-59.53868016	68.39769647	-47.46327235	-385.8859897	-329.1099033
	-168.1411568	-497.2313553	-426.3592926	11.91082665	25.10229766
	21.4865002	-5.554188099	-18.95998141	-5.160880826	-6.776268758
	41.3188254	-50.50415005	99.63271303	-19.70833774	-297.2965157
	-21.26273498	15.00205839	28.88997911	-137.3374828	-81.8975293
	95.38606367	276.0889547	51.13817478	-84.9553866	-15.01198154
	47.04546174	-0.0927874901	-26.76035499	-83.73689948	-249.7671747
	13.45142215	627.6497093	-436.3541445	50.50399228	65.1290298
	22.70482274	-75.4021374	-20.30867201	113.6698957	-157.0265429
	-57.2505559	-27.85008379	1.459891006	12.24691749	-30.23907255
	-17.06688839	27.64918098	10.01991999	-6.594052635	2.645798379
	-28.05721824	3.80195308	-0.900240517	-21.39925862	15.34737296
	-46.93941063	-49.81508498	50.0071362	128.7578144	-3.737998421
	5.651991261	88.67681441	44.46897824	37.75879438	-48.83231203
	-375.991934	-861.238659	235.4523677	29.70446734	14.7047054
	-85.57333077	-154.8624468	20.12932283	10.40768909	-21.0300109
	-117.7909714	629.5039803	-125.6969984	-15.02070742	-84.21017903
	21.8537747	539.1976189	-28.05425205	53.44566102	130.970105
	-174.1735566	-587.3385024	183.1954797	276.1945423	178.9832755
	23.24812075	-79.18669934	-103.0131949	11.17783878	-141.8278951
	-43.89406748	-120.4968927	-83.35856386	-40.79665715	-214.4626876
	-191.2368154	-120.9416385	2957.930526	-555.2525347	12.43018156
	17.09618775	25.24987706	14.83016533	-4.492672133	-6.194209255
	-12.52447083	68.95610732	-24.60430002	-108.923518	29.73808804
	-294.2829644	-0.1346274551	23.31406802	-101.5106685	115.2692514
	434.2839748	5.660145904	-303.8025168	-18.6280969	-126.82095
	-13.63586462	133.7877397	9.822719003	0.5756641492	12.7885892
	32.08997445	-2.774319905	10.31938491	-31.3228434	96.64602898
	-113.9938125	18.04126539	-15.46501967	3.428466364	39.16552986
	65.34495183	226.7894256	38.49430728	-37.24391991	-59.45648665
	5.746888258	51.71318204	7.28840812	-50.96458738	-19.2389325
	8.302718013	-7.240664926	10.6139903	3.424791873	-12.39878799
	10.95691651	-12.51991003	12.16401282	-32.13859264	108.0587998
	-79.87837233	586.7718925	223.7882273	-12.20197771	69.31361479
	44.59079574	46.77809917	-638.9862825	67.94409186	-26.49807118
	34.35831194	60.75197908	21.74636598	28.13311459	5.055783334
	-48.89259068	-5.954564715	-351.6207764	60.82424978	-35.71107502
	-16.0565519	18.92153449	101.4752523	-3.098424359	67.58848663
	62.40865087	-75.91992482	-430.285298	-287.2661483	-50.1320691
	90.48305992	48.7858378	-53.67572895	6.641392106	130.5813281
	3.677412389	141.3613247	16.534814	-30.24727986	45.97098496
	-78.61543623	22.95441696	-48.2306699	-267.1350134	-546.1429476
	8.013967328	11.9587575	25.160146	34.91067982	4.007539424
	-4.74877531	-5.219470192	52.08904484	-17.77196342	-12.82170221
	-1.996169368	-202.2874329	-12.90533114	10.16437362	-52.68357476
	-157.9238021	-206.6787742	64.09328586	649.2766266	51.97078981
	35.36164264	9.829146535	22.25771088	-57.26316323	-8.848853674
	31.10451097	22.24229929	11.02111678	-20.47045353	-174.8434366
	30.32868105	-71.96723436	24.21921451	9.468979595	5.823554398
	1.212471923	4.951929363	24.07716776	-158.1780887	27.59630152
	-8.426753304	37.46712843	0.2491247628	-42.29681015	-2.441463947
	-5.4611415	0.2380547683	-8.75736957	-28.53842756	7.126675593
	14.83515359	9.009285718	-10.62813259	11.42946687	28.89283195
	-110.0405255	368.4968044	-9.839678417	-303.7097525	-237.012429
	85.7382329	26.38813395	32.94575755	-20.69932868	-47.49732822
	-207.0756211	-8.105123493	-105.8046751	-15.31914054	19.46370622
	12.31348919	-25.1746567	27.42760779	51.5735923	30.21681568
	41.2037593	7.198755489	-7.051624036	-2.745579422	12.48803874
	46.43780238	38.19099731	-44.93083043	-270.3530741	-403.4422813
	-332.1020576	14.00116785	116.271349	-89.05707863	81.49158846
	143.802329	20.74724608	116.3828624	19.93313607	-4.935944497
	526.7846374	-576.2956052	1023.344828	-785.4434793	1443.713551
	-193.9869279	1.570792771	5.966860573	15.71967039	29.23911558
	4.727091561	-13.82437061	-23.34300312	9.708000902	-32.60571453
	54.35608358	-8.459668202	-114.0753575	-18.1524442	-4.535898765
	-47.49410067	-81.19298934	-117.4342953	45.06297146	40.1004229
	18.64255977	-69.39822246	-6.050650585	-82.33957172	-195.468281
	-26.73165107	10.60247729	10.97819434	15.94526675	6.388062361
	-51.84836004	-3.22825194	-87.06257505	43.98210885	13.6917971
	2.033355492	-9.251340391	-51.72421864	-1.536167512	11.517129
	65.70981581	-146.5257275	8.859671424	-134.1763548	53.0375085
	14.72547336	-7.646201629	29.03607918	63.62102177	-18.11552854
	6.447892476	-15.65065389	6.552419562	-5.400124001	-11.35819845
	-26.92899361	-37.21749455	21.05064717	115.3004209	-145.9348316
	2011.593988	-152.1487765	24.48402017	26.12619926	-158.098016
	79.80493025	5.575587374	47.30492482	-105.7176036	-149.0232564
	14.98571623	46.87985751	0.9828236245	15.77997223	33.09467289
	29.43355472	44.59317683	19.10838154	-2.059251716	-41.01119524
	49.9544209	35.54872146	43.05423365	-2.989667977	-112.2525994
	-250.6749088	-260.29369	45.86879394	-45.57633954	60.05406182
	95.0711399	-5.754873446	-89.92860801	21.52392635	7.373863861
	-11.14545662	136.947649	450.7498432	634.0537132	-237.294569
	1120.280358	-307.17422	-5.915477369	-1.337852205	2.817729643
	5.914287144	-0.5548453186	-11.99663601	-201.2993106	-40.25416974
	-12.35982427	21.69300153	-9.57188364	-59.95125464	-14.19133662
	-7.338740941	-33.61932415	-62.7060981	-33.75930715	-106.795119
	24.04934086	4.208899319	-74.74965659	-28.94541037	-186.8993971
	-108.6347188	1.216271519	7.347394283	11.44304622	39.54806666
	11.85369874	-8.75178032	9.536033996	-10.12644431	41.81814236
	10.16599475	-0.7876306511	-9.396661368	27.8939914	-126.1887433
	25.02004525	43.96607705	11.47185234	14.42271753	32.72459386
	9.134773547	4.075322363	67.85928301	153.831012	-68.4914978
	-13.71248381	11.25642536	-19.70196419	12.25888624	-7.868513667
	-5.919442506	2.49969663	22.45281937	-8.338153167	-47.32317497
	-55.11778899	473.319598	-380.6163213	67.13469085	37.76851529
	-29.14225903	-503.4910328	-30.00886481	34.35442745	69.19515349
	-24.05252784	25.70104308	70.72977589	-2.861309353	-19.14716038
	9.469826305	30.11287476	132.9117616	22.19394833	27.73462502
	15.96853482	78.37153599	-9.477085768	78.41097688	37.1370324
	-15.33648289	-74.54980304	-62.84678614	144.3512476	146.7784083
	106.1481492	101.0716243	-44.35461352	91.57607492	37.12424801
	4.628177433	-14.90948755	-1.493415147	136.0842404	89.88714967
	8.191486251	101.1505732	-353.4455273	-14.17792348	-6.527945637
	-9.929173142	-14.00652597	-5.240719123	-8.087434701	-58.30902162
	-17.91889495	-4.048743951	3.505474534	-8.2756307	-24.64462065
	-7.579161547	-6.185721814	-20.63024846	-49.73538019	-16.52854863
	-10.77698395	72.87872263	-94.7780531	-46.87457911	-39.2868965
	-41.32847578	-13.70386733	26.72306655	8.355940719	6.591562063
	17.80458813	4.371205687	5.639463101	13.49635408	23.83075351
	217.6167076	11.1131009	-3.86277966	-22.63065618	-39.57176917
	-46.86224528	95.64669459	91.11605421	-10.33496386	132.4647704
	46.7316149	-60.57522566	-1.507122829	25.17281762	13.19322054
	-10.83406058	33.80390875	-38.17769704	7.694519194	5.725348568
	-13.81107289	1.521457022	-7.460027385	-87.52685205	-48.11627291
	-6.920929585	-8.044471831	-24.23904305	8.21129548	215.1183209
	-8.116953735	39.47803276	148.8678831	-38.08334823	20.83321843
	49.94695935	19.85658516	24.32925908	17.42473298	6.220328053
	-143.6457889	-23.86296266	20.36195692	46.69075018	18.9161429
	57.35304151	32.08077986	56.18569887	46.61889596	43.73173668
	31.2095457	43.46569596	70.05138554	-78.42756965	136.7064856
	-101.8563625	70.01197653	67.07639825	-10.81258228	45.20601064
	25.30135105	0.9373963734	5.860185029	27.5111716	-121.9341415
	-121.2350803	-35.99909899	-63.90618684	-16.11006152	-10.68596841
	-8.493049409	-14.05413586	-50.99780964	-9.489849929	-8.160663898
	-3.064831172	9.54828568	-0.5569743466	-2.756234363	-6.374139906
	-9.243031342	-3.795120588	-5.015888289	-16.64753821	-56.68437621
	6.746460627	162.1496639	-74.57554219	-63.62246892	-22.37196643
	-15.29967352	-1.321949956	2.258777321	48.25176258	9.176048619
	1.883781071	-0.1519830096	-16.33852656	-4.569537527	12.44094587
	46.95635443	94.16885786	25.63825279	-6.297809084	0.2383448982
	8.026448765	10.05863345	-74.26760556	-326.7194467	24.82646124
	260.7002342	-1686.631093	89.32662928	-9.513002855	23.33900567
	-46.78107057	34.91859657	-43.23679063	17.50589061	9.91025508
	2.455140448	-3.434004761	10.30032662	11.78299953	37.75626168
	124.5097832	-33.40545351	12.3799679	18.12991815	-183.2568177
	-32.02265568	-16.84332352	27.64214494	27.96258209	30.07547411
	8.117131398	-83.09201193	-9.670175165	-13.42429366	-57.50583221
	-11.02484036	-51.31486873	-29.91531075	32.20394054	36.80429516
	36.39488162	209.8199146	24.54949306	-50.98015487	103.4305827
	108.2428912	32.07714907	37.61084125	34.02352478	74.09022944
	103.9842356	-125.8114478	65.9028458	53.58576822	3.910484055
	18.13729911	-17.58803594	-23.36034109	9.858963556	108.7905671
	-81.02828756	-74.99351482	-10.95773018	-102.0723607	12.58673054
	-16.57685999	-11.58097027	-6.016444699	-15.77638626	-4.352793406
	4.606035865	35.64239825	38.93175629	4.590132166	-3.314642202
	-5.215162506	-4.406791865	-2.373909731	-3.769891812	-10.51976224
	-26.63681435	-1.411729822	39.15014295	-24.06374726	-41.20937138
	-12.58250172	-0.1725681772	33.89759829	-5.989244088	-53.62800627
	-8.30264549	-3.902116946	-15.86051634	-51.84986567	-19.23619179
	5.254338383	5.091779804	7.820151533	-34.15220611	-23.88550683
	14.43141628	5.359962243	12.11616357	-159.599152	188.02991
	-403.9299169	69.99223988	1175.772738	-10.13732896	-96.26864412
	153.804087	-178.7440737	-50.38263035	12.70014769	22.80504993
	-26.20318932	-16.08493996	3.236487481	-11.23740501	-8.878009434
	-4.828699464	-67.30358328	-18.76978762	5.582528762	-32.05436047
	188.3268932	44.76365509	-35.00448057	-1.95292713	7.528650778
	5.532987327	16.52493068	37.29433732	7.195000612	27.0773654
	-83.78790258	-22.15978241	-19.82408887	-31.86282413	26.02038007
	40.33887931	-11.03184275	-92.442404	-3.735689942	-132.3945862
	22.73987989	69.69176767	30.86219103	91.13000122	-18.14044844
	15.11494143	19.65750126	-40.5677471	74.38275449	37.24785839
	16.17387914	19.27872564	-75.2197899	-19.5086951	-7.125762399
	67.32427929	-1.068264596	116.7717324	193.1387252	-9.039716601
	-17.55208375	-32.40533421	-9.08890562	-0.4431327946	-3.627717574
	2.318188757	10.69229646	25.85389713	52.55858058	6.595990924
	-5.406589446	-5.346879675	-3.054152867	-1.863058801	-2.638092903
	-5.996536745	-10.65087657	2.391790053	7.978081033	-21.15448502
	-21.83200454	-14.61703302	-12.6169528	42.53748243	-16.08011846
	-25.04169691	-3.582832515	-6.289847779	-19.52243023	-88.55150909
	-14.95391621	15.76999057	-22.39448047	200.2485837	-4.146132202
	-59.95376812	27.68672386	-4.15753838	59.23605843	-19.69558893
	94.82186987	-755.0987261	-4210.478654	131.5712538	708.1925946
	68.81568002	114.907515	-189.7790706	933.8247743	25.54655783
	72.49702164	12.91219108	3.1645235	20.39672889	-0.01498510748
	2.85250454	-10.7041974	14.03681688	8.758233725	6.777429806
	-35.78536677	93.64405177	-0.9670737286	-23.71088126	-44.87600965
	1.802635528	0.9766393882	9.294339489	36.12212686	10.21099002
	58.30800154	336.427813	29.07480756	14.08960197	30.33139469
	-14.84402325	63.38199832	-7.001239278	-112.2078171	-16.77584748
	-112.2193264	-17.68996731	-270.8524392	86.0655278	-13.30699619
	-270.8633216	90.42868707	9.042364393	-1.903371624	79.46719664
	7.418358276	-28.63174824	129.5546213	-210.2865379	-24.95323892
	-10.17164082	0.4995752745	3.056654124	101.6862141	122.1379382
	19.91198302	-23.68101676	-14.84816054	-4.232691829	9.295861871
	2.620345893	7.031947725	14.72657402	12.63953835	7.602380054
	-5.539261641	-5.22282045	-4.812687049	-2.826885419	-1.832131884
	-1.830220189	-3.03987966	-3.72056046	3.650234794	3.047362184
	-9.822698494	-10.65966492	-23.61088793	-50.83533979	7.400413397
	-74.70973857	-21.22590437	24.76136843	-8.683562869	-12.20222268
	-36.76906825	-0.4319530177	51.98599526	-87.68398915	-324.856113
	-67.35442758	-201.5854717	-67.65009146	-277.202046	225.6054439
	-165.6910375	331.1356929	8.659112751	-119.8068908	-251.9797404
	65.15591015	-331.1395162	-140.0090069	97.93002681	663.3090245
	-71.52523044	123.3873233	87.11239936	13.20585287	52.97329688
	3.582776043	3.215231585	-4.205900228	-4.025921944	-0.3149436319
	8.456504413	-28.66087339	-49.56598143	114.8956905	418.275268
	-79.70093165	-2.311368548	-9.026323234	-0.8071076372	7.265696781
	-29.75220939	-230.1847625	-1102.806267	14.14378046	30.36634858
	3.423243793	-286.0188417	-273.9361885	-132.4184615	-17.74940163
	16.588573	-202.1411153	-10.38262867	-46.99767605	79.20856037
	220.4589777	-92.60234184	96.62538749	15.20289165	-13.74262131
	90.75427125	-10.1685157	-153.0738601	9.807209756	-48.81078516
	-12.5714452	-16.20218389	-34.72994539	-3.743801575	19.33117261
	12.62738774	-6.094989321	-45.51066081	-5.752528043	-1.795919466
	5.610951696	5.132762016	14.18095203	27.74424632	2.713474655
	-30.42741795	-23.60993873	-5.553329026	-5.468500328	-3.44861086
	-2.293912546	-1.370273937	-1.299092938	-0.8322751186	2.773830071
	2.236976392	-1.745604831	2.536648137	-10.79846944	-31.2924049
	37.92625961	-36.39496288	8.991209493	292.9218142	-12.00005324
	-10.62806827	-11.72961342	4.124683743	22.13950829	-17.48916526
	-45.36773693	35.50458546	-47.37668558	16.55015343	28.55949078
	169.0920617	-109.4997449	31.29125621	16.35684265	-262.4498935
	-429.0033692	670.6395761	-494.7713486	1514.20288	-79.04237305
	-222.5958234	-28.36151461	-30.89996787	-86.90338371	-66.58217374
	-8.672595531	-2.662768612	-5.309206678	1.987634224	-25.98182711
	-15.63911135	18.0494107	110.2412874	-40.59118121	8.550601944
	-144.7305985	-0.7802420504	32.19714193	-26.4389916	-11.1891428
	-4.230089759	-15.76939036	-25.21569924	19.18722261	-20.9750429
	76.29620523	14.45422857	-107.4096185	1682.755119	-858.6967234
	-4.048021591	45.62469286	78.75055703	9.188613985	-5.008268247
	84.7296426	78.10011301	23.17615276	59.92112712	15.78680066
	-21.35608112	56.57613231	3.445490368	-41.74019423	-14.21067663
	-16.05248156	-2.195116825	-0.9447832404	-55.53457431	1.909599026
	-40.32627738	-1.166381181	13.6630629	-36.88898004	-3.699388837
	-1.976172424	2.058886709	4.162236294	16.41955057	57.53568324
	-1.119337071	-61.38454129	-33.70784055	-4.568044597	-9.014610689
	-4.297687098	-2.851064978	-1.107740709	-0.1742719523	0.474084581
	2.127482549	1.816260544	1.038655809	5.489093707	3.545633539
	19.79948417	152.8000403	-162.9826929	-323.5815137	-160.9109621
	-10.16630759	-9.986574178	-2.62540106	8.543862026	14.37726467
	4.09836398	-10.20310226	12.43872511	-40.90759868	11.07122283
	41.98805978	-166.2457456	34.25154585	-46.21128834	29.2559973
	-88.07144596	-197.4322604	179.5934183	13.59722296	4692.733105
	-388.0191045	674.5710417	1146.816964	-48.80775544	63.02899258
	271.425423	-8.90368214	-16.79658731	-39.96727268	-16.98361599
	46.01517757	7.200349727	26.43347284	-161.6451917	-14.69708022
	24.740133	-47.05188336	-64.34095466	17.08644802	-65.0251265
	-25.87088244	-11.00935798	-6.056659656	-13.30413847	36.58933309
	118.6052843	76.75277487	3.060667585	210.4229527	73.88144622
	10.99152298	11.79405	19.85913175	57.83679811	21.88728261
	0.6898314868	43.23528469	46.4776897	57.04094231	39.49770907
	15.99430939	0.8359704673	31.85695055	4.842955368	-13.19959355
	-7.041992927	-5.051165693	8.89209986	33.70901728	60.88540141
	89.86864035	-69.277273	288.4008167	134.4119841	-37.44463722
	-1.914891858	-2.361094809	0.4396137806	3.480271168	9.644511343
	14.93637594	-6.04667888	-14.92707679	257.9265228	25.71727603
	-29.01852205	-5.89475571	-2.67998811	-0.841137901	0.7935525598
	1.198680083	1.79401219	1.578273786	1.584966639	3.683678051
	4.583189952	12.71592541	76.63759835	-57.96483918	-101.4459776
	203.5685556	-299.7488702	-17.12461381	2.692733879	13.12008295
	15.83129683	20.47670407	4.1397655	9.773848524	33.24268219
	14.14569206	7.131498318	-19.14783332	46.68439894	41.58643769
	7.620763234	37.344813	182.5015552	-259.7896166	404.1752052
	-1001.369635	-538.0734386	528.8293539	-76.06696092	32.90029281
	-70.46955425	55.19611749	-54.9976454	34.19513248	52.03755396
	8.188308177	-43.73960768	9.480751129	17.324112	13.12072177
	-8.100200121	14.60029715	-39.19730933	-228.284922	-122.2545101
	-39.98667004	-70.45498117	-23.99276376	7.860691601	-18.7162343
	-7.671042025	43.74958815	41.08117908	101.8466012	36.00256803
	-26.20008839	-3.991625963	43.63125555	-14.51580545	23.27037952
	2.920344068	-0.5513504671	25.9279893	81.69832273	169.5166576
	48.48791116	18.17729154	10.95387671	21.00645601	2.577923951
	-7.452496774	-8.851980183	0.253916923	23.64715839	37.1954283
	-232.0492457	82.64027983	89.65897723	-322.7051498	388.429292
	-85.85236043	-1.806926717	-2.760448054	-0.5838371118	4.03479306
	8.935605505	-8.974126301	-11.45650513	-21.67196775	6.175344329
	7.885184186	-141.7808083	-12.87227727	-3.054572546	-0.8601070257
	1.602122606	1.653487788	1.529059738	1.471716409	1.607663767
	1.791931663	2.710279497	8.448585577	24.12899181	-18.74379267
	-15.97123838	100.6789146	-11.82319056	30.81437585	10.97886891
	17.59120343	8.54261931	10.87993385	6.165401571	9.322246138
	42.21686909	9.582709116	-40.45453059	-4.014853732	8.869068336
	-58.61714084	-344.1388995	48.25817364	-206.7066786	146.4398966
	9.430167372	275.3225735	318.0785567	1063.559588	518.5581988
	219.7229925	519.858119	257.8081912	-73.66524735	-40.40717023
	-23.06080209	-36.65554785	8.487985203	33.72146676	-18.11066771
	1.124615959	14.15228628	35.06278916	8.073075285	-283.3971072
	31.18391595	-2.819525476	-209.5688929	-60.61208353	44.40941382
	-2.835776909	143.5708096	2692.306309	-2562.768729	91.04730057
	7.104735993	-23.74676515	-5.018852902	28.70335523	-56.02760675
	-25.42975878	-23.37051489	-6.316904436	12.01835054	35.25766774
	131.0422577	84.68905562	19.134842	9.683800919	10.30172758
	0.2633861166	-7.310506258	-17.89287331	2.036342249	23.5735682
	67.68656295	-110.560704	-147.1250537	27.27130258	-249.3651595
	74.4969981	-129.2842688	-2.814967831	-4.238911204	-2.053325049
	3.292323779	18.40695168	-6.861110606	-16.45293581	-46.39749625
	2.362749184	-40.80867802	-18.70227253	-7.652630417	-3.225876979
	-1.479276871	1.735000011	1.804490726	1.369817665	1.658401208
	1.537521131	-1.974356223	-1.942499768	6.720171117	13.57060567
	-18.21108255	-4.434225196	33.60623658	-8.500530918	-39.40901557
	8.106429202	32.55648489	-2.227281357	-2.509624564	0.3198216682
	-1.701909159	2.403290584	5.486771725	20.32732204	-44.15759451
	8.567475969	233.5456459	67.26162003	-66.0203933	14.77257953
	35.27358294	-109.1757984	834.0505937	-86.83772275	352.4100086
	-174.3911766	1331.218175	-744.3607611	749.9491208	-101.0873792
	88.48605625	12.19337814	35.37411419	8.666331749	-20.20562773
	-138.5597072	-168.3167874	21.63865456	113.030325	92.7472784
	-28.72908173	50.68528167	442.5664402	-55.60645901	-6.570973652
	129.1045762	7.51301555	11.62241922	87.01104942	-180.6547205
	288.7242001	-19.78669092	-10.43357739	1.316773175	11.38931599
	-27.1079097	-23.66430838	-62.71487044	-16.85673301	1.747202355
	16.23963915	35.07227536	32.03009406	11.59068156	6.399472171
	4.118551493	0.5563967602	1.665224684	-16.90432498	6.146794003
	11.28431376	-31.01914341	-34.38743264	7.729679977	8.657329293
	-72.74132728	1.280215187	-56.36720205	-3.830845663	-8.526934787
	-5.155129539	-2.588217939	12.6469557	-8.202599128	-9.040766675
	-29.75653378	47.76643961	-21.85957114	22.82180786	15.47041458
	-3.665232777	-3.127498413	0.368087612	1.188266013	1.320208958
	2.576595122	2.403637454	-10.34084447	-14.39998835	5.138015685
	27.4930262	-9.174882022	-5.275142813	5.780949601	-8.229072845
	-55.25658161	8.677077863	73.99914383	-21.01824365	-19.68193372
	-4.758338854	-13.0211564	-45.41532336	-5.609908383	9.853603876
	-90.43327227	34.8889469	29.16313874	-68.88813422	-96.91515374
	-650.4503919	93.71032174	-32.38773843	-52.3027836	-262.0855433
	17.13472648	125.8413587	-346.7120547	-284.1518065	-861.6669989
	-11.83171314	61.68828668	161.6706638	-30.54956828	-16.14218921
	11.14036228	-28.45818975	-53.39622446	7.190202974	200.2934472
	-192.4933176	-7.691615902	-55.05130202	-17.16070174	102.6927855
	63.07834474	145.7997546	4.212309841	9.272127106	15.51927875
	-65.24791844	14.56836017	-64.5153235	-1.410633028	6.506550111
	4.146591395	-11.81140311	-11.63087239	-29.59439075	-28.33593241
	-4.439451959	8.181984723	16.10355229	21.62992574	6.419245028
	4.460233937	1.867172449	1.17492124	14.5076873	51.64416611
	32.29382026	31.08213188	-47.87640723	-28.19326317	58.88850823
	22.60529649	-16.60623758	-14.39194952	-43.59017481	-8.681041451
	-22.32970777	-7.787057187	-6.31411112	23.21668904	-9.566270399
	-14.26603561	108.7404281	16.91844842	-17.43210995	-63.70231521
	15.65518378	-6.401805474	-4.678798078	-1.049941105	0.06773197696
	1.414494416	5.108059146	7.857947897	-14.54052051	-25.09317567
	-2.847300525	31.33946141	47.91347963	4.866771561	-11.55668986
	1.060928472	10.50639143	35.29099507	40.42930065	-9.919568044
	-53.99651837	-8.34651504	-11.41240368	-39.0069947	-6.211938887
	15.64492258	112.2964264	-79.77882505	43.8380412	-138.5462628
	156.1480345	1811.618319	-69.94955327	26.99453013	-29.04374788
	72.35582743	23.22572774	-53.48658742	711.7868705	-2032.170579
	4321.794141	-206.9514228	7.93294655	-696.0549649	-55.54025403
	-90.6392593	26.60079624	-21.88670295	-19.91750645	-131.5048847
	-111.0852461	-54.23927672	184.8201293	19.75787139	93.78389528
	0.7661455502	92.89041867	-92.17912144	-34.30967115	6.454851143
	27.43426205	-88.1687362	109.7596319	-9.728103872	9.228187776
	8.272727696	1.032875784	-7.600868273	-7.558843668	-12.41979059
	-11.85901085	-3.078957955	5.606169742	13.95663265	39.09572291
	0.6951131154	4.292047243	2.489696915	-1.530221147	4.983825748
	35.51461503	34.30361014	21.62127001	-21.34950782	-28.01359442
	24.55721052	21.71336758	16.77344082	-14.27761929	-80.36217374
	-13.52732381	-40.73934884	-6.166996611	3.081975106	122.290875
	1.590728214	3.82223397	27.94640324	6.076031533	-11.99176854
	-22.05695361	36.12840321	1.629103822	-2.99875264	-1.977230457
	-1.134290044	1.601988414	10.02279805	11.92530601	-158.8272379
	120.1667749	10.53400035	13.00247195	30.73015262	-9.280410524
	-48.12917476	5.428866774	54.05049975	73.80064917	17.95374617
	-5.349625429	-18.12118868	-6.455518326	-9.276034412	-10.23237981
	-11.73350421	27.24532035	-24.93114102	-44.34333935	39.42901396
	222.495607	-438.8527525	-611.1242593	-730.8263544	-32.49995249
	-40.1950547	30.85515798	324.3011978	-465.4028201	115.6967516
	469.4823898	-88.43867279	-146.3110316	-55.73918579	1034.492209
	-203.233754	591.5130727	-65.41333497	-20.6241634	-14.14066598
	-22.16279041	260.4013325	141.0141753	-149.4006739	-27.12629567
	-54.77197798	64.35792629	-33.08382022	-66.0866045	-46.03047446
	1.090537655	16.57027124	-11.9808014	218.8291582	11.19760424
	10.32284059	6.169686071	-1.818084238	-9.362783701	-6.829109918
	-7.172712094	-6.511710244	-1.846012274	6.461528439	26.40630564
	100.4308099	-17.73872403	7.361165515	5.120632812	-6.288872866
	-11.52272811	12.72578757	19.12372814	5.844603336	-10.12569249
	-12.51793685	11.6431883	23.60226076	58.04694827	-1.940836335
	-49.78879499	-10.85236408	-30.1080306	1.953837441	-12.38348974
	-26.11747073	0.05092804515	41.39027786	10.73093023	2.416494544
	-12.69055834	-9.856218925	15.60550354	0.7059155143	-0.7303105928
	-3.677943684	-3.21421815	1.146903302	15.34092203	75.68057884
	-187.9743143	-42.24669943	-30.88162776	-0.6252269494	20.5891242
	-9.224295482	-57.27038094	5.088092683	34.37467148	10.8290743
	-7.468735549	-285.0240056	-27.64111916	-2.696686052	-6.550069737
	29.20586164	-38.40506743	19.09742021	-127.8852897	1.052569767
	-43.10795907	-2.230884424	38.53058301	-382.5551181	5211.891354
	-773.0763995	32.78733855	-48.71053275	-131.4597351	-42.18374396
	139.2970539	471.9813452	-184.9229382	-285.0844597	-76.91795886
	102.9980501	-1756.653249	3585.861879	-208.0519788	-24.62520316
	-8.355676426	-19.61408868	-120.9936528	-44.59560698	59.79250848
	55.78803905	-21.83042558	44.10645988	-45.14082061	-5.4621135
	14.83384119	6.30134109	9.382034303	4.690493878	23.66209569
	-4.133136627	8.26543761	4.291650175	-5.317165758	-17.41043171
	-8.449723728	-5.556570419	-4.632648011	-1.944289085	7.243629739
	23.94963656	58.42107602	-113.450338	21.44533952	12.08987323
	-5.68164626	-20.72236799	-2.386117802	4.411884865	-7.450045628
	-7.908646193	-5.603317672	8.158496735	21.10754103	38.87093079
	-8.988155045	-148.2363505	-5.458803962	-8.277910133	17.66241288
	-0.6579036325	-17.05575027	9.027410436	127.2380617	4.141285657
	-5.934025235	-12.62064705	-8.674246816	5.989355621	-3.515825903
	1.020085385	-8.196364217	-7.472214125	-2.331968796	-2.740730552
	15.98557979	-78.19182083	631.8673207	-68.57382176	16.12716469
	41.83518889	-2.962900319	-16.03813363	17.17829499	48.47879769
	-50.34926022	-4.729895467	-16.66421957	-30.05380725	24.87717879
	4.41403427	137.4318708	-8.80836646	18.69663131	114.3822767
	-58.25269854	-8.051262285	9.510525968	-19.36111101	11.08770257
	-355.5715368	113.0557961	-44.34458629	-58.30335275	304.9906265
	-7.651222999	-79.61091249	113.3189416	-298.6577921	253.3029542
	-68.37111091	-1.428496559	196.909005	185.3735813	-276.0207885
	-54.07665867	0.6231895303	21.98282221	95.14244509	-94.29380146
	-7.370282249	-20.08827429	33.4201107	33.12481627	-24.02915053
	4.835911607	17.59994557	6.675173559	9.915109291	14.98959944
	14.78616907	38.86441452	14.273148	5.127383133	-4.512914064
	-26.45648188	-11.17564116	-5.792824896	-4.731276075	-0.5175526961
	9.872467587	21.01420942	-20.09400574	-359.5739421	55.16798494
	22.55181197	-6.738420798	7.729199749	-1.740338684	-0.8308567451
	-7.357458834	-7.744894484	-5.14633185	6.561272467	23.45514423
	34.03981449	-1.123653366	-39.76756034	-1.93138989	-1.552079961
	10.48350337	4.422732687	-0.6246640109	5.523727639	20.06286948
	-7.545192683	-9.85672657	-9.83825557	-9.907123501	12.85166213
	13.21827579	-3.780150096	-21.14660712	-14.03823876	-8.023317187
	-23.36896778	-46.93614005	-28.18768522	5.575795575	77.51840478
	-15.18569821	121.054317	-7.892958849	-8.221871319	20.04545128
	37.85871336	13.00704966	40.12314782	-32.80110518	-20.1804119
	-8.029455075	-276.1140217	44.04688111	-39.55609335	1.389338633
	-166.9075591	43.57962779	11.38486843	-17.28725686	2.537943969
	-24.72458382	-6.563351833	6.583999107	-3.153323004	-2.1624226
	-3.619844587	-54.0943549	-8.273645132	31.92666097	184.8161838
	-83.35812007	-41.62224574	-416.227676	-126.73192	-296.179371
	245.2465239	-49.44075989	24.12018783	-38.14007192	-11.76334582
	-9.266103035	-21.34921662	-69.43001885	-3.74653462	-37.26947636
	-35.61467637	210.8559421	24.97493475	7.645361728	10.38031695
	18.51791355	12.69733365	29.90212273	16.45192341	8.600612406
	2.65122732	-7.649001608	-7.806102805	-7.218264337	-7.670994877
	0.1915428861	12.75466763	39.31246067	41.92866688	124.9121578
	15.58776059	0.23088872	-29.1891272	-10.12181425	-4.560378119
	-2.778064518	-5.517197036	-9.447848766	-7.994465694	3.811785052
	29.3286305	45.19831615	-1.482963724	-32.15135812	0.624831143
	0.2362286715	3.796108436	2.190607347	7.130280675	3.760505847
	6.551313116	-3.784622497	-5.724185275	-12.72565232	-24.09813909
	-1.364829119	142.9247778	-15.31286734	-54.57166908	-31.65244158
	-15.45852537	-99.20172817	-22.9174432	-40.86030723	-22.44545877
	17.24893099	-55.59758773	-147.1766106	-144.3642257	-7.412840152
	24.82550697	35.71647178	19.65968055	104.6864219	-423.3510506
	49.71496894	64.32000878	319.171354	214.8236452	-165.9263275
	59.10950873	-77.84854718	11.18304856	54.48010314	-18.18310576
	14.06482529	-6.842132961	-15.46592954	-18.75186934	-19.52353545
	71.25207262	-34.02349194	41.54873753	-10.19932093	-29.43846505
	16.32846668	-14.97958323	-66.37968794	138.9728421	-255.4819661
	208.9781313	-2074.720405	-277.783032	23.70079294	76.7216077
	-47.91805648	-155.6504931	-184.4259976	18.74099226	12.31373967
	-184.0615561	-89.16805749	69.42634289	8.70392959	7.254615703
	7.782654066	-26.36858204	8.799299904	16.09554135	18.07783594
	14.4828023	7.475754707	6.932750217	-2.816911164	-10.91941261
	-15.85933727	-0.4959358355	9.645980519	21.31487217	22.79446813
	57.83764817	-95.47413909	-35.15233682	-19.92983808	-29.40045051
	-9.408274885	-3.911892346	-4.933351924	-10.6516435	-10.26022987
	-2.460667987	3.387123439	25.82187612	-5.327189094	-73.44289183
	3.685419767	0.6523610311	-0.3552661095	-4.094143772	-4.255044183
	-2.276333278	1.490520047	-1.111409086	-1.874270489	-39.61400088
	-196.9625412	-27.11354916	22.81634516	4.008937839	270.5835422
	-109.7562932	-6.62199348	-38.0937577	-13.70364956	-14.37555478
	17.35766377	-18.86041266	-44.2364253	-5.466517302	-22.51753628
	6.141682496	31.46966079	32.98578365	-6.687420552	-14.00869503
	-2207.336897	-123.5343534	90.96483706	217.402786	-943.9299426
	263.0812222	242.5181455	-234.6737859	-12.8845892	-51.59110112
	-43.091185	-3.388842225	-11.04820317	-19.97016996	-22.97428066
	-41.29532109	9.102844883	-8.280844764	-7.256720201	1.441699027
	-2.868664053	-12.93701328	23.4185243	6.340556843	-70.88667003
	-65.92963765	164.0474454	118.8570133	-228.1408393	85.4237235
	-42.70682428	-141.5347212	140.0686563	372.3746386	445.4930556
	-524.6678605	-505.5475769	12.94691441	32.28322979	21.53468245
	13.80269969	20.38977252	-87.70818003	-10.58437237	14.28702801
	17.07253245	12.84294172	9.026393527	8.839562053	0.2715618669
	-11.07040728	-26.8813298	-0.9153206008	8.466027044	11.35408163
	12.05131144	14.08596991	-57.54913485	-15.94099717	53.45836632
	4.545577249	-4.785223521	-4.103910822	-4.294204528	-8.229876749
	-9.401500904	-5.642454412	-19.61967776	-195.3003052	-18.23403767
	-25.1850752	9.884117174	0.5211283739	-3.38493737	-3.36846658
	-10.85886512	-11.27172853	-0.7366721698	1.098148581	7.341140128
	18.06088597	-54.49814352	-6.618133518	9.776956531	5.843878592
	385.5943064	14.71547827	-9.659867019	120.3231766	-1.809909331
	101.3379722	-383.5556953	2.393864429	-3.113239333	84.04470548
	8.409017142	7.411367109	24.57229579	35.81467192	18.54388523
	194.9084166	1194.889248	378.759963	254.1192382	-273.9345513
	4589.657936	-251.6720248	-798.2927837	217.5413163	1.563907394
	-45.18957795	70.26575331	-7.571276861	35.42781959	138.1802781
	-42.64125672	25.4605139	75.90021507	1.953490551	-18.63669346
	-16.45656986	10.84361879	7.28456088	10.27683602	-30.29956477
	-0.6229406677	-23.85165979	40.10006098	-1282.196339	1649.019445
	-370.7979888	-183.8147457	-266.6450247	715.497916	-2610.759852
	-634.562608	748.998406	-545.4717209	-44.31080764	107.3260466
	115.8568296	46.19666861	13.83308752	-132.6631577	29.37094675
	14.57685717	10.08154245	9.170912409	13.07196943	7.234337491
	2.17147808	-4.620143798	-12.02460002	0.6724041198	6.725923198
	6.48500213	5.665205745	2.79569768	-19.11939238	1.013590945
	44.07974425	19.36814508	-3.074326751	-6.226543743	-4.804502878
	-5.464329005	-5.645162248	-4.86421572	-8.825676338	-38.90609173
	-6.637034992	-4.967543048	18.18027246	-1.177680776	-7.839030743
	-4.019336296	16.06051179	-22.17872535	-0.01124423471	2.555272461
	5.19242769	14.43547498	-10.39106666	5.400082264	10.92156632
	33.98887947	-12.2866937	-0.1434733011	-84.05536208	15.03321588
	-28.72387749	29.50636378	-31.55825869	14.0181472	0.8721102823
	39.22218993	5.769878197	2.854434748	23.58017237	23.40778587
	391.3208751	70.84428568	-354.0382253	3969.107165	1278.811697
	-537.9172738	-3243.850818	-380.6162632	302.3971044	-187.9780692
	76.53288393	48.59531175	5.756600365	-74.30261265	-72.68834106
	-40.75778032	11.21626556	26.27571016	85.17430936	-1.785280261
	9.282406784	-9.986036499	3.008641029	9.213177953	-6.867817622
	-58.53986377	9.561788884	-40.66491733	-104.6369139	837.6172497
	-2540.29091	64.53520235	-1.228619495	215.8052857	-1.649338542
	-1910.254904	3770.474442	-5848.467715	-195.9393158	-1409.257418
	499.6130971	-581.6251426	58.52787876	14.56390723	-65.99828582
	8.145214065	4.993560302	4.357668511	6.668666485	13.95664639
	7.522125118	3.344106068	0.8643753788	-0.7862518945	2.888824621
	4.591107171	3.587082855	2.044077138	-1.609921494	-10.79922926
	-3.526235663	4.308903682	4.005243067	-7.05370632	-9.881860514
	-7.581961127	-6.170197198	-4.613038063	-4.496046371	-6.154180114
	-12.56901338	3.708044001	8.330472007	5.471581522	-8.186311278
	-16.12375588	-26.38329092	-60.51126006	-66.75996876	7.743722973
	5.342556582	3.812972435	5.819851977	-2.030590118	4.689782531
	6.419715896	12.7904112	-19.88434386	-16.70294357	-28.35552914
	-15.23035392	-137.69066	-5.733921801	-29.44297795	10.47197591
	-8.47642061	-4.69574945	-18.06387463	-14.81771577	31.92845509
	20.14590544	44.83373626	11.41009787	-83.42604939	401.9968481
	294.6948808	62.01739454	-250.6361705	875.8165113	59.14535983
	-82.28613982	-4.087218869	-1134.967893	68.78769178	278.1349612
	-46.10676166	-30.99970553	-6.40902649	-17.19006955	-63.41766563
	25.17076081	3.968679714	2.469210931	7.039822697	54.0777887
	-58.52196961	77.44060438	-3.595014642	-125.9099503	6.673918715
	-221.3894457	-456.6956859	547.3946739	564.1255255	-1353.652814
	-584.485236	3478.044087	-797.1727705	15644.95793	1695.543387
	3849.049471	-490.9127322	2581.524055	-154.3524367	-177.8795711
	3.025341884	-13.97928343	-28.33118966	-2.746111856	7.004233376
	10.25361679	7.425714753	4.166106572	5.888642697	8.287047711
	5.149595005	3.50582367	1.949247717	-0.1264952441	-5.103317437
	-11.296798	-7.407295067	-19.26712315	-8.027504424	-9.853585877
	-13.37712977	-10.47090185	-9.596710987	-5.507742319	-4.171487698
	-5.123652499	-6.637975697	5.412130731	17.210539	0.4865181644
	-13.75124848	-16.38180267	-37.82124525	-55.71183565	51.81778626
	55.6952427	12.55218191	3.513741748	2.9664144	0.1678766928
	2.918250058	3.571635306	3.341606167	-13.04121556	-13.3994885
	1.202378155	21.32337035	-21.27192327	1.623564536	0.4192949244
	39.73400502	-12.84004145	-17.20511659	-67.98791653	-102.1147631
	10.82389318	24.94598121	27.64799095	34.27779478	209.9657326
	136.8677218	-7322.155639	230.6515256	270.8978927	-415.7385434
	20.04777348	-119.6725986	-95.02083779	1472.197296	-97.86106325
	-532.2273225	-69.72496434	142.9105993	-64.64625812	2.930057043
	9.618456078	35.93519758	-26.36339318	-14.72674637	1.085776858
	-27.29960591	-15.78400585	27.12448947	1.10771203	60.72104735
	373.1336954	-44.00751362	52.81717524	-90.06678299	-1656.542094
	184.9830166	225.9433568	664.6610864	4434.66975	-41111.69835
	-840.9141142	-4279.057946	-1869.061861	4786.296973	-391.1800062
	111.7545673	-39.30616103	8.868793657	-48.92471302	-9.782214066
	13.5251144	16.49725249	9.49248677	5.396090889	11.81995831
	21.32358903	8.14979338	3.300854411	1.151372441	-1.368683355
	-8.050025475	-20.53853744	-8.190403513	-12.34067443	-7.931674384
	-7.661186968	-12.91988165	-8.856745145	-11.66662517	-6.690570475
	-4.18921673	-4.478412149	-6.045494259	3.52886292	12.43178136
	3.49723712	-11.53520403	-15.4134437	-35.28793727	511.6892714
	199.3895468	-9.439967228	16.20837457	3.359828621	2.288752283
	0.6084626803	2.352020664	2.665341683	1.278462046	-9.871182168
	-8.776044111	14.8576	71.19732762	0.2490500356	4.549278179
	15.53029262	110.2015961	-6.571294172	95.27454364	11.38543867
	-28.18763989	14.78270879	40.0628816	30.61524095	23.36194944
	403.5088804	-1044.41752	13153.33435	-18608.1608	422.0636388
	-464.9044872	175.2326871	-35.2940619	1.467198581	-437.3311186
	-330.9118675	-292.9707635	2374.251908	-939.4666782	48.10514636
	6.502330907	155.6248331	-59.9776686	-10.02333354	19.3001314
	-13.30189665	5.185637366	-32.54845439	21.05955358	0.9765438217
	26.52344989	-33.79851632	-78.19318749	90.14408029	-186.2557788
	2079.034691	212.4492463	-153.840541	-297.5226347	1395.173469
	6654.081245	10929.98954	-3739.421844	38489.31439	-18506.98781
	-126.0649706	15.67243198	-379.1614646	12.20117078	-40.60205896
	-11.28779408	19.77830694	33.73073365	12.1121484	6.976253438
	14.02458964	37.647732	11.4604636	3.377957026	0.8890808787
	-1.732156031	-7.779650066	-19.72773002	-8.687557889	-8.757620364
	-6.194431993	-6.836152382	-9.569260136	-7.576427349	-9.961551971
	-6.718813272	-4.1249847	-4.072567748	-5.603355323	2.568585716
	10.17551617	