3131	
	-2.827499584	3.844422202	1.782051383	-3.513557068	-5.001048751
	1.501030034	13.58900833	19.30017475	16.52163314	5.426669033
	-11.63577104	-17.33822722	-3.550354768	11.74963009	104.2799774
	-3.710746348	-72.40707241	-37.74533562	38.89519611	-32.92925982
	67.92442263	-44.14271819	255.6151189	20.87970896	-6.776035022
	3.400436488	20.38449743	11.51990566	57.46349901	81.60310776
	-61.00754251	-81.01579606	-26.03517906	-171.444895	-78.01324231
	275.0022923	-1054.048363	-5.852256581	-501.3989241	307.6894298
	46.56848576	15.65693612	-318.6285415	100.8199469	-323.5664341
	-498.034475	159.1357434	-693.0086407	-305.2927513	-492.9167601
	213.1467594	-47.54717871	-235.5399152	5.336933136	-388.0280141
	116.1073006	144.3333467	168.3432249	-199.9643764	-183.6440745
	-5399.083655	37.01223744	87.3779798	35.004813	1.310219459
	40.03515981	-37.32089305	23.11593463	23.27818315	37.88135372
	14.75355796	25.69523145	6.395337998	15.30529156	34.28516868
	66.68555618	-84.58412451	-514.9232133	-0.2813535506	126.2646385
	-57.40775275	-49.73638371	-358.4968664	-589.031076	217.7504635
	-92.82045047	307.9481135	78.5601303	-20.97706322	-76.46307716
	57.49357346	-42.99096791	-29.5381483	-169.9673052	218.6278198
	-18.22212827	-274.8439813	-211.143119	-71.39669237	23.62637011
	-553.593718	1.144037678	5.924668555	2.395670427	-5.31101472
	-7.728922814	0.5733624574	12.64527459	18.81740183	14.31094279
	5.588696822	-19.91820087	-33.31091674	-6.266147803	-10.93512097
	4.297971151	6.223948826	59.49064633	21.34774188	21.28333556
	-65.52341386	5.506721156	-196.530005	-53.2423184	3.964484511
	-15.23489156	7.845744257	31.43624716	1.845881291	26.73922574
	27.10438075	-97.18949309	-117.1317512	-92.15483998	7.925394865
	-38.83192155	107.9159339	-120.7726392	43.63155937	-449.3002468
	445.3668557	48.95988504	98.99613768	14.23151845	197.9800465
	-24.64982902	-235.8118227	30.15225817	193.6691187	803.7554656
	-168.9288561	133.0793781	-143.9442145	-39.49977906	28.0941675
	192.2877824	-160.1903594	120.6181497	-64.87008771	-548.5913079
	357.4111637	5113.99803	97.91236879	270.8865578	143.3949919
	33.89534386	37.84883947	-83.9422309	27.8419369	15.1183383
	28.73720032	16.72670055	38.07086328	3.894352148	21.1733106
	65.21151204	75.73573137	-231.6397318	-470.4090344	-18.33669786
	61.12737331	165.3065	-39.63281617	-297.5939975	-513.4748772
	252.2630203	-287.3548657	134.5862932	58.73438461	-21.25473699
	-30.97577493	25.14301341	-28.8453372	-19.79754943	-117.5653312
	201.88242	-6.53647192	-247.5156769	-200.1125676	-84.66302041
	-91.86026145	-249.7413836	6.31332226	11.08625645	4.952951579
	-6.562505724	-14.86144435	-1.924950778	10.37746016	16.47550586
	8.399372903	7.535557394	-40.88784359	-98.60036785	-12.45325069
	-18.50862001	-115.813209	11.41401345	-7.039438256	1338.902871
	-89.45405445	6.975094038	13.44856148	-49.35347388	-53.03685117
	-15.52610518	-30.86670117	-35.62152419	113.9919429	-9.475788828
	30.9094017	-69.24760149	-25.55750963	111.3341876	-40.45588812
	609.1049035	-76.44968062	29.86258375	45.00868275	-120.5490408
	-70.70409288	-339.9628925	584.2551072	-313.2196357	251.486595
	-713.9892664	-29.31477744	21.5203636	-11.80732328	195.9713875
	-13.62447904	88.34556886	-1.842498212	-16.39265261	109.1860444
	15.35776103	63.58687803	-1239.07886	229.803292	3.412397762
	44.22476995	994.8847612	-2849.687902	-189.8712923	113.9808637
	-20.67344547	45.47626745	28.01411715	19.38168935	473.4240038
	-12.09060906	19.94521642	12.4352988	17.65817878	-6.457169987
	46.17238386	17.98354945	6.306482583	-533.6788274	943.8544111
	293.8218254	-1.785977888	70.53048983	0.9944306966	-195.477745
	-366.9920019	273.1498593	-82.56933147	-61.42707649	0.2386614378
	-36.02836786	-32.38444098	-0.9214651732	-37.50561575	-16.83690877
	-43.03306137	43.87112856	-24.97962748	-177.247796	-156.0588298
	-80.12984686	-209.7850112	-215.0368198	7.512566396	10.96039586
	7.985109376	-1.451724898	-7.859712895	-2.070549675	8.348579675
	14.62046043	-10.21523012	7.01696402	-11.56082361	-127.1156455
	-10.27675006	-12.29676853	-32.79201702	-21.85310005	24.23410455
	45.22538759	119.5554802	22.73402398	36.8275073	-0.207221835
	11.74167783	-4.593990192	-18.41274071	-42.5726215	-96.12523822
	4.486445074	262.7885791	-191.4114353	-94.72917447	26.30358598
	65.17006525	1214.525797	810.0640351	19.98221115	60.74478983
	-35.04759719	134.7472956	-810.3820353	92.63629693	-525.4562257
	-206.0823675	-164.0220345	-53.53011073	123.6405153	-42.27897769
	-103.1129301	-22.6957262	47.29619356	-29.06341732	-10.77853443
	-34.98354566	-114.0012914	20.3733022	116.4601985	54.4717562
	7.758977355	38.67825143	157.5946222	-799.143897	-1682.32138
	-13.3489979	-351.6273649	98.54125816	22.46915806	11.21017293
	7.669081363	-51.16619337	7.118782879	9.170038916	5.068840165
	-28.52940598	259.5013621	-11.31487802	-10.63156862	-62.74687791
	19.36036476	228.270251	-23.01340819	-44.39824914	65.20788532
	-79.55126728	-259.2281541	86.285999	160.4883942	-409.4857799
	-1.32223733	-32.08141808	-32.88706502	-1.146018212	-45.23833602
	-14.19312993	-43.5902722	-15.44349549	-17.44978668	-103.4350764
	-93.61415988	-55.63948316	1292.991363	-245.5913562	6.597670537
	8.810867317	9.489355662	2.512463671	-2.64695177	-1.08301885
	4.63928558	16.60926539	-12.48758388	-33.8123361	0.3114712741
	-123.9101186	-4.870141112	-8.553073349	-23.04889761	46.67557272
	178.5637893	6.416106412	-90.54773269	-9.722411515	-11.7473127
	6.263452361	48.86367269	0.6745391587	-12.2809784	-17.89330681
	-28.73708897	-17.5948969	20.26363743	-43.26713106	-11.26932421
	-212.1137184	-10.33214098	1598.834745	1010.65447	-38.79958007
	62.28656063	95.52319185	59.24550145	-370.6608193	110.8182922
	-102.1812039	56.9354185	-111.2591721	-14.93356207	-78.46327145
	-251.382744	67.58151434	-28.1949028	17.6704274	-22.78812586
	-6.884290062	-3.921379312	-30.47292042	194.7403636	50.42126858
	-6.549630544	277.6477512	121.8109697	3.859777173	105.683517
	-116.8027143	77.08460682	-258.5827667	64.63310417	6.760287777
	12.18068954	10.10631402	-20.42587469	5.758899736	8.927010814
	4.0899375	-38.96347037	-122.1092248	12.81947298	-7.332001337
	-14.72024125	13.83126279	41.66565971	21.58616705	23.96816438
	182.9638524	-37.82458229	-188.7593172	-124.9211991	-9.117555277
	61.96196745	400.7624658	-1.475191482	-5.242159703	29.7924654
	-3.538568429	26.62367571	-9.579472747	-5.701973181	21.74127879
	-66.24536971	21.6767209	-58.4394699	-98.30093729	-254.9343232
	4.678353275	6.111304618	8.490281683	5.17787568	-0.9243645049
	-1.725603813	-3.435551344	5.267686954	-5.638469223	-12.35607348
	-5.613449522	-84.07220076	-9.018341808	-7.221130187	-24.18148352
	-63.86701801	-61.90703409	32.64336133	277.7564488	24.31061959
	-3.793697228	-3.801798844	3.260572901	-27.539818	-12.22378057
	-2.816089344	-0.8092121988	-35.15096432	-70.78856444	-90.81764277
	201.8687049	-93.52671281	-40.82473009	357.4795881	-127.2583854
	-2193.366249	236.3276679	31.78226693	190.3283606	14.67456675
	71.66997978	45.47812449	66.45374774	-79.01225842	18.10702281
	32.25156759	-88.05557548	-78.17117816	-53.85702803	3.318046433
	-9.790829542	2.026010063	-25.62346077	-8.045483416	-331.7854105
	115.0729755	170.12766	42.76709283	-81.37838176	-37.13212806
	49.97233198	15.65045086	52.81689946	10.25796357	35.59417275
	-23.67539444	12.46293772	0.002143171687	-20.54491161	4.511324038
	10.88843587	7.690739548	-13.19074676	-35.27458087	-0.8266593399
	5.67552238	2.256032411	28.92820831	96.28215263	228.3510623
	66.32001154	9.772160244	-26.29345563	-117.6493255	-176.2136426
	-138.0321823	-26.71361912	-221.8339555	-64.84628064	10.61702407
	49.71989722	13.61554836	33.56350735	8.550141631	13.70667705
	210.1926367	-234.31973	432.579749	-349.3788661	620.8330519
	-102.6814235	2.389784291	3.05554936	3.972263612	2.396125399
	-1.347179054	-6.215890898	-18.97120181	-4.539272927	-5.604224177
	-5.226883089	-6.382807484	-46.68252812	-9.29625534	-5.794092285
	-16.61891861	-37.65892677	-62.66769624	9.796053829	28.69656249
	11.90745318	-11.97479119	-14.76790535	-40.33726588	-79.94723146
	-16.55903415	-1.146496753	4.790468973	-24.47347972	-223.1070244
	-87.84998432	62.64018733	-95.72936983	71.94974515	33.60991842
	-1088.990874	-5987.641001	976.8030272	1938.283566	-83.27390707
	58.32170013	2.210096703	-382.7601166	17.14680501	27.25023568
	11.45765909	8.194900657	26.20332332	38.60195935	30.32438802
	4.361649508	-29.56174544	11.57305757	6.630504821	-44.92788132
	176.5112774	-333.3255017	41.23415383	57.51871404	-19.32200894
	916.2865768	-25.02690144	25.14026075	22.59860702	5.501763123
	-10.81561646	-8.009453538	14.61302604	-5.53596661	-43.118988
	3.549407747	16.55831561	4.66423203	-8.598868835	-3.934348655
	14.91355743	21.90033626	9.624052844	27.63781967	64.7471086
	193.5741096	71.14332788	-74.73343101	-23.35792246	-49.15531145
	-107.5089826	-108.9168963	9.310798013	-96.2377208	-84.24319638
	29.91066799	37.38447781	6.314118174	14.99931414	6.956335727
	8.315685023	66.06240597	179.5054714	263.1793051	-114.268644
	473.9084081	-132.7724114	0.1262522437	0.5158728662	0.05955829798
	-1.704755707	-2.598763306	-10.76285772	-79.87166661	-16.29766298
	-5.055886845	-4.227680448	-5.785052785	-23.08455284	-6.857509749
	-4.744211155	-12.86630582	-26.28172015	-29.26771976	24.13811754
	13.05518439	-10.66322274	-24.67467798	-22.27464083	-74.72805308
	-49.08520435	-9.300451156	-0.194316007	3.902847619	-5.298317012
	-205.3153218	-235.3338011	-6.80468183	-13.91667075	26.43377717
	-45.98219065	-131.3778563	-3353.054838	322.2436657	588.1790459
	21.64206244	48.82934341	16.45651516	0.2351345795	67.94261461
	57.93054849	4.561374636	38.04504981	83.27992993	-50.4762418
	-2.288369777	0.1411017046	8.146167856	-18.11253176	-182.1386329
	-197.4709043	44.92052138	72.08870839	236.6121956	-126.6421626
	-16.11383762	232.4564903	-110.9483078	62.99900978	15.02871938
	-0.6952889795	-189.1105298	-13.04666259	17.12931456	18.49085839
	-11.52531337	7.232649	20.72103626	-0.2646282454	-19.703976
	-4.456979492	16.38506402	41.74362759	14.84169311	23.17218707
	36.36797195	36.64409101	-25.66097214	-129.4840521	-1.892715536
	36.4715086	-37.66688714	-29.30605189	59.28833735	-17.70998399
	22.27581637	52.03696558	32.71973918	10.59009711	6.41751213
	3.566359278	6.122101973	19.40637966	49.9556879	30.01494697
	14.51909717	52.2024193	-177.5618642	-2.04102317	-1.5894845
	-3.502438094	-6.442602688	-3.32208775	-5.462478108	-26.62136993
	-10.06702899	-2.596050848	-2.820789178	-4.00715033	-9.905017669
	-4.214826258	-3.847254834	-10.25995894	-18.56461082	-5.060981671
	20.66758717	11.07005649	-26.45952072	-24.43912949	-16.59959794
	-26.10399298	-16.80972704	-0.976641899	0.9001498701	-0.223111939
	-12.81116016	-88.42143336	-30.82431145	37.77817224	8.69988701
	59.51650432	-17.67840357	1584.966783	2494.934872	455.9359706
	-3328.013383	146.9374547	28.32215068	26.79808989	126.1404995
	77.13935407	65.16628631	-73.34389948	-0.4226546371	16.49028554
	-41.78571128	-10.76939096	-16.69532337	-26.60322608	14.35289814
	3.380191923	134.1505638	-41.70553714	-60.58785775	-162.5995183
	-7.61744442	-76.87319913	50.92765482	-3.365049784	94.63346961
	12.43548048	24.01479432	43.0561051	2.662320573	11.81234513
	17.62977999	2.955853965	7.913886692	10.99698853	-5.957422147
	-43.47945562	-11.30725028	8.911512752	23.84072925	19.78884109
	34.29339623	19.15882649	-9.065000452	-49.93218025	-56.01475482
	75.12131254	304.0395997	8.313174265	-30.6651803	33.1677608
	-20.43405401	36.18790698	45.43892307	24.45747055	8.719477308
	-0.08223595364	0.3276510649	6.093567262	11.7468614	-25.19552306
	-31.62153571	376.2426567	235.2126875	-181.9657563	-3.665050976
	-2.910166186	-5.378184293	-13.17702386	-4.459192555	-2.701879166
	-5.771800047	0.321818372	-0.2626888168	-1.375610804	-2.413041949
	-4.36162366	-2.506573602	-2.968188417	-7.614681392	-13.44929364
	8.34860202	57.06192486	0.008345550335	-27.11733957	-18.86639308
	-10.47087642	-10.08014433	-8.019682399	-1.10515837	1.241347473
	-2.838189984	-14.44771296	-17.18154184	228.2262197	192.7281733
	8.826500699	6.817191052	-0.289555302	1588.581114	1490.049122
	335.7335337	3177.261566	3889.800398	-259.9248634	119.349239
	162.6953752	-663.8913985	120.1496954	-63.70524129	48.90141572
	211.1086629	-4.10971377	-23.1071359	3.901261847	-46.1422168
	13.15122894	-10.73475141	77.6992093	-13.58059292	18.32737334
	55.57114041	-74.4024234	17.41755242	124.7824699	-97.50241535
	174.2128703	0.3186422662	9.223917244	29.16507843	17.17054738
	9.218346787	9.536117921	4.538555684	11.65467489	10.80706398
	-1.106819064	-22.9596604	-10.44445561	4.328199713	14.58914326
	18.22102884	69.32837608	11.90368248	-28.69703746	-141.8867251
	-114.7038085	-0.2305705631	-51.96329044	100.6048823	-30.08785947
	-2.37943879	-33.42381459	20.16930225	30.07206604	14.67742176
	4.224255744	-10.99205748	-4.25834344	6.683142928	21.60484878
	-8.137599412	2.153386736	133.4951742	-41.33929382	-322.6879921
	-5.608896693	-3.463278395	-3.716361265	-7.080340969	-2.830463882
	0.3406589301	5.120805804	9.203862234	1.69791432	-0.474120378
	-1.498413473	-2.203710654	-1.595836982	-2.062659054	-4.425684247
	-6.625803458	3.919272502	21.37082959	-1.435720437	-19.43491663
	-12.8038057	-6.740819115	-2.584006615	-8.073313058	-8.604000468
	1.133960568	-3.560251407	-17.25726349	-41.02461631	230.3880681
	352.748324	47.17169624	6.015394721	230.9927821	1510.162489
	308.7741467	-57.92903757	1023.405666	1806.712862	-75.77200601
	-90.35510681	104.8654709	570.4664876	63.38625438	-104.8384278
	69.1755386	-315.3567666	21.78312121	9.253945578	10.83726949
	-7.768812077	-20.6680439	-16.95472978	278.8091117	-125.6646514
	91.44000747	-126.3859831	9.562694854	76.80368732	31.85942523
	74.0397403	45.8764081	-62.20783916	-14.86171337	11.65953093
	7.799773096	7.605773904	8.929934505	6.662840837	26.04659588
	32.39713917	10.02078628	-5.901887285	-5.2679025	-6.363475466
	4.538603155	-5.401739125	-9.583027324	-6.748065898	-40.5713055
	-48.37405345	-90.88251133	43.35796284	-26.66057063	-3.575510515
	6.678211824	13.19118886	-6.975978423	19.55106524	16.98773489
	4.224360053	0.3084640519	-34.63311493	-11.66802925	2.51023175
	14.9159924	7.688290525	34.61803994	54.55324461	-56.78545429
	-271.1862978	-7.310948562	-3.739120275	-2.457609122	-2.799239461
	-0.130754358	2.776346947	7.369499057	12.55425044	2.701471474
	-0.059330119	-1.196751595	-1.428333419	-1.125453908	-1.356001626
	-2.334029667	-2.651937501	2.001968065	6.607771762	-2.069819793
	-10.72364948	-9.967639737	-6.624640923	0.4313088341	-11.93207321
	-7.962260209	7.101792108	-1.749187644	-17.63152197	-53.54633575
	85.9136898	223.517807	-0.5435743325	35.81601775	0.9973832383
	80.30804477	154.1780106	-695.3572165	-303.7137131	252.2623447
	67.50270616	-222.2219579	-1789.620135	132.8624138	331.0752198
	57.92860399	57.5079968	-64.49552671	451.0493665	-0.2482374888
	36.85132463	14.44150354	13.16103324	-2.359587423	259.3038626
	-101.848653	-12.0279403	30.66811173	-30.58176238	43.61554218
	-6.949829658	42.02842971	26.28728241	21.07268079	0.6200509119
	9.135638749	4.519088986	4.590802989	7.173449021	4.410144824
	16.07308402	117.2179208	28.02804178	4.006767173	-3.85358862
	-34.42954836	-18.77877833	-21.08093994	-33.22974987	-17.85192969
	-46.43611164	-19.42498991	-85.30392736	40.69874449	6.71845578
	-96.42469387	3.136996569	33.17186584	15.79467522	24.82832954
	4.366843646	-14.20315915	2.841906269	-71.05930051	-21.24737849
	-0.3676163656	8.612536619	9.355145649	27.04812384	28.53306508
	29.96174905	244.4581177	-4.671502853	-2.856788777	-1.508775547
	-0.6283359521	2.339876043	5.041055399	3.139344338	0.6104733649
	0.2593169096	-0.04993312109	-1.508518153	-1.375156671	-0.9600761567
	-0.9152586662	-1.210066233	-1.042819211	0.9549675028	2.275916917
	-1.499135549	-5.964381165	-8.406637017	-8.634507752	2.656446818
	-21.40109282	-3.249200004	27.92423529	2.432715048	-12.67767078
	-28.73403512	21.14740502	52.85449784	-73.5220618	-156.894364
	-56.47980361	-113.2859993	112.6146817	-137.6442634	1310.49831
	-1348.709722	371.6683412	233.1802685	55.93013378	-13.35553865
	90.21029931	46.54382971	-35.72428478	51.24917702	302.5992028
	-30.23635922	58.28505821	39.37419113	-36.372925	0.07983805845
	42.4019458	22.28082437	-307.3562753	436.7583903	-6.936845622
	22.94451175	60.00208875	-212.1656483	63.62119446	180.1292243
	16.21534485	7.855688293	1.660514238	0.2788837973	0.7460355928
	-9.534706873	-98.06654805	-477.3828372	-7.362878625	9.314828339
	-11.95499681	-115.064223	-95.45267581	-75.69454975	-14.82786917
	-14.06327748	-64.72361684	-14.26611655	-30.69110686	38.87668336
	84.72165512	-34.54798274	15.65526438	33.36377076	21.87146646
	24.64632084	-3.511858557	-45.15415639	-8.940031273	-28.89241279
	-15.12263959	-1.153434402	7.905248978	16.30103124	15.0130117
	9.323824418	116.8745985	599.3800172	-2.444961878	-1.64450258
	-0.7112905453	0.7182685117	5.286721331	9.278154069	-0.8918271262
	-12.56364045	-0.9295227339	0.7843701243	-2.760065244	-1.936381932
	-1.054740145	-0.7025126075	-0.6603279733	-0.4338647503	0.4185974576
	0.7602560301	-0.9481333595	-2.921483993	-3.358032091	1.390345673
	18.94797076	-23.54278832	-12.71127711	115.8589115	6.187115084
	-8.971189429	-13.55578933	5.926979114	9.453290062	-40.0345587
	-47.36270713	-9.965082313	-7.019080216	52.61824899	-414.7491542
	1494.419322	-16232.56062	-862.3638896	438.3462653	1259.721968
	239.9466333	299.8629513	-173.2106888	686.6679686	-13.32837938
	-65.09934254	-2.166863831	-35.85136004	-17.5593705	-189.0113662
	526.1026913	-16.92201941	-14.03750991	287.727339	-70.37150977
	-151.0790984	7.124508811	36.43891448	115.7011187	51.52865802
	18.97768868	3.301178972	-1.06634644	-3.771275193	-4.752333065
	-2.900661816	-6.503066744	-26.60186003	-23.16852323	-7.535936159
	22.40935995	8.921961552	-32.57460625	740.1039489	-368.4072951
	-11.89073643	-11.03115168	-21.85771571	-8.590504538	-5.287446595
	33.35669435	51.24177867	12.97495603	22.38200518	26.22095002
	18.38619678	16.63737912	-0.8197660855	-21.39816416	-8.906228765
	-11.46302896	-6.85932671	-3.012874985	-1.149058137	19.4890409
	17.08859193	18.52615808	66.63135441	475.1576821	-1.37454135
	-0.9814298424	-0.2380076218	1.297182142	6.075172472	13.73328081
	-1.638146846	-15.6757616	16.60628588	5.822101567	-6.467579417
	-3.331262703	-1.39029067	-0.6480784758	-0.4102996504	-0.2062226629
	0.1686053883	0.2303943937	-0.5416434783	-1.153165296	0.5568688842
	12.57257884	53.92477258	-69.41104709	-139.7809163	-59.4456438
	-27.5813701	-11.05993636	-7.19634357	1.167840108	0.2059996185
	-20.64048452	-21.68557647	2.971247653	48.08452769	-8.932587326
	186.7063387	771.2567719	-1194.637564	6094.639968	556.2768709
	-657.643369	-364.5751143	95.22014548	28.39196228	2106.683543
	-145.7614703	304.9264481	517.9937871	-7.686766705	27.82124475
	121.547844	128.7000464	173.8501547	-473.0210494	1111.328966
	6.561141422	-40.17534524	1.279929368	-182.3282877	-27.31007618
	29.18291663	0.8635626491	-28.33473072	-14.23379723	-11.68387681
	-13.30883305	-5.907814264	-2.26617796	-8.185146898	4.867092941
	43.74976716	30.65652943	24.84542771	69.40152837	55.54434492
	1.569885845	-1.65594264	-6.162968895	-5.499877706	-7.546084498
	0.1007754711	23.86568189	35.23253058	33.9848415	25.04941075
	19.65493761	13.48549767	9.819698204	0.2369053758	-8.02693942
	-4.383429051	-5.171864878	-4.150892132	-6.681225153	-21.01229678
	22.22218059	3.578193854	88.28425407	47.9220771	121.745448
	-1.028904222	-0.8049274831	-0.1033939981	1.218449885	3.891025005
	6.82310412	-0.9098494678	3.176491623	100.7946005	14.88145438
	-19.24174222	-6.075584213	-1.903392368	-0.6694775933	-0.3006304124
	-0.1191975033	0.0682827745	0.06485445099	-0.343698594	-0.5048959003
	1.647554881	8.963239305	30.79053762	-26.40793382	-47.3049235
	65.56286562	-124.3226736	-16.81947979	-4.621812259	-0.05772876218
	-2.311265256	-12.41068176	-17.60420198	-24.4400795	-22.31993872
	54.69551591	-90.76539342	-1521.999887	315.3876148	-181.9250758
	-7969.006101	1541.351081	-29.65409667	-80.89933786	190.9694102
	-392.1043493	-224.9522103	241.5874967	-23.18291032	19.97362561
	-6.377976314	25.08375917	-57.67158861	10.83224869	-50.0109374
	1711.47268	-260.827921	14.63060832	-23.68639501	-68.27900687
	-82.1167196	12.17177192	-10.69113322	-89.42825385	-37.5206022
	-13.46634113	-33.90530029	-10.64732748	4.19031556	-1.037035992
	1.795415652	29.53843993	-0.8605600758	35.9003404	29.71076979
	17.96229865	0.007833310115	-1.291098761	-5.223954973	-5.562006838
	-5.999245273	0.9740398935	17.24262155	37.46780074	69.63405503
	31.60431275	16.1345887	9.660966394	5.841203079	0.5939299251
	-3.068280558	-2.020103095	-2.410526556	-2.898930022	-12.76160257
	-82.62260214	-1.223676037	-11.70426911	-129.1447681	137.4764545
	4.242530148	-1.223504833	-1.08423398	-0.2052989335	1.140781538
	2.742179811	2.444683923	-4.284588239	-2.935061682	25.80320625
	3.49722483	-52.93079251	-11.2417655	-2.329854433	-0.6615734814
	-0.2419931997	-0.08205810679	0.0502299293	0.05330744822	-0.3530027101
	-0.7733930748	1.788541422	5.617211802	11.75593995	-9.372792306
	-10.69305968	45.95233948	-20.89123688	-5.854477948	-1.71855174
	1.267489232	-3.068338469	-9.728827462	-14.08871277	-7.092676554
	-21.41417086	84.65398113	249.2447862	-1446.898555	-155.5236944
	3325.701412	-5931.832439	-3776.784983	254.247907	76.8971046
	11.55698694	130.0563971	152.4241904	475.9271628	243.0597155
	103.875181	224.2722497	129.4555943	13.77382048	-65.42079564
	125.6263615	-397.3225108	-1461.983904	-11.03765766	-314.8860392
	-66.48436661	-1.021220242	40.25785618	-1.772040635	-107.7855383
	10.08075144	32.39324827	-83.72102295	-18.72500534	18.80482361
	10.02122836	67.45181573	1192.779146	-1132.918337	35.62122476
	15.62275028	7.384465195	0.6991166766	-1.449887807	-6.858348822
	-7.310794396	-7.872241099	-0.5835028341	10.81625748	24.90394503
	56.61597763	36.15826716	13.97252858	6.851954041	3.522901874
	0.658758834	-0.8789514368	-0.2892090297	-0.7390741499	-2.05798383
	-9.374674713	-50.30744307	-47.14932286	-19.90857011	-110.7327185
	21.98162344	-20.42757591	-2.03020357	-1.98883451	-0.5049097071
	1.451665847	3.241867795	1.432178151	-4.798895904	-7.695112135
	7.731306186	-5.96045493	-20.77711572	-7.563042898	-1.747781994
	-0.5076517609	-0.1915479872	-0.06706750918	0.0939420992	0.1845841713
	-0.5315557877	-2.25028416	2.241323798	4.274317376	6.415654375
	-1.789457839	-2.125063709	14.71492562	-9.29995019	-9.229462528
	1.274305446	6.563607726	-2.442926449	-7.196690194	-7.988704829
	20.00704648	144.3125362	-24.99046986	161.7951718	543.2608672
	211.3717904	52.18925542	-957.5188191	1103.82981	-824.4330641
	218.160849	-10.09089089	370.06707	-31.5554434	156.7733306
	-44.29288599	562.5610647	85.16728441	307.6677653	-24.21796377
	26.63361697	42.32650238	-141.782259	-690.8057443	6.201538578
	65.22325015	-16.57747756	31.80883471	72.05566693	-1.159886447
	-29.5614659	38.07207725	185.1112531	-4.288950795	3.218580038
	48.72837009	14.21371831	18.25192333	52.73417456	-87.10966199
	118.1475223	13.3841166	4.614626033	0.8225295331	-1.215634118
	-5.334597575	-8.356533269	-13.09443059	-3.703409855	5.97361863
	14.6811101	26.72241323	21.98596588	9.886368085	4.329815758
	1.972755145	0.5748958739	0.3834976254	1.672002636	0.8604177495
	-1.641085948	-7.035431067	-19.20640031	-19.26812231	-13.85163178
	-41.15216232	-2.670739498	-17.32096183	-3.776612968	-3.992766639
	-1.03641526	2.564828124	6.318962707	2.987783942	1.992688744
	7.641431932	6.474000843	-7.434100507	-12.54172369	-4.035355959
	-1.033681603	-0.2806291824	-0.1575018777	-0.08662945843	0.2066614841
	0.6293204865	-0.7177835156	-6.299339789	4.433292323	4.696755244
	7.048210209	3.387161512	-0.3083167274	2.654063217	-5.976073745
	-10.66416813	5.082388458	14.18474733	-3.210695206	-8.505262096
	-5.411973971	-15.54725354	-12.45315393	31.54696884	-42.63773921
	-663.2433461	-90.26420882	-65.35197479	51.93855296	3.647203156
	-236.5618619	39.1857535	-77.82128108	-23.90091927	-130.8367849
	11.65157442	58.25094658	-3.447306709	-112.844839	-348.0188908
	207.9135137	76.0083992	80.7843952	-20.59015261	-3.475204126
	-24.06520435	-95.83323911	8.563138004	11.45853513	87.71574124
	-47.98805303	-33.55573701	43.28619555	68.42008542	40.47157939
	23.10000381	48.89699866	12.37747293	8.075904305	11.6179911
	-29.87358907	35.13950013	1.149050218	2.994193944	0.845260267
	-0.7315911096	-3.056803676	-5.312337479	-8.811437133	-4.272903256
	3.238062033	9.465991357	16.56287651	16.2735114	5.676188633
	1.865802568	0.720820481	0.3575454918	1.148096274	4.22447428
	2.879136221	-0.9839558725	-6.025373711	-9.345218377	-7.658779227
	-6.667421109	-15.26166631	-6.40605946	-17.24993688	-6.774418502
	-7.766951859	-1.763592155	5.945114015	16.00662621	5.380700607
	7.672942738	32.38996445	9.822928646	-6.739401943	-16.1659342
	-3.101642548	-0.1954026786	0.0151686303	-0.1761962487	-0.2043054664
	0.3847668308	1.833741172	-0.7533094371	-17.79613439	12.1567684
	6.131553712	8.320270931	8.744419497	-0.9718794469	-4.630430978
	-2.901498993	2.282935724	11.30272082	7.011003563	-7.9594336
	-14.51216615	2.64872755	29.43465248	-31.30581121	103.3454503
	30.35618889	101.6718184	-12.8693072	306.9941857	-862.9000768
	95.94926753	749.9151776	-46.1129901	52.58851577	-5.636876879
	29.62551146	3.993084422	-15.01104481	315.0924807	-873.6323832
	1933.330116	-59.52484522	45.17998712	-168.6617768	37.41355365
	17.60969336	24.52611732	-91.97964932	-8.783885547	-33.13743577
	19.97030475	-8.222731351	-50.35737266	60.14747233	50.68243942
	18.01549685	5.810746035	-11.11871033	-5.63125599	2.220684592
	4.539621497	-4.648930584	43.65559173	7.93468833	3.486270004
	1.065808625	-0.250608984	-1.598728291	-2.905324917	-4.283479283
	-2.152200635	2.280761795	7.408920518	16.18581659	19.56271129
	0.7751761578	-0.8980429349	-0.5030936207	-0.06623294182	0.9102806747
	3.695366584	3.286402802	-0.3701225582	-3.789333733	-5.07658549
	-2.871852988	-0.5701846587	-5.523198201	-7.758806079	-21.32979771
	-8.721353588	-11.66472428	-2.626279169	7.820482016	38.22552689
	8.922894476	8.823202559	15.45611397	7.312184302	-3.76311586
	-9.084464963	-0.4794661299	1.395703674	0.4148947855	-0.3321151071
	-0.5905687115	0.4484796121	4.659699865	-1.872109878	-66.64614719
	29.19820654	7.552455067	6.281416382	8.586429413	-3.531898715
	-13.38967441	-1.777397365	11.93195554	17.9846725	0.573048428
	-22.34638307	-9.968540474	13.25636836	84.223001	48.13429357
	79.964226	0.4415898251	-366.0388777	-399.0749918	1130.354529
	-842.9034468	3848.78679	-468.1400123	-361.129048	193.2111098
	-60.29386413	-4.929565102	143.8904429	-247.5516803	58.17067341
	224.6874137	-2.517302788	-37.26635843	36.88358796	460.1922997
	-63.42224893	287.5292229	-0.6945279359	-24.14637631	-5.679204072
	-0.4525435473	113.5319019	109.7745055	-44.95783094	1.028820957
	-12.87674313	-18.06014212	-11.8498939	-20.5136996	-14.32498853
	-0.2056229079	3.498834016	9.091604669	79.95486775	17.11898978
	4.077840501	1.329451604	0.1570247026	-0.7061452631	-1.461579149
	-1.928493828	-0.7282608898	2.009654249	6.554661115	16.96541683
	25.62356655	-10.27037305	-4.575583626	-1.859632458	-0.6673942838
	0.2165001017	1.674144138	1.629805125	-0.2727745195	-2.0393266
	-2.619984465	-1.388894623	1.700929659	-0.5613163281	-9.324609386
	-24.94578504	-6.632850219	-8.660054221	-2.379664464	4.486940197
	13.36409574	8.327712483	18.48227619	8.632277893	3.07498715
	-2.56459903	-4.784998365	0.9724511498	3.438826424	0.8234762665
	-0.8027176515	-1.63405251	-0.5704343467	4.052697628	5.970858014
	-77.56898431	6.980669651	-3.963119672	4.48496931	10.74374631
	-3.676792139	-15.75767819	-1.785201112	9.231559855	7.033973345
	-10.02275287	-113.6026622	-16.71970972	9.921302147	55.68241997
	33.16994684	7.488002911	18.43763998	33.04418058	-76.11266103
	625.1021923	-3316.029733	11797.91103	-215.9798337	2232.433959
	-407.9228738	132.8036701	-108.4624002	-74.39310592	14.83928194
	62.83172946	226.7580115	-96.18465946	-186.8499953	-72.44503458
	72.04178211	-734.5520359	1616.346613	-60.93983754	-27.98496784
	-10.66930008	-6.788726935	-27.08605275	19.24704401	38.24163327
	33.68772277	-12.71709765	-8.387892843	-17.40782015	-1.126055674
	-2.349696962	1.42164259	3.171141672	6.40029631	27.12211428
	11.4048456	3.814354636	1.60471255	0.5088794894	-0.1177599596
	-0.6130038726	-0.7689411618	-0.02510937762	1.793553451	5.231328255
	10.44307747	2.715755195	-47.58096328	-9.209826662	-3.373680796
	-1.374587108	-0.5557207092	0.4427512885	0.5169456676	-0.3210228974
	-1.204791799	-1.628711455	-1.758690235	-0.5207214899	-2.304711924
	-10.79801033	-39.53170043	-3.922047164	-4.353510577	-1.275169618
	2.402305498	6.425691783	9.062881978	43.50708638	9.70894258
	1.578697085	-2.736926386	-4.457262479	2.389353368	7.329284792
	1.142418077	-1.828919856	-3.980662112	-3.252818765	-4.140057243
	-3.900217012	-22.17564519	270.1856632	-8.210935634	6.021638406
	22.16492289	-3.227200526	-8.054341756	0.5438284071	8.699977742
	1.783505136	3.114114605	-23.84458388	-13.36120513	-5.674474892
	-14.78516477	44.40961552	-13.59629341	39.29666177	-35.64697487
	-16.04109823	-292.2313079	-966.9220795	1378.30418	-413.9628357
	-268.0006884	19.19809508	91.14280331	-87.98721124	141.2727164
	14.77319874	-76.80628878	63.90389111	-188.4526637	154.8185051
	-149.8052885	377.101899	71.75916263	110.2492598	-96.10793768
	-12.29318365	-9.629633208	3.432386286	80.04496812	-37.32201338
	-4.658853503	16.36227448	45.86246538	-31.03996393	-16.7133977
	29.04360263	10.06404296	3.964496341	3.125317884	4.317351903
	11.06285493	8.858952802	4.749051787	2.143151493	0.8502811577
	0.2920007231	-0.09552131956	-0.1744813584	0.3082570446	1.614476125
	4.357369026	6.962598107	-10.71557944	-128.6011225	-13.89737893
	-4.759616984	-2.173512232	-1.283347189	-0.2908873926	-0.02619247675
	-0.3968607071	-0.9036386186	-1.37595227	-2.903340138	-5.079445461
	-7.769386705	-8.191699764	-18.47053487	-2.229904236	-2.192001032
	-0.812093768	0.9133355425	2.852270887	4.727001186	15.79641406
	5.532538304	-0.05385087564	-4.571977081	-8.378234371	6.385343508
	18.99914738	1.164988222	-3.038126997	-9.146971704	-7.969302538
	-15.26673501	-12.73973113	-14.83028325	28.63815871	31.47975168
	-1.923883823	26.24823547	-12.10160654	-6.020958541	2.629241713
	10.39379503	8.229183302	21.86382742	-21.9091719	-4.612935303
	-5.894469092	-101.1899435	10.8725085	-23.35849998	68.66463144
	-205.541157	513.2220195	-16.29942965	-63.37631276	2124.917576
	-544.4609401	246.5744716	209.9147763	2.105883259	-23.62535023
	1.512995426	9.921467125	17.83239892	25.48519554	89.53645173
	-47.19297386	-273.6130801	0.9973782481	95.74692491	-98.33001631
	106.7127449	-14.527169	10.236255	7.648202101	10.22302319
	-17.05597618	-19.45827344	-23.33109506	5.164954882	-24.71067985
	-9.860248757	73.41034144	21.15245409	5.869317205	2.616424292
	1.671000373	5.692316357	8.267934822	5.940682758	2.854880699
	1.23097762	0.5424936129	0.2171490114	0.1593998504	0.4774403822
	1.479906148	4.098253059	9.271844444	12.94304957	-7.452008737
	-6.514585994	-5.101120038	-3.06853791	-2.10782783	-0.8114897037
	-0.3487741421	-0.4954274482	-0.8435383584	-1.274555519	-3.189315488
	-7.895866125	-13.27724854	-7.872909161	-10.64142663	-1.356744888
	-1.324326307	-0.8911906785	-0.3946058622	0.3535409758	1.846962488
	5.514970942	1.893159683	-1.912667537	-10.9138726	-23.72424792
	4.654456715	50.63809954	0.8460193692	5.051585896	-21.86730064
	-12.69563341	-34.16997614	-13.59387246	-11.46024132	0.6142028318
	5.162969409	-21.06995383	-53.59351912	-52.86951318	-8.941490262
	4.048434607	11.41022828	12.75718757	44.47927026	-188.1794848
	8.984192383	47.64224996	131.9405183	67.32621297	-36.33789737
	-15.79003828	-373.691247	2099.763986	213.4354237	0.1646474231
	30.9317775	123.928597	60.15309886	-28.23164082	-47.27210698
	27.48271621	-24.72568342	25.35700669	-81.44712555	-51.79606559
	-17.95138313	14.76582715	11.93244026	48.95478925	-84.65483409
	102.613426	-896.8773879	-110.1552016	14.83836744	55.99914731
	-25.44172906	-60.96461851	-63.16186473	23.81972641	-7.408294053
	-79.0044088	-31.19192016	38.7480316	18.60978496	6.810701227
	1.547268993	-2.970126179	1.64001247	5.889475397	5.689878854
	3.397962157	1.704969246	0.7858441148	0.4143909741	0.3795669709
	0.5838195319	1.287093819	3.265517542	7.453045489	12.57331763
	11.01917543	-15.03015823	-8.217498794	-3.626461613	-2.566270783
	-1.143813124	-0.561607598	-0.5855899218	-0.8455727651	-1.173383003
	-2.594795498	-8.408424835	-19.37572299	-8.170092552	-11.31763927
	-1.001707037	-1.121840431	-1.399781543	-2.000955988	-2.281440128
	-0.7559932182	1.85428158	0.495334822	-3.316440905	-19.03650441
	-79.16765873	-12.5158811	17.97114983	10.44311739	113.6311305
	-32.77974442	-10.54336625	-6.187790569	-5.863757504	-5.312499726
	-22.53248848	-5.145358397	-11.83697304	-13.19838544	-19.14771502
	-4.390905835	5.720502098	12.07305088	9.551682323	-7.756114947
	-978.2004043	-56.09818133	58.32494398	97.68936716	-409.536554
	96.46165663	55.65553708	110.3074566	-332.4905701	86.22348781
	37.2818764	19.47198381	24.86244482	-100.1970581	30.08263752
	-126.3272346	12.53260625	11.85796708	-29.77182687	26.13694278
	592.3107009	-392.9212431	92.17138744	-585.0938776	397.3295234
	1120.894901	79.53252531	60.57651232	-79.69219571	3.315490914
	-21.58888101	-52.82923039	72.67958482	154.5334325	210.8923362
	-226.207077	-219.4589572	-3.845462623	36.72560779	19.33782832
	11.19299936	-0.7611245584	-13.8731861	-2.390252991	4.091101292
	4.9473211	3.557577579	2.194203798	1.113315653	0.6033411105
	0.5636700107	0.7064491673	1.106240289	2.31506567	4.698147466
	6.954247964	4.386704413	-12.41149894	-8.239866932	-4.18269447
	-2.254373034	-1.107221295	-0.694367996	-0.6697831182	-0.8303631258
	-1.122642173	-2.587896065	-11.7121221	-51.62122569	-11.82744906
	-9.53458271	-0.9616438754	-1.324769442	-2.38632697	-4.470513034
	-6.221526515	-3.9041894	0.3943343727	0.2885509556	-2.386189036
	-9.372343284	-28.67894581	-9.267340958	6.70175386	8.22239076
	164.2607016	12.49898828	-7.25281111	35.58886444	5.174365888
	15.99258615	-156.1223756	-10.97815011	-1.160864094	15.64418605
	-3.417230329	-2.080407339	6.118457288	18.9911975	32.69430637
	87.67064763	529.1038448	171.418818	116.3808329	-119.6209206
	2036.542745	-111.8447123	-353.9453983	134.4338881	-1482.966235
	-15.9379581	16.46672028	-44.47730274	1.14766544	41.96980946
	-13.8616197	16.60083326	41.71420017	2.527880794	13.71064652
	-51.63840038	34.77555675	213.5207407	-899.5745937	236.6052693
	-2430.829767	632.8053755	43.80266406	-546.1270197	750.7431929
	-138.86919	-76.69863046	-103.3667221	315.9952261	-1153.433755
	-276.8499627	325.0072026	-240.8669285	-30.61767561	61.99008551
	11.97266584	26.60053773	-3.407262057	-29.03251337	-6.693620208
	3.811054953	4.783955213	3.553072346	2.628872774	1.490333858
	0.8506909345	0.7943586233	0.9195120355	1.033539493	1.592970066
	2.690411403	3.366955938	1.21574323	-5.97158923	-4.720347506
	-3.749791382	-2.218060679	-1.058361093	-0.8553718801	-0.8078396189
	-0.8336833521	-0.9931134415	-1.94027956	-5.833312375	-19.6961739
	-11.62905379	-13.99896641	-1.172849726	-1.847873799	-4.039091114
	-8.866897024	-13.16955389	-8.232715317	0.6128727493	1.028360365
	-1.01998704	-5.013356006	-10.31179007	-3.276626817	3.770492565
	6.494542103	19.16369774	-0.8945837129	-24.37537917	5.063616225
	-14.58823049	2.284559985	-29.26371944	-3.125507338	2.959369014
	11.46356818	-1.89424811	-4.468346215	4.883606514	22.87841384
	163.8600513	30.83620966	-152.1371618	1763.458232	568.0941804
	-240.4795379	-1441.338563	-170.6035137	86.01442781	-87.37179663
	-44.05419515	-456.7426111	18.95808195	15.45979782	6.90203012
	-28.93336328	6.343445431	10.21421475	31.21056115	2.925495393
	8.618966886	-21.66039145	-7.524806587	-190.5669425	-4830.567493
	732.1725438	165.1375822	-15.9531164	-3.788540411	384.7067296
	-1110.197795	42.65473056	6.14173337	60.97820284	9.093788007
	-842.1880641	1680.715159	-2593.468809	-85.97776034	-616.5608118
	215.370001	-233.4942428	-10.63638797	-10.38041613	-29.17664763
	-8.555196839	5.380353873	6.25533435	3.956786362	3.098504148
	1.913324561	1.205824763	1.251046471	1.412583848	1.16373334
	1.177402649	1.508549482	1.516526876	0.07138417342	-3.010972105
	-2.678850385	-2.418655611	-1.68544563	-1.085291719	-1.123848857
	-1.048426216	-0.9261092848	-0.8956197374	-1.412463118	-3.303302595
	-8.612191696	-19.84317241	-35.76581636	-1.604255266	-2.630444694
	-6.444244215	-15.28859098	-20.23976747	-8.554285753	4.151763276
	2.865498454	0.2124966047	-2.419231147	-4.502123261	-1.472717333
	2.091756357	4.123683703	7.305569115	-2.021994488	-13.29400227
	-8.548462531	-49.31909004	-8.318808964	-7.183619013	6.646764657
	6.353291576	4.580398091	-11.30968598	-13.08721339	1.041792344
	13.13189421	36.42024888	14.46680914	-30.70392641	179.0544781
	129.0898775	16.89628297	-115.1111484	377.0717114	28.44840495
	-41.21627922	-40.96358242	-487.240637	14.14440389	90.53446208
	-55.89213248	-22.26216469	11.16605646	14.10697087	-44.47938595
	9.44340326	-4.549523974	26.17164049	-49.69692417	117.9682188
	1211.451312	351.8054237	300.3793337	133.4840813	83.42121567
	-62.09735895	-190.6914092	252.8120647	250.1722013	-584.7148929
	-244.9437654	1551.003671	-350.1363496	6955.958285	758.1271197
	1710.347442	-210.7306766	1148.131375	-66.37467768	-23.017837
	-38.13409754	-10.48576056	8.073880446	10.27841495	5.23350554
	3.92546624	2.442657658	1.694864927	2.117162886	2.523979559
	1.595670073	1.030356904	0.8943661515	0.6250903076	-0.4350797986
	-2.081514053	-1.949414107	-1.712914802	-1.311744097	-1.182839173
	-1.418633051	-1.325244445	-1.097801637	-0.8819977864	-1.141805288
	-2.506844847	-8.123377766	-35.49812913	-67.16432933	-2.007557897
	-3.305580467	-7.90787265	-14.44521258	1.396627049	21.09528081
	13.80622155	6.031559248	1.186478622	-1.113718639	-2.217245429
	-0.72332157	1.252194294	2.479892452	3.279922765	-1.171929759
	-2.814936131	2.08208969	-17.43191726	-5.116199957	4.434286625
	19.3253996	11.66702738	6.533249729	-22.59706599	-33.68964847
	-3.08667751	10.07118682	17.06565673	22.58045475	89.98042041
	60.37769009	-3254.231191	100.1188131	142.7796162	-181.2208144
	-7.277465801	-48.7687218	-50.10371147	630.5597398	-147.7027476
	-308.3072935	-53.52051987	11.28257888	-50.47278332	-56.00324154
	13.8649365	-2.173824831	-52.34241368	33.16011835	-196.5044464
	-169.4861159	-1033.246979	8.741821944	-96.98607606	58.96038301
	180.1497678	-20.7462421	-0.6753327251	-26.68796201	-720.8538806
	65.20836687	72.73610985	308.6552667	1974.000473	-18268.41346
	-371.3917914	-1898.993504	-827.1106615	2126.687201	-164.395078
	-6.099322334	-51.73756154	-14.59301337	7.168881946	14.66935589
	7.146357397	5.459149477	3.151537381	2.229451403	3.322487373
	4.441120006	2.322325968	1.060272741	0.6181742054	0.221670724
	-0.726878047	-2.043078503	-1.828806225	-1.568805141	-1.272743352
	-1.255321635	-1.543372357	-1.465053147	-1.235980147	-0.9191698185
	-1.059618654	-2.406963231	-9.051436895	-43.08437824	-84.13073687
	-2.204711265	-3.416918619	-6.87469178	-0.7843922686	216.9940561
	81.40623674	11.56530487	6.655255405	1.445684137	-0.7448449086
	-1.597837512	-0.4962755288	1.030156188	1.98030164	2.303875017
	-0.6079340378	1.24389551	14.83102319	-7.692384157	-1.722942963
	9.602885999	37.1758314	16.10566735	18.74473191	-12.19163276
	-21.03659096	-2.213035379	10.11508299	14.81228184	25.59060422
	170.2779627	-462.2590432	5844.572975	-8271.369265	184.8831359
	-209.9608168	49.84726456	-29.69725279	-60.21063496	-203.5419266
	-178.7365278	-190.7432204	1023.640272	-508.7678813	-150.888666
	83.77486866	66.3705511	-50.62935223	13.36057823	19.66443404
	-70.22945267	1197.829955	287.2780861	96.06457858	-36.60657713
	37.96220435	126.1622962	-37.00678798	73.43635783	-42.64459124
	935.1840016	109.2487457	-88.23631029	-42.94304386	630.2422911
	2959.135411	4860.065756	-1658.566717	17108.01979	-8222.078581
	-53.48590364	-4.62246127	-134.618959	-22.81831598	6.105793851
	16.63233293	8.232995977	6.807650993	3.748497821	2.481714112
	3.833247418	5.967304954	2.944590875	1.118574945	0.5367875425
	0.1002122985	-0.8068958882	-2.11677384	-1.877052434	-1.53239341
	-1.26581596	-1.258471736	-1.539505115	-1.482283579	-1.272916522
	-0.953560182	-1.085439253	-2.591623532	-9.696355048	-43.22639285
	-89.39885382	