3131	
	2.758134645	2.722051605	0.8565649411	-1.551471342	-2.192581336
	2.653407296	11.38094124	15.29413187	3.708915617	-3.214306514
	-7.12258179	-12.13356772	-3.233427	8.812666012	65.07567838
	-4.582026968	-109.6968139	-23.96404504	18.25478761	-81.35367248
	38.22240682	-37.43810067	164.0816082	20.0281665	-1.514578711
	2.356165867	13.9772845	6.736289368	37.87862705	49.45626923
	-53.14923329	-64.29597732	6.478521382	-97.71701386	-43.23203395
	177.1777779	-698.8982805	-7.056551892	-332.189557	205.0965914
	40.40515142	6.741581923	-203.3505627	73.28271833	-210.5385129
	-327.9305741	98.71878254	-452.9195938	-193.1304678	-322.8171361
	137.0445734	-33.7065922	-143.5318499	-3.709549305	-245.8276144
	60.85468973	99.67505304	99.39247185	-141.6078757	-122.7838117
	-3598.830611	22.07007585	66.50750299	35.07584605	16.40329846
	17.26834943	-27.34854759	15.45827643	13.82500527	21.12880318
	12.64600326	16.31635848	5.421669308	13.16900138	30.83223021
	43.04738879	-62.98564575	-343.1644537	-6.270471436	78.40955625
	-3.254736338	-34.46450992	-237.285835	-388.4654336	141.7179849
	-64.41770795	201.4333791	85.7109008	-7.202508497	-35.62990731
	-25.82113522	-19.47190446	-26.03626375	-102.5967462	143.136384
	-12.38584309	-183.6021431	-140.4694824	-49.32447166	-14.40870574
	-360.0085466	3.441479403	3.242895818	1.004894879	-1.961075006
	-3.118563782	1.782924598	9.584760866	13.06885556	2.021170433
	-4.538115284	-12.32726341	-22.0983821	-5.293461886	-6.348791966
	2.558520032	6.070450063	40.12458769	19.10381865	1.350997445
	-57.80821174	-3.200400368	-126.0824094	-23.69628467	4.567238304
	-5.971180856	5.082543102	25.38657331	3.192475641	19.69823432
	11.43287707	-57.22845552	-63.40605036	-58.44409071	9.648462659
	-35.10732875	73.73087402	-84.26242174	25.03296782	-296.4955848
	294.4729755	46.7469961	52.05120026	11.76295521	116.4060847
	-20.206872	-153.5202534	27.45068575	128.9784637	535.249189
	-102.894132	86.69153679	-60.7158528	-28.42564652	24.64729139
	119.6989133	-110.4538729	83.95240825	-42.14407544	-359.7646658
	239.1594641	3408.025225	66.05810082	177.8856853	89.37034237
	24.59221003	17.0121469	-37.10193347	34.8299578	9.62974164
	16.89089429	12.06436467	17.99838789	5.333832697	17.78169229
	37.42359583	38.54675802	-154.9788451	-307.0737053	-12.5833008
	48.73962597	94.07276518	-27.18464313	-196.2496766	-338.9515934
	165.9702728	-180.1230805	90.90760901	75.04849866	-3.964414625
	-21.54255951	-19.34281349	-16.65048745	-17.86927415	-69.36553205
	125.8905208	-5.066716927	-164.567367	-134.4546204	-63.63278277
	-66.44598863	-166.1790689	4.60944614	4.587068532	1.612946244
	-2.041602866	-4.887568503	0.04246583807	5.541957022	7.660546733
	-2.378918329	-8.720615663	-23.96015181	-62.40796629	-9.548091745
	-14.44080809	-68.41570875	-3.540226648	-1.721797897	890.6273413
	-55.14714851	-13.50937404	5.111912151	-38.82373213	-34.94530661
	-8.867981541	-14.98544633	-15.64643753	64.85096638	2.403429694
	28.55468894	-50.16656701	-34.92881786	68.56360386	-26.49151744
	403.9231883	-44.09827355	25.73513763	9.436121723	-71.5387927
	-49.01467745	-223.9227449	388.5271913	-204.603837	156.8613314
	-467.7924602	-21.49683134	5.64619827	1.298416056	125.6640363
	8.174845772	57.80035132	28.0351219	-33.48618938	58.79067491
	14.69813992	39.90369325	-819.7076632	143.5833978	7.851153968
	27.15881537	659.1663867	-1898.988753	-127.3142556	71.92503863
	-15.72603333	32.30562019	17.37307701	18.18653803	302.9370875
	5.114872107	10.0201929	8.477193061	10.14610164	6.723899455
	41.48684092	18.10903629	-2.37814793	-348.3140169	624.3953023
	196.004418	16.06962151	44.09743516	-1.504395843	-128.1888392
	-241.7454438	187.1014415	-49.41087448	-48.61592419	26.98943955
	-18.75276915	-18.80805887	-10.10600076	-17.90200896	-13.04085925
	-29.89260276	37.33390304	-14.56203011	-118.3890382	-106.542991
	-50.38232401	-119.0856203	-155.8331924	4.894660871	5.116587916
	2.370372927	-0.9701183051	-3.046346886	-0.9438232549	0.9251945145
	1.770656994	-4.931149482	-10.8639742	-10.5294002	-81.4330186
	-9.374410144	-8.86547741	-27.7341987	-2.60680285	20.68153077
	34.03115582	77.71998863	12.89880654	21.61949034	-3.612868666
	1.637565115	-4.806438336	-12.19769397	-28.96628095	-51.33616846
	7.499916529	167.8688006	-121.7531528	-63.41279358	9.774501366
	42.95243107	808.8476478	538.9899414	14.73159656	35.26545545
	-9.928149905	81.00941156	-536.672243	62.25954732	-345.7861439
	-132.2173843	-110.2399617	-34.75967364	70.40595595	-29.52517491
	-3.463362572	-12.95785068	24.70542448	30.37908804	-96.86785693
	108.355432	-22.69940247	29.48628109	61.44667221	36.36856786
	20.02483099	25.75505597	109.4163373	-533.7691795	-1121.037817
	-11.21059095	-229.3360705	52.53970776	18.28970919	9.672558931
	28.34551262	-21.55622427	2.762244636	5.564641087	3.672870285
	-1.856132083	158.3735038	16.36453939	-3.909571328	-57.95665025
	28.13042018	150.4602793	-5.382196991	3.286936658	32.08245799
	-52.9295162	-169.7790676	62.80218811	88.60346061	-258.7186193
	15.22048714	-15.48510218	-15.93560644	-5.038679604	-17.68987599
	-9.971995367	-20.47014538	7.727809988	-7.399492651	-71.30832674
	-60.44700927	-29.63368616	849.834438	-152.7124977	3.947353538
	4.152163728	2.383719319	-0.5075706312	-1.554538927	-1.327677039
	-2.786114295	-2.919680091	-6.832038033	-15.23571117	-5.845746388
	-78.30429839	-7.46358981	-6.208402333	-12.81914724	25.48028512
	111.8174346	8.852802512	-0.9983023471	7.53267496	17.71517114
	5.847857572	23.88627404	-3.347092741	-9.13819366	-14.96090245
	-25.43645604	-10.23994175	22.67748381	-32.48409382	-6.714488462
	-138.0477587	-6.609156605	1064.505685	673.1519888	-28.1541864
	47.06791983	59.02820608	45.54504861	-243.7497247	70.38209985
	-66.90019272	29.94799268	-69.32671571	-9.476008531	-37.62434743
	-158.1196248	25.72091156	-61.21777077	5.214457257	67.73731093
	-140.6992269	27.36428689	9.770785207	117.1813449	43.91279443
	11.57788324	177.6775872	74.36017395	17.24268013	53.34898663
	-80.03038696	50.92125627	-166.8978007	32.07426037	14.25021486
	6.676939102	9.237251273	-6.901554157	1.822936197	4.442913235
	-1.096572633	-26.8601643	-55.42763758	6.395873532	-1.690975907
	-14.19097547	15.62619035	37.24463671	27.62559153	41.53856212
	100.9239582	-24.47810489	-122.4704214	-78.96207369	-4.868762311
	21.51358065	266.1905404	24.72392221	-2.833623133	5.617354113
	-2.669825752	0.748795889	-5.289957984	8.736956238	17.6721556
	-54.3638478	27.75990834	-55.93970285	-35.95278904	-168.1607002
	2.451001179	2.453756032	1.383872684	-0.6346187888	-1.170340219
	-1.963920783	-5.394079382	-4.77067794	-4.383228325	-7.888555003
	-6.766481436	-52.65036902	-8.714899281	-5.540000797	-15.17231131
	-35.74189892	-14.93312	24.50403181	175.064254	16.88960261
	12.98894886	1.462948142	-1.887609277	-18.88638088	-10.09598438
	-10.03620548	-14.29358182	-21.82333511	-49.80658147	-49.71149912
	125.5023953	-63.10078749	-20.36144397	237.9041133	-85.65939004
	-1462.442225	157.6474657	25.86672805	123.5844297	0.9869889423
	46.64295567	-0.4373740763	33.62596229	-41.41291084	3.460949062
	5.67330944	-56.48108015	-12.34818874	-58.01494536	-30.17470973
	32.02974378	-63.0669775	-46.59459168	-8.264328623	-207.7108982
	67.86504667	108.168031	35.46309082	-48.12343851	-8.701311067
	29.0903514	0.3877256157	31.92597054	-21.40445095	16.05326597
	4.49567272	4.917676318	3.921970517	-4.614045329	1.84246511
	5.032846519	-0.6426186805	-14.76383917	-30.884314	-6.060018448
	2.716689936	0.2845889812	18.88543491	63.54879119	147.2236558
	50.32341113	29.13033917	-17.71912999	-75.47663202	-114.5701222
	-81.92821673	-18.69433081	-127.5214359	-36.6308089	2.181008513
	20.9700064	8.823109382	9.243729698	3.785246695	18.37846904
	126.7398594	-123.4205899	276.1003203	-215.2146187	404.1930989
	-65.10091516	1.160477747	1.013600872	0.2019752898	-0.9718922849
	-1.433646124	-5.153636718	-14.69360771	-5.336252386	-3.12602083
	-3.832893583	-5.709196342	-28.71139824	-7.477482211	-4.611198915
	-11.23986814	-27.65102838	-38.48124142	6.461790893	27.62629978
	12.72353403	2.809310252	-10.04885895	-28.19733753	-47.46215013
	-13.19429974	-7.225385502	-9.043253873	-19.4606886	-147.2628331
	-64.30934538	37.89273405	-12.14906953	39.47843908	20.26457375
	-726.8100676	-3991.990219	650.8697073	1291.744396	-52.29608271
	35.27449084	-4.403862315	-244.0363397	9.79461705	10.67344366
	9.266391054	12.71088775	20.30890063	8.301248979	14.86197211
	-16.76985122	-32.35002407	-18.5875953	-9.422009416	25.85217615
	106.5407932	-209.1409791	37.11102472	30.53288581	-6.649429809
	603.1244009	-11.75443145	15.3223884	16.95368689	-9.584124689
	-26.89141245	-6.808486878	4.705082234	3.029232565	-8.100810311
	1.903295783	6.610912579	-0.1640599809	-9.683177806	-12.39751868
	3.578015125	11.64726704	7.560102737	18.41084655	44.64337855
	127.0885178	44.99152453	-45.79100078	-17.3331235	-29.49328774
	-68.69338949	-53.59051441	-38.72457504	-55.89441788	-50.53678845
	14.35437246	26.16835109	12.62013511	7.674811205	4.777645737
	10.48371627	51.9041302	108.9095327	169.6805503	-64.28369225
	306.8891278	-71.50505265	0.2537377316	0.09702739371	-0.6106372822
	-1.489712131	-1.987577572	-8.529180288	-45.80357406	-10.57700663
	-2.856479334	-2.488999983	-4.197861406	-13.79345337	-5.159350521
	-3.692632414	-8.251347376	-16.55769242	-16.89816478	11.2286146
	9.571252628	0.6958591271	-7.269442717	-16.47430298	-44.99166999
	-32.60315096	-10.01878752	-4.992725481	-6.139575487	-12.34429626
	-136.3756986	-155.7122148	-2.931073774	13.67671997	22.68314048
	-31.43629699	-88.35003493	-2235.670797	214.3188358	391.2378334
	16.62270801	28.75952074	18.96983117	-10.88862922	41.59957834
	37.02703579	19.01599688	21.50989561	53.75819995	-114.0013556
	11.79562118	-10.97221203	-18.02376713	-41.86700292	-68.22570562
	-79.78049323	18.36880509	47.57821899	145.7916071	-49.68747999
	-11.71760089	154.6900837	-64.76386606	34.07279499	12.98095158
	-10.68626699	-109.6881564	-18.16678852	5.403717479	6.815037316
	-1.212210801	3.331497493	7.612195481	-0.6827325858	-10.28759648
	-6.365827048	6.980826683	20.25440888	12.37647531	17.84475004
	24.89312879	35.65898475	-11.09541262	-80.33030215	11.01567889
	69.27479331	-18.33830101	-24.50731258	-232.3944789	-45.32199125
	-2.595047418	32.85839235	28.03540285	11.95052862	4.578170973
	3.024288457	6.333822392	16.8630517	36.41112317	25.85775756
	20.4150498	49.35430057	-112.0809703	-0.4933834483	-0.6060834293
	-1.570437243	-2.733571203	-2.105541234	-4.624151089	-17.70450315
	-7.500647323	-1.944985415	-1.602260898	-2.671784603	-6.167693111
	-3.147367962	-2.761364658	-5.629519288	-8.642832522	-1.735761771
	15.0578217	6.49527937	-6.621302844	-12.51775517	-12.70888586
	-20.12947483	-14.62419689	-5.160018049	-3.101962451	-5.23810212
	-13.95891105	-57.79541574	-20.54197598	25.43540516	9.221699609
	32.46561184	-12.09381493	1055.700521	1662.132988	303.297284
	-2217.614097	99.18889597	6.854574612	39.88806869	81.43387593
	37.46487821	53.84225735	21.23169766	13.54618053	23.9477039
	-23.63172051	58.99114933	-25.26376926	-14.54196286	1.309536741
	-27.48270545	120.0165956	-250.3049645	88.03994128	-75.35849423
	-14.1941648	-18.07862798	37.69313846	-7.81857396	62.98968079
	12.59609597	9.574942282	-0.2906823114	-4.159507478	5.407442122
	7.502004015	2.41119371	4.989616879	7.293868541	-0.9137661255
	-15.8187959	-6.195279464	3.31674145	13.82959159	15.55298184
	23.60533063	13.38676565	-2.224831684	-36.10585915	-40.61846302
	50.68644682	194.8488609	46.16203466	-17.86762741	-224.3793247
	-48.24384713	8.46662817	36.57953081	24.35162307	8.577794768
	0.6284583095	0.7794012797	4.547984221	12.75241095	37.21790911
	2.478858593	240.7639609	146.8574366	-119.8574624	-1.195710155
	-1.138049103	-2.183208661	-4.283333107	-2.268751975	-2.85991017
	-6.370387819	-3.045337184	-1.088647366	-0.9029701825	-1.568321206
	-2.853762756	-1.860285523	-1.87744209	-3.316999313	-3.476739766
	5.845598804	30.94425871	5.183122279	-9.924244286	-12.02874295
	-8.613785795	-9.226246915	-7.098262714	-3.111404351	-1.175364184
	-3.816146499	-10.5970566	-11.01061957	150.4642402	127.2908562
	8.982234307	5.974107994	0.3751778122	1057.78355	992.5801327
	224.0213157	2117.788073	2593.293023	-170.4739292	68.11534937
	108.3252587	-434.0449382	80.00395803	-107.1170212	38.73012859
	133.1133473	3.982777101	-53.0974654	-40.0182203	-25.83090678
	-3.261380752	-39.34934119	86.74843976	-222.7947055	41.00494955
	23.0844863	22.02519164	17.64265387	69.85392263	-13.49649669
	104.4025301	8.523334629	6.044278325	14.96469684	9.124146576
	5.302810156	5.244867561	3.680950368	8.837540728	12.38065641
	3.126220721	-8.559984904	-5.667210605	-2.1301267	5.307203016
	11.47589434	32.45849749	6.697907278	-19.32536423	-88.8060087
	-70.31393212	2.543887856	15.91636962	68.19269671	-5.469445013
	-75.93697254	-9.027838004	14.69802815	28.59421076	16.08258503
	3.103385606	-5.853752927	-2.270847562	3.102305323	9.784888503
	21.25955944	12.77947622	85.60677764	-14.27497781	-217.3507149
	-1.835789881	-1.388526239	-1.711196707	-2.832267679	-1.731200156
	-1.955682157	-3.510661284	-2.034009434	-0.5616567541	-0.3304078526
	-0.8957152853	-1.460178946	-1.135768685	-1.174008793	-1.661430971
	-0.9917593153	3.804625845	14.14938057	3.094100232	-7.323913053
	-8.520986408	-5.26803145	-4.661825165	-5.11479116	-2.108457379
	1.723158392	-2.346496675	-12.09873947	-18.12969316	152.2736161
	233.7502448	31.47839254	7.472403258	152.0511953	1004.861118
	205.860419	-40.06908597	682.063814	1204.981229	-49.30546892
	-59.32681047	67.26766844	380.9182037	49.73286817	-221.8734524
	44.15732813	-157.7639973	24.26944507	-3.783059082	4.085110306
	-28.45133983	-14.76102182	-22.9293054	219.1962123	-535.4851685
	57.53152296	101.7671247	82.66668231	34.22755076	30.1156538
	41.32341527	31.93510464	-12.60578255	-0.8286992242	7.387330352
	5.60176581	3.632308464	3.545786984	4.611543379	20.84810644
	31.21317724	9.681796526	-1.846394449	-4.879102627	-10.77387317
	-4.85845332	-2.715342327	4.463351992	-4.098466728	-22.67756792
	-35.89654257	-56.86841744	0.6586516524	-15.07427381	-3.826138292
	-8.688512222	-31.47647371	1.158495962	14.90181824	17.36534447
	5.932164782	-3.777644931	-18.21876792	-6.699467701	0.7995655599
	6.901257428	10.54046403	17.73346472	33.89871631	-29.16636901
	-177.582166	-2.101017453	-1.405631547	-1.149211893	-1.381334609
	-0.8542484273	-1.04483909	-1.862110458	-0.7089260244	0.5880172295
	0.3676780324	-0.5655856741	-0.9349374105	-0.7753266446	-0.7261341892
	-0.7764239755	-0.1214666871	2.142809422	5.257921307	1.034371952
	-3.952570324	-5.057120382	-2.56138303	-1.856784099	-5.899394124
	-1.300306905	7.880778493	0.02217734966	-11.12907668	-20.84113915
	56.89353702	147.4338115	0.6106875521	6.330936143	7.024864884
	55.52646485	100.7914777	-463.3334926	-198.949882	167.6414467
	46.1021841	-148.1204334	-1190.113385	90.04589144	222.4562219
	36.7895102	38.42241326	-27.16964863	297.5229043	4.937668341
	25.81206576	13.23041675	1.070417415	5.983893309	177.3163617
	-115.0492408	-41.51554641	47.18563311	194.1041167	18.893383
	7.057219369	6.999349068	25.19889	23.66695797	5.663925521
	4.409409718	2.683719414	1.434575401	1.309590127	1.118277337
	2.604728334	52.23270317	19.65172552	1.385538305	-7.573417639
	-31.05798968	-17.3928536	-17.90021016	-12.37256113	-12.72188959
	-27.86999829	-18.18982554	-47.65126663	12.02918801	3.665116004
	-47.94669764	-7.910055654	-0.9282185749	11.43889311	15.82726994
	7.50272844	-5.080214769	-8.298232779	-33.03043405	-11.88538341
	-1.261656867	4.219754795	7.954816893	14.78227712	18.36115199
	22.44929262	157.6649294	-1.507767344	-1.080052731	-0.696080355
	-0.5475202239	0.0009550772483	0.06260266045	-1.101130782	-0.846314546
	2.642481139	1.416157363	-0.6280809189	-0.9382841279	-0.6836873346
	-0.5019116339	-0.377496852	0.07970087644	1.131489221	2.122841143
	0.4102530306	-1.751507169	-2.142714237	0.5245646038	2.011916077
	-9.292673482	0.2901363513	25.04095879	3.413770881	-6.377447417
	-10.36930618	16.1411564	35.93374061	-44.81329557	-97.17999014
	-41.9460544	-56.52017752	66.37679197	-95.22726827	872.7703187
	-899.6266636	243.0266265	159.3252149	37.1502258	-7.370677419
	66.88345659	29.05312184	-11.8082309	31.68971881	200.669784
	-7.507658648	54.9167975	10.49227577	-17.37530647	10.83130324
	32.94408678	13.21993354	-164.067016	281.2795451	7.171682468
	13.22915212	31.10562531	-127.2343081	36.44840533	109.9993317
	17.07112665	2.598661203	0.4003822689	-0.9275308397	-1.421800133
	-7.374768125	-63.24998132	-306.7989248	-14.19666894	1.215371195
	-10.77141351	-66.97964813	-41.39861122	-62.87968117	-11.64390548
	-12.02707141	-34.28421509	-12.66699938	-17.80738506	24.12691648
	47.63375205	-13.72943293	3.301927431	17.25797419	19.80371491
	15.49844677	1.796851344	-16.31534373	-8.547681988	-16.8752206
	-9.416944908	-2.369541053	1.902690384	8.236695281	9.940322443
	11.37449802	77.43467274	396.3736139	-0.8939582196	-0.6708571046
	-0.3570301333	-0.01218478237	0.9977560454	1.597542592	-0.7988895183
	-1.724089104	7.189786126	3.172353479	-1.47569889	-1.475610522
	-0.8256250721	-0.4396281289	-0.2249724942	0.07509624951	0.5605056908
	0.8795327814	0.1805064127	-0.5233341889	0.301654296	5.704468621
	10.53376949	-18.40794195	-16.10314065	68.26074664	5.811910749
	-4.805672557	-4.103302161	5.812073307	7.516860455	-25.80695611
	-41.16823346	-22.91097558	-16.70493047	23.57822966	-272.3867332
	994.9264242	-10821.72884	-574.5524745	293.6383064	839.3581641
	162.6546216	198.4703435	-108.9283777	459.4955725	-8.900908352
	-29.37418116	5.391453148	-6.208948697	-233.0604828	-137.5981634
	353.432088	4.137825956	-6.411673441	193.1514411	-20.21960118
	-89.40366668	-9.631780037	13.7554315	60.52706744	32.05844804
	30.30756329	4.549163217	-2.536700626	-2.133794658	-3.916091655
	-2.963425174	-5.501604507	-20.84795926	-36.97691258	-6.077700952
	8.360033363	5.408156564	-8.777308638	486.2564052	-234.1920414
	-16.76404294	-7.631361485	-15.16133052	-7.463335487	-3.18393598
	22.14434066	39.80095425	15.56999416	15.6886562	21.22534299
	19.22759883	12.57780181	1.526635034	-9.677157131	-6.407108865
	-7.594115271	-5.185585661	-3.947147902	-3.420725713	7.831679453
	11.60498484	17.91966587	46.41150964	313.74498	-0.5629775639
	-0.42592599	-0.1441605863	0.3094680834	1.524101012	2.960387
	0.4668568313	0.5003302552	19.65431673	6.061464388	-4.356419244
	-2.780686485	-1.186463766	-0.4801429187	-0.1848450386	0.02216428907
	0.2412167075	0.3272582414	0.0443991392	0.0104347333	1.676408352
	9.779184769	26.02935011	-42.73932232	-87.99670564	-28.81432672
	-24.76880696	-8.713765463	-3.085774452	1.679836861	0.4438871171
	-14.12298224	-18.86051169	-12.6269027	29.4238772	81.03254216
	119.9205152	508.2161926	-797.0283414	4062.887924	370.916399
	-431.9305192	-242.7511244	63.51534927	21.21927712	1403.929947
	-90.95965955	202.1785087	343.888107	3.964705498	22.54079963
	93.68223736	92.64400962	115.1492561	-303.3974339	742.426164
	5.32608224	-38.7590421	-20.4795269	-112.9451856	-17.14845191
	20.55544643	4.307304733	-20.34903428	-10.70021817	-4.76044894
	-9.571981768	-4.541018674	-2.562137394	-7.496623906	-6.564146542
	21.52795889	12.20682551	19.00119738	33.76695199	55.87748941
	-2.530820368	-8.216183328	-4.376782102	-6.403981323	-3.54380411
	1.688458812	17.89516954	31.08921518	29.35029279	22.47634221
	19.65202346	15.28589267	9.081347461	1.614110025	-4.031361734
	-3.424148806	-3.818167674	-3.764508456	-7.651663844	-15.84731248
	1.450289196	4.007013136	45.33459978	38.61192636	81.06055874
	-0.4849465305	-0.3643520762	-0.0375541354	0.4761704067	1.371596407
	2.301204386	2.072467494	8.597560382	58.99165252	10.75335457
	-12.80061696	-5.231028301	-1.702618839	-0.5597197232	-0.1852488243
	-0.03384613559	0.04695922682	0.02051226898	-0.1454089764	-0.004377042532
	1.739931858	6.946043928	16.91773694	-17.25786335	-31.9624543
	23.60556887	-74.72405573	-14.43341921	-3.207687474	-0.1461129892
	-1.519366421	-8.54435229	-12.3147585	-17.48784354	22.11997615
	150.8750085	-63.50573001	-1014.904441	208.9928185	-120.7720716
	-5312.171396	1026.717372	-17.52404465	-30.40844554	123.0064048
	-247.2016625	-146.9369759	161.8178761	-6.516265149	14.59522021
	3.948070911	18.32417809	-54.05981736	7.870383472	-27.9391262
	1140.867921	-171.301478	-9.615480986	-35.34314043	-48.57024768
	-50.35135725	5.236297772	-10.21198106	-56.20643724	-19.09378532
	-3.528960488	-23.53048139	-7.063159469	1.685348235	0.1711912868
	6.013863343	29.88279796	-17.88933583	20.18139449	22.34628761
	19.44516009	-1.354326349	-3.634772305	-2.829460135	-3.600594979
	-2.165141115	2.702076217	14.14402817	28.77715672	44.7275876
	26.96087245	17.0883422	11.34947135	6.202090439	1.421703304
	-1.606550822	-1.842998704	-2.246754249	-3.414189194	-11.27757557
	-40.99429684	-14.01308276	-19.50010211	-58.32097861	77.7545929
	19.22362974	-0.6531286299	-0.4928856202	0.001964289652	0.6926237478
	1.483309116	1.835762745	2.157755168	6.423850998	21.34178999
	3.857447189	-28.99802699	-8.900354111	-2.121201873	-0.5930355611
	-0.182757239	-0.0845280957	-0.101965785	-0.2387406393	-0.4941142821
	-0.5358757925	1.355464808	4.251617034	7.18393837	-6.169879772
	-7.598141361	25.83625884	-18.6764748	-8.392723569	-2.190890659
	-0.6597468005	-2.048061689	-5.788232789	-7.385752021	-1.550643763
	7.745524377	42.93717121	159.4134108	-964.3420125	-103.4872621
	2216.09467	-3954.21039	-2517.022986	168.2296283	52.97661352
	10.16239924	85.47425686	101.720019	317.1227065	161.8173705
	72.83343656	149.5463388	88.88033136	-3.817918232	-66.10155432
	76.84395892	-259.4897146	-972.8295096	-10.37662383	-197.2125393
	-46.78798421	-9.468271283	17.04571529	-9.269375446	-64.15226839
	3.354104401	32.07534594	-44.899305	-10.2312487	9.90973
	9.025627306	48.94304408	791.8056997	-748.5293652	19.77687893
	14.9991128	8.925471349	0.4149537705	-1.581958613	-2.088442543
	-2.944032218	-2.292124244	2.075251417	10.21641831	21.38897579
	38.1827693	26.94591217	14.14548141	8.028378046	4.030681196
	1.058756018	-0.6655109995	-1.100208584	-1.509601991	-2.769218351
	-8.39265112	-29.23510293	-22.889335	-19.845901	-64.79221117
	16.18406842	6.890433632	-1.158170343	-0.8856371767	0.001058970496
	1.159708452	2.275134263	2.067591014	2.63757401	5.290657556
	8.197520007	-1.13897022	-15.18679739	-7.021148853	-1.781120808
	-0.4868639483	-0.1499377047	-0.1348109317	-0.259496722	-0.5638136012
	-1.127157879	-1.876091742	1.137527117	2.98497125	3.652359266
	-1.713561553	-1.591227154	9.832241914	-6.039393786	-4.044731819
	-1.209084683	-0.5944367253	-2.482696011	-4.386275936	-3.3392555
	12.5319256	75.99673859	17.7567562	104.0607116	353.0314678
	138.5589154	39.03781633	-637.9949364	734.428616	-548.0787685
	145.2965316	-9.611649381	250.0093791	-21.37093054	103.6057027
	-23.2559529	373.7005487	61.39630212	203.5087809	-3.358453098
	14.73469642	35.1431087	-93.60482108	-459.6099756	3.401195985
	-9.133117634	-16.58882879	8.520331849	39.30772753	-7.08050555
	-22.49276131	21.7789204	118.0904334	5.352800747	1.027079566
	23.75139878	11.52098321	16.97706536	48.92639088	-63.80927533
	71.93124953	16.70581295	5.72191619	0.9697948834	-0.6319940306
	-1.450233639	-2.558854964	-2.846852424	0.9909826409	6.8644917
	14.247102	22.94237712	18.98612166	10.02684568	5.079056391
	2.366308429	0.6406756643	-0.3685673085	-0.8158736846	-1.138515053
	-2.037144016	-5.228919375	-13.14155502	-12.70142779	-12.61296998
	-27.88010998	0.476396673	1.902078466	-2.188270097	-1.706757698
	-0.02941842346	2.17936581	4.441949995	2.944112318	4.093162022
	7.60743049	4.838050017	-2.295850682	-8.549199012	-3.966487978
	-1.156166266	-0.2737129839	-0.07627540717	-0.1983856267	-0.4703299332
	-1.046691652	-2.239749254	-5.104707456	1.694559967	3.019814951
	3.040122637	0.3945895331	-0.3225260658	2.682666531	-2.763291139
	-2.478513667	-0.5511926116	-0.6892467485	-3.914703572	-4.575311104
	-1.589034627	-1.861386161	16.01638209	18.07844951	-29.87577663
	-437.5473863	-61.51615231	-36.90621636	21.80871891	9.495013781
	-152.5454715	27.90834155	-87.88991561	-7.053267894	-161.9217051
	30.52925409	31.99781438	9.883413658	-74.16697868	-212.6216322
	134.8024205	51.58573666	48.49427913	-15.24062983	-13.38244091
	-12.73650944	-56.03551922	-12.68423018	3.043283272	43.70873233
	-22.56011781	-22.7799323	-16.95918754	56.47490792	23.08014044
	6.908829837	22.24286605	10.28329454	8.663304096	12.85880663
	-16.82425358	30.22817655	10.13804131	3.955716384	1.064959451
	-0.1532227629	-0.8347581414	-1.602060528	-1.936104877	0.4810699751
	4.522873883	9.628779607	15.02090047	12.96339707	5.508004241
	2.350221164	1.02723618	0.2340803638	-0.3236945178	-0.7415534353
	-0.950981986	-1.434060343	-3.144543343	-6.199214725	-6.392975725
	-7.127974779	-11.76398685	-2.960177628	-3.26204677	-3.748510405
	-3.079438794	-0.07928264605	4.359786086	9.90201738	4.571820047
	6.044039578	14.62011777	5.318610327	-2.004302123	-6.823695129
	-2.726758375	-0.5379761778	0.03683001939	0.06052662765	-0.3000616762
	-0.7816809684	-1.785777963	-4.379423677	-13.81515439	4.304425419
	4.221197132	3.45588712	1.781469017	-0.5165435215	-0.88581898
	-1.702605036	-0.6924379477	0.158748028	-2.145110857	-7.682620906
	-5.657207944	4.322358699	17.3326505	-0.227282633	53.54750654
	10.5303024	44.81699538	-9.719706542	204.9614384	-574.2733286
	65.37365472	495.7952651	-22.28639227	35.04672457	86.83240096
	-49.00274462	376.494096	25.3793126	205.0753823	-573.4322319
	1286.826045	-34.30985902	31.27679266	-55.03403689	12.74351593
	24.40119581	-3.889731947	-56.46628302	-13.5687318	-7.566190002
	35.9694736	-5.673597612	-28.73060802	-81.62007578	0.07884294844
	3.093790179	-0.1988981199	3.920443104	3.470456912	4.454056537
	5.757975334	2.209230208	29.00931687	9.608680552	3.553158703
	1.118326363	0.1095848586	-0.4025234885	-0.8153762267	-0.8727413234
	0.4947739575	3.052509814	6.791750891	11.40852912	9.50858868
	0.3586808702	-0.3570567515	-0.1171640477	-0.1303561534	-0.3271465864
	-0.6287609482	-0.7732355728	-0.9791304384	-1.848428014	-3.142365167
	-3.465117348	-4.19842651	-5.938323665	-4.779321589	-7.993391937
	-4.591660948	-4.255847425	-0.276461656	5.333793725	18.61176312
	6.943061557	6.92802096	9.321681497	4.347276305	-1.192528775
	-4.164694087	-1.528069227	0.3491323772	0.5243745122	0.326162473
	-0.4939677371	-1.264952418	-2.839029373	-8.684223614	-40.0386104
	9.371726604	6.482218477	3.936993436	2.679262351	-1.293371797
	-3.879359052	-1.65607537	0.421539142	0.8543433057	-5.111468679
	-20.35394459	-6.438505045	9.536231928	48.72312398	25.79188328
	45.68239067	-2.171152604	-237.6084972	-260.6951705	752.3754531
	-561.6666857	2565.789499	-309.7848244	-227.5897999	137.5046691
	-140.0679328	42.53876306	74.19064274	-253.2810974	41.00113748
	144.225489	7.408465975	-21.7116529	32.00450254	298.1026341
	-41.72755337	194.7034028	-4.279720874	-20.66577752	-9.017823346
	4.778245645	44.84741512	38.41681249	-11.26499283	-54.84999384
	-17.66479474	-7.755045517	-6.36915186	-4.503430866	-1.27404559
	2.442057426	3.985661742	9.288069531	44.92329168	13.96237277
	3.733584582	1.170603481	0.2612382662	-0.1384710388	-0.3586936753
	-0.2994948821	0.488399154	2.053712834	4.596259899	7.798084827
	5.137194884	-8.054351228	-3.445289703	-1.161480631	-0.4517648134
	-0.334571405	-0.4504569168	-0.5367605186	-0.6411301432	-1.081557204
	-1.70649396	-2.076930588	-2.833417667	-4.043442834	-6.485653861
	-12.59234117	-3.576141563	-3.407606188	-0.4326633278	3.114297096
	9.12161695	7.452929153	11.94599312	6.468767678	2.319898614
	-1.157956168	-2.801828609	-0.2822332707	1.890998229	1.316221449
	0.8835685168	-0.9201546025	-2.007947831	-3.936319282	-9.912275851
	-44.18407087	21.67843228	8.456405073	4.65286097	4.083912057
	-1.838296508	-5.012914053	-1.732896728	0.4130107999	0.1856949443
	-9.149950357	-67.91294561	-13.35433198	2.654625714	30.37342964
	24.29312709	22.26864685	11.32433536	-7.713470131	-53.55855819
	414.6096483	-2209.932871	7865.033594	-143.3286674	1484.948386
	-260.0518574	94.20650298	-61.30196326	-86.51112295	-84.87853487
	35.41029123	149.3434866	-24.47492317	-100.2147304	-46.38722985
	54.77813624	-484.2338089	1074.654346	-36.61599988	-20.11731806
	-9.158983419	36.59827073	-1.31715337	19.38879611	66.24736241
	-45.44439241	-3.064015694	-8.494647302	-8.509140185	1.627460497
	1.94436166	2.481359361	3.071474726	6.496448008	20.75462369
	10.48569397	3.210274617	1.139434957	0.3504975707	0.01773536151
	-0.1201295449	-0.05185160473	0.4010696992	1.29560314	2.585312486
	2.800074918	-5.361367027	-28.76038347	-7.553364049	-2.125914252
	-0.7331080634	-0.3660512852	-0.3182682886	-0.3418482454	-0.4106089559
	-0.6591410149	-1.042697661	-1.489664669	-2.370258914	-3.71344435
	-7.096383963	-17.05459729	-2.214129995	-1.993826902	-0.3460631083
	1.642388319	4.309060619	6.943009523	22.20495948	7.118018336
	1.220621572	-2.004818548	-3.489049001	1.068918417	5.0408416
	2.560618573	2.165793809	-1.975344365	-3.329688094	-5.261140507
	-6.936032852	-5.308419346	172.6749247	10.72263301	4.716540004
	5.920923547	-3.345056359	-3.863462533	-1.14382792	1.328911701
	2.853478458	1.763544444	-21.48838265	-10.23590859	-8.473891242
	-13.32576487	13.44902969	8.337455346	21.79263499	-29.2482118
	-2.727100067	-184.3994497	-645.3510795	919.1392976	-275.812031
	-164.282674	13.16463301	60.68219555	-73.78355099	92.24303897
	1.378218611	-58.78043768	46.49806977	-88.71631163	78.71720623
	-97.667924	248.4060343	35.3864045	79.17545954	-62.20343028
	-15.59183661	17.34415011	141.5746429	22.86980939	-20.07614207
	20.24253193	79.78038226	46.33611441	-15.08188481	-8.517156226
	14.41825189	7.841963229	3.568145147	2.57822656	4.132220116
	9.016692688	5.882141173	2.663354865	1.13013775	0.424787136
	0.1187131459	0.0045017576	0.04479424689	0.2945510074	0.760855654
	1.229880113	-0.1617629261	-11.28547494	-67.11861011	-13.7820107
	-2.819406381	-0.9534967234	-0.4275807226	-0.2607558881	-0.2298477218
	-0.2748759969	-0.443405353	-0.7710668488	-1.42525269	-2.850203397
	-4.563606869	-5.755503185	-10.66112999	-1.319968465	-1.153296448
	-0.3694657558	0.6330577128	2.026241063	3.914167648	10.43877337
	4.720208082	-0.1377206115	-4.231932309	-7.289320378	3.282255797
	12.6125732	4.219334364	5.493920203	-4.627621625	-6.23444298
	-9.569509739	-7.050276165	-3.187064118	34.09471015	21.38990446
	-0.3186176257	-1.819939129	-10.04657092	-4.296704908	-0.4749830957
	3.089402125	7.216393788	15.90120026	-19.91363037	-4.116834367
	-3.196650635	-53.24741255	-2.388546348	-5.412384544	31.34190027
	-135.0242955	342.8311638	-10.74987363	-42.13975496	1415.372597
	-358.6709327	159.5038105	138.0776696	5.888686068	-4.355715459
	9.32950557	12.58432102	-3.27532906	23.99965904	44.53870629
	-18.51926156	-176.6880075	12.56983479	61.09262216	-59.54905212
	46.864818	-11.30430466	75.60938802	161.3931206	51.07944766
	-22.55341239	-21.71075329	4.184817557	18.01790175	-19.9350417
	-7.529960789	33.96988818	15.10022817	4.838411476	2.288431742
	2.603858297	4.433697148	3.92573988	2.471419465	1.209573865
	0.5167373611	0.200435875	0.07877893608	0.08376926666	0.209031611
	0.4285557707	0.5531613039	-0.6045500793	-7.63064723	-22.27172104
	-8.321367169	-2.472711181	-1.075934673	-0.5079336186	-0.2564861416
	-0.1804809159	-0.2056661811	-0.3424260749	-0.6809580422	-1.59014814
	-4.145239251	-7.219716781	-5.530156263	-6.787114359	-0.8794794835
	-0.8287703161	-0.6104297594	-0.2816699065	0.5668981795	1.989793345
	4.191185975	1.792046495	-1.783783261	-9.622617237	-19.16950983
	1.274585014	26.09479882	5.588436091	15.8289264	-9.529806252
	-8.694404547	-15.45713615	-7.787211169	-4.020092328	3.579066108
	3.72743562	-9.425417497	-27.67107287	-27.57307119	-6.586320232
	0.1837185538	5.151299061	10.67394145	27.62643245	-126.2350691
	-1.336568381	32.85948899	76.81875575	16.33125875	-2.089564234
	-11.15670947	-244.2054376	1398.627428	143.1409839	2.354645795
	23.96133694	81.13810772	43.47727808	-5.094296952	-34.94351434
	13.86751748	-34.82127472	8.89068882	-32.8226231	-10.60187512
	-27.70821499	15.57696937	-9.577096137	35.78637382	-41.44074062
	55.01152124	-593.8436007	-76.6655943	5.0500154	-19.95977581
	-20.38867204	-42.78104911	-20.97697554	76.95111483	-16.81713586
	-53.07804505	-15.49445409	24.60607621	14.569719	5.40786036
	1.975105743	1.678727037	2.303582769	2.639023959	2.256520092
	1.31858859	0.6379009674	0.2862472269	0.138377548	0.1098101804
	0.1573382894	0.2333476939	0.1828345996	-0.6652421446	-4.427244281
	-10.65870465	-5.202987182	-2.636692946	-1.226702149	-0.5778562716
	-0.2722293984	-0.1664649188	-0.1767545706	-0.2998942316	-0.6675298959
	-1.867361245	-6.578381607	-13.14850129	-6.524371172	-6.088670085
	-0.751028952	-0.842186704	-1.126666183	-1.487876427	-0.8418135292
	0.8210853685	1.84489746	0.4939887421	-2.843125351	-13.95041516
	-47.50525217	-8.866618263	11.71337217	12.07692278	71.30706799
	-7.723622018	-7.301236916	-3.758710949	-5.277036159	-6.025812982
	-22.51587558	-4.712069216	-6.344308926	-12.16733982	-14.07273659
	-4.631085594	1.449525029	7.751459432	11.14026904	-6.735129405
	-649.4747413	-39.01959489	41.10013177	65.72408039	-262.4904617
	43.29193123	21.66176341	68.6595518	-219.3872024	58.1869093
	24.35405804	2.027919988	14.39621826	-69.7693526	5.149640399
	-90.29653594	3.003407388	3.942052865	-18.87040834	20.66115886
	390.9106587	-253.809157	50.07228771	-386.8765978	261.4739384
	745.8159672	52.92186206	25.61682881	-49.15298215	-10.50191715
	-22.27744293	-34.81934798	49.66488945	85.27555701	208.1116956
	-150.5922047	-142.6597325	-9.237046864	27.75646612	9.12069231
	6.446262885	1.13922945	0.4400269548	1.137729391	1.814138896
	2.08205553	1.448493031	0.7991781783	0.3940109206	0.20493873
	0.1462474641	0.1437045743	0.1332166073	-0.009238903203	-0.7010701716
	-2.816877034	-5.468556799	-3.730702227	-2.57819241	-1.263719697
	-0.5838103627	-0.2761850069	-0.1683048347	-0.1705486989	-0.2808602923
	-0.6546248066	-2.004194408	-7.984771371	-24.5600356	-9.238122118
	-6.858411049	-0.8252053212	-1.090913332	-2.003963681	-3.440797058
	-2.78402824	0.1652103457	1.129308757	0.1710139129	-2.315899575
	-8.167369126	-21.32582965	-7.876296086	4.593937002	10.23413742
	104.3383941	12.31350387	-3.750672959	8.380182412	-3.79297631
	-6.32320728	-93.98879249	-12.16664265	-4.289557655	-5.687411004
	-6.023244767	-2.467897889	2.947083604	15.65598	31.85050429
	60.07066292	350.6103105	117.3450363	81.41083482	-77.06936608
	1355.879618	-70.92512311	-227.1388632	85.48887528	-986.0844145
	-18.25918656	7.097090131	-86.94622723	66.43353595	14.0218596
	-17.79157783	0.9885244902	25.81170126	7.201914148	-9.602162242
	-67.20086977	41.57636935	143.3416903	-598.3696261	155.6614542
	-1618.425794	420.4919085	30.6879995	-360.2595598	492.0535234
	-81.92530818	-49.87874842	-60.75567833	195.7393942	-766.8252806
	-183.6394828	204.2649278	-160.2123967	-31.98064751	47.67417416
	-21.39017719	4.329277905	-1.837303987	-3.373558872	-0.2493304848
	1.435408517	2.266850896	1.708515103	1.02723085	0.5390974842
	0.2939146284	0.2101146519	0.1741183681	0.1052440776	-0.06764658919
	-0.5741404235	-1.714412238	-2.786338497	-2.173906994	-1.735962112
	-1.021692505	-0.5228601116	-0.2665828116	-0.1797033981	-0.1792157131
	-0.2666284698	-0.5763414092	-1.584158665	-4.82846364	-13.07542789
	-9.823349853	-10.34233727	-1.018446236	-1.491483633	-3.241236132
	-6.374267874	-5.114035937	0.3706818108	1.478428403	0.462693981
	-1.440289035	-4.605331524	-8.718153796	-3.492692764	2.175794201
	5.704930519	21.90154197	2.702543487	-7.868490864	-0.9989329217
	-10.11762077	-6.984197251	-24.08732899	-6.138591637	-1.525951305
	-2.844395251	-4.596928884	-3.304694549	3.171601164	20.72531683
	102.7610446	21.46729856	-95.9734547	1175.196662	378.6519861
	-161.3142925	-958.6321784	-111.4143182	21.82831441	-50.21263744
	-37.47184314	-302.6251676	7.01229195	9.940510453	323.5093568
	-81.82218605	-1.331236718	11.09060305	25.56753639	2.267012439
	1.673668566	-55.98201809	-12.92471573	-124.6993046	-3217.471941
	487.4195298	106.355924	-9.842557304	8.804315472	238.9031333
	-736.6558879	22.9938882	1.145631089	8.401216645	4.502632449
	-557.9561514	1119.419071	-1726.292143	-58.28187219	-403.1652865
	136.1558455	-132.9966466	-31.15355848	-10.63196832	-8.639307502
	-2.461895481	1.470197272	3.132926276	2.256814583	1.365657093
	0.7336970904	0.4162051128	0.3194200689	0.2616282063	0.1335571838
	-0.0513115479	-0.3951190801	-0.9798354566	-1.418269299	-1.21064434
	-1.024958172	-0.6966630467	-0.4163914183	-0.2521296689	-0.2009000532
	-0.2010628605	-0.2597855724	-0.4868378229	-1.176565645	-2.994299479
	-7.21210513	-13.57341435	-21.9378513	-1.236832517	-1.876267487
	-4.219142324	-7.955263512	-2.567464368	3.799794844	3.089952411
	1.229150568	-0.6137499037	-2.518287997	-4.011351283	-1.71172971
	1.15706705	3.339412889	7.519516616	0.4028006251	-5.762561353
	-6.538988514	-24.27868057	-7.52499023	-6.475735314	2.625074901
	2.283611997	-1.208713426	-6.819182351	-7.824980224	0.7435789709
	11.36256432	31.61990068	14.88113962	-14.69451823	120.0505367
	84.7073461	11.33720739	-78.91876853	244.488061	31.63732744
	-27.75557303	-26.68208582	-318.6751353	-21.8685057	58.03317708
	-107.9778722	-29.29511997	-68.44327306	9.358502808	-10.71083939
	-46.4481805	8.327295285	7.269202272	-33.25423175	81.67934772
	805.7504896	235.9413418	200.3167947	86.20952219	54.7373036
	-21.84601603	-129.4682375	158.5796989	127.8735058	-377.8343051
	-154.5513514	1033.392603	-232.8128296	4636.575488	506.7534669
	1137.802981	-134.1188258	765.2952739	-43.05532504	-16.99855547
	-17.1151825	-5.726472274	1.715135706	4.880603948	3.18930443
	1.846595324	0.9777133326	0.570417387	0.4878580596	0.4252728089
	0.20697661	-0.006714224025	-0.249376822	-0.555479155	-0.756337063
	-0.7153485299	-0.6389245358	-0.4792856578	-0.3272901747	-0.241254298
	-0.2269084873	-0.2304607773	-0.2637980463	-0.4248466671	-0.9363232383
	-2.305194638	-6.572744581	-22.25522032	-41.45016822	-1.380117833
	-2.012625916	-3.919533892	-6.11741978	15.39715652	14.8668784
	6.152563821	2.36542451	0.007763914959	-1.437294718	-2.114633598
	-0.9322816267	0.7128860306	2.053244132	3.358304173	0.07063700846
	-3.110350691	-4.356662599	-11.85373028	-5.10295051	1.122895539
	11.73596621	7.393635678	0.6999695808	-10.3555572	-16.4739949
	-2.213431536	7.113351745	14.85576906	20.98325874	57.10380207
	40.24393128	-2168.705931	65.60959159	109.3686277	-115.0945254
	-1.622855422	-28.24647495	-25.65917732	413.1860118	-92.14258835
	-198.2445203	-21.92595222	52.75634467	-16.53760095	-43.17989542
	-0.3903655315	-169.1672289	-4.811989539	13.74078523	-122.0617192
	-105.5151009	-684.4275579	9.431675713	-44.68503949	41.62818253
	110.8235348	-8.668123119	-8.461647051	-21.07559374	-470.5532106
	25.78786236	9.925857496	211.0823552	1316.193464	-12178.07178
	-247.4069283	-1264.894711	-549.1245287	1415.977924	-101.236495
	-22.26272275	-34.73099682	-10.56346738	1.371809098	6.868847129
	4.30703375	2.401092715	1.230646695	0.7195943933	0.682057147
	0.6538743746	0.3065844713	0.03670089919	-0.162074044	-0.3473870047
	-0.4655494052	-0.4935189953	-0.4652997247	-0.3729561561	-0.2801042983
	-0.2362342629	-0.2455520661	-0.2539236566	-0.2734069695	-0.3978856019
	-0.8414872606	-2.159050224	-7.025778679	-27.30192242	-53.53033087
	-1.432168334	-1.901783797	-2.480514512	6.441715547	135.4372421
	48.6814257	8.917395505	2.933527548	0.2349495709	-1.116233053
	-1.594933736	-0.6954446922	0.6048771283	1.667421883	2.328407024
	-0.03325816404	-2.346688059	-3.076165541	-7.383371186	-2.865364155
	4.029447486	19.97157124	11.21510484	3.262578292	-8.134561446
	-14.16396222	-2.75732862	6.007178807	12.44561613	24.3795982
	105.6544735	-305.7180366	3895.862445	-5513.793975	123.2036264
	-140.0214771	18.57377206	-21.61056762	-51.8176754	-107.8645081
	-114.4245184	-120.8597818	675.3885621	-326.6137676	-134.1819206
	47.67006718	44.01473421	59.81814268	16.09800285	16.28619015
	-38.66942618	799.6541875	185.9202232	60.55211467	-34.02347647
	15.02281924	83.91797465	-1.380864953	77.88070378	-8.119672565
	616.9647251	70.80408253	-19.12768654	-198.1572639	426.0425665
	1971.952047	3240.016887	-1104.062202	11405.63124	-5479.354176
	-34.44939337	-18.26624513	-73.38815913	-17.7652035	0.6435269543
	7.80233613	4.965332306	2.710164007	1.369486688	0.781356591
	0.760644808	0.7996448925	0.3752851883	0.05527051216	-0.135849114
	-0.2881351075	-0.3842688318	-0.4299815712	-0.4176408682	-0.3418920939
	-0.2654203897	-0.2334506348	-0.2505673737	-0.2631027698	-0.2813062834
	-0.3998911009	-0.8465550112	-2.249986121	-7.372397504	-27.60921535
	-57.30693654	