3131	
	0.001766906743	0.001759969207	0.001740788281	0.001709569322	0.001667881537
	0.001620904893	0.001584585883	0.001606968569	0.001831754543	0.002688435813
	0.005463771866	0.01402777461	0.0400619732	0.1188286597	0.3556017094
	1.050841937	2.793381214	4.332095332	2.430594049	0.9920898275
	0.3634255722	0.1274003994	0.04368476272	0.01490230728	0.005492102792
	0.003469859198	0.006170579877	0.01674476282	0.04742101028	0.1320134662
	0.3559169451	0.9103935179	2.115392645	3.509465598	2.301525865
	0.2886669433	-0.5048877558	-0.3208446735	-0.1255477336	-0.09700963445
	-0.08445763296	-0.08829570268	-0.112143833	-0.1208354703	-0.08708008044
	-0.06136904496	-0.08037606148	-0.1576255584	-0.2423527817	-0.2150412326
	-0.1511761708	-0.1164613608	-0.1198805066	-0.1975641779	-0.4045579176
	-0.47157722	0.1015535783	1.29811304	4.440430721	13.02981083
	-39.76982054	-14.50451179	-2.344401794	-0.6588040952	-0.2282789626
	-0.07972612851	-0.0254809043	-0.005768683875	0.001370999842	0.004013675204
	0.005068865902	0.005567123177	0.005868253386	0.006093412668	0.006272614607
	0.006385356269	0.006390418807	0.006387236746	0.006518675193	0.006292484344
	0.004714214113	-0.0006019293342	-0.01178155378	-0.01593396007	-0.00434360221
	0.003519559252	0.006581781919	0.007670194182	0.008086665064	0.008293063974
	0.008477662122	0.008809031477	0.009656061264	0.01205987151	0.01905220448
	0.03937197352	0.09704498138	0.2486909245	0.5686591384	0.9706059581
	1.129148421	0.001766980582	0.001760397193	0.001741310288	0.001710196686
	0.001668711094	0.001622185318	0.001586966716	0.001612187193	0.001844481372
	0.002721134053	0.005549276439	0.01425230907	0.04066636374	0.1206828237
	0.3635803221	1.100522826	3.144756396	5.211815619	2.680256343
	1.005510399	0.3526517672	0.1212175498	0.04122671386	0.01403202757
	0.005218237302	0.00344818919	0.006375677875	0.01748005671	0.04987413314
	0.1406218234	0.3879993714	1.034631787	2.593544456	4.596816456
	2.79380083	0.1235363442	-0.4774500207	-0.1890852322	-0.0254441444
	-0.05312072444	-0.06665577333	-0.08031736624	-0.1072723153	-0.1181125701
	-0.08647041189	-0.06348604199	-0.08456937859	-0.1594902484	-0.2465751863
	-0.2283273206	-0.1672674786	-0.131990142	-0.1311183001	-0.2003050943
	-0.4028613348	-0.498798286	0.08072321034	1.273953415	4.759586859
	19.29892175	49.4544985	0.4560375118	-1.099482242	-0.56088016
	-0.218907414	-0.07740267553	-0.02447949245	-0.005347205896	0.001533991555
	0.004072541122	0.005088569336	0.005572766015	0.00586908756	0.006092751206
	0.006271842532	0.006385904267	0.006389915599	0.006372538833	0.006509563021
	0.006320092259	0.004918962459	0.0005177638548	-0.008417836268	-0.01272962259
	-0.003360774281	0.003875593062	0.006706612439	0.007710639098	0.008099987039
	0.008298757291	0.008483301173	0.008821102641	0.009688195511	0.01214888389
	0.01930043183	0.04006691146	0.09906859537	0.2554361741	0.5926979688
	1.0265382	1.190220337	0.001768179257	0.001761759513	0.001742815529
	0.001711874754	0.001670611368	0.001624318476	0.001589110193	0.001613128706
	0.00183914153	0.00268986383	0.005418788925	0.01375634217	0.03886974819
	0.114511749	0.3444673204	1.056489169	3.208615686	6.581008805
	3.149929688	1.02287544	0.3326188661	0.1107067756	0.03722142686
	0.0126560112	0.004778422534	0.00335856835	0.006533536979	0.01823797326
	0.05302360973	0.1544211904	0.4515166039	1.336935314	4.062908209
	8.45131386	4.410863764	-0.6794998754	-0.7176175175	0.1811659381
	0.3064273698	0.1067439046	0.0002373400591	-0.05225584501	-0.09172290212
	-0.1067132481	-0.08171270524	-0.06904491261	-0.101410068	-0.1838285933
	-0.2788599717	-0.2727738852	-0.2213435898	-0.1857487408	-0.1681862501
	-0.2065193718	-0.3691872432	-0.5014008515	0.006370471852	0.8980647619
	2.762425112	5.961064382	4.853220616	-0.9357753478	-1.672963511
	-0.6727838933	-0.2350467215	-0.07809594911	-0.0237121138	-0.004881814322
	0.001730913966	0.004143830584	0.005110147931	0.005576414167	0.005867134217
	0.006090092832	0.006271567249	0.00639263244	0.006404661751	0.006373541047
	0.006527715709	0.006435567686	0.005415934081	0.002451040147	-0.003002396488
	-0.005739259581	-0.0002068042498	0.004802535269	0.006965834362	0.007785518051
	0.008122787848	0.008306405145	0.008486128473	0.008820586685	0.009678776673
	0.01210891148	0.01916871763	0.03975432227	0.09911253265	0.2623021096
	0.6392532012	1.157687714	1.342969697	0.00177038301	0.001764063956
	0.001745291831	0.001714578991	0.001673549872	0.001627269457	0.001591008463
	0.001609950848	0.001816635326	0.002598467842	0.005086513911	0.01258255379
	0.03472562747	0.09962101376	0.2885842855	0.8282248457	2.234649112
	4.390309031	2.575514647	0.8629097018	0.2807834467	0.09362636542
	0.03164021187	0.0108556759	0.004207644311	0.003200274881	0.006582411169
	0.01870558352	0.05535143125	0.1661038069	0.51251109	1.672797289
	6.020863657	15.09863301	6.52743213	-3.456229019	-1.467416102
	0.9338028179	0.9575317152	0.4477543522	0.1398046033	-0.0003501764445
	-0.0660642065	-0.08638648556	-0.07518199918	-0.08237685639	-0.141818164
	-0.2605875312	-0.3970971073	-0.3914109688	-0.3428398956	-0.304061551
	-0.2491216704	-0.2260032505	-0.2894525735	-0.350748401	-0.02759313907
	0.4900295235	1.103504756	0.2475016845	-9.873600197	-12.6439659
	-3.356788765	-0.8587192334	-0.2507139325	-0.07681691105	-0.0222304744
	-0.004198432842	0.001990852466	0.004230787024	0.005132708121	0.005576807224
	0.005861399555	0.006084712963	0.006271361961	0.006408205892	0.006458163012
	0.0064595703	0.006604182937	0.006595081172	0.005961281271	0.004225812712
	0.001394534807	0.0001139807523	0.002928236298	0.005827186776	0.00726524415
	0.007874061318	0.008149976205	0.008314640157	0.008485689814	0.008807096876
	0.009626401772	0.01193124065	0.01859631924	0.03800393511	0.09424234501
	0.2516031946	0.6322132446	1.206222766	1.434590521	0.00177351614
	0.001767281193	0.001748708133	0.001718272215	0.001677491522	0.001631039581
	0.001592833045	0.001603500899	0.001780373032	0.002459978643	0.004601923851
	0.01092285739	0.02902662232	0.0797476509	0.2176077169	0.5696320529
	1.334253905	2.276571435	1.498907456	0.5883782187	0.2079109132
	0.0724481232	0.02516423013	0.008829366239	0.003561716978	0.002975181295
	0.006452088404	0.01851307319	0.05495305826	0.1653607243	0.5110178612
	1.658535128	5.778263106	15.4874932	3.788594203	-11.87912026
	-2.782306518	2.831960505	2.149128942	1.030644825	0.3729424477
	0.0699124403	-0.04314222381	-0.07081426648	-0.07393966182	-0.1096850305
	-0.2221265369	-0.4347834867	-0.7004189623	-0.6579608623	-0.588608772
	-0.5445780811	-0.4123479046	-0.2891317992	-0.239936992	-0.2124251747
	-0.02671909791	0.216023393	0.2970820985	-0.7943889353	-5.659725171
	-7.204503593	-2.659299445	-0.7386032286	-0.2212372935	-0.06775870724
	-0.0192106143	-0.003177380607	0.002328186803	0.004332380965	0.005153332783
	0.005571245956	0.005849852878	0.006075086884	0.006269156687	0.006425874226
	0.006525569534	0.006590480171	0.006723362228	0.006758854223	0.006419554086
	0.00550818431	0.004179315535	0.003697630999	0.005080830784	0.006638195745
	0.007528012852	0.007957321829	0.008176663622	0.008322209127	0.008481914976
	0.008781552073	0.009533996527	0.01162192696	0.01757935041	0.0346641499
	0.08322351952	0.2156704611	0.528983033	1.015551539	1.255110817
	0.001777513237	0.001771362721	0.001753016937	0.001722904669	0.001682397085
	0.00163565678	0.001594891142	0.001595136004	0.001735555403	0.002293693116
	0.004036991376	0.009052923049	0.02287579002	0.0595399979	0.1516950752
	0.3616896186	0.7482428568	1.127249473	0.7982779594	0.3602270345
	0.1404663133	0.05204482349	0.01883352734	0.006829495057	0.002906179509
	0.002695044452	0.00611716556	0.01752810971	0.05124534505	0.1496391071
	0.4361145352	1.255676142	3.380431044	5.946833028	-10.00344868
	-36.52779501	-4.212701091	7.357949932	4.229240274	1.852058091
	0.6712469619	0.1295822717	-0.04453592198	-0.07360957778	-0.08418800353
	-0.1573556726	-0.3660188188	-0.7814837614	-1.38771255	-1.193938418
	-1.06123534	-1.027500154	-0.7276475668	-0.4295774089	-0.2493367739
	-0.1484055257	-0.0293229869	0.06686723719	-0.01857208207	-0.7490181714
	-2.745781654	-3.264418591	-1.467259601	-0.5037303396	-0.1671115477
	-0.05341522518	-0.01503007794	-0.001895842999	0.002720847711	0.004438958897
	0.005165357491	0.005554429304	0.005828710186	0.00605865537	0.006262122812
	0.006437573554	0.006577424908	0.006694491775	0.00682911587	0.006895954126
	0.006753938709	0.006331167956	0.005767610675	0.005645785906	0.006350118389
	0.007183374721	0.007725564245	0.008025331945	0.008199759525	0.008328342937
	0.008475227334	0.008746395085	0.009410300241	0.01121165209	0.01623117948
	0.03020453788	0.06832977672	0.1665628275	0.3835948584	0.707190397
	0.8810418954	0.001782307078	0.001776247203	0.001758157019	0.001728414471
	0.001688219968	0.001641158085	0.001597551488	0.00158642623	0.001687982217
	0.0021202287	0.003464471668	0.00722993484	0.01717842741	0.04207016233
	0.09988127435	0.2182641104	0.4069260083	0.557742456	0.4164498658
	0.209725369	0.08943554066	0.03532455025	0.0133941639	0.005054420154
	0.002297276977	0.002382615358	0.005620598898	0.01597356108	0.04556605419
	0.1273643801	0.3438055938	0.8593183029	1.707946589	0.4544154637
	-22.33896039	-92.73575912	-7.354862227	11.35979554	7.132986503
	2.93290807	0.9987183398	0.1244341057	-0.1005363183	-0.1037786178
	-0.1057964016	-0.2288425764	-0.607237879	-1.439257144	-2.938759402
	-2.219844566	-1.957894132	-2.016311177	-1.320944019	-0.6878175745
	-0.3178282316	-0.1352961117	-0.03441521745	-0.0001562301208	-0.1113459952
	-0.5407176311	-1.347359058	-1.520039452	-0.7935267386	-0.3168691836
	-0.1151038567	-0.03846994015	-0.01058015171	-0.0005425696306	0.003121447725
	0.00453257306	0.005156509957	0.005516428867	0.005791118001	0.006031364944
	0.006247520607	0.006439673064	0.00660657743	0.006755592552	0.006899152833
	0.006994758499	0.006977260261	0.006825690214	0.006632730876	0.00666121904
	0.007053138362	0.007520279495	0.007860880822	0.008075996564	0.008218108559
	0.00833283232	0.00846649728	0.008705310636	0.009268714249	0.01074993807
	0.01474419806	0.0254210457	0.0530223818	0.1192329219	0.2535479332
	0.4397654716	0.5381311956	0.001787824691	0.001781863235	0.001764055669
	0.001734728192	0.001694902411	0.001647569401	0.001601162044	0.00157883973
	0.001642861161	0.001956993457	0.00294063728	0.005628731161	0.01243648422
	0.02850925668	0.06311449423	0.127397701	0.2178082175	0.2781873536
	0.2160882208	0.1186244621	0.05468741204	0.02296758436	0.009139175413
	0.003604758376	0.001770703474	0.002064821472	0.005044052668	0.01422943929
	0.03979434245	0.1079000204	0.2798328841	0.6739015341	1.397934471
	2.030786531	-4.318065198	-49.58956019	-9.253645532	-2.069760026
	8.622237541	4.340720586	1.320354068	-0.04712489506	-0.2591028935
	-0.1691018087	-0.1299989179	-0.3187349637	-0.9917514876	-2.704203334
	-6.679682198	-4.160018129	-3.696352782	-4.137880477	-2.418972715
	-1.115546669	-0.4388201592	-0.1436300702	-0.03203984391	-0.01714869024
	-0.1064111603	-0.346497733	-0.6774124221	-0.729279979	-0.4247256211
	-0.1895945891	-0.07420281504	-0.02561308013	-0.006554367006	0.000705275571
	0.003478340159	0.004588353461	0.005105431196	0.005438788689	0.005724736915
	0.005986662545	0.006222389558	0.006431624298	0.006617238567	0.006785138806
	0.006939126603	0.007059203874	0.007117426591	0.00711106073	0.007094068996
	0.007183835094	0.007432360558	0.007718960227	0.007948215847	0.008111460124
	0.008231880375	0.00833589353	0.008456850252	0.00866247523	0.009123986741
	0.01028924522	0.01330827999	0.02100591254	0.03975165554	0.08146734455
	0.159059762	0.2583111082	0.3072381791	0.001793986628	0.001788131126
	0.001770630612	0.001741761634	0.00170237238	0.00165488824	0.00160598281
	0.001573505267	0.001604010816	0.001815672507	0.002498369651	0.004330297187
	0.00879017317	0.01875453859	0.03874612105	0.0727630789	0.1156812957
	0.1400936279	0.1121112875	0.0659179303	0.03251054397	0.01445853342
	0.006035125359	0.002495991565	0.001340406215	0.00176320565	0.004457939292
	0.01256575376	0.03494217691	0.09449681457	0.2493381169	0.6554756435
	1.822592549	6.248298443	20.80144484	16.47664786	3.708638852
	-8.315343843	17.53251715	7.148831883	1.550290796	-0.6077557277
	-0.5989344098	-0.2743961589	-0.1312618029	-0.3979392903	-1.597498328
	-5.702028572	-17.2951686	-8.015637352	-7.420216894	-9.116499131
	-4.424907741	-1.765075807	-0.5940754298	-0.1437757685	-0.01080857348
	-0.004083970105	-0.06878560935	-0.1998696209	-0.3426600809	-0.3570163275
	-0.22505758	-0.1092904723	-0.04528665809	-0.01575373128	-0.003299500049
	0.001734025731	0.003747105684	0.004572440894	0.00497396742	0.005286891974
	0.005607488007	0.005913862809	0.006182731455	0.006413556263	0.0066149828
	0.006795631842	0.006959257324	0.007098002056	0.007201094142	0.007271074042
	0.007337357401	0.007452171766	0.007634473419	0.00783283971	0.008002378739
	0.008135269347	0.008241893123	0.008337966266	0.00844741859	0.008621695917
	0.008988758845	0.009870846232	0.01205443446	0.0173471829	0.02947797811
	0.05458897697	0.09769183825	0.1487709364	0.1717358997	0.00180070756
	0.001794964479	0.001777791825	0.001749421011	0.001710542142	0.001663073425
	0.001612147984	0.001571098922	0.001573587113	0.001701893562	0.002149007971
	0.003342435377	0.006152271527	0.01212207694	0.02335255511	0.04102036344
	0.06129341879	0.071246461	0.05832089107	0.03624794304	0.01895829069
	0.008890727904	0.003888820474	0.001691143497	0.001003574465	0.001488576171
	0.003893616738	0.0110356894	0.03086073493	0.08465413188	0.2310814673
	0.6535573643	2.02087858	7.165582113	21.69606314	23.71319228
	15.29084477	39.80469248	53.50253122	12.217685	1.176562972
	-2.039042796	-1.227922033	-0.4089473669	-0.04797320999	-0.3699462106
	-2.522185034	-12.93909851	-53.57122329	-18.34602047	-18.29269865
	-23.16944947	-8.057574008	-2.638802706	-0.7307262992	-0.09155371156
	0.04700310205	0.03151006973	-0.02616750901	-0.1035289164	-0.1709922832
	-0.1761032844	-0.1178255223	-0.0609580518	-0.02620487854	-0.008781339486
	-0.0008933102103	0.002492668128	0.003890430187	0.004433809608	0.004691370968
	0.004995538337	0.005400575271	0.005796027119	0.006122842483	0.006385084003
	0.006603676035	0.006795041552	0.006967085366	0.007119222607	0.007248572178
	0.007358508335	0.007464530736	0.007589894974	0.007741461228	0.007896898461
	0.00803509392	0.008150885435	0.008249142803	0.008339538037	0.008439133423
	0.008585789877	0.008871504605	0.009518623369	0.01104184408	0.01454717932
	0.02212434216	0.03680859969	0.06033604877	0.08650045785	0.09722409012
	0.001807897444	0.001802271775	0.001785443363	0.001757604603	0.001719308951
	0.001672043005	0.001619659572	0.001571848539	0.001552236276	0.001616347213
	0.00188856492	0.002629602577	0.00433461181	0.007803473164	0.01396526872
	0.02300680083	0.03255010883	0.0366161828	0.03049621428	0.0198406942
	0.01092814579	0.005385222353	0.002466470577	0.001131119109	0.0007477698403
	0.001242664568	0.003351761711	0.009561278508	0.02689758814	0.07460403881
	0.2068843812	0.5927910807	1.799923309	5.749971067	15.1737018
	13.07201028	9.939130228	23.60314936	33.34558156	9.073688288
	-1.109606687	-5.020451294	-2.202397824	-0.518154153	0.2517273843
	0.08405762167	-2.580911077	-13.37118016	-81.07580307	-55.6533652
	-55.60366568	-67.39591166	-14.65146985	-3.526598581	-0.7219869324
	0.09216576226	0.1708654003	0.09156798637	0.01525835038	-0.04363624349
	-0.08203603264	-0.08620408396	-0.06059950748	-0.03283198595	-0.01426505921
	-0.004185892193	0.0007290501725	0.002969917456	0.003871121166	0.004088742374
	0.00412501456	0.00444349078	0.005038394621	0.005608047823	0.006035292839
	0.00634521859	0.006585489015	0.006787742635	0.006967281768	0.007128921812
	0.007273728327	0.007404781997	0.007530184591	0.007660352778	0.007797737821
	0.007932458402	0.008054573127	0.00816110618	0.008254542161	0.008341027714
	0.008432609663	0.008556350382	0.008776172165	0.009240110958	0.01027311722
	0.01252913668	0.01714560986	0.02559523068	0.0384330384	0.05214627617
	0.05742442019	0.001815462925	0.001809957989	0.001793485221	0.001766204856
	0.00172855762	0.001681679186	0.00162840532	0.001575617317	0.001539481622
	0.001556470865	0.001704556421	0.002138336818	0.003131754822	0.005086873878
	0.008392867212	0.01295551719	0.01742496345	0.0190646946	0.01608894818
	0.01087872941	0.006278627457	0.00324426994	0.001556301903	0.0007549276701
	0.0005574484902	0.00102401463	0.002829034479	0.008084729004	0.02268713165
	0.06269746812	0.1722696264	0.4784767851	1.342009478	3.629173495
	7.916948385	7.173726923	7.288958668	14.01853049	-0.1058079723
	0.01959975598	-3.563146843	-7.984363712	-3.160956411	-0.4710285499
	0.9812853046	1.383326897	-1.345684581	-8.057054456	-29.74604862
	-43.46174121	-66.07688338	-90.35251947	-19.26515867	-3.509204435
	-0.3321947364	0.5479874121	0.4042243535	0.1815046429	0.05594802796
	-0.006119812114	-0.03540344639	-0.04087008422	-0.03028991531	-0.01697764336
	-0.007212441963	-0.001424051981	0.001671208218	0.003170164968	0.003645744814
	0.003400403156	0.003033815736	0.003414596017	0.004417864679	0.005317103309
	0.005912312614	0.006293054459	0.006561656356	0.006776070323	0.006962624657
	0.007131245117	0.007285445519	0.007428000774	0.007563267939	0.007695994942
	0.007827052015	0.007951997216	0.008066150695	0.008167946789	0.008258801986
	0.008342727476	0.008428127647	0.008533846233	0.008703006749	0.0090312605
	0.009717937647	0.01114004094	0.01390617599	0.01873372891	0.02581525308
	0.03332314243	0.03623930286	0.001823308797	0.001817926176	0.001801815199
	0.001775110747	0.001738164377	0.001691837712	0.001638190005	0.0015820211
	0.001534165392	0.001518049103	0.001581426997	0.001813850078	0.002363328652
	0.003426536735	0.00515563407	0.007418556106	0.009487372929	0.01011634677
	0.008621368956	0.006028585977	0.003635475829	0.001969431127	0.0009913581953
	0.0005100504308	0.0004184625641	0.0008332067416	0.002336170639	0.006638620484
	0.01838473361	0.04986048663	0.1331707399	0.3513967714	0.9008424629
	2.115126977	3.921226358	4.011361435	5.763251218	12.2498263
	-44.40623822	-7.017457256	-4.805931984	-5.739560017	-2.848107984
	-0.1224765998	2.445475685	4.152788776	0.6715469119	-4.067294086
	-11.14408429	-7.966238451	29.18914258	-23.15525381	-7.958354863
	-1.53436718	0.6641381191	1.510053806	0.796342197	0.3006728976
	0.09452369053	0.01755526409	-0.01082027562	-0.01790960294	-0.01452165321
	-0.00850217066	-0.003492816574	-0.0001023290619	0.002005808344	0.003099291955
	0.003171789081	0.002172241358	0.001022180074	0.001560776253	0.00339943907
	0.004890535919	0.005749752322	0.006229141975	0.006533239645	0.006761346019
	0.006954764007	0.007128884282	0.007289184758	0.007438394251	0.007579079857
	0.007713514841	0.007842034406	0.007962630356	0.008073115621	0.008172740934
	0.008262409324	0.008344792983	0.008425684508	0.008517909581	0.008649841613
	0.008881772935	0.009333219529	0.0102175539	0.01185733928	0.01460653252
	0.01854925378	0.02279415047	0.02459395224	0.00183133943	0.001826078993
	0.001810330686	0.001784210219	0.001748001244	0.001702358894	0.001648769873
	0.001590543612	0.001534830724	0.001496416947	0.001504013406	0.001608522792
	0.001888378791	0.002437454889	0.003309414519	0.004400720339	0.005331456444
	0.005535774196	0.004749539631	0.003424335304	0.00215654364	0.001227442654
	0.0006507526293	0.0003559557516	0.0003203454306	0.0006750685692	0.001899147073
	0.005316723767	0.01437200944	0.03775495392	0.09666702511	0.2398747091
	0.5622133526	1.16942381	1.896167674	1.886231855	2.109715319
	1.668673092	-267.2983947	-14.17364281	-7.37484841	-6.108287088
	-2.877928231	0.2497070988	4.777153552	9.393706065	3.249194317
	-0.6796921578	-0.3597057315	32.32185484	505.3621893	26.7217816
	1.148852536	0.5281101156	2.189002594	3.312110924	1.359532854
	0.4256463722	0.1231075773	0.03071608913	0.001656510713	-0.006552666329
	-0.006807184963	-0.004657453669	-0.002262814296	-7.555249335e-05	0.001726159398
	0.002766791315	0.002454821501	0.0002297950087	-0.002387267791	-0.00154271169
	0.001855863563	0.004319605908	0.005554290666	0.006157238621	0.006501668218
	0.006744400908	0.006944668687	0.007123517339	0.007288208131	0.007441670728
	0.007585706224	0.007721548757	0.007849390449	0.007968346731	0.008077424329
	0.008176319461	0.008265663013	0.008347265615	0.00842507913	0.008507670457
	0.00861332726	0.008779297719	0.00907596536	0.009622412524	0.0105882488
	0.01214774519	0.01433376175	0.01669760949	0.01777795957	0.001839460095
	0.001834320098	0.001818930301	0.001793392472	0.001757940264	0.001713078071
	0.001659883144	0.001600629181	0.0015399954	0.001487206522	0.001459298479
	0.001484808291	0.001604695308	0.001862810363	0.002274707223	0.002772465856
	0.003162199176	0.003186999588	0.00274446286	0.002037195988	0.001341706052
	0.0008054101043	0.0004519920283	0.0002638227085	0.0002570191977	0.0005589325748
	0.001554042558	0.004231716215	0.01101471086	0.02762614479	0.06687834009
	0.1544944598	0.3292746769	0.6017010568	0.7941825212	0.3159642907
	-1.634704049	-5.741258606	-37.23561028	82.79735167	-13.33467183
	-9.341461176	-4.010854792	0.1234274704	5.52940281	14.67448921
	5.496287414	1.044430688	1.330162291	8.375277599	213.9838266
	14.48467782	1.856376163	1.724659567	3.700852939	5.784884975
	1.91823654	0.4867202714	0.1264643965	0.03379248908	0.006963958225
	-0.001527729627	-0.00392923742	-0.004216166106	-0.00339796366	-0.001547190699
	0.0006991717278	0.002207939995	0.001675350175	-0.002215155455	-0.007156804969
	-0.005947351327	-0.0001602008547	0.003665480301	0.005351577195	0.006084990719
	0.006468725189	0.006725717759	0.006932842899	0.007116134863	0.007284417396
	0.007440989853	0.007587429274	0.007724591923	0.00785268089	0.007971357365
	0.008080212068	0.008179177557	0.008268726631	0.008350107557	0.00842599987
	0.008502045698	0.008589843832	0.008712044688	0.008909515595	0.009247951078
	0.009815591594	0.01069581233	0.0118904236	0.01314866227	0.01371581171
	0.001847578162	0.0018425554	0.001827515343	0.001802549952	0.001767857118
	0.001723834149	0.001671273083	0.001611746127	0.001548315622	0.001486713343
	0.001436982609	0.001415001786	0.001441980178	0.001538065814	0.001705623954
	0.001903956712	0.002035745007	0.001984336804	0.001710115717	0.001305669567
	0.0009005472066	0.0005718140941	0.0003412931067	0.0002146699015	0.0002267539255
	0.0004987525657	0.001344794208	0.003500241988	0.008606314491	0.02017475911
	0.0452056259	0.09538151007	0.1808059808	0.2730237298	0.1869059322
	-0.7213159227	-4.614358138	-11.11241788	-7.989941385	11.19706441
	-127.6202467	-16.09921763	-6.24494705	-0.6042860113	3.448258854
	8.429483294	4.488849264	1.462913507	1.632585325	5.290032462
	32.7707789	-13.30115659	2.049946433	2.670627279	3.812802317
	5.983743202	1.808255227	0.3694817948	0.09109488155	0.02824478406
	0.008159324985	-0.0002361381208	-0.004617347171	-0.007216332049	-0.007659812621
	-0.005254770303	-0.001402962029	0.001518549918	0.001364874078	-0.003852317286
	-0.01120795848	-0.01006741507	-0.002095358326	0.003107292767	0.005187497355
	0.006021566323	0.006435570601	0.006705233204	0.00691937788	0.007107246926
	0.007278886366	0.007438089116	0.007586524597	0.007724999538	0.007853800094
	0.007972878934	0.008082125635	0.008181599273	0.008271675892	0.008353235717
	0.008428096439	0.008499943628	0.008576052475	0.008670038067	0.008805374736
	0.009017940991	0.009353001984	0.009848427079	0.01049216165	0.01113631098
	0.01140031659	0.001855604124	0.001850694121	0.001835990992	0.001811579959
	0.001777633899	0.001734475689	0.00168270295	0.001623422836	0.001558661783
	0.001492001621	0.001429377844	0.001379634578	0.00135376124	0.001360960048
	0.001399969531	0.00144777737	0.001456204366	0.001372319838	0.001181018251
	0.0009254409392	0.0006672293541	0.0004475010917	0.0002849452946	0.0001971534405
	0.0002319660979	0.0005140908529	0.001326720472	0.003255562391	0.007421697607
	0.01581866482	0.03168100962	0.05879171377	0.09423729974	0.09892943184
	-0.09193202578	-1.028768457	-4.505828697	-10.76032712	2.331694335
	23.63869886	-99.15387708	-55.82316115	-9.583005927	-1.09347351
	1.97145031	4.124542549	2.714963977	1.394703147	1.595073564
	3.485720699	9.793458469	-1.482421882	7.45101608	4.284923397
	3.116357177	3.360670896	0.8376602531	0.06087574978	0.03328903886
	0.02154974017	0.008122189212	-0.001497117526	-0.009040286884	-0.0151418859
	-0.01720433796	-0.0128481149	-0.005211207466	0.0008853327319	0.002349084566
	-0.002677194695	-0.01087269984	-0.0105057535	-0.002786457444	0.002902170074
	0.005107797338	0.005971330871	0.006400849335	0.006681831334	0.006903876196
	0.007096992679	0.00727218109	0.007433914946	0.007584206979	0.007724015103
	0.007853759727	0.00797357828	0.008083528128	0.00818374101	0.008274533936
	0.008356548154	0.008431029278	0.008500383801	0.008569152188	0.00864546326
	0.008742703624	0.008880306026	0.009081125407	0.009361161472	0.009705943634
	0.01002926695	0.0101441662	0.001863452456	0.001858649676	0.001844267272
	0.001820385854	0.001787160998	0.00174486461	0.001693963897	0.001635262729
	0.001570134652	0.001500859133	0.001430994912	0.001365533063	0.00131025153
	0.001269423078	0.001241423038	0.001213809721	0.001163054022	0.001065220954
	0.0009148002908	0.0007324186002	0.0005482872563	0.0003858622032	0.0002626398926
	0.0002055942025	0.0002790743118	0.0006320516025	0.001575353663	0.003681581512
	0.00783508248	0.01507401326	0.02620344774	0.04079709979	0.05158570664
	0.02413420577	-0.1616424502	-0.8422383446	-2.75971395	-5.356617796
	1.778387294	12.16422409	-25.17436285	-12.20288667	-4.867738953
	-0.2069922389	1.578204193	2.799867514	2.331046458	1.497734923
	1.702598442	2.748526372	5.307961318	5.246292422	16.10884253
	6.487252736	2.711616394	1.945286186	0.5410050736	-0.0214355102
	0.03216717075	0.02768688052	0.009430392743	-0.005267562787	-0.01890411738
	-0.03171233868	-0.03676290177	-0.02763514689	-0.01179714898	0.0007003095134
	0.005540847822	0.002075068885	-0.00554488665	-0.006972314159	-0.001528266526
	0.003171192333	0.005112400977	0.005924021039	0.006358279947	0.006652689518
	0.006885312924	0.007085189087	0.007264546444	0.007428972307	0.007581128608
	0.007722301906	0.00785310379	0.007973820713	0.008084620817	0.008185684507
	0.008277295257	0.008359941835	0.008434497691	0.008502549904	0.008566940788
	0.008632521	0.008706905404	0.008800566397	0.008924877269	0.009085950018
	0.009271897023	0.009434209231	0.009483172904	0.001871042306	0.001866340367
	0.001852259773	0.001828877868	0.001796338204	0.001754877941	0.001704877567
	0.001646945203	0.001582047391	0.00151168324	0.001438050526	0.001364049966
	0.001292828092	0.001226488282	0.001163907294	0.00109863964	0.001019385035
	0.0009154265176	0.0007850174986	0.0006384744618	0.0004916159385	0.0003599915283
	0.0002626993041	0.0002383499722	0.0003782762891	0.0008894237161	0.002198413918
	0.005063465531	0.01049464311	0.01903393417	0.02962361684	0.03930959441
	0.04067276359	0.01079460439	-0.1267957132	-0.5440628634	-1.458528052
	-2.258755592	0.471725045	2.3817414	-10.07219753	0.7219749136
	0.1266796756	1.385703764	2.012583947	3.225379811	3.096889178
	1.988091008	2.222897429	3.032017312	5.318987598	7.416631506
	11.35235578	5.838101987	2.217152158	1.466257976	0.8457079455
	0.293470875	0.1262896683	0.05142536472	0.01214093296	-0.01294022032
	-0.038090954	-0.06469265326	-0.07619846334	-0.05600317435	-0.02275075782
	0.002041187386	0.01250972512	0.01042536773	0.002830231247	-0.001036594337
	0.000988004989	0.003723160331	0.005124778149	0.005847581578	0.006294743102
	0.006612761179	0.006861927715	0.007071360866	0.007256017353	0.007423518593
	0.007577642458	0.007720219249	0.007852128427	0.007973807279	0.008085514115
	0.008187469329	0.008279940878	0.008363322922	0.008438251644	0.008505798506
	0.008567767755	0.008627077668	0.008688079871	0.008756424254	0.008837722467
	0.008933963758	0.009036898192	0.009120184113	0.009141536547	0.001878298016
	0.0018736899	0.001859890156	0.001836973598	0.001805075164	0.001764408125
	0.001715295239	0.001658218606	0.001593892079	0.001523349305	0.001448012018
	0.001369650545	0.001290086203	0.00121048273	0.001130273286	0.001046286768
	0.0009532310334	0.0008464249738	0.0007256135715	0.0005964457065	0.0004684500165
	0.000354652589	0.0002787907729	0.0002964057734	0.000542804253	0.001333406732
	0.003346416173	0.007848115877	0.01656725393	0.03004690686	0.04501741413
	0.05577337198	0.05601940186	0.03860705481	-0.04379580734	-0.2775806899
	-0.699118164	-1.022566562	-0.667516427	-2.706585665	-6.556586434
	16.40524698	4.293089893	3.659451588	2.929034463	4.279491669
	4.206030423	2.897892689	3.235068234	3.966997184	6.392845341
	9.583688297	7.297029805	3.566565965	1.672960615	1.535918679
	1.491576846	0.6932475215	0.2532217523	0.08107520967	0.01298817281
	-0.02755538291	-0.07384848279	-0.1295990663	-0.1559846135	-0.1100484644
	-0.0399259922	0.00787316656	0.02702264365	0.02406271925	0.0130099498
	0.005191837731	0.003409574254	0.004118227196	0.004997020142	0.005686524594
	0.006189369466	0.006554533645	0.006831206148	0.007054783666	0.007246493911
	0.007417674118	0.007573942892	0.007717966949	0.007850998451	0.007973650062
	0.008086268229	0.008189112238	0.008282447375	0.008366611553	0.00844209281
	0.008509643295	0.008570441044	0.008626278102	0.008679680098	0.00873373184
	0.00879121735	0.008852599224	0.008912705637	0.008957663825	0.008967799425
	0.00188514949	0.001880627752	0.001867086477	0.001844598226	0.001813291393
	0.001773362389	0.001725095047	0.001668889724	0.001605302637	0.001535088748
	0.001459225457	0.001378868249	0.001295164972	0.001208870437	0.001119820826
	0.001026576163	0.0009267668379	0.0008184731814	0.0007020616917	0.0005811855281
	0.000463053917	0.0003613628451	0.0003076679863	0.0003819626762	0.0007869932629
	0.002018193358	0.005212610818	0.01269390682	0.02806035176	0.05278580951
	0.07969915178	0.09756567522	0.09973300114	0.1049722183	0.07678577712
	-0.04657789225	-0.2274507157	-0.4297791074	-1.493570294	-8.045794454
	-5.630935184	65.41454766	7.845408682	7.647179139	3.983424508
	5.208989384	4.499316785	4.221178766	4.359493366	4.758604456
	5.78675664	6.958138927	4.612590177	2.094628301	1.253437156
	1.994871632	2.785692179	1.208343282	0.3774618894	0.1031237965
	0.007381225033	-0.05356100355	-0.1385798711	-0.2570557456	-0.3190660672
	-0.2122231789	-0.06402938074	0.0256098067	0.05749187653	0.0478186538
	0.02613573192	0.01077491234	0.004770065777	0.003868501885	0.004526718486
	0.005361613852	0.006013093402	0.006468041624	0.006789979209	0.007034563184
	0.007235805702	0.007411490092	0.007570142507	0.007715661633	0.007849809208
	0.007973413259	0.008086916124	0.008190618414	0.008284791807	0.008369743008
	0.008445869623	0.008513728848	0.008574125057	0.008628199839	0.008677465702
	0.008723657339	0.008768201876	0.008811111016	0.008849375617	0.008875884403
	0.008881579261	0.00189153243	0.001887089389	0.001873783357	0.001851684552
	0.001820915967	0.001781661608	0.001734178372	0.00167881259	0.001616020597
	0.001546388088	0.001470634179	0.0013895737	0.001304002836	0.001214488763
	0.001121109944	0.001023311832	0.0009201292631	0.0008109111661	0.0006963280493
	0.0005793435165	0.0004668877541	0.0003754223171	0.0003475762939	0.0004968495827
	0.001122516855	0.002993769701	0.008004841336	0.02044755269	0.04812345445
	0.09587819459	0.1488570427	0.1826285666	0.1824829838	0.2257619373
	0.2619104329	0.1939651131	0.1798770272	0.2693270236	-1.187576356
	-11.48054538	-24.73022971	187.2773465	13.29642053	12.99500777
	5.443461111	6.597707165	10.37469531	6.439482657	5.087215758
	4.710882141	4.219063261	3.879892511	2.263180829	0.9425229279
	0.725683524	2.025918948	3.947159665	1.659161483	0.4410420743
	0.1014791929	-0.009376477975	-0.09601925134	-0.2519177701	-0.5070603515
	-0.6568480324	-0.4027489094	-0.08966265167	0.07242634706	0.1214780874
	0.09101570262	0.04482982521	0.01545888239	0.004242565669	0.002389621169
	0.003438050506	0.004764986681	0.005728256155	0.00634123149	0.006734699871
	0.007009774227	0.007223782027	0.007404996743	0.007566316154	0.00771337764
	0.007848619533	0.007973135453	0.008087476291	0.008191987744	0.008286954081
	0.0083726668	0.008449469722	0.008517802517	0.008578248457	0.008631575887
	0.008678738566	0.008720766229	0.008758448442	0.008791740737	0.008819007889
	0.008836703796	0.008840707624	0.001897388426	0.001893016374	0.00187992205
	0.001858172902	0.00182788706	0.001789238944	0.001742466142	0.001687878208
	0.001625866471	0.001556911068	0.001481576677	0.001400482768	0.001314232239
	0.00122329399	0.001127871217	0.001027843937	0.000922910834	0.000813011026
	0.0006990171241	0.0005838684963	0.0004753322478	0.0003941310991	0.0003971019518
	0.0006407869648	0.001552758929	0.004284294929	0.01186472144	0.03189446389
	0.08075331473	0.1734321073	0.2819803016	0.3495800186	0.323839745
	0.4399276427	0.583235706	0.4998965308	0.6557835041	1.597283635
	1.717397604	-5.114507899	-11.54720842	38.15711112	1.92185958
	6.818274588	4.868903782	7.835598593	23.3499589	9.250625079
	4.643034303	3.502607003	2.5417464	1.629460563	0.4204908089
	-0.1912209436	-0.1327236931	1.068934491	2.576022109	1.31899173
	0.3458365077	0.06120128718	-0.03991087822	-0.157964447	-0.4408155685
	-0.9949866851	-1.365865176	-0.7481112347	-0.09026947712	0.1857217959
	0.2545649037	0.1696574096	0.07167133208	0.01760994257	0.0001192062398
	-0.00127759722	0.001326524173	0.00375297026	0.005289478256	0.006161096322
	0.006662009036	0.006979685795	0.007210337918	0.007398243287	0.007562528042
	0.007711169405	0.007847469342	0.007972841612	0.008087959727	0.008193218177
	0.008288917782	0.008375344756	0.008452811937	0.008521688927	0.00858242889
	0.008635586693	0.008681808706	0.008721757962	0.008755929447	0.008784336635
	0.008806162227	0.008819699554	0.008823109983	0.001902664923	0.001898356369
	0.00188545043	0.001864010952	0.001834151401	0.001796038472	0.001749895417
	0.001696005858	0.001634717281	0.001566441517	0.00149164702	0.001410835416
	0.001324495061	0.001233032361	0.001136701627	0.001035583351	0.0009296827129
	0.0008192234368	0.0007052590317	0.0005910576159	0.0004858651023	0.000415741376
	0.00045439808	0.0008098897897	0.002066909794	0.005860271481	0.01672762209
	0.04704805195	0.1278836083	0.3011230778	0.5318003879	0.6813718767
	0.5471023546	0.8188913823	1.19537032	0.9265885918	1.189871609
	3.620523769	7.031870771	0.4170645063	-0.852592351	18.77429414
	2.162874815	3.490504399	3.05683814	5.725829091	15.18654102
	9.235294204	4.100413223	2.423425297	1.185113401	-0.1578336073
	-1.487738569	-1.599444887	-1.445967598	-0.1332470343	0.9767271583
	0.6058767717	0.1431646522	-0.01346515883	-0.08108348303	-0.2328662421
	-0.7267164168	-1.923461125	-2.857673179	-1.333779324	0.02436084639
	0.4414907552	0.5277880772	0.308929075	0.1062578448	0.01163922245
	-0.01129832172	-0.008767033465	-0.002388352362	0.002148023081	0.004648756623
	0.00591625437	0.006569712556	0.006944085286	0.007195576554	0.007391333677
	0.007558849422	0.00770908388	0.007846388986	0.007972549466	0.008088373645
	0.008194307384	0.008290670174	0.008377748782	0.008455838941	0.008525268874
	0.008586415343	0.008639711018	0.008685632775	0.008724652382	0.008757129633
	0.008783147808	0.008802354003	0.00881397361	0.008817217532	0.001907314999
	0.001903063066	0.001890322956	0.001869153551	0.001839663726	0.001802013906
	0.001756416459	0.001703136128	0.001642489709	0.001574842927	0.001500601307
	0.001420190968	0.00133402629	0.001242466676	0.001145776372	0.001044118622
	0.0009376356018	0.0008267003467	0.0007125520314	0.0005989764096	0.000497060196
	0.0004388843255	0.0005168265323	0.0009961241673	0.002637597453	0.007624752868
	0.02222831011	0.06438354935	0.1832437766	0.4752219259	0.981248823
	1.364119362	0.8475465399	1.462037301	2.422667541	1.531096608
	1.525060248	4.083277283	11.67511611	3.860398244	1.705424311
	8.962637213	2.922115329	2.039698543	2.027654954	5.079940804
	13.62969013	11.18632307	5.004772984	2.087848524	0.1571406385
	-2.092113573	-4.368163255	-3.733144439	-3.683042485	-1.418538553
	-0.08180251037	0.06691963081	-0.0871197904	-0.1144418339	-0.1223452192
	-0.2843674089	-1.035050776	-3.413744739	-5.75345354	-2.134931429
	0.5219623019	0.9786016964	1.081686985	0.5418583187	0.1371575767
	-0.01651416519	-0.03706892497	-0.02261633778	-0.008450448937	-0.0002345960547
	0.003768287431	0.005601530413	0.006458193384	0.006903674932	0.007179894594
	0.007384455718	0.007555369459	0.007707167088	0.007845404058	0.007972272794
	0.008088723364	0.008195253472	0.008292201777	0.008379858701	0.008458511084
	0.008528462893	0.00859004595	0.008643622591	0.008689575459	0.008728275394
	0.008760019344	0.008784943189	0.008802947727	0.008813722669	0.008816957807
	0.001911296885	0.00190709606	0.001894500681	0.001873562557	0.001844386282
	0.001807127474	0.001761990311	0.001709225553	0.001649127869	0.001582030683
	0.001508296447	0.001428300095	0.001342404561	0.001250930893	0.001154133123
	0.001052200866	0.0009453352683	0.0008340003672	0.0007196292648	0.0006066169793
	0.0005080549583	0.0004623176733	0.0005810441899	0.001188234308	0.003225339689
	0.009438272017	0.02787589566	0.08218488181	0.2407162494	0.6827185794
	1.790800858	2.829936865	1.037016348	2.239211741	4.736936375
	2.402364549	1.657867162	2.652150746	5.060398969	2.973144659
	1.710895156	4.058345773	1.840284979	1.031062101	1.195858297
	5.939348369	26.90923114	17.3913609	7.429208258	2.301320897
	-0.8091932218	-5.048472839	-10.16575643	-7.272702595	-8.095801662
	-2.889059593	-0.775868876	-0.3182506983	-0.3466507382	-0.2410339753
	-0.1437236685	-0.2103447003	-0.8794729851	-3.579534261	-8.139518765
	-2.019687679	2.129254784	1.999833141	2.193351929	0.8858376847
	0.120152674	-0.09765593717	-0.089122078	-0.04621369975	-0.01761733536
	-0.00351813969	0.002643300479	0.005224406484	0.006332041131	0.006860445163
	0.007164059428	0.007377895953	0.007552199152	0.007705466624	0.007844537532
	0.007972022999	0.008089013186	0.008196055176	0.008293505791	0.008381660353
	0.008460801482	0.008531218995	0.008593218137	0.008647120361	0.008693255163
	0.008731938961	0.008763438206	0.008787921742	0.008805424367	0.008815862965
	0.008819141713	0.001914572928	0.001910420779	0.001897951381	0.001877206745
	0.001848288378	0.001811348964	0.001766586877	0.001714242599	0.001654594664
	0.001587953389	0.001514650875	0.001435026045	0.001349404523	0.001258075852
	0.001161276365	0.001059197474	0.000952065398	0.0008404107379	0.0007258632698
	0.0006134532462	0.0005182826833	0.0004848808342	0.0006434329535	0.001373709875
	0.003786003835	0.01114624282	0.03316835498	0.09932470237	0.3026159593
	0.963136918	3.282868773	5.84209309	0.3501777675	1.619677864
	7.163307419	3.428127251	1.765725943	1.55438355	0.8022228751
	1.639204861	1.256093419	2.026071792	1.063489127	0.04002844513
	-0.5837371044	1.775742847	13.56152249	15.94944468	9.385729174
	2.467073465	-2.004325876	-11.48758653	-25.14621818	-10.7945951
	-14.12807825	-4.482643618	-1.17925003	-0.5870101044	-0.6261431153
	-0.3837117418	-0.1263108391	0.07822309255	0.2801597408	0.6715169968
	3.489957838	7.034219776	6.541701063	3.619837591	4.40985149
	1.213147468	-0.07974176038	-0.2926578972	-0.1846663413	-0.08296132399
	-0.0302689527	-0.007643422212	0.001332732254	0.004811751871	0.006201311698
	0.006817850912	0.007149213137	0.007372030277	0.007549467056	0.00770403088
	0.007843810221	0.007971809705	0.008089246735	0.008196711809	0.008294577508
	0.008383144039	0.008462692279	0.008533503814	0.008595868069	0.008650082451
	0.008696445955	0.008735244807	0.008766729579	0.008791087598	0.00880842264
	0.00881876096	0.008822097808	0.001917107301	0.001913008712	0.001900649984
	0.00188006181	0.001851346012	0.001814654926	0.001770183421	0.001718164721
	0.001658865805	0.001592580573	0.001519619748	0.001440296835	0.001354910412
	0.001263725237	0.001166959692	0.001064798618	0.0009574803612	0.0008455916597
	0.0007309531995	0.0006192084711	0.0005273489352	0.0005055617811	0.0007007113477
	0.00154128323	0.00427880111	0.01258617627	0.03735146388	0.1115340572
	0.3395935865	1.085834595	3.717060363	8.365344825	-3.198689281
	-1.237319472	7.940508052	4.026519501	1.888385058	1.284894132
	-0.3246069178	0.956033549	0.9644347108	1.190791812	0.527522947
	-1.191627639	-3.917973234	-4.455099131	3.197034211	6.550487856
	5.478289723	1.56323054	-2.803243655	-14.66307117	-56.5604858
	-13.90238738	-9.067562338	-3.900227705	-1.160292352	-0.6855112474
	-0.8134736134	-0.4985358168	-0.07287380525	0.4783999918	1.787711365
	5.9190702	24.50409919	36.53589317	15.46254334	5.177115107
	8.788397265	0.5792575952	-0.8458152785	-0.7069559472	-0.3416755996
	-0.1338354662	-0.04571083368	-0.01221585786	-1.367282591e-05	0.004413188311
	0.006081472152	0.006780574977	0.00713675904	0.007367282697	0.007547306303
	0.007702905581	0.007843240175	0.007971640816	0.008089427009	0.008197223097
	0.008295413785	0.008384303283	0.008464171887	0.008535296401	0.008597956823
	0.008652436343	0.008699016239	0.008737965594	0.008769526138	0.008793894986
	0.008811211555	0.008821555841	0.00882495742	0.001918860624	0.00191483881
	0.001902579503	0.001882110421	0.001853541499	0.001817028007	0.001772763414
	0.001720976267	0.00166192576	0.001595894734	0.001523179564	0.001444076646
	0.001358866019	0.001267794638	0.001171066635	0.001068859978	0.0009614218359
	0.0008493896417	0.0007347605469	0.0006237339853	0.0005349763289	0.0005235871597
	0.0007505508664	0.001684018539	0.004682831602	0.01368817318	0.04011947301
	0.116920604	0.337348211	0.9444036191	2.326601729	3.066600946
	-14.38718363	-6.627780895	17.62595254	5.761294896	2.166923819
	1.418487099	0.5624235417	0.9455727588	0.8096365918	0.914264687
	0.2655568818	-2.542390112	-8.682025624	-14.27158896	-4.03868258
	1.45297597	2.286252923	0.5530334298	-2.385263333	-8.206219164
	-22.05078207	-8.863515337	-4.687907086	-2.310722007	-0.9134291112
	-0.6219388223	-0.7448924777	-0.5023771055	0.005570179883	0.8457912942
	2.894406741	7.03325812	-0.57624515	69.6488046	26.23055513
	3.850780816	17.69076972	-5.790017904	-3.194931787	-1.472735322
	-0.5608455852	-0.1927352113	-0.061353183	-0.01640733112	-0.001155467045
	0.00409593196	0.005991067528	0.006753728943	0.00712811573	0.007364053766
	0.007545834685	0.007702128592	0.007842841502	0.007971522321	0.008089556316
	0.008197589	0.008296012605	0.008385133916	0.008465233025	0.008536583992
	0.008599461324	0.008654139968	0.008700891073	0.00873997404	0.008771625637
	0.008796048308	0.008813401498	0.008823797464	0.008827282627	0.001919776472
	0.001915902719	0.001903732616	0.001883342152	0.001854863058	0.001818456376
	0.001774315688	0.001722667025	0.001663765098	0.001597886342	0.001525318831
	0.001446349049	0.001361246204	0.001270246684	0.0011735461	0.001071319074
	0.0009638224389	0.000851739842	0.0007372227304	0.0006269437045	0.0005409679588
	0.0005384356587	0.0007917525737	0.001800410215	0.005004966681	0.01453887497
	0.04216925845	0.1209221574	0.3409042943	0.9337017089	2.445814671
	9.775274918	-35.44217263	-34.95097692	41.18045889	9.716044562
	2.48610348	1.468245709	1.045947971	0.9716988991	0.727271928
	0.8969150948	0.2727217776	-3.437414897	-11.69866299	-24.61343414
	-10.14323655	-1.368374463	0.6730132791	0.006595549522	-1.919450958
	-5.070117477	-9.245884223	-4.44578116	-2.720310176	-1.495508463
	-0.7224535899	-0.5318688443	-0.6073362313	-0.4333512294	0.08666257431
	1.145497606	3.919105326	10.81369949	3.018909516	-289.3390253
	-13.24213261	-4.351654765	45.78518504	-30.02466108	-8.278552522
	-2.537275596	-0.7839463872	-0.2415099741	-0.07253390151	-0.01908063568
	-0.001817095465	0.003927455626	0.005946895856	0.006741570802	0.007124382812
	0.007362634318	0.007545132675	0.007701724498	0.007842623131	0.00797145804
	0.00808963618	0.008197809549	0.008296372748	0.008385633413	0.00846587138
	0.008537359231	0.008600368575	0.008655170058	0.008702029576	0.008741201559
	0.008772920274	0.00879739127	0.008814786957	0.008825250451	0.008828880643
	0.001919746065	0.001916222037	0.001904113168	0.001883752782	0.00185530422
	0.00181893323	0.001774833829	0.001723231286	0.001664378853	0.001598550871
	0.0015260327	0.001447107598	0.001362041295	0.001271066979	0.001174378362
	0.001072151842	0.0009646561575	0.0008526158745	0.0007383078527	0.0006287757851
	0.0005451649436	0.0005497225534	0.0008236830746	0.00189120469	0.005260096267
	0.01524189709	0.04407759434	0.1263513072	0.3613850754	1.066726689
	3.662538933	20.86416809	60.05688943	-137.166053	12.58496337
	8.384352127	2.227750163	1.413136626	1.141732997	0.9700376842
	0.6944530345	0.8737469908	0.3552657971	-3.659888748	-11.6793862
	-24.00585812	-12.31354427	-2.258234526	0.1990463019	-0.1707786432
	-1.771709512	-4.193998376	-6.457267017	-3.454422395	-2.177328851
	-1.242877671	-0.6474096054	-0.4906379032	-0.5460093942	-0.3935862198
	0.1294377057	1.285146136	4.31266802	12.25179423	18.03834768
	-15.98095788	53.01167004	19.60618846	273.9741873	-102.9650178
	-13.22681586	-3.095826208	-0.8647803182	-0.2539107501	-0.07436448192
	-0.01928108107	-0.001803240432	0.003949372033	0.005958111337	0.006746159756
	0.007126029723	0.007363132693	0.007545226414	0.007701700734	0.007842588011
	0.007971449477	0.008089667278	0.008197884739	0.008296493575	0.008385800468
	0.008466084772	0.008537618476	0.008600672245	0.008655515366	0.008702412082
	0.00874161524	0.008773358303	0.008797848005	0.008815263233	0.008825779273
	0.008829733036	