3131	
	0.005307884253	0.005301644157	0.005284530811	0.00525665319	0.005219156221
	0.005175760793	0.005137809064	0.005139351385	0.005282256999	0.005871882885
	0.007828128295	0.01394086198	0.03272564801	0.09017649764	0.2635164993
	0.7527235057	1.779359394	2.45763993	1.515828297	0.6488940207
	0.2412154034	0.08605970874	0.03144760339	0.01284145209	0.006839630226
	0.005805852819	0.008467576908	0.01815182021	0.04650290467	0.1259154382
	0.3384209101	0.8553394092	1.829513427	2.468708159	1.295421824
	0.07032403878	-0.2142827523	-0.08813781928	0.04584406381	0.08753985317
	0.0733628339	0.04589506812	0.02360895984	0.008754186014	-0.002447383292
	-0.01479632177	-0.03183665529	-0.05351942381	-0.07302892044	-0.07955800399
	-0.07605968142	-0.06608468571	-0.04923649384	-0.02702679038	0.005956372789
	0.08466242582	0.31797353	1.046630313	3.381868904	9.50030446
	-2.025139761	-4.208405685	-0.980018127	-0.274141677	-0.08937816562
	-0.02849333757	-0.006895330913	0.0009336169806	0.003862132009	0.005054453422
	0.005634192714	0.005996852868	0.006280626916	0.006533464296	0.00677180249
	0.007001093094	0.00722295923	0.007437685933	0.007645011726	0.007844198467
	0.00803367507	0.008210500539	0.008374094961	0.008537619693	0.008707934088
	0.008868154751	0.009014117548	0.00914791047	0.009270761112	0.009382194163
	0.009479053391	0.009551362618	0.009569287557	0.009443965192	0.00891128789
	0.007197456809	0.002154566514	-0.0112140125	-0.03923558252	-0.07520915549
	-0.09022447117	0.005307728068	0.00530183214	0.005284792894	0.005256981934
	0.005219611219	0.005176504109	0.005139266587	0.005142649036	0.005290331905
	0.005892085086	0.007877112098	0.01404669618	0.03287699501	0.08991942507
	0.2599696883	0.7370060254	1.78212528	2.580834035	1.564956542
	0.6426409322	0.2320607077	0.0816724982	0.02978406717	0.01226783499
	0.006665419007	0.005804252694	0.008635402502	0.01872611425	0.04837386629
	0.1323783006	0.3624972118	0.9489147821	2.151666459	3.014329063
	1.424053341	-0.09713155225	-0.324284023	-0.1020312769	0.07201916494
	0.1131636286	0.08830040361	0.05254549679	0.02589669614	0.008995108654
	-0.003598427491	-0.01792608614	-0.03847243788	-0.06540903181	-0.08994431088
	-0.09692127519	-0.09199275719	-0.07989471087	-0.0592376761	-0.03282695161
	0.00328927141	0.08233378806	0.3090491083	1.000842356	3.207470442
	10.16516148	16.16796844	-0.07675464178	-0.5369556324	-0.2264105258
	-0.08299601857	-0.02706513008	-0.006417681152	0.001110949899	0.003927271577
	0.005077511521	0.005641851932	0.005999003114	0.006280851076	0.006533045328
	0.006771199284	0.007000470637	0.007222376119	0.007437161087	0.007644557085
	0.007843859292	0.008033674639	0.008211641634	0.008377219218	0.008540558551
	0.008708985319	0.008868472687	0.009014157166	0.009147833908	0.009270625298
	0.009381980153	0.009478642061	0.009550406619	0.009566853394	0.009437696738
	0.008896046164	0.007166285139	0.002116245306	-0.01120578137	-0.03933680076
	-0.07629099629	-0.09267993533	0.005308230415	0.005302482252	0.005285541553
	0.005257827235	0.005220565663	0.005177538594	0.005140135004	0.005142216694
	0.005284002233	0.005861987054	0.007754640831	0.01356906595	0.03103969191
	0.0829443482	0.2345092865	0.6551248128	1.620344158	2.582732444
	1.558714584	0.6076067806	0.2122403673	0.0738458372	0.0270432507
	0.01135488276	0.006375385072	0.005738812715	0.008713167873	0.01913341142
	0.05016816946	0.1408928602	0.4050686909	1.161090643	3.054798772
	4.730910528	1.733012407	-0.7482906828	-0.6972723197	-0.1342000212
	0.1692118996	0.2017079205	0.1386745322	0.07490947157	0.03384558703
	0.01031727108	-0.006654133066	-0.02728407558	-0.05951496511	-0.1049834857
	-0.1482095187	-0.1562404853	-0.1465182156	-0.1278680206	-0.09426068697
	-0.05406217422	-0.009167410879	0.06686809684	0.2578770966	0.7823133927
	2.192797284	5.326741365	7.673960642	0.9211522811	-0.3987759598
	-0.218699735	-0.08188573951	-0.02622869245	-0.00595008374	0.001317883219
	0.004007953374	0.005106093636	0.005650565453	0.006000474845	0.006279794346
	0.006531190138	0.00676918361	0.006998533399	0.007220606669	0.007435592102
	0.007643218901	0.007842861558	0.008033432397	0.008213379174	0.008382569352
	0.00854723963	0.008712366099	0.008869391596	0.009014170181	0.009147579916
	0.009270310174	0.009381677117	0.009478431064	0.009550561052	0.009568433563
	0.009444679995	0.008922685857	0.007259541039	0.002401594149	-0.01057079989
	-0.03886085678	-0.07775047109	-0.095759582	0.005309282887	0.005303612516
	0.005286776188	0.00525917844	0.005222004816	0.005178854074	0.005140446443
	0.005138299675	0.005264472918	0.005786962786	0.007483923551	0.01260599681
	0.02761013095	0.07068147652	0.1907518825	0.5035539408	1.173312839
	1.874164858	1.245861438	0.5005447611	0.1766826659	0.06234995196
	0.02336306702	0.01017787103	0.005996174956	0.005610188001	0.008660300437
	0.01915155844	0.05070788056	0.1451459761	0.432679219	1.325482569
	3.915007648	6.878851196	1.609378074	-2.570081478	-1.483283829
	-0.1182988745	0.4187588862	0.3940422749	0.2384788469	0.1160543492
	0.04747108204	0.01222639612	-0.01245540142	-0.04527550949	-0.1019225776
	-0.1890215929	-0.2769734336	-0.2826567248	-0.2613268592	-0.2301659815
	-0.1673770998	-0.09691720912	-0.03309008791	0.04211685551	0.1880250282
	0.5277157558	1.258905516	2.235150917	1.28894257	-1.72982284
	-0.8591611205	-0.2747558382	-0.0860944463	-0.02546070961	-0.005332693141
	0.001590030108	0.0041106523	0.005141047644	0.005660335445	0.006001216525
	0.006277431033	0.006527888156	0.006765750945	0.00699527991	0.00721765177
	0.007432979755	0.007640983043	0.007841122022	0.008032595728	0.008214481396
	0.008386879932	0.008553109011	0.008715694316	0.00887024345	0.009013998595
	0.009147112062	0.009269808896	0.009381284691	0.009478414512	0.009551784728
	0.009573839661	0.009464219237	0.008989507279	0.007480407468	0.00309322627
	-0.008652458901	-0.03484009879	-0.07269647026	-0.09192256018	0.005310826925
	0.00530521067	0.005288484291	0.005261019391	0.005223917251	0.005180475174
	0.005140381255	0.005131690502	0.005234890588	0.005679207533	0.007112201193
	0.01134204125	0.02332051172	0.05612736307	0.1417959304	0.3453346598
	0.7310681958	1.094105367	0.7875984431	0.3497077915	0.1318410471
	0.04884648794	0.0192026863	0.008869436254	0.005565907359	0.005423058651
	0.008441876288	0.01857303732	0.0488436569	0.1386295522	0.4070726524
	1.20888353	3.391397641	5.932705068	-0.6838368381	-7.455274691
	-2.922469396	0.1272183463	0.9908820681	0.7652488801	0.4106281493
	0.1799066975	0.06622643603	0.01384879012	-0.02216727092	-0.07577285382
	-0.1785965991	-0.3526567907	-0.543587863	-0.529398302	-0.482132932
	-0.4314602964	-0.3060648937	-0.1734846175	-0.07212288262	0.01099634702
	0.1203031671	0.3203260765	0.651551403	0.8434221431	-0.2367635091
	-1.767991326	-0.8916054452	-0.2672161845	-0.07975236387	-0.02265904258
	-0.004269378182	0.001969665886	0.004240742097	0.00518274021	0.005671072657
	0.006001183666	0.006273752349	0.006523138785	0.006760900814	0.006990709667
	0.007213510962	0.007429321568	0.007637835293	0.007838576967	0.008030950645
	0.008214397365	0.00838902179	0.00855640826	0.008717610182	0.008870511225
	0.00901349886	0.009146395045	0.009269112936	0.009380792281	0.009478546927
	0.009553899602	0.009582429217	0.009494129231	0.009089684411	0.007810918736
	0.00416204243	-0.005390730493	-0.0264123849	-0.0574228364	-0.07489904709
	0.005312819999	0.005307251493	0.00529064339	0.005263327895	0.005226292478
	0.005182450335	0.005140220303	0.005123529547	0.005199518435	0.00555431344
	0.006696371629	0.009985975672	0.01894441812	0.04218212053	0.09854319471
	0.2197392588	0.4215573188	0.5849815029	0.4438177723	0.2188152162
	0.09030106561	0.03596458543	0.01517135423	0.007584956457	0.005127492419
	0.005190822728	0.008064644492	0.01741135394	0.04467612007	0.1223302518
	0.337456794	0.8899598986	1.981868036	2.107994085	-7.031007621
	-21.60370004	-5.305183148	0.9175624711	2.169235236	1.424888008
	0.6820618817	0.267583234	0.08743621973	0.01362636009	-0.03697451525
	-0.1238942707	-0.3106440661	-0.6643749354	-1.099164697	-0.9998806928
	-0.8976609718	-0.825056014	-0.5623632118	-0.3038200135	-0.1314731789
	-0.02483685426	0.06442867884	0.1790715256	0.3163095055	0.2979639657
	-0.3029121036	-0.9519072648	-0.5485482685	-0.1931868548	-0.06187709551
	-0.01769151006	-0.002761547759	0.002448170901	0.004394177005	0.005229817446
	0.005682449051	0.006000349752	0.006268786249	0.006516962106	0.006754640995
	0.00698482496	0.007208185085	0.007424616466	0.007633768813	0.007835199727
	0.008028434931	0.008213088625	0.008389175514	0.008557362533	0.008717997859
	0.008870049424	0.009012609408	0.009145411487	0.009268216587	0.009380182107
	0.009478751015	0.009556615077	0.009593164208	0.009530741003	0.009210100098
	0.0082024627	0.005417169903	-0.001552015587	-0.01618441776	-0.03727536043
	-0.04969666742	0.005315223138	0.005309702526	0.005293223135	0.005266075539
	0.005229117349	0.005184835505	0.005140279195	0.005115048648	0.005162744308
	0.00542741456	0.006287800124	0.008709422221	0.015039854	0.03055308088
	0.06545621061	0.1335616948	0.2340079198	0.3038575832	0.2393543484
	0.1294034232	0.05861630077	0.02542060638	0.01171810569	0.006446692769
	0.004717875799	0.004934715383	0.007582426373	0.01591719691	0.0395314244
	0.1037353747	0.267920333	0.6306491962	1.11350066	0.0453665935
	-12.53469611	-52.42567488	-8.734170261	2.131067421	4.236721818
	2.501296763	1.071820948	0.3704188144	0.1038392717	0.009078169939
	-0.05715173969	-0.1946635484	-0.5294939835	-1.257834078	-2.299407635
	-1.892421669	-1.681339988	-1.611330073	-1.031676076	-0.518142509
	-0.2173289871	-0.06454434477	0.02208370396	0.09241158948	0.1468443684
	0.09717090672	-0.1944169282	-0.4594350589	-0.2966551356	-0.1215044573
	-0.04230278317	-0.01210657427	-0.001088216735	0.002968199855	0.004558198579
	0.005279574936	0.005694102045	0.005998812957	0.006262647362	0.006509418706
	0.006746993628	0.006977632326	0.0072016781	0.007418869545	0.007628789047
	0.007830996101	0.008025076195	0.00821071309	0.008387829107	0.008556636946
	0.008717181465	0.008868922104	0.009011335087	0.009144163021	0.009267118923
	0.009379433344	0.009478931706	0.009559578718	0.009604798722	0.009569649932
	0.00933483579	0.008595467916	0.00662870221	0.001986732652	-0.007128541831
	-0.01956531014	-0.02669193453	0.005317996432	0.005312526188	0.005296186845
	0.005269227641	0.005232372338	0.005187677413	0.005140844377	0.005107338932
	0.005128257829	0.005310333002	0.00592275108	0.007617100898	0.01187591964
	0.0217466743	0.04240660499	0.07923745873	0.1279271208	0.1572460625
	0.1275054633	0.07465172166	0.03703288832	0.01764716534	0.00902310258
	0.005517107742	0.004360869291	0.004677168551	0.007065367212	0.01439185206
	0.0347784854	0.08911627145	0.2261003133	0.5375778849	1.102404018
	1.498913252	-3.119408958	-27.1216179	-6.069322844	4.396900612
	7.613725071	4.153983322	1.569576852	0.4578240573	0.1002333704
	-0.003057742216	-0.0798394008	-0.2889454786	-0.8769280928	-2.415186604
	-5.065938444	-3.600216496	-3.197655766	-3.251771577	-1.88515507
	-0.8561869565	-0.3340984396	-0.1065483579	-0.008048254197	0.043053082
	0.0659243326	0.02767072394	-0.1084189953	-0.2177171053	-0.1537362997
	-0.07072511971	-0.02622656274	-0.007115692356	0.000476285702	0.003467311208
	0.004719160755	0.005329749659	0.005706197206	0.005997015055	0.006255623947
	0.006500639372	0.006738001654	0.006969141488	0.007193994772	0.007412090446
	0.007622911865	0.007825992532	0.008020938164	0.008207454908	0.00838540004
	0.008554771932	0.008715494071	0.008867248529	0.009009712363	0.009142664211
	0.009265824022	0.009378526709	0.009478993739	0.009562442709	0.009616140776
	0.009606820526	0.009450211546	0.008943697986	0.007644683517	0.004763191892
	-0.0004902425201	-0.007167576853	-0.01070365112	0.00532109763	0.005315680829
	0.005299492675	0.00527274341	0.005236028683	0.005191000627	0.005142126808
	0.005101199622	0.005098594363	0.005210367433	0.005620104791	0.006748868756
	0.009491443919	0.01552687434	0.02733958449	0.04673956726	0.07000875112
	0.08224299942	0.06830812588	0.04293929073	0.02331329347	0.01231614266
	0.007062031165	0.004805195087	0.004065987425	0.004434471632	0.006563782636
	0.01300646319	0.03094680503	0.07955948963	0.2092925925	0.5560272314
	1.52680379	4.471103047	9.770903146	1.7548701	3.971872763
	10.94282644	15.32043751	6.718275837	2.084626937	0.4565874026
	0.04995024293	-0.02569547592	-0.09440369055	-0.3934642417	-1.404527512
	-4.905166724	-12.20160531	-7.019226102	-6.362185657	-6.937745503
	-3.419958102	-1.355624973	-0.4771818874	-0.14551864	-0.0265483229
	0.01755924861	0.02939608984	0.006100678437	-0.05678050636	-0.1028167905
	-0.07763263686	-0.03877419896	-0.01473167901	-0.003211467555	0.001781405113
	0.003906708316	0.004869659918	0.005380661635	0.005720236599	0.005996076561
	0.006248306836	0.006490863052	0.006727731919	0.0069593589	0.007185133681
	0.007404287452	0.007616157826	0.007820225135	0.008016091732	0.008203468668
	0.008382176871	0.008552119839	0.008713178232	0.008865139394	0.0090077866
	0.009140936598	0.009264340633	0.009377448611	0.009478857951	0.009564923162
	0.009626270796	0.009639402647	0.009547790009	0.009224262363	0.008414606135
	0.006719966661	0.003848196482	0.0004639460694	-0.001140540038	0.005324482007
	0.00531912155	0.005303094628	0.005276576429	0.005240047062	0.005194800713
	0.005144240154	0.005097084131	0.005075058059	0.005130517005	0.005384237837
	0.006098400707	0.007792928899	0.01135693628	0.01792361843	0.02794473124
	0.03897033815	0.044049407	0.03738704142	0.02513394178	0.014975641
	0.008844128826	0.005709054098	0.00428665446	0.003831525289	0.004213684784
	0.006094379456	0.01176511129	0.02774313248	0.07228880449	0.1980463811
	0.5663399153	1.708917894	5.312623063	13.14479225	13.15010299
	11.44470683	24.31105419	31.43160122	10.12269255	2.267067198
	0.2225934966	-0.0853394974	-0.05837467398	-0.07358212898	-0.453518937
	-2.091755205	-9.611681973	-31.73550036	-15.20753616	-14.3931613
	-16.33245363	-6.116910325	-2.009116187	-0.6189752875	-0.1685448507
	-0.03119756271	0.008017011215	0.01477870098	0.001307810886	-0.02807981531
	-0.04803777206	-0.03803484671	-0.01986939543	-0.007149255502	-0.0004010132268
	0.002796143551	0.00427892514	0.005012804913	0.005437371007	0.005740134871
	0.005998282485	0.006241768128	0.006480477139	0.006716266717	0.00694827006
	0.007175072991	0.007395458019	0.007608545311	0.007813731971	0.008010603492
	0.008198873142	0.008378348788	0.008548898936	0.008710396067	0.008862682809
	0.009005602282	0.009139005037	0.009262681823	0.009376194012	0.009478471948
	0.009566834272	0.009634642187	0.009665974908	0.009624567684	0.009434314886
	0.008956557176	0.008002541431	0.006489748909	0.004833475617	0.004143599113
	0.005328102766	0.005322800995	0.00530694356	0.00528067552	0.005244377937
	0.005199043672	0.005147201754	0.005095126193	0.005057912265	0.00507052396
	0.005209977103	0.005634432333	0.006636481795	0.008671242767	0.01222952334
	0.01731876161	0.02250108679	0.02457679416	0.02131079967	0.01532146892
	0.01006220486	0.006667475128	0.00481333463	0.003923243388	0.003649265533
	0.004014727571	0.00565134327	0.01059051486	0.02464058763	0.0644037672
	0.1785633868	0.5140265641	1.511619988	4.297757477	9.552429464
	9.986577381	9.590986046	17.54463142	21.2946865	8.034108085
	1.250486572	-0.4281916464	-0.3404145568	-0.09197758835	0.04010020304
	-0.3060856476	-2.239736492	-10.44954625	-47.68609168	-35.11330038
	-35.54446707	-40.79028955	-10.55297031	-2.641517947	-0.6890045019
	-0.151982329	-0.0163667101	0.01087267606	0.01143705301	0.002160050867
	-0.01245485436	-0.021582607	-0.01761170355	-0.009075201831	-0.002389150547
	0.001528303099	0.003568197874	0.004605979905	0.005165471137	0.005512431988
	0.005773818579	0.006007806268	0.006237798385	0.006470043669	0.006703666445
	0.006935799128	0.007163742989	0.007385573194	0.007600081929	0.007806547453
	0.008004532635	0.008193759492	0.008374042499	0.008545247735	0.008707256768
	0.008859947269	0.009003200408	0.009136895969	0.009260864616	0.009374767529
	0.009477813519	0.009568093319	0.009641064818	0.009686328076	0.00968148932
	0.009582773336	0.009317699178	0.008802086446	0.008028185132	0.007236017343
	0.00694968864	0.005331911663	0.005326670171	0.005310988184	0.00528498595
	0.005248963282	0.005203670234	0.005150949381	0.005095213125	0.005046691951
	0.005028133638	0.005087353436	0.005317230773	0.005878028086	0.006995858938
	0.008870910209	0.01140588877	0.01380880769	0.01461686148	0.01296096912
	0.009977847399	0.007230047	0.005342099088	0.004239286751	0.003675754293
	0.003508842192	0.003834945083	0.005225870875	0.009423711291	0.02135853776
	0.05494005556	0.1495821815	0.4153372407	1.136211203	2.861995799
	5.614055259	6.107357103	6.393534445	9.182220229	-1.97056824
	0.7682136487	-0.8064272004	-1.375120359	-0.6936499248	-0.1059610906
	0.3353170379	0.2413890301	-1.496327719	-6.395491137	-21.31522572
	-27.10197131	-37.32189646	-54.7653292	-13.16601661	-2.614818022
	-0.5678083085	-0.06260607623	0.02603467178	0.0250225508	0.01448591783
	0.004858013497	-0.003856658281	-0.008581346864	-0.00709244886	-0.003033992803
	0.0005255668883	0.00284771583	0.004191479731	0.00493929227	0.005363882479
	0.005630547962	0.005835863601	0.006031815077	0.006239197842	0.006460270492
	0.006689868281	0.006921724886	0.007150974965	0.007374551194	0.007590752041
	0.00779869678	0.007997930477	0.008188200566	0.008369348791	0.008541260753
	0.008703838458	0.008856987897	0.009000618779	0.009134636768	0.009258909523
	0.009373182885	0.009476887821	0.009568703973	0.009645617517	0.00970104739
	0.009721607837	0.009682942506	0.009548510152	0.00928303526	0.00889889591
	0.008527663425	0.008412681889	0.005335859724	0.005330679262	0.005315176099
	0.005289450829	0.005253739175	0.005208602907	0.005155365383	0.005097074015
	0.00504052149	0.005000187619	0.005005099789	0.005108586756	0.005396450336
	0.005978036356	0.00692861111	0.00815414205	0.009235116072	0.009504789852
	0.008622727664	0.0070917388	0.005624729824	0.00455350029	0.003880826738
	0.003510611563	0.003400761213	0.003672967847	0.004818908253	0.008267229493
	0.01795621911	0.04459535311	0.1167133147	0.306227341	0.7702212339
	1.731600527	3.036693211	3.331011061	3.19144983	2.490870871
	-36.64535378	-5.206161457	-3.116797097	-2.288647393	-1.075090731
	-0.08673654522	0.9209892511	1.38580144	-0.3249826902	-3.186391668
	-7.604300788	-2.45971635	31.72657171	-12.93474618	-5.833340725
	-1.315368148	-0.185307473	0.13160712	0.1035644132	0.04960394235
	0.02134437069	0.008075071257	0.001032238209	-0.002056741847	-0.001651795597
	0.0003283289302	0.002328634677	0.003823674273	0.00479758866	0.005369766357
	0.005675764271	0.005837218237	0.005952005266	0.006082144329	0.006250068037
	0.00645183307	0.006674452654	0.00690551624	0.007136409797	0.007362213409
	0.007580497635	0.007790188578	0.007990839772	0.008182257595	0.008364338836
	0.008537009307	0.008700202182	0.008853851768	0.008997893055	0.009132255537
	0.009256839918	0.009371461214	0.009475720864	0.009568729512	0.00964854064
	0.009711102689	0.009748632955	0.009747955217	0.009691229739	0.009564781331
	0.009382314009	0.00921337987	0.009169687605	0.005339897956	0.005334778419
	0.005319454762	0.005294012558	0.005258638693	0.005213753777	0.005160301293
	0.005100360189	0.005038371426	0.004983394519	0.004952736593	0.00497646485
	0.00509966175	0.005373907082	0.005823928089	0.006382775033	0.006833902028
	0.006873618679	0.00636785018	0.005542929197	0.004727086595	0.004093170189
	0.0036617041	0.003402034146	0.003317933648	0.003530466309	0.004443344911
	0.007174230949	0.01468450156	0.03461581968	0.08582802391	0.2107418929
	0.4866481528	0.9848366932	1.542712947	1.466510801	0.04648573325
	-8.348612755	-166.826622	-10.08346535	-6.484110865	-3.951968973
	-1.668729044	-0.09545374844	1.759553769	3.284552509	1.074057808
	-0.6886802838	0.5569913455	27.61340897	333.6176521	21.93980184
	1.266728685	0.07951790294	0.3253247138	0.4453310484	0.2167660572
	0.08125732673	0.0297936964	0.01114683788	0.003907946128	0.001289739837
	0.001190177857	0.002233396837	0.003541941181	0.004720199877	0.005577112972
	0.006056692136	0.006225279475	0.006214750587	0.006166816397	0.006177736524
	0.006275919898	0.006444842506	0.006656149641	0.006886025344	0.007119340904
	0.007348213708	0.007569189498	0.007781004417	0.007983292657	0.00817598398
	0.008359073413	0.008532552953	0.008696400107	0.008850581556	0.00899505773
	0.009129781013	0.009254681311	0.009369628839	0.00947435187	0.009568265739
	0.009650142827	0.009717547215	0.009766059143	0.00978871948	0.009777075708
	0.009726427204	0.009646996394	0.009574635849	0.009560249437	0.005343978023
	0.005338918482	0.005323772391	0.005298614186	0.00526359464	0.005219031596
	0.00516559853	0.005104706591	0.005039232454	0.004974777924	0.004921528519
	0.004896209103	0.004922169453	0.005023196483	0.005205226832	0.005426223297
	0.005576417581	0.005517416041	0.005196318383	0.004716684184	0.004231130664
	0.00382893834	0.003530242074	0.003331768841	0.003256108828	0.00341224171
	0.004120239505	0.006218801853	0.01181722955	0.0260197492	0.06038482326
	0.1378737162	0.2922222593	0.5335727637	0.7329521009	0.4882263556
	-0.8929982292	-5.655252239	-31.10253312	38.41588904	-15.20416879
	-7.609782715	-2.702107255	-0.2722843893	2.071186655	4.812532767
	2.208214653	0.5844556466	1.982284795	11.50531562	142.6029581
	15.38961293	2.00279421	0.7879431243	0.7871443441	0.8151637537
	0.3401416796	0.110736398	0.03705587101	0.01349405424	0.005582221235
	0.00302815838	0.002700410749	0.00338831264	0.004555681508	0.005848631509
	0.006841263649	0.007289674136	0.0072414014	0.006911221637	0.006556415748
	0.00634786959	0.006323089328	0.006437536149	0.006631855367	0.006860939059
	0.007098455384	0.007331929773	0.007556585654	0.007771084389	0.007975306985
	0.008169426814	0.008353607774	0.008527945544	0.008692480072	0.008847217752
	0.008992146788	0.009127242436	0.009252460597	0.009367715066	0.00947282638
	0.009567419284	0.009650735947	0.009721341405	0.009776775142	0.009813436286
	0.009827435721	0.009817520555	0.009790278133	0.009763860979	0.009761371467
	0.005348052846	0.005343051626	0.005328078739	0.005303200569	0.005268541824
	0.00522434735	0.005171103374	0.005109771656	0.005042212942	0.004971873897
	0.004904707803	0.004849946656	0.004819580027	0.004824375312	0.004864231442
	0.004914556171	0.004920463333	0.004818842548	0.004588910942	0.004278812074
	0.003960328344	0.003679718623	0.003452965456	0.003287827871	0.003213759475
	0.003325831813	0.00387498321	0.005474967812	0.009565987283	0.01936757524
	0.04149056606	0.08735345179	0.1693847273	0.2778350528	0.3217606249
	0.05261153875	-1.090943104	-3.844889006	-8.640932739	6.211091733
	-76.8195927	-17.27759528	-4.211199371	-0.5759725151	1.496143073
	3.497329181	2.171508143	1.009320853	1.941570146	6.585147097
	28.44516423	-2.705972336	1.382423098	1.283197086	1.04861458
	0.9472878533	0.3921773224	0.1230096206	0.04029531402	0.01465742215
	0.006441980961	0.00391398944	0.003522046824	0.004205429081	0.005718301065
	0.007670469408	0.009150906246	0.009611048293	0.009149085949	0.008191294191
	0.007247978815	0.006635191365	0.00639614149	0.006423347993	0.006594765318
	0.006825839597	0.007071426171	0.007312304468	0.007542275038	0.007760308819
	0.007966881394	0.008162626942	0.008347993991	0.008523238305	0.008688487965
	0.008843799871	0.008989194035	0.009124669364	0.009250205364	0.009365750328
	0.00947119104	0.009566293114	0.009650598246	0.009723276111	0.00978297964
	0.009827877818	0.009856234149	0.009867965452	0.009866997517	0.009862400726
	0.009864648547	0.005352077115	0.005347131893	0.005332325737	0.005307719283
	0.005273418738	0.005229618076	0.005176676217	0.005115258492	0.005046578789
	0.004972766065	0.004897304201	0.00482529	0.004762878222	0.004714896753
	0.004679904977	0.00464418607	0.004580610054	0.004460402734	0.004275530088
	0.004048766046	0.003814423871	0.003597016938	0.003409030539	0.003263057836
	0.003191873739	0.003281605105	0.003736892459	0.005014205875	0.008081975189
	0.01487430664	0.02888688569	0.05519496276	0.09694589769	0.1413966438
	0.1297873154	-0.08544198807	-0.8579830097	-2.422217404	-2.703862272
	0.9728479306	-61.15420854	-33.53036326	-5.470384216	-0.6205687174
	1.013503232	2.112836637	1.610404653	1.045919439	1.613942914
	3.953440647	9.540889224	0.6903382499	3.350259585	2.131699829
	1.179338378	0.7851035702	0.3386399555	0.113874644	0.03896329655
	0.01461144759	0.006725469484	0.004320464863	0.003969035016	0.004924085798
	0.007431413461	0.01099178753	0.01357355926	0.0140523689	0.01273892506
	0.01052269799	0.008445482805	0.007094194417	0.006490123574	0.006384789902
	0.006530999206	0.006772670289	0.007034302603	0.007287628583	0.007525607135
	0.007748477567	0.007957990057	0.008155618425	0.008342282008	0.008518481287
	0.008684468864	0.008840367004	0.008986233177	0.009122091432	0.009247943296
	0.00936376481	0.009469490223	0.009564978624	0.00964995913	0.009723959303
	0.00978625206	0.009835919769	0.009872211503	0.009895346309	0.009907551351
	0.00991331492	0.009917394836	0.005356007713	0.005351115634	0.005336467989
	0.00531212128	0.005278168666	0.00523476907	0.005182196059	0.005120922353
	0.005051756199	0.004976032832	0.004895815714	0.004813950119	0.004733635589
	0.004657061319	0.004582930727	0.004503875821	0.004406638129	0.004278132863
	0.00411538844	0.003929439327	0.003737181523	0.003552456547	0.00338599455
	0.003253916933	0.003193900761	0.003293762093	0.003743075834	0.004920068412
	0.007515052298	0.01265635712	0.02193835247	0.03705473397	0.05775326696
	0.07423425704	0.05165033588	-0.08747625277	-0.4932935071	-1.202767202
	-1.155063962	-0.5962245272	-19.20435537	-11.1507352	-2.366887743
	0.07982243275	0.9517373422	1.54232307	1.381821904	1.085458708
	1.398972502	2.611041603	4.711218338	3.009834017	5.88488911
	3.093955431	1.25515518	0.6222810119	0.2674577736	0.09780305522
	0.03533988846	0.01377168629	0.006631819298	0.004436421937	0.004156389936
	0.00564458387	0.01025772369	0.01734414044	0.02219526583	0.0225878986
	0.01948143582	0.0147211419	0.01045863435	0.007775983843	0.006571706214
	0.006281548104	0.006413820846	0.006687365552	0.006980658062	0.007255267869
	0.00750561423	0.007735290757	0.007948578879	0.008148428326	0.008336520195
	0.008513724008	0.008680467472	0.008836957966	0.008983297726	0.009119538079
	0.009245701696	0.009361787544	0.00946776424	0.009563552631	0.009648997713
	0.009723835732	0.009787679366	0.009840074214	0.009880706854	0.009909808113
	0.009928598972	0.009939285238	0.009944042315	0.005359804038	0.00535496184
	0.005340463121	0.005316361313	0.005282740273	0.005239734805	0.005187561624
	0.00512656939	0.00505731445	0.004980658645	0.004897856075	0.004810536743
	0.004720417056	0.004628543008	0.004534070607	0.004433179956	0.004319479098
	0.004187064639	0.004034973854	0.003868790286	0.003697392542	0.0035297845
	0.003376846836	0.003259555491	0.003225881958	0.003382140176	0.003945849788
	0.00531548733	0.008106619867	0.01301813501	0.02040654677	0.02989277166
	0.04041284747	0.04692327375	0.03021378519	-0.04765410564	-0.2376458232
	-0.5225948632	-0.5848803663	-0.9949091086	-6.462857973	0.5529680872
	1.159972837	1.165581269	1.253039057	1.597973657	1.596508824
	1.316602973	1.433772981	2.145436885	3.449591913	3.818259229
	5.25011271	2.986237376	1.131811436	0.4952811209	0.2190298761
	0.0847313584	0.03139813848	0.01253475661	0.006312534978	0.00435342624
	0.0040302623	0.006249282201	0.01505014412	0.02976612461	0.03914838075
	0.03899893682	0.03210746226	0.02218760519	0.01372626106	0.008685373642
	0.006540099651	0.006028982838	0.006194325433	0.006546432833	0.006900500639
	0.007211362791	0.007480943069	0.007720338167	0.007938565845	0.008141077887
	0.008330756021	0.008509015763	0.008676528198	0.008833611203	0.008980420788
	0.009117038265	0.009243507111	0.009359845887	0.00946604868	0.009562077435
	0.009647848551	0.009723218928	0.009787985468	0.00984192564	0.00988491398
	0.009917120581	0.009939198062	0.009952226409	0.00995721469	0.005363428234
	0.005358632367	0.005344272019	0.005320398161	0.005287087802	0.005244458953
	0.005192690336	0.005132050776	0.00506294062	0.004985940327	0.004901844259
	0.004811627896	0.004716264434	0.004616313318	0.004511325711	0.004399399637
	0.004277512221	0.004143051557	0.003995859154	0.003839026477	0.003677918383
	0.003519921009	0.003378015747	0.003281137714	0.003296616668	0.003574291703
	0.004422139142	0.00639894562	0.0103103572	0.01678572724	0.02514515713
	0.03283050865	0.0388979047	0.04468341762	0.04023410787	0.005697872823
	-0.06518776327	-0.1426125984	-0.1457561353	-0.37795495	-0.7681099463
	13.56579566	4.933108364	2.553257567	1.820749623	2.07812646
	2.263971488	1.827322184	1.717754605	2.126591697	3.121267942
	3.891639283	3.709917922	2.050592413	0.8296606283	0.3808785589
	0.1929217552	0.07659458334	0.02756454886	0.01101314836	0.005868825831
	0.004126789563	0.003336359877	0.006126202261	0.02310346322	0.05448073173
	0.07269004454	0.07050395547	0.05567559775	0.03527331788	0.01879143411
	0.009672743627	0.006150670104	0.00546145564	0.005787410419	0.006312454509
	0.006779064801	0.007150575435	0.007449827994	0.007703108772	0.007927849215
	0.008133586279	0.008325037333	0.008504405893	0.008672695061	0.008830364565
	0.008977634797	0.009114620184	0.00924138505	0.00935796527	0.009464374462
	0.009560602487	0.009646610072	0.009722323889	0.00978764039	0.009842452333
	0.009886712352	0.009920529387	0.009944245636	0.009958390164	0.009963445063
	0.005366845339	0.00536209209	0.005347858954	0.005324194697	0.005291170997
	0.005248893845	0.005197516197	0.005137255029	0.005068413477	0.004991403889
	0.004906758064	0.004815096382	0.004717015475	0.004612866449	0.00450246584
	0.004384917928	0.004258836903	0.004123121878	0.003977955472	0.00382536864
	0.003669458659	0.003517958024	0.003388042887	0.003321263851	0.003417553842
	0.003906858779	0.00528222821	0.008484997393	0.01494559433	0.02576227632
	0.03902410994	0.0479981323	0.05174283588	0.0629181079	0.07618501208
	0.07319639631	0.07859304004	0.1412400593	0.2632994859	0.1144322676
	4.19938403	45.59413224	9.299941905	4.225972769	2.55897041
	2.950869991	3.612262989	2.685182754	2.140272852	2.150807734
	2.577320714	2.903989048	2.297786705	1.185344254	0.4950020794
	0.2671754418	0.1808786166	0.0704367897	0.0228327968	0.009052474548
	0.00541345932	0.003891308858	0.001602764486	0.003546735266	0.03636203483
	0.1046753987	0.139419822	0.130774386	0.09953110339	0.05778107546
	0.02610755409	0.0101795619	0.004870583456	0.004273200607	0.005052420415
	0.005928969903	0.006595815781	0.007066028479	0.007410156489	0.007683035969
	0.007916327781	0.008125977976	0.008319414546	0.008499944177	0.008669011533
	0.008827255011	0.008974971203	0.009112310983	0.00923935975	0.009356169104
	0.009462768241	0.009559166624	0.009645353092	0.009721295146	0.009786943414
	0.009842248225	0.009887193816	0.009921845009	0.009946378867	0.009961056684
	0.009966122259	0.005370023346	0.005365308961	0.005351191626	0.005327717855
	0.005294954852	0.005252999643	0.00520198724	0.005142100266	0.005073580238
	0.004996737456	0.004911951217	0.004819645232	0.004720219394	0.004613929626
	0.004500746106	0.004380284305	0.004251944111	0.004115321981	0.003970776795
	0.003820003881	0.00366703874	0.003521354562	0.003406665535	0.003383324321
	0.003601974138	0.004424708319	0.006673019355	0.0120378803	0.02337825637
	0.04341049111	0.06855573807	0.0821277391	0.08130923025	0.1047691608
	0.1473985734	0.168380677	0.2380255348	0.4515063084	0.7340761535
	0.5585008454	3.80714439	117.1005867	16.53175982	5.483284877
	3.254513031	4.371657337	6.633481351	4.05036016	2.539012863
	1.997799323	1.824778278	1.650137207	1.080634205	0.4754683014
	0.1602984959	0.1146523028	0.1381963655	0.0541834697	0.01493071467
	0.006416604726	0.005213962635	0.004166863007	-0.001554509628	-0.005295863028
	0.05813175198	0.2095099691	0.2728011882	0.2453184933	0.1809110244
	0.09548990807	0.03538692121	0.0086888405	0.001623193796	0.001930902417
	0.003770061915	0.005316232326	0.006324341293	0.006949669964	0.007359695318
	0.007659595525	0.007903936752	0.008118294337	0.008313943811	0.00849568137
	0.008665520356	0.008824318276	0.008972460148	0.009110136493	0.00923745399
	0.009354478776	0.009461252937	0.009557800302	0.009644128179	0.009720228613
	0.009786082387	0.009841669234	0.009886986272	0.009922070836	0.009947014155
	0.009961948163	0.009967008697	0.00537293318	0.005368254011	0.005354241158
	0.005330938531	0.005298409272	0.005256743411	0.005206063031	0.005146527306
	0.005078337586	0.005001740463	0.004917023923	0.004824498595	0.004724455578
	0.004617099752	0.004502478443	0.004380456078	0.004250803394	0.004113445105
	0.003968871251	0.003818836194	0.00366803883	0.003528843179	0.003434119242
	0.003470638226	0.003862986973	0.005175759617	0.008767423291	0.01766967249
	0.0376677038	0.07580924395	0.1269320822	0.1498706415	0.1323952409
	0.1797451067	0.2807200556	0.3136521559	0.4495488136	0.9220786896
	1.453456303	1.972299609	5.324988709	31.57608956	8.320775855
	3.522694895	3.02420231	5.160451965	10.97082028	5.847341707
	2.800165828	1.672692283	1.09055977	0.5960908764	0.06128940625
	-0.1715532701	-0.2054444473	-0.09146912176	0.01639989461	0.01260533731
	0.002350680586	0.003199447555	0.005921476052	0.006628393459	-0.004602906932
	-0.02576659228	0.09769316203	0.4369320953	0.5400082514	0.4604506765
	0.3316641245	0.1561694866	0.04383014575	0.001627408177	-0.005625452825
	-0.00243823508	0.001622380546	0.004371097098	0.005934248363	0.006793375365
	0.007296548666	0.007632468591	0.007890700037	0.008110608828	0.008308690832
	0.008491669799	0.008662263332	0.008821588525	0.008970130145	0.009108120966
	0.009235688926	0.009352913672	0.009459848259	0.009556527513	0.009642971461
	0.009719187558	0.009785174089	0.009840926593	0.009886448011	0.009921760248
	0.009946910953	0.009961969872	0.009967023523	0.005375548585	0.005370901285
	0.005356982055	0.005333831455	0.005301508709	0.005260098202	0.005209712409
	0.005150493948	0.005082617025	0.005006286898	0.004921734455	0.004829201697
	0.004728914441	0.004621043459	0.004505666835	0.004382762556	0.004252272675
	0.004114285954	0.003969425329	0.003819740376	0.003671087666	0.003539751293
	0.003470550268	0.003585315442	0.004210057222	0.006199570824	0.01172871378
	0.02604796948	0.06047419638	0.1325735308	0.2392976134	0.2803253515
	0.2069801293	0.2992938058	0.5315631032	0.5376675773	0.7037152534
	1.577002741	2.589909374	2.156677485	4.208688479	11.67154469
	3.347185127	2.117786291	2.272860626	4.383092207	9.343860658
	6.448499091	2.962744458	1.379122381	0.4722119173	-0.3517569398
	-1.056798355	-0.9358654403	-0.6847320691	-0.3379957209	-0.1159783731
	-0.03731718308	-0.01200034307	0.0001041547271	0.008777462271	0.01576442386
	0.003519074359	-0.04905310552	0.2006541399	0.9549099106	1.073155431
	0.8561502293	0.6111889517	0.2472687203	0.04179990025	-0.01865980281
	-0.0204544226	-0.01015318778	-0.001807902647	0.002976666307	0.005396563748
	0.006591097629	0.007219889164	0.007601766508	0.007876794023	0.008103043556
	0.008303734501	0.008487963753	0.008659281022	0.008819097969	0.008968007749
	0.009106286824	0.009234083937	0.009351491201	0.009458571136	0.009555367306
	0.009641908942	0.009718213732	0.009784290771	0.009840144845	0.009885782307
	0.009921217344	0.009946476135	0.009961598528	0.009966647682	0.005377845865
	0.005373227735	0.005359392166	0.005336375071	0.005304231812	0.005263042235
	0.005212911587	0.005153970461	0.005086374037	0.005010299582	0.00492594043
	0.004833494215	0.004733143879	0.004625033218	0.004509245644	0.004385805078
	0.004254731043	0.004116206257	0.00397100425	0.003821622963	0.00367543972
	0.003553569485	0.003515507099	0.003726948955	0.004644372636	0.007509737102
	0.01564310302	0.03764996987	0.09433163364	0.2263356317	0.449628551
	0.5282379518	0.2855396404	0.4525191026	1.002707937	0.8791816198
	0.9033941916	1.798441417	3.506213726	2.197515299	2.695430358
	5.342263521	2.242723992	1.412063198	1.786849672	4.373620526
	9.636942637	7.347369615	3.417600201	1.233028824	-0.08420962633
	-1.528521445	-2.86812228	-2.10387192	-1.448222171	-0.6624998826
	-0.2416924839	-0.08127957934	-0.02546715547	-0.002259743795	0.01540423702
	0.04108013844	0.06823150902	0.05567388208	0.6331853647	2.200810677
	2.117172377	1.557826864	1.133009981	0.3657375431	0.003042602519
	-0.06727468766	-0.04864214322	-0.02299666583	-0.006988604881	0.001029392834
	0.004694061663	0.006342184545	0.007130914615	0.007568284448	0.007862609373
	0.008095782588	0.008299168978	0.008484619315	0.008656612279	0.008816876463
	0.008966117244	0.009104654433	0.009232656487	0.009350226802	0.009457436059
	0.009554334912	0.009640959551	0.00971733486	0.009783477123	0.00983939715
	0.009885104007	0.009920608785	0.009945927654	0.00996108592	0.009966134129
	0.00537980338	0.005375213091	0.005361452705	0.005338551455	0.005306561111
	0.005265558177	0.0052156426	0.00515693615	0.005089580299	0.005013732639
	0.004929560639	0.004837231548	0.004736897964	0.004628680907	0.00451265689
	0.004388863772	0.004257356194	0.004118383168	0.003972888164	0.00382391714
	0.003680625875	0.003569682172	0.003567551015	0.0038914584	0.005154358232
	0.009074771996	0.02043259859	0.05235109448	0.1397952464	0.3665431434
	0.8170994084	0.984072605	0.2761885031	0.5027418909	1.835061211
	1.407858814	1.038982084	1.37430342	2.266323912	1.695978146
	1.661596305	2.528145412	1.35774638	0.9463829738	1.413732861
	4.336111827	13.12307243	9.874389978	4.258366611	1.166454581
	-0.7103379481	-3.508519311	-6.61453591	-4.033997878	-2.722618543
	-1.103846371	-0.3678246621	-0.1190804114	-0.03755126703	-0.003900534218
	0.02616059285	0.0917126155	0.2786771348	0.8202977069	2.614543645
	5.294423348	4.058366582	2.72537533	2.125227214	0.4637005269
	-0.1357895144	-0.1714473548	-0.09845551584	-0.04297038934	-0.01429659269
	-0.001509287115	0.003836740758	0.006055472435	0.007033824793	0.007533709534
	0.007848787951	0.008089075656	0.008295102584	0.008481693229	0.008654293528
	0.008814951045	0.008964480329	0.00910324188	0.009231421991	0.009349133937
	0.009456455313	0.009553442551	0.009640137234	0.009716569547	0.009782760885
	0.009838726408	0.009884477746	0.009920025614	0.00994538224	0.009960565761
	0.009965617436	0.005381400528	0.005376839782	0.005363148419	0.005340346311
	0.005308482758	0.00526763254	0.005217892088	0.005159376809	0.005092218222
	0.005016559807	0.004932550703	0.004840336574	0.004740047688	0.004631785986
	0.004515616689	0.004391578027	0.004259742107	0.004120414516	0.003974721987
	0.00382631258	0.003686263967	0.003587224192	0.003624063458	0.004070541679
	0.005713547113	0.01080823396	0.02579642501	0.0689880285	0.1918781732
	0.5328248183	1.319850017	1.716530824	-0.05389146808	-0.001486636863
	3.101905686	2.203170536	1.234602114	1.028741323	1.225369475
	1.021657866	0.9887045852	1.244640937	0.7780341738	0.6017884287
	0.8531488212	2.458444934	7.980982724	8.60293483	4.278643108
	0.947594955	-1.497054061	-7.316973945	-15.21687276	-6.665613605
	-4.130934509	-1.550615176	-0.4650950249	-0.1453111517	-0.04712842873
	-0.005447087614	0.03650283584	0.1481866037	0.5744850494	2.270076421
	7.828251891	12.24200599	7.246325978	4.467134186	4.085197756
	0.341911214	-0.5141211284	-0.3747054352	-0.1794997791	-0.07151502189
	-0.02374371982	-0.004537489426	0.002879574983	0.005752887578	0.006936409359
	0.007500669964	0.007836206325	0.00808322561	0.008291652073	0.008479240564
	0.008652357773	0.008813345448	0.008963115831	0.009102064779	0.009230393699
	0.009348224071	0.009455639147	0.009552699979	0.00963945234	0.009715930405
	0.009782159358	0.009838157727	0.009883939669	0.00991951717	0.009944902143
	0.009960109747	0.009965171593	0.005382615491	0.005378093185	0.005364468034
	0.005341749042	0.005309986298	0.005269255174	0.005219650341	0.005161282869
	0.005094277196	0.005018766773	0.004934887764	0.004842770478	0.004742528825
	0.004634249582	0.004517986726	0.00439377462	0.004261696615	0.004122111265
	0.003976331206	0.003828614111	0.003691967798	0.003605045946	0.003681304721
	0.004252049641	0.006282667867	0.01258171459	0.03129215239	0.08580264562
	0.2415734888	0.6676952186	1.654580675	2.502287796	-1.18003025
	-1.781096925	5.361878688	3.397867535	1.554478628	0.8886004725
	0.7453259509	0.6176577231	0.589659551	0.641744529	0.4233336903
	0.2958930208	0.007938227906	0.2360973786	3.159098015	4.252249527
	2.657119226	0.4607689522	-1.97581097	-9.156089598	-28.23326288
	-9.412037117	-3.772201496	-1.497879028	-0.4652447695	-0.1503749929
	-0.05183648847	-0.007528516323	0.03789411299	0.1597998011	0.6711050765
	3.029509685	15.22870531	25.22066107	11.34588746	6.633854808
	8.217693641	-0.6787196231	-1.411600448	-0.7337975932	-0.2981287855
	-0.1079200018	-0.03458268312	-0.007734399983	0.001934517916	0.005470266604
	0.006849688184	0.007472503431	0.007825882166	0.008078555744	0.008288931877
	0.008477311182	0.008650833357	0.008812079587	0.008962039429	0.009101136106
	0.009229582587	0.00934750664	0.009454995863	0.009552114845	0.009638912516
	0.009715426017	0.009781683357	0.009837705706	0.009883509648	0.009919109506
	0.009944519694	0.009959756704	0.009964841775	0.005383419947	0.005378963014
	0.00536540521	0.005342752873	0.005311064436	0.005270418833	0.005220910571
	0.005162648077	0.005095751068	0.00502034624	0.004936561021	0.00484451533
	0.00474431179	0.004636026241	0.00451970387	0.004395375489	0.004263134312
	0.004123388638	0.0039776262	0.003830672398	0.003697319741	0.003621769329
	0.00373469817	0.00442105486	0.006814180548	0.01425066986	0.03653106096
	0.1021501025	0.2912938195	0.8086922695	2.036147916	3.765207045
	-4.349387692	-6.923349439	11.32744644	5.527062721	2.017455228
	0.8847148671	0.5457862764	0.4160980261	0.3727654695	0.3505856446
	0.1874008454	-0.1111198899	-1.658059106	-3.356923064	0.1379485428
	1.64160193	1.244030008	0.04718930449	-1.723252193	-5.759655538
	-14.27340276	-6.995406705	-2.625096052	-1.097543686	-0.390978314
	-0.1381716317	-0.05088680653	-0.009865439039	0.0266321166	0.09695879392
	0.3153477842	0.5152983782	-1.975657998	13.27482565	12.79728484
	8.615387496	17.8689014	-4.840019437	-3.328835181	-1.291355278
	-0.4468680862	-0.1470117767	-0.04494918596	-0.01053248941	0.00116347225
	0.005252667003	0.006786131278	0.007452682352	0.007818801273	0.008075359447
	0.008287039631	0.008475945528	0.008649742661	0.008811169079	0.008961263428
	0.009100466051	0.009228997271	0.009346989019	0.009454531882	0.00955169292
	0.009638523275	0.009715062157	0.009781339569	0.009837378657	0.009883198149
	0.009918815286	0.009944249678	0.009959526639	0.009964664828	0.005383765793
	0.005379448497	0.005365960133	0.005343354837	0.005311712716	0.005271118773
	0.005221668357	0.005163468584	0.005096636481	0.005021294835	0.004937566011
	0.004845563891	0.004745384488	0.004637097168	0.004520741992	0.004396348596
	0.004264020293	0.004124209627	0.003978554254	0.003832355659	0.003701885613
	0.003635915474	0.003779276393	0.004561079173	0.007254163829	0.01564471197
	0.04103411065	0.117262363	0.3458684763	1.032957231	3.14326838
	10.07288974	-11.32550743	-27.3304118	19.27508047	8.841123738
	2.481300172	0.9185082389	0.476464971	0.3280580536	0.2678784139
	0.2138522111	0.02614104086	-0.545850875	-3.531360635	-8.412497667
	-2.527846698	0.3380144658	0.5236358376	-0.161506845	-1.405902494
	-3.692185865	-6.780590155	-3.876705346	-1.771752329	-0.8068674695
	-0.3222483966	-0.1232579548	-0.04751162055	-0.01154319235	0.01251130486
	0.02533342309	-0.006507459285	-1.178018225	-12.60428163	-174.5521697
	-12.40649257	12.13200874	46.62567184	-19.979092	-7.022580968
	-1.989193754	-0.5873869022	-0.1773846687	-0.05193964492	-0.01222279073
	0.0007392448708	0.005142794319	0.006756498863	0.007443978927	0.007815699428
	0.008073843262	0.008286041212	0.008475170617	0.008649100952	0.008810624857
	0.008960796578	0.009100061914	0.009228643933	0.009346676491	0.009454251771
	0.009551438245	0.00963828835	0.009714842522	0.009781131963	0.009837181072
	0.009883010137	0.009918639151	0.0099440948	0.009959423823	0.009964689885
	0.00538355036	0.005379575402	0.005366141014	0.005343555137	0.005311929018
	0.005271352388	0.005221921249	0.005163742354	0.00509693186	0.005021611276
	0.004937901315	0.004845913895	0.004745742925	0.004637455868	0.004521091842
	0.004396682427	0.004264341334	0.004124556708	0.003979077581	0.003833544932
	0.003705257604	0.003646094637	0.003810332981	0.004656032591	0.007545990907
	0.01655312139	0.04394114938	0.127136702	0.3836943054	1.208833878
	4.147266507	16.66706217	21.60479259	-81.43531224	7.736335729
	9.279309928	2.466437388	0.8991855925	0.4531623498	0.3024131896
	0.2353977976	0.1700568927	-0.04436754004	-0.7357039288	-3.925550878
	-9.997399955	-3.995066359	-0.07528453951	0.3110849465	-0.2333276685
	-1.306533652	-3.079381767	-4.919287383	-3.010611423	-1.484911933
	-0.7000931033	-0.2915444066	-0.1148047533	-0.04495793171	-0.01184710207
	0.006666750887	-0.004400540398	-0.1349944655	-1.303843698	-11.7690239
	-36.40340614	15.86436903	28.54162146	171.932865	-50.12310774
	-13.362546	-2.453883399	-0.6378170969	-0.1838030955	-0.05270728298
	-0.0122490191	0.0007762696493	0.005165263972	0.006766269098	0.007447643676
	0.007816870259	0.008074081202	0.008285959709	0.00847499731	0.00864891567
	0.008810452935	0.008960643966	0.009099928034	0.009228526277	0.009346572224
	0.009454158257	0.009551353205	0.009638209896	0.009714769163	0.009781062609
	0.009837115075	0.009882947463	0.00991858112	0.009944047863	0.009959424668
	0.009965015481	