3131	
	0.01463407706	0.01462746171	0.0146104321	0.01458339284	0.01454657356
	0.01450008335	0.01444398329	0.01437831924	0.01430313496	0.01421847741
	0.01412439948	0.01402096212	0.01390823663	0.01378630673	0.01365526801
	0.01351521882	0.0133662421	0.01320841221	0.01304186069	0.01286680818
	0.01268349705	0.01249214816	0.01229294788	0.01208598591	0.01187104715
	0.01164704901	0.0114105956	0.01115236093	0.01084832031	0.01043942269
	0.009787622031	0.008591506518	0.006260060787	0.001835379846	-0.005724064566
	-0.0166836354	-0.02973378306	-0.04066291601	-0.04244116162	-0.03369636106
	-0.0206363023	-0.009388781697	-0.002050280639	0.001966833868	0.003938810427
	0.004933586168	0.005682655375	0.006693531391	0.008278105395	0.01029018576
	0.01186008163	0.01203996566	0.01088388807	0.009129612975	0.007486251707
	0.006307084934	0.005632807567	0.005353113242	0.005330468957	0.005455955815
	0.00566004769	0.005901782777	0.006157727249	0.006416636512	0.006673693879
	0.006926906802	0.007175548144	0.007419466681	0.007658753021	0.007893569888
	0.008124063561	0.008350317429	0.008572329457	0.008790005207	0.009003162063
	0.00921154141	0.009414825659	0.009612657109	0.009804656215	0.009990437626
	0.01016962316	0.01034185148	0.01050678482	0.01066411296	0.01081355522
	0.01095486083	0.01108780811	0.01121220296	0.01132787681	0.01143468434
	0.01153250122	0.01162122173	0.01170075661	0.01177103107	0.01183198288
	0.0118835607	0.01192572266	0.01195843499	0.01198167013	0.01199539464
	0.01199945485	0.01463360448	0.01462739281	0.01461040454	0.01458336833
	0.01454654768	0.0145000551	0.01444395183	0.01437828363	0.01430309411
	0.01421843006	0.01412434417	0.01402089709	0.01390815959	0.0137862145
	0.01365515621	0.01351508258	0.0133660792	0.01320822395	0.01304164592
	0.01286656039	0.01268320783	0.01249180759	0.0122925415	0.01208548684
	0.01187039364	0.01164608034	0.01140886935	0.01114863537	0.01083910188
	0.01041494748	0.009721012179	0.008410841843	0.005783182041	0.0006506126976
	-0.008346460111	-0.02162198528	-0.03771358687	-0.05142288943	-0.05324324652
	-0.04158932387	-0.02507637387	-0.01145121091	-0.002882064808	0.001677305461
	0.003880223075	0.005002229019	0.005884282247	0.007117889679	0.009100834554
	0.01167073116	0.01366934391	0.01381975009	0.01227341344	0.01003663735
	0.007999921226	0.006566082253	0.005751104164	0.005402511148	0.00534936022
	0.005462486264	0.005661782283	0.005901730322	0.006157103539	0.006415846608
	0.006672850526	0.006926031752	0.007174640275	0.007418524071	0.007657778342
	0.007892570541	0.008123050659	0.008349304685	0.00857133198	0.008789038142
	0.009002239211	0.009210674113	0.009414022132	0.009611922268	0.00980399192
	0.009989843171	0.01016909586	0.01034138729	0.01050637881	0.01066375977
	0.01081324939	0.01095459699	0.01108758118	0.01121200822	0.01132770993
	0.01143454144	0.01153237882	0.01162111677	0.0117006664	0.01177095326
	0.01183191547	0.01188350211	0.01192567187	0.01195839241	0.01198164135
	0.01199541502	0.01199979168	0.01463330679	0.01462724956	0.01461031056
	0.0145832866	0.01454646621	0.01449996851	0.01444385644	0.0143781761
	0.01430297099	0.01421828755	0.01412417787	0.01402070173	0.01390792853
	0.01378593905	0.01365482492	0.01351468235	0.01336560013	0.01320766359
	0.01304100147	0.0128658181	0.01268234518	0.01249079721	0.01229134825
	0.01208405362	0.01186859807	0.01164360381	0.01140480161	0.01114028604
	0.01081845672	0.01035823448	0.009558632441	0.007944159183	0.004473286793
	-0.00281312549	-0.01644206779	-0.03746096632	-0.06414090558	-0.08813015254
	-0.09047153032	-0.06865775776	-0.04020587459	-0.01850393163	-0.005786762704
	0.0006130075336	0.003611229704	0.005165762309	0.00647775734	0.008428561981
	0.01175699712	0.01631699334	0.01990852963	0.01998360146	0.01707598189
	0.01316550455	0.009774031127	0.007466510424	0.006168261285	0.005581075997
	0.00542031438	0.005488508023	0.005669994241	0.005903011951	0.006155851164
	0.006413733707	0.006670428846	0.006923453028	0.007171937519	0.00741570749
	0.007654862747	0.007889580439	0.008120019561	0.008346273163	0.008568344856
	0.008786140716	0.00899947312	0.009208073799	0.009411612668	0.009609718744
	0.009802000118	0.009988061052	0.01016751539	0.01033999624	0.01050516236
	0.0106627018	0.01081233341	0.01095380691	0.01108690171	0.01121142515
	0.01132721032	0.01143411362	0.0115320124	0.01162080253	0.01170039627
	0.01177072022	0.01183171352	0.01188332632	0.0119255188	0.01195826139
	0.01198153884	0.01199536851	0.01199987195	0.01463306518	0.01462706964
	0.01461016556	0.01458315314	0.01454633168	0.01449982523	0.01444369851
	0.01437799804	0.01430276712	0.01421805157	0.01412390255	0.01402037842
	0.01390754654	0.01378548474	0.01365428096	0.01351402881	0.01336481977
	0.01320674739	0.01303994128	0.01286459227	0.01268091847	0.01248912593
	0.01228937701	0.01208169521	0.01186566966	0.01163963007	0.01139840723
	0.01112732915	0.01078632907	0.01026861248	0.009296031543	0.007166531271
	0.002202652417	-0.009143370645	-0.03209963107	-0.06934892258	-0.1190421589
	-0.1665655857	-0.1695171142	-0.1240083894	-0.06960174673	-0.0315553025
	-0.01095641127	-0.001220663551	0.003186289649	0.005522705751	0.007649874108
	0.01102466415	0.01722335467	0.02632018074	0.03360320309	0.0332980131
	0.02716552465	0.01954096692	0.01328229157	0.009198756803	0.006951893043
	0.005910084539	0.005549068584	0.005535032826	0.005684532355	0.005905463519
	0.006153928341	0.006410305281	0.006666447195	0.006919189906	0.0071674606
	0.007411041587	0.00765003536	0.00788463095	0.008115000092	0.008341247734
	0.008563386307	0.008781324743	0.008994870742	0.009203744542	0.009407600215
	0.009606049558	0.009798684527	0.009985095862	0.0101648871	0.01033768423
	0.01050314163	0.01066094518	0.01081081326	0.01095249621	0.01108577489
	0.01121045851	0.01132638226	0.01143340471	0.01153140531	0.01162028197
	0.01169994882	0.01177033417	0.01183137882	0.01188303461	0.01192526374
	0.01195803967	0.01198135268	0.01199522916	0.01199978815	0.01463283234
	0.01462686237	0.01460997885	0.01458297316	0.0145461472	0.01449962758
	0.01444348015	0.01437775161	0.01430248485	0.01421772482	0.01412352133
	0.01401993092	0.01390701836	0.01378485796	0.01365353344	0.0135131352
	0.01336375612	0.013205496	0.01303848475	0.01286289958	0.01267894277
	0.01248680865	0.01228664361	0.01207842993	0.01186163429	0.01163420977
	0.01138981584	0.01111013093	0.0107437352	0.01014863747	0.008938163801
	0.006078719685	-0.001099685196	-0.01892335959	-0.05826866911	-0.1261768433
	-0.2214412805	-0.3180958134	-0.3204066623	-0.2242812391	-0.1192006084
	-0.0521130319	-0.01864859774	-0.003806081494	0.002698534986	0.006252938975
	0.009748289285	0.01564579389	0.0274454122	0.0462278373	0.06155676051
	0.05978863454	0.04645329863	0.03121323694	0.01943641755	0.01211778933
	0.008225546919	0.006428413882	0.005746665282	0.005604767105	0.00570585581
	0.005909121121	0.006151363458	0.006405601871	0.006660943124	0.006913277148
	0.007161249659	0.007404579079	0.007643362356	0.00787779565	0.008108063617
	0.008334289038	0.008556501874	0.008774620823	0.008988450928	0.009197697695
	0.009401992447	0.009600921394	0.00979405234	0.00998095587	0.01016122032
	0.01033446132	0.010500327	0.01065850028	0.01080869892	0.01095067432
	0.01108420944	0.01120911622	0.01132523287	0.01143242104	0.01153056318
	0.01161956003	0.01169932832	0.0117697988	0.01183091447	0.01188262934
	0.01192490792	0.01195772647	0.0119810788	0.01199499374	0.01199958077
	0.01463258873	0.01462662938	0.01460975581	0.01458275103	0.01454591616
	0.01449937844	0.01444320412	0.01437743972	0.01430212739	0.01421731092
	0.01412303847	0.0140193643	0.01390635021	0.01378406659	0.01365259269
	0.01351201517	0.01336242661	0.01320392978	0.01303665288	0.01286076027
	0.01267643802	0.01248386617	0.01228317102	0.01207428602	0.01185653573
	0.01162743683	0.01137928376	0.01108946	0.01069300839	0.01000525299
	0.008505009106	0.00473580007	-0.005292729501	-0.03191986562	-0.09638528669
	-0.2187580816	-0.4008796956	-0.5932686885	-0.589278886	-0.3924128988
	-0.195744474	-0.08141356457	-0.02892537121	-0.007035216566	0.002317060313
	0.007675025576	0.01339656857	0.0235794717	0.04604203803	0.08539064172
	0.1182333444	0.1115605428	0.08227131857	0.0517606965	0.0297164711
	0.0167597445	0.01016301636	0.007187036316	0.006026653674	0.005700974816
	0.005734684095	0.00591414963	0.006148230587	0.006399679329	0.006653961245
	0.006905761426	0.00715337305	0.007396423911	0.00763498258	0.007869232776
	0.00809936535	0.008325530044	0.008547792475	0.008766097831	0.008980256901
	0.009189959372	0.009394806056	0.009594347015	0.009788115601	0.00997565384
	0.01015652886	0.0103303421	0.01049673339	0.01065538182	0.01080600454
	0.01094835451	0.01108221759	0.0112074094	0.01132377213	0.01143117148
	0.01152949383	0.01161864356	0.01169854078	0.01176911927	0.01183032482
	0.01188211402	0.01192445385	0.01195732305	0.01198071753	0.01199466604
	0.01199927029	0.01463232628	0.01462637081	0.01460949986	0.01458249053
	0.014545642	0.0144990811	0.01444287378	0.01437706595	0.01430169874
	0.01421681445	0.01412245926	0.01401868483	0.01390554959	0.01378311978
	0.01365146987	0.0135106823	0.01336084743	0.01320206758	0.01303446677
	0.01285819702	0.01267342849	0.01248032506	0.01227898961	0.01206930198
	0.01185043562	0.01161944719	0.01136719053	0.01106648781	0.01063786093
	0.009850227863	0.008033748157	0.003256450241	-0.009977192138	-0.04666131205
	-0.142233746	-0.350557348	-0.6899931778	-1.047182498	-1.0208833
	-0.6466697135	-0.3021341207	-0.1190162788	-0.04131920842	-0.01063269391
	0.002330314822	0.01035058795	0.01976617887	0.03719516887	0.07989841936
	0.1632861596	0.2346717296	0.2125635627	0.1478464595	0.08704991644
	0.046317312	0.02383975706	0.01297085684	0.008238854663	0.006400769865
	0.005825804135	0.005771341114	0.005920613489	0.006144572051	0.006392571376
	0.006645530315	0.006896694695	0.007143944904	0.007386777585	0.0076251788
	0.007859269681	0.008089227617	0.008315246956	0.008537467887	0.008755899366
	0.008970379081	0.00918058382	0.009386074227	0.009586349353	0.009780893455
	0.009969208319	0.01015083178	0.01032534619	0.01049238052	0.0106516091
	0.01080274855	0.010945554	0.01107981516	0.01120535235	0.01132201284
	0.01142966741	0.01152820728	0.01161754135	0.01169759384	0.01176830223
	0.01182961559	0.01188149346	0.01192390544	0.01195683251	0.01198027202
	0.01199425203	0.01199886928	0.01463204205	0.01462608709	0.0146092137
	0.01458219505	0.01454532828	0.0144987392	0.01444249297	0.01437663452
	0.01430120364	0.01421624086	0.01412179004	0.01401789992	0.01390462527
	0.01378202786	0.01365017712	0.01350915056	0.01335903459	0.013199928
	0.01303194826	0.01285523507	0.01266994281	0.01247621777	0.0122741372
	0.01206352632	0.01184341168	0.01161041123	0.0113540126	0.01104270708
	0.01058314618	0.009699434603	0.00757570822	0.001801039417	-0.01469107348
	-0.06199322784	-0.1922822896	-0.5107754998	-1.091807337	-1.670268666
	-1.593461039	-0.9701933251	-0.4287887047	-0.1611253932	-0.05460562693
	-0.01412813381	0.003183493891	0.01526196666	0.03124689533	0.06164428795
	0.1435138276	0.3221970071	0.4794286076	0.4102155092	0.2664096831
	0.1461721628	0.07220708787	0.03418585092	0.01684560637	0.009620863264
	0.006872709566	0.005978265843	0.005815074598	0.005928231076	0.006140298378
	0.006384230683	0.006635622456	0.006886121599	0.007133159079	0.007376029881
	0.007614517418	0.007848567258	0.008078299838	0.00830399306	0.008525945586
	0.008744309491	0.008958995182	0.009169676228	0.009375858983	0.009576968002
	0.00977241558	0.009961645508	0.0101441545	0.01031949888	0.01048729336
	0.01064720629	0.01079895381	0.01094229403	0.01107702154	0.01120296257
	0.01131997062	0.01142792264	0.01152671569	0.01161626406	0.01169649682
	0.01176735578	0.0118287938	0.01188077371	0.01192326792	0.01195625957
	0.01197974725	0.0119937585	0.01199838723	0.01463173563	0.01462577931
	0.01460889988	0.01458186792	0.01454497869	0.01449835672	0.01444206602
	0.01437615025	0.01430064756	0.01421559641	0.01412103808	0.01401701806
	0.01390358716	0.01378080238	0.01364872776	0.01350743509	0.01335700524
	0.013197531	0.01302912127	0.01285190289	0.01266601419	0.0124715827
	0.01226865903	0.01205701691	0.01183555415	0.01160051939	0.01134027182
	0.01101975793	0.01053430795	0.009571297158	0.007193316771	0.0005761625158
	-0.01880279716	-0.07634208404	-0.2432854136	-0.6807762731	-1.519370768
	-2.283768481	-2.141657966	-1.277786389	-0.5475776405	-0.200527718
	-0.06706618623	-0.01693696843	0.005482026794	0.02404002264	0.05295451619
	0.1105162573	0.2727369719	0.6586146146	1.008782384	0.7986226271
	0.4773393745	0.2421234243	0.1108602831	0.04853642656	0.02189065439
	0.01132693896	0.007430278336	0.006152128391	0.005863486422	0.00593618262
	0.006135082057	0.006374438395	0.006624078584	0.006874053425	0.007121352961
	0.007364934922	0.007604120704	0.007838438031	0.008067863498	0.008292848784
	0.008514031023	0.008731869475	0.008946439352	0.009157430828	0.009364271061
	0.009566269275	0.009762727245	0.009953001886	0.01013653019	0.01031283198
	0.01048150262	0.01064220268	0.01079464782	0.01093859994	0.01107385976
	0.01120026074	0.01131766387	0.01142595341	0.01152503332	0.01161482415
	0.0116952606	0.01176628941	0.01182786774	0.01187996205	0.01192254775
	0.01195561025	0.01197914939	0.01199319267	0.01199783254	0.01463140805
	0.0146254492	0.01460856109	0.01458151251	0.01454459707	0.01449793792
	0.01444159768	0.01437561847	0.01430003657	0.01421488812	0.01412021152
	0.01401604874	0.01390244633	0.0137794562	0.01364713654	0.0135055527
	0.0133547786	0.01319489909	0.01302601275	0.01284823271	0.01266168063
	0.0124664642	0.01226260759	0.0120498397	0.0118269606	0.01158996226
	0.01132646213	0.01099916532	0.01049647014	0.009483878995	0.00695305377
	-0.0001602772316	-0.02124134654	-0.08493741023	-0.2738835227	-0.7764806973
	-1.739254086	-2.588529004	-2.462632342	-1.46030053	-0.6266010283
	-0.2310413135	-0.07751077161	-0.01853872605	0.009903749501	0.03891925815
	0.09456894613	0.2195735991	0.5630366867	1.393451545	2.181228092
	1.561972427	0.8428993653	0.3908219807	0.1652071429	0.06711193457
	0.02798553921	0.01327398489	0.008037632433	0.006334327095	0.005912217366
	0.00594299242	0.006128231736	0.006362650587	0.006610464365	0.006860410266
	0.00710912467	0.007354951461	0.007596196399	0.007831460232	0.008060411387
	0.008283886243	0.008503243836	0.00871958291	0.008933319831	0.009144193503
	0.009351501382	0.009554361443	0.009751896628	0.009943327801	0.01012800168
	0.01030538485	0.01047504538	0.01063663312	0.0107898629	0.0109345013
	0.01107035655	0.01119727072	0.01131511371	0.01142377832	0.01152317646
	0.01161323586	0.01169389759	0.01176511396	0.01182684688	0.01187906685
	0.0119217525	0.01195489164	0.01197848559	0.0119925622	0.01199721337
	0.01463106121	0.01462509903	0.01460820026	0.01458113235	0.01454418749
	0.01449748736	0.01444109307	0.014375045	0.01429937734	0.01421412367
	0.01411931929	0.01401500239	0.01390121493	0.01377800344	0.01364541977
	0.01350352211	0.0133523763	0.01319205766	0.01302265303	0.0128442608
	0.01265698498	0.01246091255	0.01225604215	0.01204206737	0.01181773028
	0.01157890905	0.01131296769	0.01098202459	0.01047319281	0.00944973792
	0.006902804456	-0.0002076148738	-0.02107416411	-0.08314650176	-0.2623667219
	-0.7191098803	-1.570065689	-2.440486639	-2.581428573	-1.521798073
	-0.6689587584	-0.2553331776	-0.08640381863	-0.01855209507	0.01695538112
	0.06140643922	0.1655661332	0.4403033746	1.18636251	2.929043223
	4.746168418	3.024342979	1.445029009	0.604891633	0.2351402818
	0.08892092967	0.03462974976	0.01527293393	0.00863132145	0.006504857631
	0.00595508526	0.005946493492	0.006118503431	0.006347712356	0.006593780932
	0.006844888581	0.007097544307	0.007348899731	0.007595068458	0.007832662944
	0.008060745485	0.008281028432	0.008496404003	0.008709272652	0.008920716728
	0.009130563218	0.009337870008	0.009541417421	0.009740025163	0.009932692274
	0.01011862379	0.01029720565	0.01046796576	0.01063053834	0.01078463641
	0.010930032	0.01106654227	0.01119401951	0.01131234393	0.01142141823
	0.01152116331	0.01161151504	0.01169242161	0.01176384149	0.01182574186
	0.01187809755	0.01192089071	0.01195411176	0.0119777637	0.01199187514
	0.01199653798	0.01463069759	0.01462473152	0.01460782059	0.01458073119
	0.0145437542	0.01449700986	0.01444055766	0.01437443607	0.01429867703
	0.01421331137	0.01411837106	0.01401389026	0.01389990612	0.01377645939
	0.01364359522	0.01350136397	0.01334982238	0.01318903508	0.01301907587
	0.01284002734	0.01265197478	0.01245498361	0.01224902833	0.0120337778
	0.01180795938	0.01156749016	0.0112999975	0.01096874313	0.01046537944
	0.00947086301	0.007045772655	0.0004284331259	-0.01842692245	-0.07220101837
	-0.2185862939	-0.5685611174	-1.229714678	-2.271436831	-3.072599331
	-1.681772944	-0.7352025023	-0.2872252114	-0.09534186196	-0.01632325664
	0.02674892232	0.08972202826	0.2597710877	0.7617573621	2.188251055
	5.739021788	10.14525819	5.555597902	2.33241188	0.8760691058
	0.3133146603	0.1109906913	0.04084348993	0.01702751804	0.009125353256
	0.006639172431	0.005984819308	0.00594383914	0.006103753761	0.006327299503
	0.006571873216	0.006826657068	0.007088528103	0.007352230189	0.00760918672
	0.007851814664	0.008078054499	0.008291631491	0.008498677498	0.008704195647
	0.008910510153	0.0091175537	0.009323900914	0.009527707828	0.009727261853
	0.009921189264	0.01010846619	0.01028835272	0.01046031565	0.01062396536
	0.01077901091	0.01092523028	0.01106245098	0.01119053716	0.01130938092
	0.01141889615	0.01151901392	0.01160967912	0.01169084782	0.01176248524
	0.01182456428	0.01187706449	0.01191997176	0.01195327937	0.01197699222
	0.01199113998	0.01199581492	0.01463032011	0.01462434973	0.01460742551
	0.01458031292	0.01454330165	0.01449651047	0.01443999719	0.01437379827
	0.01429794324	0.01421246003	0.01411737709	0.01401272436	0.01389853392
	0.01377484049	0.01364168207	0.01349910064	0.01334714311	0.01318586238
	0.01301531817	0.01283557621	0.01264670196	0.01244873849	0.01224163744
	0.01202505303	0.01179773828	0.01155578971	0.01128756287	0.01095897064
	0.01047105587	0.0095379878	0.007338856307	0.001539750825	-0.01435636276
	-0.05762181982	-0.1699236239	-0.4374279332	-1.052975864	-2.882782482
	-5.240560366	-2.284223074	-0.89861036	-0.3405711721	-0.10370108
	-0.00972817078	0.03934647829	0.1184475072	0.3528683388	1.097715427
	3.436295393	11.29052913	23.11119703	9.483268375	3.392361561
	1.147582671	0.381394138	0.128203841	0.04527764437	0.0181884321
	0.00942929138	0.006713409225	0.005994296485	0.00593142774	0.00608024618
	0.006296812629	0.006540212977	0.00680366358	0.007085489157	0.007375479186
	0.007655055703	0.007907847277	0.008129839011	0.008329384931	0.008519426679
	0.008710089784	0.008905916369	0.00910684636	0.009310433639	0.009513647918
	0.009713822476	0.009908945561	0.01009761681	0.01027889615	0.01045215549
	0.01061696787	0.01077303435	0.01092013878	0.01105812033	0.01118685671
	0.0113062535	0.01141623713	0.01151675	0.01160774692	0.01168919255
	0.01176105946	0.01182332668	0.0118759788	0.01191900576	0.01195240387
	0.01197618016	0.01199036559	0.01199505304	0.01462993196	0.014623957
	0.01460701867	0.01457988165	0.01454283447	0.01449599445	0.01443941767
	0.01437313848	0.01429718392	0.01421157888	0.01411634816	0.01401151731
	0.01389711313	0.01377316406	0.01363970064	0.01349675602	0.01334436663
	0.01318257288	0.01301141955	0.0128309545	0.01264122234	0.0124422429
	0.01223394582	0.01201597852	0.0117871515	0.01154384987	0.01127550629
	0.01095175506	0.0104861854	0.009634955187	0.007717248555	0.002862987996
	-0.009929590278	-0.04348300445	-0.1289739561	-0.3432268245	-0.9405720387
	-3.195159545	-8.700637256	-3.317703397	-1.149363067	-0.412470815
	-0.1033795104	0.006770776046	0.05581316725	0.140992464	0.4119293636
	1.304623248	4.304971033	16.05436446	50.9163503	15.36812564
	4.250940396	1.305704905	0.4130337979	0.1347936615	0.04666555841
	0.01847088268	0.009477131746	0.006711199861	0.005977803821	0.005904463766
	0.006041260959	0.006247191306	0.006489395353	0.006771070848	0.007094444641
	0.007439036567	0.007764941257	0.008037419353	0.008249314177	0.00841959874
	0.008575454067	0.008736932325	0.008912348365	0.009101177157	0.009298785523
	0.00949986208	0.009700014413	0.009896130312	0.01008618557	0.01026891938
	0.01044355496	0.01060960653	0.01076676016	0.0109148045	0.0110535915
	0.01118301404	0.01130299278	0.0114134681	0.0115143948	0.01160573852
	0.01168747321	0.01175957928	0.01182204233	0.01187485231	0.0119180034
	0.01195149517	0.01197533695	0.01198956118	0.01199426149	0.01462953659
	0.01462355685	0.01460660388	0.01457944161	0.01454235741	0.01449546721
	0.01443882527	0.01437246382	0.01429640731	0.0142106775	0.01411529546
	0.01401028221	0.01389565913	0.0137714482	0.01363767223	0.01349435521
	0.01334152261	0.01317920179	0.01300742185	0.01282621201	0.012635595
	0.01243556648	0.01222603409	0.01200664268	0.01177627941	0.01153168344
	0.01126356348	0.01094582527	0.01050593853	0.009744446689	0.008120396751
	0.004194809642	-0.005759293912	-0.03108908719	-0.09477119015	-0.2561132306
	-0.6957093957	-2.02180175	-4.997877755	-2.844384011	-1.3170055
	-0.4734389858	-0.07196949312	0.04469031535	0.07961810181	0.153660638
	0.4125828635	1.240436521	3.753273148	11.10395518	29.41899658
	13.47042245	3.859367885	1.214462481	0.3886833229	0.1277224741
	0.04450731453	0.0177904686	0.009254565521	0.006629011661	0.0059315151
	0.005855719897	0.005974393833	0.006160627558	0.006399996617	0.006717754846
	0.007125844014	0.007582438154	0.008002047919	0.008311515839	0.00849933961
	0.008608778723	0.008696625181	0.008801845986	0.008938767498	0.009104912212
	0.009290979451	0.009487268777	0.009686267055	0.009882965769	0.01007430836
	0.01025852073	0.0104345936	0.01060194917	0.01076024724	0.01090927873
	0.01104890901	0.01117904766	0.011299632	0.01141061765	0.01151197293
	0.01160367512	0.01168570809	0.0117580606	0.01182072516	0.01187369736
	0.01191697585	0.01195056359	0.01197447238	0.01198873625	0.01199344969
	0.01462913754	0.01462315294	0.01460618507	0.01457899711	0.01454187535
	0.01449493426	0.0144382263	0.01437178156	0.01429562181	0.01420976571
	0.01411423045	0.01400903251	0.01389418774	0.01376971153	0.01363561883
	0.01349192419	0.01333864185	0.01317578569	0.01300336865	0.01282140061
	0.0126298816	0.01242878198	0.0122179862	0.01199713638	0.01176520035
	0.01151928795	0.01125142756	0.01093985521	0.01052572159	0.009851725932
	0.008503765284	0.00541343767	-0.002107825686	-0.02065542321	-0.06621623275
	-0.1784608385	-0.4596291362	-1.141903485	-2.289901068	-1.703919331
	-1.36102747	-0.4471744015	0.04005944501	0.1244744881	0.1176256028
	0.1596926948	0.3680494692	1.014872182	2.76363642	6.822823845
	13.398163	7.369581957	2.716857607	0.9512225834	0.3224414
	0.1099404399	0.03948991243	0.01631989569	0.008806520549	0.006476611585
	0.00585237271	0.005772917273	0.005856481544	0.006002231962	0.006232028058
	0.006618513297	0.007197454413	0.007882561756	0.008490543709	0.008867672315
	0.00899855385	0.008981828123	0.008935482189	0.008933806921	0.008999750161
	0.009124874753	0.009290049397	0.009477186012	0.009673166299	0.00986973822
	0.01006215046	0.0102478145	0.01042536116	0.01059407087	0.01075355985
	0.01090361682	0.01104412051	0.01117499851	0.01129620622	0.01140771583
	0.0115095101	0.01160157877	0.01168391619	0.01175651988	0.01181938957
	0.01187252672	0.01191593462	0.01194961976	0.01197359648	0.0119879005
	0.01199262723	0.01462873844	0.01462274897	0.01460576619	0.01457855254
	0.0145413932	0.01449440117	0.01443762716	0.01437109904	0.01429483597
	0.01420885342	0.01411316477	0.01400778186	0.01389271503	0.01376797303
	0.01363356285	0.01348948951	0.01333575587	0.01317236208	0.01299930462
	0.01281657358	0.01262414555	0.01242196422	0.01220988837	0.01198755204
	0.01175399147	0.01150665463	0.01123878942	0.01093261322	0.01054164943
	0.009945750299	0.008838944835	0.006457250885	0.0009384742801	-0.01214115745
	-0.04306186063	-0.1152314554	-0.2783808171	-0.6067383249	-1.028078455
	-0.8449021269	-0.7776009754	-0.03192718136	0.3317122043	0.2766075164
	0.1791932664	0.1662764036	0.304704783	0.7515785717	1.844739284
	3.972228815	6.428372877	4.027947479	1.749564396	0.6732666964
	0.2440477798	0.08761911996	0.03300496693	0.01439472128	0.008216686315
	0.00627164178	0.005735024606	0.005633976188	0.005644331306	0.005703961684
	0.005903334799	0.00641679494	0.007338579226	0.008489446498	0.00947525364
	0.00997260974	0.009970209172	0.009692635169	0.009383401275	0.009181083417
	0.009118540999	0.009171479467	0.009300425486	0.009471451303	0.009661488897
	0.009856807029	0.01004990871	0.0102369314	0.01041595756	0.01058605369
	0.01074676738	0.01089787789	0.01103927645	0.01117090959	0.0112927521
	0.01140479383	0.01150703295	0.01159947224	0.01168211705	0.01175497399
	0.01181805029	0.01187135343	0.01191489144	0.01194867446	0.01197271943
	0.01198706377	0.01199180385	0.01462834293	0.01462234867	0.01460535123
	0.01457811228	0.01454091586	0.01449387354	0.01443703423	0.01437042363
	0.01429405832	0.0142079506	0.01411211006	0.01400654397	0.01389125716
	0.01376625177	0.01363152687	0.01348707797	0.0133328965	0.01316896888
	0.01299527499	0.01281178491	0.01261845111	0.01241518907	0.01220182769
	0.01197798207	0.01174272741	0.01149376865	0.01122534279	0.01092297146
	0.01055049002	0.01001846197	0.009108765043	0.007299252815	0.003370519253
	-0.005433165842	-0.02505657979	-0.0673021189	-0.1509486054	-0.2836896185
	-0.3691073785	-0.09095412525	0.3602523505	0.983176568	0.9078771586
	0.5338795015	0.2730634043	0.180005438	0.2436912961	0.5212568292
	1.155284776	2.225323353	3.177816814	2.183011901	1.062666767
	0.4449929913	0.1727898228	0.06585700339	0.0263738212	0.01236056684
	0.007574637326	0.006031131818	0.005567047943	0.005399108172	0.005258150073
	0.005133878965	0.005245401971	0.005986489892	0.007595339962	0.00969721899
	0.01144098403	0.01214408682	0.01183291998	0.01101775279	0.01019715939
	0.009622614941	0.009331361925	0.009260191058	0.009328375247	0.00947253898
	0.009652228332	0.009844608366	0.01003781112	0.01022601783	0.01040649232
	0.01057798628	0.01073994384	0.01089212442	0.0110344297	0.01116682566
	0.01128930752	0.01140188377	0.01150456871	0.01159737873	0.01168033051
	0.01175344005	0.01181672221	0.01187019062	0.01191385814	0.01194773856
	0.01197185146	0.01198623594	0.01199098931	0.01462795456	0.01462195571
	0.01460494412	0.01457768066	0.01454044822	0.01449335689	0.01443645383
	0.01436976264	0.01429329733	0.01420706712	0.01411107789	0.01400533243
	0.01388983016	0.01376456672	0.01362953336	0.01348471624	0.01333009548
	0.01316564392	0.01299132494	0.01280708853	0.01261286254	0.01240853223
	0.01219389068	0.01196851678	0.01173147665	0.01148060018	0.01121075456
	0.01090979386	0.01054922749	0.01006310942	0.009301181943	0.007927441323
	0.005210345745	-0.0003680787888	-0.01165331749	-0.03275087426	-0.06449249673
	-0.08148691534	0.04016488273	0.6119927254	1.757556373	2.636816737
	1.866324033	0.9249258736	0.4030926902	0.2035964717	0.1955808573
	0.3476872503	0.6940307203	1.215556996	1.591144594	1.165792633
	0.6200554505	0.2804191286	0.1166115956	0.04747127116	0.0204704959
	0.01047429793	0.006950502792	0.005763688865	0.005322802389	0.004998234167
	0.004552518455	0.00403791423	0.003913058971	0.00504741428	0.008034761072
	0.01208542424	0.01535242982	0.01638800546	0.01536800082	0.01344898953
	0.01164137628	0.0103846764	0.009693112331	0.009413221699	0.009382430126
	0.009483639831	0.009646598156	0.009833648622	0.0100261122	0.01021523334
	0.01039708313	0.01056996288	0.01073316721	0.01088642163	0.01102963499
	0.01116279271	0.01128591118	0.01139901828	0.01150214495	0.01159532161
	0.01167857652	0.01175193519	0.01181542021	0.0118690514	0.01191284648
	0.01194682287	0.01197100274	0.01198542684	0.01199019334	0.01462757678
	0.0146215736	0.01460454867	0.01457726193	0.01453999505	0.01449285667
	0.01443589221	0.01436912323	0.01429256129	0.01420621266	0.01411007962
	0.01400416059	0.01388844977	0.01376293649	0.01362760441	0.01348243056
	0.01332738408	0.01316242447	0.01298749898	0.01280253761	0.01260744311
	0.01240206813	0.01218616171	0.01195924204	0.01172029644	0.01146708886
	0.01119460925	0.0108917347	0.01053436509	0.01007200237	0.009402739739
	0.008328553636	0.006480975868	0.003236066392	-0.002134357204	-0.008816206207
	-0.006790251969	0.05128861228	0.3401052463	1.361314192	3.712291376
	5.455627886	3.381184511	1.462903437	0.56105924	0.2338132909
	0.1619224896	0.2283481787	0.4066594043	0.6545513763	0.803754738
	0.6166372309	0.3525542266	0.1710965708	0.07618270159	0.03334338876
	0.01568947597	0.008875933168	0.006383939978	0.005464207169	0.004955961287
	0.004311632839	0.003266758024	0.001930920874	0.001200325334	0.002978129262
	0.008739517194	0.01680248328	0.02313941419	0.02465932715	0.02202467398
	0.01784942625	0.01415369962	0.01166380843	0.01028418551	0.009661175054
	0.00947364782	0.009508643529	0.009645992276	0.009824481112	0.01001508214
	0.01020474593	0.01038785367	0.01056208213	0.01072651853	0.01088083677
	0.01102494834	0.01115885751	0.0112826022	0.01139623013	0.01149978926
	0.01159332419	0.01167687488	0.01175047637	0.01181415898	0.01186794869
	0.01191186802	0.01194593801	0.0119701833	0.01198464618	0.01198942554
	0.01462721279	0.01462120571	0.01460416854	0.0145768602	0.01453956101
	0.01449237815	0.01443535539	0.01436851235	0.01429185828	0.01420539662
	0.01410912622	0.01400304138	0.01388713127	0.01376137917	0.01362576148
	0.01348024644	0.01332479264	0.01315934678	0.01298384038	0.01279818382
	0.01260225429	0.01239586882	0.0121787217	0.01195023719	0.01170922796
	0.01145312671	0.01117634144	0.01086698292	0.01050103562	0.01003372296
	0.009390888577	0.008470237882	0.007173233416	0.005522582795	0.004181951284
	0.006956244943	0.0305156439	0.1387922407	0.5673116619	2.09808256
	6.18098987	9.782796995	5.432714698	2.068473246	0.7127433873
	0.2603961188	0.1387317037	0.150763467	0.2356561681	0.3505377306
	0.4097260398	0.3251189082	0.1975201392	0.1023661642	0.04887195474
	0.02319966581	0.01207684943	0.007606338009	0.005884766216	0.005111138039
	0.004390655185	0.003141493078	0.0009428312739	-0.002103636013	-0.004334169202
	-0.001599757682	0.009769451423	0.02613771236	0.03868407649	0.04075534697
	0.03446795232	0.02570780958	0.01843937026	0.0137554244	0.0112172162
	0.01004398693	0.009615449684	0.009551936091	0.009651876263	0.009817659275
	0.01000498842	0.01019472479	0.0103789304	0.01055444527	0.01072008071
	0.01087543823	0.01102042632	0.01115506695	0.01127941957	0.01139355186
	0.01149752888	0.0115914094	0.011675245	0.01174908017	0.01181295283
	0.01186689504	0.01191093403	0.01194509431	0.0119694029	0.01198390343
	0.01198869532	0.01462686553	0.01462085509	0.0146038072	0.01457647941
	0.01453915059	0.01449192645	0.0144348492	0.01436793669	0.01429119601
	0.01420462797	0.01410822824	0.01400198719	0.01388588927	0.01375991207
	0.01362402509	0.01347818832	0.0133223503	0.01315644556	0.01298039061
	0.01279407667	0.01259735491	0.01239000311	0.01217164715	0.01194157421
	0.01169829435	0.01143854709	0.01115517715	0.01083299871	0.01044197849
	0.009929652339	0.009223801052	0.008276192246	0.007197955699	0.006522106111
	0.007795675358	0.01632122162	0.0519057602	0.1860603461	0.6790831786
	2.406798327	7.192816509	12.97290896	7.037147272	2.459087099
	0.792198147	0.2685962126	0.1200966264	0.1015171101	0.1367721918
	0.1881548981	0.2112001524	0.1718960217	0.1100901986	0.06078352589
	0.03125283567	0.01627835658	0.00948748226	0.006641555064	0.005439733463
	0.004665776393	0.003511794605	0.001173147198	-0.003204012795	-0.009773034873
	-0.01562614277	-0.01174864487	0.01102625858	0.04468122187	0.06983920697
	0.07203544989	0.05753890129	0.03953362185	0.02559655399	0.01708350066
	0.01264088774	0.01060998361	0.009822643415	0.00961790285	0.009665583518
	0.00981366135	0.009996069095	0.01018533049	0.01037043843	0.010547154
	0.01071393714	0.01087029449	0.01101612524	0.01115146746	0.01127640167
	0.01139101532	0.01149539037	0.01158959952	0.01167370569	0.0117477626
	0.01181181555	0.0118659025	0.01191005524	0.01194430166	0.01196867095
	0.01198320781	0.01198801186	0.0146265375	0.01462052449	0.01460346786
	0.01457612331	0.01453876807	0.01449150642	0.01443437917	0.01436740257
	0.01429058178	0.01420391522	0.0141073956	0.0140010097	0.01388473758
	0.01375855152	0.01362241466	0.01347627925	0.01332008452	0.01315375362
	0.01297718885	0.0127902629	0.0125928005	0.01238453589	0.01216501001
	0.01193331883	0.01168750468	0.01142313048	0.01113011629	0.01078632438
	0.0103465266	0.009729779054	0.008826096441	0.007586929556	0.006306085367
	0.006048613419	0.008953614887	0.02049090611	0.06012125815	0.1946328901
	0.6493436588	2.09802349	5.665222016	9.781546767	6.171560604
	2.272849575	0.7421263713	0.2486444423	0.1015453507	0.06999342585
	0.08044821236	0.1020454176	0.110513327	0.09175134901	0.06166314377
	0.03630994242	0.0202735554	0.0117389685	0.007705399148	0.005925316904
	0.005021099438	0.004073607794	0.002157044331	-0.00207087422	-0.01047406667
	-0.02419696323	-0.03863474953	-0.03429398259	0.01186217738	0.08167953399
	0.1325655909	0.1326888456	0.0998752281	0.06342424289	0.0372566554
	0.02221854267	0.01473527291	0.01141124723	0.01010914617	0.009710032166
	0.009688000846	0.009812786977	0.009988499395	0.0101767037	0.01036249704
	0.01054030816	0.01070817016	0.01086547297	0.01101210025	0.01114810421
	0.01127358565	0.01138865123	0.01149339923	0.01158791583	0.01167227486
	0.01174653883	0.01181076015	0.01186498241	0.01190924179	0.01194356938
	0.01196799637	0.01198256817	0.01198738403	0.01462623059	0.0146202162
	0.01460315346	0.01457579547	0.01453841756	0.01449112269	0.0144339505
	0.01436691591	0.0142900224	0.01420326626	0.01410663755	0.01400011977
	0.013883689	0.01375731271	0.01362094819	0.01347454067	0.01331802085
	0.01315130141	0.01297427145	0.01278678593	0.01258864273	0.01237952787
	0.01215887835	0.01192553467	0.01167686773	0.01140664099	0.0111000051
	0.01072262025	0.0101999781	0.009388318135	0.008069378742	0.006095471412
	0.003941425131	0.00351202936	0.007575045087	0.02043621455	0.05837039727
	0.1749239341	0.5315239531	1.535507041	3.674697791	5.772978339
	4.015289716	1.681356975	0.5926588104	0.2061870035	0.08207041624
	0.04917713894	0.04848316502	0.05647651023	0.05911532264	0.0499026379
	0.03515908259	0.02219570917	0.01361333343	0.008853944264	0.006515405503
	0.005392560173	0.004595007085	0.003269062943	0.0001165965022	-0.007269876919
	-0.02292392057	-0.05092346541	-0.08539862773	-0.08452010336	0.01005408889
	0.1557938335	0.2593904456	0.2497878969	0.1764758268	0.1037681049
	0.05568277192	0.02985684798	0.0176898244	0.01249301623	0.01048397042
	0.009829577539	0.009719156818	0.009815036353	0.009982356378	0.01016895383
	0.01035521505	0.01053400319	0.01070285937	0.01086103879	0.01100840436
	0.01114502044	0.01127100691	0.01138648868	0.01149157955	0.01158637838
	0.01167096929	0.01174542307	0.01180979877	0.0118641453	0.01190850302
	0.01194290608	0.0119673875	0.01198199297	0.0119868205	0.01462594584
	0.01461993193	0.01460286671	0.01457549931	0.01453810295	0.01449077957
	0.01443356801	0.01436648215	0.0142895241	0.01420268831	0.0141059625
	0.0139993273	0.01388275524	0.01375620948	0.01361964213	0.01347299214
	0.01331618257	0.0131491167	0.01297167157	0.01278368538	0.012584929
	0.01237503558	0.01215331812	0.01191829079	0.01166641816	0.01138890807
	0.01106376322	0.0106371758	0.009984166367	0.008841108169	0.006749292938
	0.003245086541	-0.001039741179	-0.002462163861	0.003068178073	0.0169276994
	0.05037481809	0.1415217728	0.3916614132	1.010999752	2.155901068
	3.115827999	2.310672344	1.087803338	0.4216498938	0.1562516186
	0.06319394331	0.03497640171	0.03024445685	0.03231859106	0.0327126854
	0.02804786513	0.02076804263	0.01417810825	0.009658107138	0.007066115266
	0.005736227391	0.004983687362	0.004129587162	0.002186460277	-0.00284755748
	-0.01530101852	-0.04359025271	-0.09943485845	-0.1800787187	-0.1968694522
	-0.0007102400623	0.3045222575	0.5164588127	0.4739516048	0.3122853454
	0.1698407169	0.08368865829	0.04071444413	0.02165255674	0.0138751787
	0.01094539706	0.00997389091	0.009757777353	0.009819997122	0.009977589938
	0.01016215042	0.0103486872	0.01052832787	0.01069807991	0.01085705351
	0.0110050875	0.01114225665	0.01126869845	0.01138455471	0.01148995359
	0.01158500564	0.01166980442	0.01174442829	0.01180894243	0.01186340066
	0.01190784729	0.01194231947	0.01196685194	0.01198149028	0.01198632981
	0.01462568282	0.01461967276	0.01460261019	0.01457523816	0.01453782795
	0.01449048109	0.01443323609	0.01436610621	0.01428909247	0.01420218782
	0.014105378	0.01399864113	0.01388194671	0.01375525418	0.01361851113
	0.01347165107	0.01331459043	0.01314722424	0.01296941878	0.01278099671
	0.01258170216	0.01237111157	0.01214839543	0.01191167193	0.01165625519
	0.0113699622	0.0110208298	0.0105262371	0.009680688724	0.008009707263
	0.00456966913	-0.001915375987	-0.01089198546	-0.01480396694	-0.006021344921
	0.01036294039	0.03941669739	0.1061773865	0.269005983	0.6250591574
	1.201268263	1.620501079	1.25803035	0.6534000121	0.2781749427
	0.1109459549	0.04677033812	0.02512681964	0.01972607907	0.01945473006
	0.0190700696	0.01662099652	0.01299092568	0.009673231734	0.007348852708
	0.005980462116	0.005229920008	0.004652053817	0.003603516022	0.0007805891772
	-0.006945150993	-0.02712016637	-0.07648351771	-0.1849782353	-0.3707607055
	-0.4495725396	-0.03661339316	0.6019244518	1.036603363	0.8962125451
	0.5458545919	0.2735594649	0.1241128812	0.05527218834	0.0266409972
	0.01552607367	0.01147412702	0.01013480363	0.009800940995	0.009826779512
	0.00997401166	0.01015632023	0.01034299203	0.01052336244	0.01069390094
	0.01085357377	0.01100219549	0.01113984986	0.0112666903	0.01138287383
	0.01148854149	0.01158381428	0.01166879411	0.01174356612	0.01180820093
	0.01186275685	0.01190728188	0.01194181616	0.01196639638	0.01198106774
	0.01198592074	0.01462543856	0.01461943909	0.01460238661	0.01457501547
	0.01453759618	0.01449023095	0.01443295869	0.01436579241	0.01428873239
	0.0142017704	0.01410489056	0.01399806893	0.01388127247	0.01375445751
	0.01361756789	0.01347053256	0.0133132624	0.01314564547	0.01296753875
	0.01277875087	0.0125790002	0.01236780465	0.01214417891	0.01190578944
	0.01164658779	0.01135021398	0.01097184578	0.01038946003	0.009278852879
	0.006821993957	0.001166728643	-0.01087220166	-0.02988033641	-0.03949183613
	-0.02250615628	0.000635479649	0.02773661731	0.07548322209	0.1767332279
	0.373190656	0.6545797367	0.8342052713	0.6699805971	0.3778386949
	0.1755906851	0.07567838738	0.03381990078	0.01833049642	0.01359652823
	0.0125700268	0.0119890363	0.01064165302	0.008800267457	0.00716267491
	0.00602017096	0.005332213448	0.004899342074	0.004367287785	0.003015293276
	-0.0009412910342	-0.01224503039	-0.04341241398	-0.1258586543	-0.3296970724
	-0.7521950404	-1.021848037	-0.1359283374	1.187918706	2.077605528
	1.66809079	0.9290015056	0.426742062	0.1784532955	0.07332026355
	0.03241903928	0.01733393815	0.0120276246	0.01029775629	0.00984402754
	0.00983404858	0.009971313039	0.01015145277	0.01033819214	0.01051917729
	0.01069038414	0.01085065018	0.01099976909	0.01113783289	0.01126500897
	0.01138146762	0.01148736093	0.01158281883	0.01166795044	0.01174284662
	0.01180758271	0.01186222094	0.01190681277	0.01194140143	0.01196602621
	0.01198073249	0.01198560314	0.01462520488	0.01461923101	0.01460219941
	0.01457483503	0.01453741112	0.01449003249	0.01443273918	0.0143655444
	0.01428844797	0.01420144076	0.01410450565	0.0139976171	0.01388074006
	0.0137538284	0.01361682301	0.01346964923	0.01331221351	0.01314439831
	0.01296605296	0.01277697397	0.012576856	0.01236515974	0.01214074071
	0.01190078839	0.01163777132	0.0113306287	0.01091945206	0.01023340487
	0.008790010587	0.005264280014	-0.003746775876	-0.02554041094	-0.06542555416
	-0.08806836231	-0.05091625269	-0.01267113727	0.01661799023	0.05189500939
	0.1139276677	0.2205310963	0.3569192518	0.4338726425	0.3578160748
	0.216570197	0.1092519966	0.05101560227	0.02446932976	0.01376833559
	0.01001843157	0.008882104019	0.008316492142	0.007530810356	0.006566853274
	0.00578372134	0.005270128701	0.004952115275	0.004680987398	0.004116002035
	0.002391710194	-0.002880669179	-0.01850323709	-0.06388135278	-0.1937830452
	-0.5592882232	-1.505780285	-2.323311865	-0.3807725532	2.300134535
	4.100908969	3.002709392	1.511252886	0.6330953618	0.2443332706
	0.09334339712	0.03837669212	0.01908948961	0.01253944834	0.01044260122
	0.009881161262	0.009840192742	0.009969119576	0.01014751485	0.01033433672
	0.01051583231	0.01068758244	0.01084832608	0.01099784309	0.01113623362
	0.01126367696	0.0113803543	0.01148642677	0.01158203155	0.01166728351
	0.01174227818	0.01180709471	0.01186179863	0.01190644449	0.01194107888
	0.01196574497	0.01198049087	0.01198538993	0.01462496208	0.0146190501
	0.01460205405	0.01457470127	0.01453727615	0.01448988859	0.0144325804
	0.01436536516	0.01428824249	0.01420120265	0.01410422763	0.01399729074
	0.01388035547	0.01375337395	0.0136162849	0.01346901105	0.01331145563
	0.01314349695	0.01296497848	0.01277568699	0.01257529683	0.01236321707
	0.01213815499	0.01189684514	0.01163031149	0.01131279895	0.01086883501
	0.01007490018	0.008266308146	0.00347628132	-0.009966656995	-0.04698679864
	-0.1271991576	-0.1795069927	-0.09647047058	-0.02936921371	0.006961875555
	0.03564504773	0.07491257635	0.1339715149	0.2017666622	0.235666972
	0.1987269955	0.1281148745	0.06987338851	0.03538354461	0.01832905933
	0.01087859854	0.007978214617	0.006940119588	0.006446327027	0.00595573007
	0.005428731236	0.005061983825	0.004864619837	0.004736624799	0.004536823319
	0.003900198975	0.001791249642	-0.00482000777	-0.02498319732	-0.08615409553
	-0.2738665557	-0.8721968165	-2.864651879	-5.16793759	-0.9152145006
	4.2372914	7.783767838	5.083687765	2.288006079	0.8726336066
	0.3122070786	0.1120246549	0.04350042443	0.0205009294	0.01292793196
	0.01054683231	0.009906246133	0.00984363069	0.009967076237	0.01014447222
	0.01033146564	0.01051337661	0.01068553903	0.0108466366	0.01099644557
	0.01113507448	0.01126271225	0.01137954844	0.0114857509	0.01158146217
	0.01166680136	0.01174186742	0.01180674236	0.01186149421	0.01190618012
	0.01194085016	0.01196555332	0.01198034694	0.01198530185	0.01462466258
	0.01461890601	0.01460195991	0.01457461935	0.01453719441	0.01448980162
	0.01443248447	0.0143652569	0.01428811838	0.01420105882	0.01410405967
	0.01399709355	0.01388012307	0.0137530993	0.01361595966	0.01346862527
	0.01331099739	0.01314295169	0.01296432779	0.01277490552	0.01257434376
	0.01236201059	0.01213649266	0.0118941505	0.01162481041	0.01129878664
	0.01082737862	0.009941242306	0.007811302456	0.00185619031	-0.01599513663
	-0.07027723522	-0.2100783666	-0.325059208	-0.1583895573	-0.04652060852
	3.378039909e-05	0.0263062501	0.0541150991	0.09061060008	0.1284405394
	0.1452291447	0.1247056304	0.08476571498	0.04942311485	0.02684308834
	0.01486439579	0.009271198129	0.006922526537	0.00599985283	0.00556917155
	0.005226076859	0.004907584467	0.004726690267	0.004668273987	0.004624972871
	0.004446695544	0.003732965758	0.001296186473	-0.006441199411	-0.03045186293
	-0.1050894857	-0.3416319558	-1.127369269	-3.94544897	-9.332044266
	-1.807912753	6.912587998	13.51857615	7.736651833	3.098057207
	1.083327602	0.3636867142	0.1244925371	0.04655829108	0.02126091808
	0.01311625973	0.01059114441	0.009914447199	0.009843196905	0.009964944962
	0.01014231262	0.01032961377	0.01051184849	0.01068428644	0.01084560781
	0.01099559717	0.01113437186	0.01126212799	0.01137906064	0.01148534194
	0.01158111775	0.01166650979	0.01174161912	0.01180652949	0.01186131055
	0.01190602131	0.01194071482	0.0119654474	0.01198029763	0.01198537965
	0.01462418731	0.01461883801	0.0146019323	0.0145745946	0.01453716832
	0.01448977318	0.01443245282	0.01436522104	0.01428807718	0.014201011
	0.01410400377	0.01399702785	0.01388004558	0.01375300765	0.01361585104
	0.01346849634	0.01331084407	0.01314276887	0.01296410861	0.01277463941
	0.01257401096	0.01236156548	0.01213581289	0.011892878	0.01162184661
	0.01129065854	0.01080283465	0.009862962991	0.007552763577	0.0009822750439
	-0.01896191879	-0.07996779508	-0.2440705463	-0.4384375776	-0.2080072671
	-0.05553529305	-0.002165986184	0.02367701027	0.04807241125	0.07797922539
	0.1072780431	0.1192011123	0.1028660752	0.07138056835	0.04276011244
	0.02390697603	0.01362220824	0.008695778772	0.006569815329	0.005708172502
	0.005306564273	0.005010432038	0.004754125671	0.004625495774	0.004605789697
	0.004584446845	0.004402089763	0.003631589441	0.0009903166065	-0.007422460292
	-0.03367245301	-0.1157763835	-0.3759691434	-1.212822636	-3.854744678
	-9.18662206	-2.173861589	8.026153326	18.3307972	9.745701068
	3.533348747	1.163655585	0.3763827455	0.1260375343	0.04656692518
	0.02116136672	0.0130595332	0.01056573183	0.009903656025	0.009838482975
	0.00996268305	0.01014106256	0.01032881357	0.01051127498	0.01068384572
	0.010845256	0.01099531062	0.01113413582	0.01126193218	0.01137889734
	0.01148520512	0.01158100257	0.01166641232	0.01174153614	0.0118064584
	0.01186124931	0.0119059686	0.0119406708	0.01196541746	0.0119803169
	0.01198571598	