3131	
	0.02048691672	0.02047854753	0.02045819657	0.02042723265	0.02038628168
	0.02033560388	0.02027531319	0.0202054678	0.0201261046	0.02003725177
	0.01993893321	0.0198311699	0.01971398014	0.01958737932	0.01945137958
	0.01930598933	0.01915121262	0.01898704856	0.01881349048	0.01863052504
	0.01843813118	0.01823627856	0.01802492559	0.01780401599	0.01757347247
	0.01733318362	0.01708297527	0.01682254724	0.01655133527	0.01626822193
	0.01597097093	0.01565524287	0.0153132374	0.01493283974	0.01450025846
	0.01401175141	0.01349582205	0.01302271491	0.01265917709	0.01240342908
	0.01220704682	0.01205334542	0.0120038761	0.0122197406	0.01298687787
	0.01472992661	0.01793660085	0.02286642985	0.0290027139	0.03461445508
	0.03729873057	0.03573619408	0.03086794261	0.0249043586	0.01968796054
	0.01600621845	0.01382177964	0.01274810196	0.01237518072	0.01239675857
	0.01262097231	0.01294025163	0.0132987389	0.01366897591	0.01403798149
	0.01439978313	0.01475168733	0.01509250715	0.01542174735	0.0157392367
	0.01604496241	0.01633899403	0.01662144693	0.01689246303	0.01715219933
	0.01740082017	0.0176384914	0.01786537584	0.0180816299	0.01828740115
	0.01848282672	0.01866803245	0.01884313263	0.01900823019	0.01916341713
	0.01930877528	0.01944437704	0.01957028626	0.01968655908	0.01979324476
	0.01989038639	0.01997802162	0.02005618321	0.02012489965	0.02018419571
	0.02023409334	0.02027461373	0.02030578261	0.0203276449	0.02034030046
	0.0203439475	0.02048638201	0.02047852381	0.02045820777	0.02042724043
	0.02038628681	0.02033560844	0.02027531821	0.02020547373	0.0201261117
	0.02003726026	0.01993894332	0.0198311819	0.01971399435	0.01958739614
	0.01945139949	0.01930601288	0.0191512405	0.01898708155	0.01881352952
	0.01863057126	0.01843818583	0.01823634314	0.01802500173	0.01780410533
	0.01757357619	0.01733330118	0.01708310099	0.01682266122	0.01655138012
	0.01626804381	0.01597017574	0.01565286301	0.01530702652	0.01491801672
	0.01446805439	0.01395010293	0.01339729465	0.01289912193	0.01254220389
	0.01231962597	0.01216304146	0.01204783598	0.01204632811	0.01234905462
	0.01329770994	0.01541221106	0.01931426084	0.02537638175	0.03300736644
	0.04001819434	0.04328135844	0.04111290522	0.03485880133	0.02742277495
	0.02107881665	0.01669505371	0.01413349645	0.01287870702	0.01242625763
	0.01241547125	0.01262741321	0.01294237999	0.01329949896	0.01366937663
	0.01403833224	0.01440015849	0.01475209129	0.01509292708	0.01542216986
	0.01573965133	0.01604536164	0.01633937267	0.01662180147	0.01689279119
	0.01715249986	0.01740109269	0.01763873625	0.01786559401	0.01808182284
	0.01828757066	0.01848297479	0.01866816115	0.01884324403	0.01900832628
	0.01916349979	0.01930884624	0.01944443788	0.01957033839	0.01968660378
	0.01979328314	0.01989041945	0.01997805025	0.02005620822	0.02012492179
	0.02018421573	0.02023411214	0.02027463267	0.02030580452	0.02032767811
	0.02034038037	0.02034429788	0.02048612147	0.02047845536	0.02045819247
	0.02042723936	0.02038629144	0.02033561694	0.0202753302	0.02020548928
	0.02012613109	0.02003728393	0.0199389719	0.01983121619	0.01971403532
	0.01958744498	0.01945145763	0.01930608201	0.01915132262	0.01898717906
	0.01881364523	0.01863070848	0.01843834847	0.01823653568	0.01802522927
	0.01780437328	0.01757388937	0.01733366097	0.01708349738	0.01682305067
	0.01655162552	0.01626775509	0.01596829986	0.01564667973	0.01528988336
	0.01487494895	0.01436988435	0.0137536337	0.01307151906	0.01248062186
	0.01214221327	0.01203126725	0.01200591855	0.01201121424	0.01215154491
	0.01270886139	0.014203423	0.01747492488	0.02362434662	0.0334832466
	0.04630826119	0.05835429613	0.06383877944	0.05966155226	0.04861823781
	0.03609759606	0.02587915491	0.01908963513	0.01523272753	0.01335018278
	0.01261725796	0.01248913084	0.01265469468	0.01295230858	0.01330332883
	0.01367124658	0.01403966914	0.01440140493	0.01475335349	0.01509420717
	0.01542344469	0.0157408967	0.01604655831	0.01634050661	0.01662286285
	0.01689377354	0.01715339952	0.01740190848	0.01763946919	0.01786624699
	0.0180824002	0.01828807776	0.0184834176	0.0186685459	0.01884357694
	0.01900861332	0.0191637466	0.01930905802	0.01944461934	0.0195704938
	0.01968673692	0.01979339739	0.0198905178	0.01997813534	0.02005628245
	0.02012498736	0.02018427481	0.02023416709	0.0202746866	0.02030586275
	0.02032775228	0.02034050026	0.02034452599	0.02048598077	0.02047839073
	0.0204581694	0.02042723522	0.0203862975	0.02033563012	0.0202753495
	0.02020551459	0.02012616277	0.02003732273	0.01993901884	0.01983127259
	0.0197141028	0.0195875255	0.01945155354	0.01930619612	0.01915145827
	0.01898734019	0.01881383651	0.01863093542	0.01843861752	0.01823685433
	0.01802560602	0.01780481728	0.01757440899	0.01733425946	0.01708416015
	0.01682370947	0.0165520589	0.01626731735	0.0159652016	0.01563615334
	0.01525981039	0.01479668719	0.01418393459	0.01336451546	0.01240085874
	0.01160171136	0.01130763937	0.01144470531	0.01169344067	0.01193317923
	0.01233628919	0.01336657852	0.0159025633	0.02145371113	0.03219048837
	0.05009026597	0.07430082774	0.09765166931	0.1080563819	0.09905143198
	0.07715515077	0.05358363248	0.03527811408	0.02365314719	0.01727880412
	0.01421091557	0.01296081548	0.01262031378	0.01270305929	0.01296992911
	0.01331015465	0.01367456755	0.01404200005	0.01440353587	0.01475548406
	0.01509635191	0.01542557117	0.01574296871	0.01604854661	0.01634238971
	0.01662462549	0.01689540536	0.01715489441	0.01740326425	0.0176406873
	0.01786733206	0.01808335935	0.01828891989	0.01848415267	0.01866918433
	0.01884412909	0.01900908921	0.01916415563	0.01930940886	0.01944491987
	0.0195707511	0.01968695729	0.01979358643	0.01989068046	0.01997827602
	0.0200564051	0.02012509561	0.02018437214	0.02023425715	0.02027477378
	0.02030595342	0.0203278572	0.02034063736	0.02034470863	0.02048589902
	0.02047834134	0.02045814858	0.02042723255	0.02038630687	0.02033564874
	0.02027537635	0.02020554964	0.02012620661	0.02003737639	0.01993908375
	0.01983135059	0.01971419614	0.01958763691	0.01945168628	0.01930635408
	0.01915164607	0.01898756331	0.01881410143	0.01863124976	0.01843899024
	0.01823729586	0.01802612821	0.01780543298	0.01757513016	0.01733509136
	0.01708508415	0.01682463353	0.01655267749	0.01626672004	0.01596079904
	0.01562081099	0.01521456447	0.01467394427	0.01387668519	0.01268286344
	0.011163322	0.00993459304	0.009737868148	0.01038021964	0.01114658544
	0.01179157047	0.01262164592	0.01442377527	0.01871723989	0.02827560109
	0.0474505369	0.08086839097	0.1280707826	0.1749857203	0.195454692
	0.1754830023	0.1307119375	0.08510785882	0.05153445126	0.0312409118
	0.02056159711	0.01554958432	0.01348128353	0.0128148673	0.01277365682
	0.01299540441	0.01332000227	0.01367936932	0.01404535976	0.01440657924
	0.01475849857	0.01509936443	0.01542854266	0.01574585457	0.01605131131
	0.01634500715	0.01662707658	0.01689767634	0.01715697643	0.01740515354
	0.01764238515	0.01786884435	0.01808469574	0.01829009268	0.0184851758
	0.0186700724	0.01884489672	0.01900975045	0.01916472368	0.01930989586
	0.01944533686	0.01957110796	0.01968726283	0.01979384843	0.01989090582
	0.01997847086	0.02005657487	0.02012524528	0.02018450642	0.02023438076
	0.020274892	0.02030607282	0.02032798656	0.02034078667	0.02034487808
	0.02048585054	0.02047830797	0.02045813453	0.02042723425	0.02038632098
	0.02033567338	0.02027541089	0.02020559431	0.02012626227	0.02003744442
	0.01993916601	0.01983144941	0.0197143144	0.01958777806	0.01945185446
	0.01930655424	0.01915188406	0.01898784608	0.0188144372	0.01863164823
	0.01843946279	0.01823785574	0.01802679058	0.01780621432	0.01757604615
	0.01733614977	0.01708626371	0.01682582222	0.01655349418	0.01626600352
	0.0159551571	0.01560056232	0.01515271899	0.01449820605	0.01340966079
	0.01157254851	0.009015354446	0.00693369536	0.006928351784	0.008550074746
	0.01024562482	0.0115514386	0.01303045112	0.01601277213	0.02310200686
	0.03934868538	0.07338943428	0.1357715604	0.2283190023	0.3235876102
	0.3643622696	0.3198300606	0.2277977371	0.139523131	0.07821815345
	0.04311400542	0.02548014933	0.0174801132	0.0142076933	0.01307913403
	0.01286755209	0.01302883376	0.01333288639	0.0136856909	0.01404979314
	0.01441056645	0.01476240777	0.01510323541	0.01543233458	0.01574952112
	0.01605481721	0.01634832672	0.01663018956	0.01690056607	0.01715963045
	0.01740756501	0.01764455379	0.01787077632	0.01808640256	0.01829158978
	0.01848648096	0.01867120445	0.01884587449	0.01901059211	0.01916544624
	0.01931051497	0.01944586667	0.01957156115	0.01968765067	0.01979418088
	0.01989119166	0.01997871785	0.02005678992	0.02012543466	0.02018467591
	0.02023453604	0.0202750389	0.02030621783	0.02032813678	0.02034094804
	0.02034504862	0.02048582343	0.02047828882	0.02045812882	0.02042724189
	0.02038634072	0.0203357044	0.02027545311	0.02020564833	0.02012632929
	0.02003752618	0.01993926478	0.01983156804	0.01971445633	0.01958794746
	0.01945205631	0.01930679446	0.0191521697	0.01898818549	0.01881484027
	0.01863212662	0.01844003021	0.01823852819	0.01802758639	0.01780715362
	0.01757714847	0.01733742618	0.0170876929	0.01682727949	0.01655454274
	0.0162652823	0.01594858746	0.01557611336	0.01507531212	0.01426786312
	0.01275920124	0.009908467893	0.005556438288	0.001865642269	0.002164243513
	0.005559590802	0.008834705573	0.01116494639	0.01358041559	0.01828061053
	0.02962232878	0.05660156177	0.1160012457	0.2311793896	0.4118513674
	0.6056664252	0.6873622425	0.5883457763	0.399920545	0.2306733779
	0.1204069528	0.06089106897	0.03249127521	0.02011584276	0.01516346699
	0.01341632229	0.01298453419	0.01306987719	0.01334869135	0.01369353826
	0.01405533431	0.0144155158	0.01476719967	0.0151079226	0.01543688204
	0.0157538923	0.01605898884	0.01635228231	0.01663391196	0.01690403587
	0.01716282911	0.01741047939	0.01764717911	0.0178731168	0.0180884703
	0.0182934026	0.01848806018	0.01867257301	0.01884705549	0.01901160781
	0.01916631752	0.01931126095	0.01944650464	0.01957210654	0.01968811716
	0.01979458054	0.01989153511	0.01997901446	0.02005704798	0.0201256616
	0.02018487857	0.02023472083	0.02027521216	0.02030638589	0.02032830573
	0.02034112213	0.02034522674	0.02048581158	0.02047828171	0.02045813159
	0.02042725607	0.0203863665	0.0203357419	0.02027550283	0.02020571128
	0.02012640704	0.02003762084	0.01993937904	0.0198317052	0.01971462042
	0.01958814329	0.01945228965	0.01930707217	0.01915249994	0.01898857793
	0.01881530636	0.01863267988	0.01844068656	0.01823930622	0.01802850751
	0.01780824157	0.01757842689	0.01733891054	0.01708936541	0.01682901381
	0.01655587924	0.01626475657	0.01594171478	0.01554930911	0.01498754184
	0.01399627146	0.01195151071	0.00769825076	0.0006003403591	-0.005878098579
	-0.005309125214	0.0009747772106	0.006743696884	0.01057227669	0.01427033239
	0.02135111619	0.0388662504	0.08234559449	0.1834350654	0.3920814757
	0.7405176004	1.132686241	1.296710718	1.07883713	0.6975228822
	0.3784785841	0.1845366812	0.08633333864	0.04200011259	0.02352722549
	0.01635220474	0.01382212235	0.0131218353	0.01311738958	0.01336706217
	0.01370284387	0.01406198166	0.01442140719	0.01477280871	0.01511331338
	0.01544203788	0.01575880692	0.01606367248	0.01635674341	0.01663814331
	0.01690801413	0.017166524	0.01741386448	0.01765023906	0.01787584964
	0.01809088599	0.01829551992	0.01848990334	0.01867416878	0.01884843113
	0.01901278972	0.01916733041	0.01931212743	0.01944724508	0.01957273909
	0.01968865787	0.01979504352	0.01989193275	0.01997935764	0.02005734631
	0.02012592363	0.02018511203	0.02023493286	0.02027540946	0.0203065748
	0.02032849186	0.02034130929	0.02034541531	0.02048581137	0.02047828473
	0.02045814232	0.02042727679	0.02038639835	0.02033578572	0.02027555968
	0.02020578261	0.02012649477	0.02003772743	0.01993950758	0.01983185944
	0.01971480489	0.01958836344	0.01945255196	0.01930738438	0.01915287123
	0.01898901919	0.01881583048	0.01863330213	0.0184414249	0.01824018171
	0.01802954448	0.01780946731	0.01757986943	0.01734059102	0.01709127395
	0.01683103639	0.0165575771	0.01626469944	0.01593545042	0.01552312554
	0.01489918264	0.01371576914	0.01109011152	0.005220009754	-0.005410034277
	-0.01618991049	-0.01594728917	-0.005556779659	0.003819236103	0.009699402027
	0.01505587992	0.02525564043	0.05124142048	0.118738322	0.2850000782
	0.6520309152	1.308530494	2.08912691	2.417447798	1.948643091
	1.194010403	0.6081471548	0.2773482002	0.1208209013	0.0541673267
	0.02768139161	0.01774059656	0.01428021942	0.01327301526	0.01316914921
	0.01338733079	0.01371343357	0.01406966687	0.01442814182	0.01477906143
	0.01511915598	0.01544749419	0.01576393933	0.01606856526	0.01636145887
	0.01664269512	0.01691237061	0.01717063032	0.01741766665	0.01765369929
	0.01787895142	0.01809363211	0.01829792737	0.01849199785	0.01867598042
	0.01884999111	0.01901412849	0.01916847647	0.01931310687	0.0194480813
	0.0195734529	0.01968926761	0.01979556526	0.01989238058	0.01997974387
	0.02005768177	0.02012621791	0.02018537368	0.02023516964	0.02027562848
	0.02030678251	0.02032869378	0.02034150938	0.02034561531	0.02048582038
	0.0204782962	0.02045816019	0.02042730367	0.02038643597	0.02033583552
	0.02027562316	0.02020586161	0.02012659156	0.02003784483	0.01993964902
	0.01983202909	0.01971500776	0.01958860552	0.01945284041	0.01930772771
	0.01915327955	0.01898950451	0.01881640703	0.01863398673	0.01844223741
	0.01824114545	0.01803068657	0.01781081847	0.01758146234	0.01734245376
	0.01709340919	0.01683335752	0.01655971484	0.01626541512	0.01593084351
	0.01550111162	0.01482239162	0.01346888711	0.01032334852	0.002935915736
	-0.01150805999	-0.02833093771	-0.03007314438	-0.01435001425	-7.77625262e-05
	0.00844339467	0.01581176117	0.02983036929	0.06662357282	0.1665736159
	0.4275508351	1.045105967	2.232812494	3.734486009	4.384118107
	3.415611768	1.978487578	0.9442429608	0.4031274324	0.1643961851
	0.06863308433	0.03237217429	0.01924253457	0.01475909821	0.01342742376
	0.01322179183	0.01340850451	0.013725004	0.01407821226	0.01443547433
	0.01478557847	0.01512493161	0.01545263447	0.01576864973	0.0160730828
	0.01636595378	0.01664721928	0.01691687139	0.01717500107	0.01742179709
	0.01765750618	0.01788238816	0.01809668503	0.01830060668	0.01849432839
	0.01867799441	0.01885172332	0.0190156132	0.01916974596	0.01931419058
	0.01944900564	0.01957424124	0.01968994046	0.01979614061	0.01989287407
	0.01998016917	0.02005805085	0.02012654128	0.02018566067	0.02023542859
	0.02027586687	0.02030700698	0.02032891001	0.02034172174	0.02034582666
	0.02048583681	0.02047831466	0.02045818426	0.02042733609	0.02038647885
	0.02033589072	0.0202756926	0.02020594744	0.02012669638	0.02003797176
	0.01993980183	0.0198322123	0.01971522682	0.01958886691	0.01945315187
	0.01930809844	0.0191537205	0.01899002867	0.01881702981	0.01863472635
	0.01844311544	0.01824218727	0.01803192184	0.01781228126	0.01758319008
	0.01734448259	0.01709575847	0.01683598189	0.01656235946	0.01626717915
	0.01592885686	0.01548649404	0.01476782647	0.01329012304	0.009757046762
	0.001128588061	-0.01722353318	-0.0425757614	-0.04926345983	-0.02606551131
	-0.005118021004	0.006640526429	0.01627853353	0.034597939	0.08390182366
	0.2233241008	0.6077268554	1.580397976	3.592211127	6.31525348
	7.570219778	5.693068203	3.11815258	1.394900522	0.5586085696
	0.2144283799	0.08422269429	0.03716632037	0.0207121764	0.01521216507
	0.01357072034	0.0132710539	0.01342933432	0.01373710772	0.0140872641
	0.01444289417	0.01479159529	0.01512961477	0.01545625354	0.01577170117
	0.01607611153	0.01636934002	0.01665107969	0.01692110071	0.01717938353
	0.01742610942	0.01766157604	0.01788611033	0.01810001279	0.0183035347
	0.01849687637	0.01868019487	0.01885361372	0.0190172314	0.01917112779
	0.01931536877	0.01945000946	0.01957509652	0.01969066984	0.01979676379
	0.0198934082	0.01998062916	0.02005844969	0.02012689033	0.02018596995
	0.02023570696	0.02027612218	0.02030724616	0.02032913897	0.0203419453
	0.0203460486	0.02048585915	0.02047833881	0.02045821352	0.02042737327
	0.02038652632	0.02033595065	0.0202757672	0.02020603917	0.02012680809
	0.02003810684	0.01993996434	0.01983240709	0.01971545968	0.01958914476
	0.01945348294	0.01930849255	0.0191541893	0.018990586	0.01881769209
	0.01863551306	0.0184440496	0.01824329608	0.01803323728	0.0178138405
	0.01758503532	0.01734665872	0.01709830447	0.01683890385	0.01656555023
	0.01627018234	0.0159301731	0.0154815115	0.01474241775	0.01319896928
	0.009435576961	-0.0001416570968	-0.02266199048	-0.06040670439	-0.07677956599
	-0.04162064629	-0.01142029721	0.004020968281	0.01598934242	0.03868078113
	0.1006419654	0.2811616118	0.8013456146	2.195376052	5.282261259
	9.809527884	12.15273577	8.795694567	4.570060941	1.924058578
	0.7263591128	0.2644063929	0.09880250065	0.04140982145	0.02195583763
	0.01558314925	0.01368678564	0.01331236456	0.01344845821	0.01374913234
	0.01409617761	0.01444941298	0.0147956312	0.01513122134	0.01545602469
	0.01577072258	0.01607554527	0.01636996959	0.01665312384	0.01692432618
	0.01718334693	0.0174303638	0.01766577849	0.01789004552	0.01810357197
	0.0183066821	0.01849961946	0.0186825633	0.01885564633	0.01901896902
	0.01917260955	0.01931663052	0.01945108321	0.01957601044	0.01969144849
	0.01979742852	0.0198939775	0.01998111906	0.0200588741	0.02012726139
	0.02018629826	0.02023600186	0.02027639188	0.02030749786	0.02032937889
	0.0203421787	0.02034627993	0.02048588609	0.02047836741	0.02045824696
	0.02042741435	0.02038657758	0.02033601448	0.02027584605	0.02020613573
	0.02012692544	0.02003824859	0.01994013477	0.01983261132	0.0197157038
	0.01958943603	0.01945383003	0.01930890575	0.01915468086	0.01899117046
	0.01881838672	0.01863633835	0.01844502984	0.01824446003	0.0180346189
	0.01781547979	0.01758697899	0.01734896053	0.0171010243	0.01684210406
	0.01656928706	0.01627449368	0.01593508772	0.0154871948	0.01474967496
	0.01320832732	0.009416593198	-0.0005559735441	-0.02615730277	-0.07784797233
	-0.1108678277	-0.05980471031	-0.01863341505	9.861612836e-05	0.01414744454
	0.04080829421	0.1132832623	0.3270539868	0.9591001204	2.717209153
	6.824925066	13.52314563	17.7887544	12.25060276	6.060196726
	2.422821621	0.8709283967	0.3040279496	0.1095398306	0.04434045429
	0.02276942118	0.01581732414	0.01376090711	0.01334169974	0.0134645784
	0.01376024392	0.01410381074	0.01445318085	0.01479487574	0.01512595328
	0.01544748219	0.0157611877	0.01606741756	0.01636480133	0.01665127833
	0.01692526851	0.01718616366	0.0174341706	0.0176699115	0.01789408801
	0.01810730348	0.01831001169	0.01850253089	0.01868507831	0.01885780305
	0.01902081034	0.01917417752	0.01931796386	0.01945221646	0.01957697391
	0.01969226856	0.01979812799	0.01989457608	0.01998163376	0.02005931965
	0.02012765056	0.02018664219	0.02023631028	0.02027667333	0.02030775981
	0.02032962783	0.02034242027	0.02034651914	0.02048591642	0.02047839933
	0.02045828352	0.0204274584	0.02038663174	0.02033608131	0.02027592817
	0.020206236	0.0201270471	0.02003839542	0.01994031125	0.01983282275
	0.0197159565	0.01958973756	0.01945418935	0.01930933353	0.01915518982
	0.0189917757	0.01881910616	0.0186371933	0.01844604558	0.01824566656
	0.01803605186	0.01781718158	0.01758900041	0.01735136366	0.0171038892
	0.01684554791	0.01657352523	0.01628004335	0.01594345778	0.01550322381
	0.01478933169	0.01332355098	0.009765499823	0.0004317252025	-0.02398439711
	-0.07767990394	-0.1268409528	-0.07187857503	-0.02563911281	-0.006243181267
	0.00937140755	0.03943195771	0.1181904604	0.3473839525	1.024815599
	2.919377271	7.417644105	15.21229049	22.26091521	14.81087752
	7.030115691	2.714746157	0.9458907125	0.3219984798	0.1137444521
	0.04531422112	0.02299659338	0.01587618667	0.0137834474	0.01335646114
	0.01347659524	0.01376924646	0.0141081541	0.01445079363	0.01478404997
	0.01510657563	0.01542207222	0.01573446957	0.01604427839	0.01634824877
	0.01664183841	0.01692171295	0.01718661725	0.01743690333	0.01767366467
	0.01789808415	0.01811112706	0.01831347643	0.01850557874	0.01868771543
	0.01886006364	0.01902273807	0.01917581673	0.01931935578	0.01945339794
	0.01957797722	0.01969312166	0.01979885497	0.01989519769	0.01998216786
	0.02005978163	0.02012805375	0.02018699815	0.02023662909	0.02027696379
	0.02030802962	0.02032988373	0.0203426682	0.02034676449	0.02048594899
	0.02047843344	0.02045832217	0.02042750444	0.02038668788	0.02033615019
	0.02027601252	0.02020633878	0.02012717167	0.02003854569	0.01994049181
	0.01983303905	0.01971621503	0.01959004603	0.01945455696	0.01930977124
	0.01915571063	0.01899239511	0.01881984258	0.0186380686	0.01844708577
	0.01824690259	0.01803752062	0.0178189274	0.01759107748	0.01735384123
	0.01710686485	0.01684918622	0.01657817693	0.01628662539	0.01595469012
	0.01552772194	0.01485535683	0.01352590081	0.01042776356	0.002673199791
	-0.01638977982	-0.0557829923	-0.09573025904	-0.06525518201	-0.03266193499
	-0.01792605762	-0.0008189878345	0.03283716297	0.1131660228	0.3357144157
	0.9748294893	2.712492852	6.714623257	13.3255528	19.09578637
	14.03756603	6.823391063	2.641183227	0.9175866822	0.3115841602
	0.1100854104	0.04406800432	0.02258589327	0.01575005803	0.01375264321
	0.01335604788	0.01348359926	0.01377428857	0.01410567818	0.01443604993
	0.01475329502	0.01505932982	0.01536340771	0.01567412637	0.01599215983
	0.01631009418	0.01661823126	0.01690986233	0.01718269804	0.01743756784
	0.01767656717	0.017901813	0.0181149344	0.01831701705	0.01850872519
	0.01869044681	0.01886240566	0.0190247333	0.01917751096	0.01932079233
	0.01945461565	0.01957901004	0.0196939989	0.01979960183	0.01989583577
	0.01998271569	0.02006025516	0.02012846672	0.02018736245	0.02023695505
	0.02027726044	0.02030830482	0.0203301444	0.02034292051	0.02034701406
	0.02048598267	0.02047846864	0.02045836188	0.0204275515	0.02038674501
	0.02033622009	0.02027609799	0.02020644283	0.02012729773	0.02003869771
	0.01994067444	0.01983325783	0.01971647652	0.01959035806	0.01945492884
	0.01931021406	0.0191562376	0.01899302193	0.01882058793	0.0186389547
	0.01844813907	0.01824815461	0.01803900912	0.01782069805	0.01759318698
	0.01735636426	0.0171099124	0.01685295809	0.01658312031	0.01629392622
	0.01596782602	0.01555745857	0.01493611961	0.01377036401	0.01121079826
	0.005240937106	-0.008147956115	-0.03305172211	-0.05895333528	-0.05434532492
	-0.04754332956	-0.04169379054	-0.0208196842	0.01906708237	0.09823085439
	0.2964952802	0.8350750514	2.226613983	5.270567969	10.01126428
	13.6378162	10.69438029	5.540765756	2.226337129	0.7943045596
	0.2755379574	0.09941989343	0.04086096314	0.02161508905	0.01546221347
	0.01367522398	0.01334183788	0.01348463366	0.0137723267	0.01409020678
	0.01439773846	0.01468426601	0.01495805316	0.01524004963	0.01554879935
	0.01588491416	0.01623173605	0.01656888898	0.01688327975	0.01717113259
	0.01743461174	0.01767791676	0.0179049617	0.01811858119	0.01832055972
	0.01851192584	0.01869324113	0.01886480447	0.01902677557	0.01917924287
	0.0193222587	0.01945585692	0.01958006152	0.01969489101	0.01980036062
	0.01989648351	0.01998327142	0.02006073519	0.02012888509	0.02018773129
	0.02023728487	0.02027756037	0.02030858287	0.02033040759	0.02034317512
	0.02034726587	0.02048601635	0.02047850384	0.02045840158	0.02042759855
	0.02038680215	0.02033629001	0.02027618347	0.02020654691	0.02012742381
	0.02003884976	0.01994085713	0.01983347668	0.01971673811	0.01959067023
	0.01945530092	0.01931065716	0.01915676496	0.01899364929	0.01882133405
	0.01863984189	0.01844919392	0.01824940889	0.01804050095	0.01782247381
	0.01759530488	0.01735890242	0.01711299006	0.01685679555	0.01658821493
	0.01630157994	0.01598174905	0.01558869697	0.01501831295	0.01400698255
	0.01191831208	0.007349691062	-0.002239706731	-0.0194594256	-0.04176496872
	-0.06152750701	-0.08492691728	-0.0896065587	-0.05780462046	-0.004325910674
	0.07506298559	0.2410718113	0.6550477282	1.655546209	3.708022656
	6.717733716	8.806746475	7.148552234	3.917073796	1.662078809
	0.6218742354	0.2247300105	0.08440971079	0.03637236039	0.02026422181
	0.01506169049	0.01356441454	0.01331650352	0.0134781765	0.01375822642
	0.01405101612	0.01431574125	0.01454293068	0.0147529578	0.01499154762
	0.01529861138	0.01567367732	0.01607949444	0.01647364469	0.01683119856
	0.01714667852	0.01742565868	0.01767668842	0.01790709685	0.01812187897
	0.01832401393	0.01851512933	0.01869606359	0.01886723339	0.01902884305
	0.0191809941	0.01932373931	0.01945710848	0.01958112037	0.01969578838
	0.01980112317	0.01989713391	0.01998382904	0.02006121657	0.02012930443
	0.02018810082	0.02023761518	0.02027786067	0.02030886119	0.020330671
	0.02034342991	0.02034751785	0.02048604892	0.02047853796	0.02045844025
	0.02042764461	0.02038685831	0.02033635891	0.02027626785	0.02020664974
	0.02012754845	0.02003900013	0.01994103783	0.01983369318	0.01971699692
	0.0195909791	0.0194556691	0.01931109567	0.0191572869	0.0189942703
	0.01882207273	0.0186407204	0.01845023871	0.01825065155	0.01804197953
	0.01782423475	0.01759740677	0.01736142463	0.01711605484	0.01686062903
	0.0165933202	0.01630923485	0.01599544053	0.01561823508	0.0150914453
	0.01420094937	0.01243800011	0.008676927974	0.0006896129272	-0.01530790986
	-0.04505616049	-0.09654045253	-0.1618554431	-0.1792754753	-0.1218412846
	-0.04022387081	0.04592326439	0.1813660347	0.4783590574	1.140744969
	2.403728449	4.13488513	5.241097029	4.349586846	2.507959424
	1.131595215	0.4493670114	0.1715523009	0.06819906833	0.03142057222
	0.01875233829	0.01460827686	0.01343615156	0.01328284663	0.01346133418
	0.01372334322	0.01396969901	0.01415426268	0.01426636111	0.01434919184
	0.01450135795	0.01480909146	0.01526733995	0.01579279835	0.01629774326
	0.01673589983	0.0171011116	0.01740715911	0.0176714268	0.01790763533
	0.0181245886	0.01832727166	0.01851827753	0.01869887621	0.01886966384
	0.01903091264	0.01918274541	0.01932521796	0.01945835664	0.01958217501
	0.01969668119	0.0198018811	0.01989777987	0.01998438247	0.02006169408
	0.02012972023	0.02018846715	0.02023794261	0.02027815839	0.02030913719
	0.02033093231	0.02034368275	0.02034776794	0.02048607926	0.02047856989
	0.02045847682	0.02042768868	0.0203869125	0.02033642579	0.02027635003
	0.02020675009	0.02012767023	0.02003914713	0.01994121454	0.01983390493
	0.01971725009	0.01959128127	0.01945602933	0.01931152475	0.01915779769
	0.01899487812	0.01882279583	0.01864158055	0.01845126187	0.01825186881
	0.01804342834	0.01782596093	0.01759946825	0.01736389992	0.01711906437
	0.0168643922	0.01659831121	0.01631660796	0.01600817364	0.01564410251
	0.01515025118	0.01433970661	0.01275056829	0.00926197463	0.001169654294
	-0.01813484111	-0.06427788351	-0.1622859294	-0.2931882619	-0.3287741682
	-0.2226450954	-0.09055281161	0.01319666663	0.1259866536	0.3298714562
	0.7427936519	1.47040391	2.397058581	2.941297782	2.480552863
	1.501130528	0.7217322088	0.3060053171	0.1246516296	0.05323826676
	0.0266947236	0.01727415381	0.01415700581	0.01330507954	0.01324248607
	0.01342875393	0.01365336941	0.01381512244	0.01385027623	0.01373868937
	0.01356585334	0.01354414669	0.01386117696	0.01449657467	0.01526365062
	0.01598214188	0.01656880104	0.017021854	0.01737397061	0.01766013683
	0.01790582232	0.01812641852	0.01833020872	0.01852130671	0.01870163849
	0.01887206581	0.01903296029	0.01918447691	0.019326678	0.01945958741
	0.01958321364	0.01969755948	0.01980262601	0.01989841422	0.01998492563
	0.02006216251	0.02013012801	0.02018882639	0.02023826378	0.02027845058
	0.0203094083	0.02033118923	0.02034393156	0.02034801411	0.02048610622
	0.0204785985	0.02045851027	0.02042772979	0.0203869638	0.02033648967
	0.02027642896	0.02020684676	0.02012778773	0.02003928909	0.01994138528
	0.0198341096	0.01971749483	0.01959157342	0.01945637765	0.01931193968
	0.0191582917	0.01899546604	0.01882349535	0.01864241279	0.01845225203
	0.01825304709	0.01804483113	0.01782763273	0.01760146528	0.01736629796
	0.01712197814	0.0168680254	0.01660308784	0.01632351119	0.01601958436
	0.01566570977	0.01519466386	0.01442975897	0.01290257466	0.009344770062
	0.0002069610129	-0.02465440933	-0.09222934276	-0.2499837982	-0.4721249019
	-0.5339995465	-0.3576907674	-0.1523401055	-0.0199784125	0.07962063758
	0.2172568533	0.4644133836	0.865250581	1.338558609	1.593104934
	1.360568916	0.8615157718	0.4409390638	0.2001619674	0.08773440275
	0.04084478415	0.02262321543	0.01596316782	0.01374799179	0.01318165249
	0.01319469259	0.01337124715	0.0135251733	0.01353557324	0.01329430217
	0.01274782869	0.01205769836	0.01168305366	0.01203550471	0.01304820495
	0.0143016642	0.01542835138	0.01628494307	0.01689027718	0.01731892763
	0.01764020571	0.0179007302	0.01812703267	0.01833268995	0.01852415005
	0.01870430858	0.01887440839	0.01903496129	0.01918616825	0.01932810249
	0.01946078663	0.0195842244	0.01969841327	0.01980334947	0.01989902985
	0.01998545245	0.02006261668	0.02013052332	0.02018917471	0.02023857537
	0.02027873434	0.02030967199	0.02033143955	0.0203441743	0.02034825442
	0.02048612856	0.02047862265	0.02045853955	0.020427767	0.02038701131
	0.02033654967	0.02027650366	0.02020693862	0.02012789963	0.02003942444
	0.01994154817	0.01983430492	0.01971772843	0.01959185232	0.01945671021
	0.01931233589	0.01915876345	0.01899602755	0.01882416356	0.01864320789
	0.01845319817	0.0182541732	0.01804617206	0.01782923107	0.01760337458
	0.0173685897	0.01712475837	0.01687147676	0.0166075759	0.01632984616
	0.01602962182	0.01568354412	0.01522819605	0.01448882244	0.0129723095
	0.009241796301	-0.001026997491	-0.03093530251	-0.1169495466	-0.3276202193
	-0.6378957321	-0.7293154174	-0.4918874426	-0.2121162373	-0.04863917425
	0.04420156102	0.1379580201	0.2824768045	0.497129742	0.7322906467
	0.8478637885	0.7317902339	0.4832116906	0.2627370422	0.1279916207
	0.06091512233	0.03135961641	0.01937668161	0.01488514167	0.01340323441
	0.01307085671	0.01313551524	0.01327408976	0.01330231864	0.01304702915
	0.01229958265	0.01090892752	0.00916614577	0.008069519188	0.008530138949
	0.01034727125	0.01257630149	0.0144759452	0.01581587216	0.01667991575
	0.0172325445	0.01760841673	0.01789129923	0.0181260743	0.01833457992
	0.018526742	0.01870684503	0.01887666058	0.01903689078	0.01918779898
	0.01932947447	0.0194619402	0.0195851955	0.0196992327	0.01980404322
	0.01989961978	0.01998595701	0.02006305152	0.02013090181	0.02018950834
	0.0202388741	0.02027900684	0.02030992579	0.02033168112	0.02034440911
	0.02034848709	0.02048614498	0.02047864111	0.02045856363	0.02042779945
	0.02038705425	0.02033660495	0.0202765732	0.02020702461	0.02012800467
	0.02003955168	0.0199417014	0.01983448873	0.01971794833	0.0195921149
	0.01945702334	0.01931270898	0.01915920775	0.01899655643	0.01882479301
	0.01864395698	0.01845408971	0.01825523448	0.01804743597	0.01783073767
	0.01760517391	0.01737074765	0.01712737034	0.01687470171	0.01661172163
	0.01633557617	0.01603842181	0.01569862973	0.01525571827	0.0145370875
	0.01303776683	0.009240046265	-0.001511165579	-0.03337292366	-0.1255384046
	-0.3526029464	-0.6973692868	-0.8101593739	-0.5604533246	-0.2463842931
	-0.06641061016	0.02008956312	0.08536674276	0.169145454	0.2822837312
	0.3974653458	0.4491601746	0.391399027	0.2687904896	0.1550980699
	0.08141939511	0.04254108112	0.02452532229	0.01694122543	0.01405131234
	0.01312872479	0.01297234485	0.01305721387	0.01311497715	0.012928976
	0.01221662287	0.01055538701	0.007532795189	0.003638497115	0.00105564484
	0.001817543473	0.005350345658	0.009525770583	0.0128718269	0.01506179666
	0.01635522677	0.01710312678	0.017561149	0.01787644729	0.01812321258
	0.01833576046	0.01852902455	0.01870920913	0.01887879226	0.01903872416
	0.01918934881	0.01933077717	0.0194630342	0.01958611542	0.01970000816
	0.01980469918	0.01990017721	0.01998643356	0.02006346213	0.02013125925
	0.02018982362	0.02023915679	0.02027926532	0.02031016735	0.02033191196
	0.02034463428	0.02034871054	0.02048615396	0.02047865254	0.02045858149
	0.02042782636	0.02038709193	0.02033665483	0.0202766368	0.02020710377
	0.02012810169	0.02003966939	0.01994184329	0.01983465902	0.0197181521
	0.01959235825	0.01945731358	0.01931305484	0.01915961965	0.0189970468
	0.0188253767	0.01864465171	0.01845491665	0.01825621899	0.01804860854
	0.01783213529	0.01760684239	0.01737274623	0.01712978237	0.01687766144
	0.01661548315	0.01634068899	0.01604615991	0.01571197361	0.01528143429
	0.01459001492	0.01315147811	0.009506941001	-0.0007419238222	-0.03051682607
	-0.1138561105	-0.3125524598	-0.6174108722	-0.7399094736	-0.5257402961
	-0.2373694041	-0.06900485645	0.006396826596	0.05237428293	0.1010235768
	0.1602658795	0.2163802892	0.2393727342	0.2105964702	0.1502707023
	0.09216647501	0.05252417659	0.03049718354	0.01982930876	0.0152028919
	0.01343842566	0.01291911471	0.01288146258	0.01294800276	0.01286171764
	0.01232205007	0.01084108744	0.007562759076	0.001410699307	-0.006889434305
	-0.01254314687	-0.01098499199	-0.00380144115	0.004223982716	0.01023412279
	0.01388583901	0.01587219088	0.01691773343	0.01749488613	0.01785527665
	0.01811821638	0.01833615521	0.01853095525	0.0187113676	0.01888077528
	0.01904043773	0.01919079802	0.01933199429	0.01946405518	0.019586973
	0.01970073038	0.01980530964	0.01990069565	0.01998687659	0.02006384382
	0.02013159161	0.02019011703	0.02023942037	0.02027950709	0.02031039438
	0.02033213021	0.02034484836	0.02034892351	0.02048615366	0.02047865546
	0.02045859219	0.0204278471	0.02038712384	0.02033669875	0.02027669378
	0.02020717527	0.02012818965	0.02003977632	0.01994197229	0.01983481391
	0.01971833749	0.0195925797	0.01945757773	0.01931336964	0.01915999458
	0.01899749322	0.01882590812	0.0186452843	0.01845566971	0.01825711562
	0.01804967645	0.01783340793	0.01760836073	0.01737456203	0.01713196589
	0.01688032139	0.01661882266	0.01634516485	0.01605293337	0.01572416527
	0.01530761134	0.01465451352	0.01332939997	0.0100571928	0.001150494546
	-0.02357757978	-0.08881351961	-0.2349666244	-0.4537138942	-0.5566914362
	-0.4079487834	-0.1903920753	-0.05820487121	0.0008931674925	0.03282085704
	0.06122139976	0.09224211989	0.1195946128	0.1298223845	0.1154447457
	0.08572919316	0.05618092722	0.03510910226	0.02286977446	0.016724622
	0.01401302746	0.01300696332	0.01276272821	0.01279072763	0.01279227126
	0.01247005688	0.0113615342	0.008621367992	0.002561477879	-0.009505368523
	-0.02679990774	-0.03879085075	-0.03521194556	-0.02032025037	-0.004787111955
	0.006023344788	0.01211675077	0.01518294842	0.01666457638	0.01740715504
	0.01782739291	0.01811105371	0.01833575904	0.01853251574	0.01871329531
	0.01888258447	0.01904200918	0.0191921278	0.01933311024	0.01946499031
	0.01958775766	0.01970139062	0.0198058673	0.01990116899	0.01998728095
	0.02006419217	0.02013189507	0.02019038525	0.02023966189	0.02027972958
	0.02031060469	0.02033233419	0.02034505021	0.02034912518	0.02048614161
	0.02047864815	0.02045859488	0.0204278613	0.02038714969	0.02033673634
	0.02027674362	0.02020723839	0.02012826763	0.0200398713	0.019942087
	0.01983495171	0.01971850248	0.0195927768	0.01945781286	0.01931364988
	0.0191603284	0.0189978907	0.01882638134	0.01864584766	0.01845634041
	0.01825791423	0.01805062758	0.01783454109	0.0176097115	0.01737617411
	0.01713389562	0.01688265091	0.01662170283	0.01634895991	0.01605870258
	0.01573521177	0.01533427263	0.01472908424	0.01355639658	0.01079349843
	0.00364898596	-0.01500202482	-0.06067889588	-0.155128458	-0.2885428006
	-0.3544699717	-0.2674023263	-0.1298003459	-0.04098432115	0.0005014169694
	0.02189330803	0.03851896217	0.05482473228	0.06821459345	0.0727816919
	0.06557623354	0.05090397366	0.03592775519	0.02484525509	0.01817221267
	0.0147377052	0.01322774985	0.01271405244	0.01264573965	0.01269160314
	0.01257182637	0.01188283697	0.00987950737	0.005135514074	-0.005516101334
	-0.02848053949	-0.06390316379	-0.08883221052	-0.08035090293	-0.04947471293
	-0.0196406658	-0.0004462191834	0.009571694616	0.0142474692	0.0163374151
	0.01729793973	0.01779331587	0.01810200259	0.01833466646	0.01853371905
	0.01871497728	0.01888419848	0.0190434181	0.01919332059	0.01933411048
	0.01946582763	0.01958845959	0.01970198077	0.01980636542	0.0199015916
	0.01998764187	0.02006450311	0.02013216608	0.02019062513	0.02023987853
	0.02027993026	0.02031079614	0.02033252235	0.02034523913	0.02034931541
	0.02048611413	0.0204786286	0.02045858901	0.02042786895	0.0203871695
	0.02033676746	0.02027678596	0.02020729257	0.02012833487	0.02003995336
	0.0199421862	0.01983507093	0.01971864525	0.01959294739	0.01945801639
	0.01931389247	0.01916061738	0.01899823483	0.01882679107	0.01864633547
	0.0184569212	0.0182586058	0.01805145113	0.01783552187	0.01761087938
	0.01737756434	0.0171355502	0.01688462437	0.01662408928	0.01635201156
	0.01606330391	0.01574460299	0.01535966847	0.01480671621	0.01380145658
	0.01158085726	0.006200679496	-0.006873317329	-0.03637805732	-0.09224205283
	-0.1653149516	-0.200462561	-0.1543773101	-0.07747207862	-0.02420431774
	0.002407229377	0.01613500863	0.02584486279	0.03446135591	0.04105803643
	0.04311025024	0.03949113282	0.03223198148	0.0246687443	0.01890634473
	0.01534736001	0.01350227451	0.01272632385	0.01252092856	0.01255521649
	0.01257671303	0.01226936991	0.01103389748	0.00765071336	-0.0001908329678
	-0.01797858767	-0.0601393961	-0.1309676153	-0.1815627599	-0.1619649436
	-0.09912492594	-0.04307902699	-0.009888547254	0.006115753213	0.01305502452
	0.01594203317	0.01717141107	0.01775489741	0.01809174232	0.01833308929
	0.01853461261	0.01871640945	0.01888560018	0.01904464634	0.01919436045
	0.01933498171	0.01946655624	0.01958906985	0.01970249346	0.01980679792
	0.01990195838	0.01998795505	0.02006477295	0.02013240142	0.02019083379
	0.02024006765	0.02028010667	0.02031096659	0.02033269321	0.0203454149
	0.02034949512	0.02048606492	0.02047859451	0.02045857473	0.02042787068
	0.02038718369	0.0203367922	0.02027682061	0.02020733738	0.02012839072
	0.02004002166	0.01994226883	0.01983517029	0.01971876426	0.01959308959
	0.01945818606	0.01931409472	0.01916085832	0.01899852177	0.01882713273
	0.01864674226	0.01845740555	0.01825918251	0.01805213781	0.01783633922
	0.01761185139	0.01737871778	0.01713691305	0.01688622386	0.01662595939
	0.01635426675	0.01606653424	0.01575156145	0.01538114933	0.01487848498
	0.0140325553	0.012304691	0.008425157267	-0.0002902113629	-0.01835769434
	-0.04963107183	-0.08725076965	-0.1041939644	-0.08101885084	-0.04098682311
	-0.01122257071	0.004798217091	0.01327280622	0.01891101792	0.02349018581
	0.02676508489	0.02769471618	0.02587458393	0.02227993407	0.01848024826
	0.01552799633	0.01368644973	0.01275507464	0.01241611283	0.01239627869
	0.01248118463	0.01244279583	0.01187632719	0.00986580833	0.0044033033
	-0.008117500211	-0.03605960409	-0.1094319122	-0.2449540206	-0.3433685228
	-0.3014212197	-0.1789219577	-0.07776658663	-0.02272055197	0.001773065551
	0.01165514789	0.01550365121	0.01703745894	0.01771557771	0.01808137737
	0.01833135149	0.01853527428	0.0187175972	0.01888677651	0.01904567825
	0.01919523331	0.01933571219	0.01946716652	0.01958958058	0.01970292226
	0.01980715947	0.01990226488	0.01998821672	0.02006499844	0.02013259822
	0.0201910086	0.02024022675	0.02028025637	0.02031111371	0.02033284515
	0.02034557784	0.02034966714	0.02048598184	0.02047854389	0.02045855364
	0.02042786806	0.02038719316	0.02033681091	0.02027684756	0.02020737255
	0.02012843471	0.02004007554	0.01994233406	0.01983524873	0.01971885822
	0.01959320187	0.01945832003	0.01931425441	0.01916104857	0.01899874834
	0.0188274025	0.01864706347	0.01845778801	0.01825963788	0.01805267987
	0.01783698403	0.01761261702	0.01737962292	0.0171379731	0.01688744211
	0.01662731451	0.01635572791	0.01606830231	0.01575545765	0.015396191
	0.014936401	0.01422529805	0.01289376128	0.01014638008	0.004472345569
	-0.006313455767	-0.02339714535	-0.0422925685	-0.05014324382	-0.03872800084
	-0.0185317683	-0.002473782074	0.006830988994	0.01193379056	0.01520057923
	0.01765696079	0.01930142916	0.01972748367	0.01880910496	0.0170259019
	0.01512810591	0.01364462208	0.01273469664	0.01231694958	0.01223059912
	0.01231699469	0.01241791669	0.0122943724	0.011407313	0.008381542761
	-6.196280279e-05	-0.01951808222	-0.06025518724	-0.1774953804	-0.416634102
	-0.5934114142	-0.5161122677	-0.2955274123	-0.1243488717	-0.0384479557
	-0.003118097266	0.01018966932	0.01507205693	0.01691209065	0.01768024535
	0.01807234149	0.0183298503	0.01853579938	0.01871855172	0.01888771765
	0.01904650068	0.01919592719	0.0193362919	0.01946765029	0.01958998512
	0.0197032617	0.01980744556	0.01990250735	0.0199884237	0.02006517684
	0.02013275404	0.02019114726	0.02024035352	0.02028037689	0.02031123484
	0.02033297594	0.02034572858	0.02034983797	0.02048583872	0.02047847745
	0.02045853035	0.02042786403	0.02038719933	0.02033682416	0.02027686693
	0.02020739794	0.02012846652	0.0200401145	0.01994238123	0.01983530545
	0.01971892616	0.01959328304	0.01945841686	0.01931436982	0.01916118604
	0.01899891204	0.01882759742	0.01864729554	0.01845806431	0.0182599668
	0.01805307128	0.01783744924	0.01761316833	0.01738027176	0.0171387249
	0.01688828373	0.01662818806	0.01635649581	0.01606881008	0.01575638807
	0.01540362329	0.01497527636	0.01436507605	0.01331588486	0.01133030636
	0.007570813663	0.001023441643	-0.008481108833	-0.01817312573	-0.02189553794
	-0.01620334405	-0.00590063215	0.002828314475	0.008254717376	0.01135077458
	0.01328434217	0.01464235353	0.0154940594	0.01569498616	0.01522146799
	0.01432099573	0.01336643096	0.01263173757	0.01221152864	0.01207172301
	0.01212474723	0.01226750663	0.01236436195	0.01214677453	0.01091880665
	0.006750009436	-0.005391483816	-0.03437425582	-0.08925396488	-0.2535354946
	-0.6221357692	-0.8978051875	-0.7893912045	-0.4408691167	-0.1779858789
	-0.05487875237	-0.007773307614	0.008904469513	0.0147191042	0.01681555357
	0.01765449219	0.01806615137	0.01832898185	0.01853627961	0.01871928448
	0.01888841591	0.01904710298	0.01919643239	0.01933671278	0.019468001
	0.01959027814	0.01970350744	0.0198076526	0.01990268279	0.01998857346
	0.02006530595	0.02013286689	0.02019124788	0.02024044594	0.02028046579
	0.0203113268	0.02033308193	0.02034586694	0.02035002195	0.02048557398
	0.02047840728	0.0204585151	0.02042786304	0.02038720397	0.02033683267
	0.02027687894	0.02020741353	0.02012848597	0.02004013827	0.01994240996
	0.01983533994	0.01971896742	0.01959333229	0.01945847556	0.01931443974
	0.01916126929	0.01899901114	0.01882771537	0.01864743593	0.01845823139
	0.01826016563	0.01805330771	0.01783772988	0.01761349991	0.01738065945
	0.0171391675	0.01688876191	0.01662863814	0.01635676211	0.01606860983
	0.01575562045	0.01540495611	0.0149940539	0.01444523462	0.01356172355
	0.01200466131	0.009272766026	0.004874875447	-0.001026206436	-0.006620873886
	-0.008636963324	-0.005485784552	0.0003630977282	0.005610699159	0.009079349158
	0.01113004334	0.01238932275	0.01322361263	0.0137151192	0.01381969425
	0.01354815999	0.01304601678	0.01252298533	0.01213818618	0.01195223492
	0.01194828057	0.0120700609	0.01223841072	0.01232328528	0.0120248026
	0.01051240692	0.005381598373	-0.009971501539	-0.04831773266	-0.1173151731
	-0.3113456807	-0.7836434011	-1.131541531	-1.03460424	-0.5780155089
	-0.2251969146	-0.06776146611	-0.0110034849	0.00810992199	0.01452330568
	0.0167675222	0.01764324829	0.01806403812	0.01832904447	0.01853677833
	0.01871980124	0.01888886448	0.01904747687	0.01919674163	0.01933696888
	0.01946821384	0.01959045575	0.01970365631	0.019807778	0.01990278904
	0.01998866416	0.02006538416	0.0201329353	0.020191309	0.02024050236
	0.0202805208	0.02031138581	0.02033315673	0.02034598773	0.02035025147
	0.02048503255	0.02047838593	0.02045852634	0.02042787043	0.02038720882
	0.02033683708	0.0202768839	0.02020741945	0.02012849309	0.0200401468
	0.01994242011	0.01983535201	0.01971898172	0.01959334924	0.01945849566
	0.01931446357	0.01916129754	0.01899904466	0.01882775517	0.01864748319
	0.01845828753	0.01826023227	0.01805338669	0.01783782306	0.01761360875
	0.0173807837	0.01713930217	0.01688889036	0.01662871871	0.0163567087
	0.01606828427	0.01575486838	0.01540380413	0.01499554568	0.0144632408
	0.01362734122	0.01219543099	0.009767480221	0.006004890239	0.001156027311
	-0.003258596776	-0.004767934188	-0.002289817994	0.002310752581	0.00653048573
	0.009388822273	0.0111024374	0.01214686482	0.01281988016	0.0132018816
	0.01327385871	0.0130555483	0.01266476909	0.01226584918	0.01198434103
	0.01186933801	0.01190743102	0.01205041166	0.01222483137	0.01229891004
	0.01195351148	0.01029207385	0.00472591102	-0.01177059175	-0.05354677552
	-0.1322417307	-0.326859441	-0.8284588236	-1.198485148	-1.135866214
	-0.6479821156	-0.2463573014	-0.07187526004	-0.01159258443	0.008071692211
	0.01454154503	0.01678020447	0.01764915113	0.01806656572	0.01833014972
	0.01853731002	0.0187200975	0.01888905656	0.01904761643	0.0191968502
	0.01933705647	0.01946828585	0.01959051559	0.0197037064	0.01980782017
	0.01990282478	0.01998869469	0.02006541052	0.0201329584	0.02019132972
	0.02024052168	0.02028054015	0.02031140808	0.02033319014	0.02034606732
	0.02035060352	