3131	
	0.01962607131	0.01961771881	0.01959738499	0.01956642171	0.01952544966
	0.01947472752	0.01941436873	0.01934443139	0.01926495256	0.01917596094
	0.01907748134	0.01896953614	0.01885214564	0.018725328	0.01858909897
	0.01844347163	0.018288456	0.01812405868	0.01795028241	0.01776712562
	0.01757458191	0.01737263955	0.01716128091	0.01694048195	0.01671021169
	0.01647043183	0.01622109648	0.01596215217	0.01569353794	0.01541518562
	0.01512701953	0.01482895551	0.01452090141	0.01420277301	0.01387457323
	0.01353664966	0.01319029686	0.01283878148	0.01248888533	0.01215423805
	0.01186360732	0.01167770291	0.01171795208	0.01220814231	0.01351487922
	0.01613382202	0.02051093026	0.02658993769	0.03323112318	0.03818109991
	0.03926631476	0.0360491182	0.0301325632	0.02380482664	0.01864748367
	0.01517115891	0.01317987529	0.0122350173	0.01192925521	0.01197530315
	0.01219910043	0.01250518083	0.01284473093	0.01319402672	0.0135419525
	0.0138834339	0.01421619927	0.01453925296	0.01485217679	0.01515481569
	0.01544713637	0.01572916307	0.01600094732	0.0162625531	0.01651404914
	0.01675550466	0.01698698688	0.01720855971	0.01742028285	0.01762221149
	0.01781439619	0.01799688298	0.01816971359	0.01833292572	0.01848655339
	0.0186306273	0.0187651751	0.01889022177	0.01900578987	0.01911189981
	0.01920857005	0.01929581731	0.01937365672	0.01944210198	0.01950116563
	0.01955085977	0.01959119805	0.01962220156	0.01964391532	0.01965644997
	0.01966004437	0.01962553566	0.01961769328	0.01959739467	0.01956642805
	0.01952545327	0.01947473038	0.01941437182	0.01934443511	0.0192649571
	0.01917596642	0.01907748791	0.01896954395	0.0188521549	0.01872533893
	0.01858911187	0.01844348682	0.01828847389	0.01812407972	0.01795030715
	0.01776715466	0.01757461597	0.01737267942	0.01716132748	0.01694053619
	0.01671027463	0.01647050452	0.01622117991	0.01596224705	0.01569364441
	0.01541530242	0.01512714233	0.01482907317	0.01452098831	0.01420277567
	0.01387439615	0.01353617083	0.01318948951	0.01283800503	0.01248927346
	0.01215831263	0.01187712019	0.01171447254	0.01181049789	0.01242875462
	0.01401180736	0.01717790835	0.02251580281	0.0300140446	0.03827256654
	0.04440238654	0.04559923358	0.04137166623	0.03388879482	0.0260870685
	0.01987219903	0.01576451214	0.01344385389	0.01234412765	0.01197140807
	0.01199051559	0.01220418198	0.01250672323	0.01284515473	0.01319415683
	0.01354204087	0.01388354137	0.01421632977	0.01453939737	0.01485232569
	0.01515496215	0.01544727596	0.0157292932	0.01600106669	0.01626266123
	0.0165141461	0.01675559085	0.01698706295	0.01720862642	0.01742034104
	0.01762226201	0.01781443989	0.01799692065	0.01816974599	0.01833295353
	0.01848657725	0.01863064775	0.01876519264	0.01889023684	0.01900580287
	0.01911191107	0.01920857989	0.01929582601	0.01937366455	0.01944210923
	0.01950117265	0.01955086711	0.01959120677	0.01962221429	0.01964394028
	0.0196565225	0.0196603849	0.01962527145	0.01961762088	0.01959737545
	0.01956642288	0.01952545343	0.0194747339	0.01941437815	0.01934444412
	0.01926496888	0.01917598119	0.01907750599	0.01896956583	0.01885218114
	0.01872537026	0.01858914913	0.01844353103	0.01828852623	0.01812414159
	0.01795038014	0.01776724064	0.01757471704	0.01737279799	0.01716146621
	0.01694069801	0.01671046265	0.01647072193	0.0162214297	0.01596253154
	0.01569396422	0.01541565429	0.01512751402	0.01482943176	0.01452125447
	0.01420277422	0.01387379034	0.0135344733	0.0131864215	0.01283443383
	0.01248833401	0.01216684464	0.01191068156	0.01181165955	0.01206580664
	0.01306081905	0.01548772994	0.02038857898	0.02888711672	0.04122111327
	0.05517116999	0.06559946785	0.06736408598	0.05971044374	0.04682512444
	0.03394720437	0.02410430693	0.01783313392	0.01437921926	0.01274078772
	0.01213060825	0.01205128249	0.01222627254	0.01251438772	0.01284775036
	0.01319511648	0.01354254841	0.01388396655	0.01421676484	0.01453984904
	0.01485278004	0.01515540447	0.01544769552	0.01572968343	0.01600142417
	0.01626298479	0.01651443605	0.01675584849	0.01698729022	0.01720882563
	0.0174205147	0.01762241269	0.01781457011	0.01799703283	0.01816984237
	0.01833303618	0.01848664804	0.01863070835	0.01876524455	0.01889028137
	0.01900584118	0.01911194421	0.01920860877	0.01929585148	0.01937368741
	0.01944213029	0.01950119285	0.01955088772	0.01959122996	0.01962224454
	0.01964398852	0.01965661769	0.01966058788	0.01962512471	0.01961755008
	0.01959734605	0.01956641202	0.01952545215	0.01947473886	0.01941438808
	0.01934445863	0.019264988	0.01917600527	0.01907753559	0.01896960171
	0.01885222427	0.01872542182	0.01858921054	0.01844360397	0.01828861266
	0.01812424382	0.01795050084	0.0177673829	0.01757488438	0.01737299438
	0.01716169613	0.01694096635	0.01671077465	0.01647108296	0.01622184488
	0.0159630049	0.015694497	0.01541624102	0.01512813328	0.0148300238
	0.01452166918	0.01420266329	0.01387244093	0.01353076003	0.01317950763
	0.01282583214	0.0124841192	0.01217953833	0.0119678458	0.01198288219
	0.01252636918	0.01422913922	0.01829012352	0.02666578928	0.04172664437
	0.06445255545	0.09096386771	0.1109666809	0.1138191094	0.09826710677
	0.07338760687	0.04964702887	0.03232544557	0.02174982347	0.01611147978
	0.01346233478	0.01241636095	0.0121594487	0.01226549827	0.0125280694
	0.01285245571	0.01319689254	0.01354348431	0.01388472388	0.01421751703
	0.01454061675	0.01485354506	0.01515614517	0.0154483958	0.01573033341
	0.01600201886	0.01626352263	0.01651491777	0.01675627636	0.0169876675
	0.0172091562	0.01742080275	0.01762266252	0.01781478593	0.01799721866
	0.01817000196	0.01833317298	0.01848676515	0.01863080857	0.01876533034
	0.01889035493	0.01900590444	0.01911199888	0.01920865639	0.01929589344
	0.01937372502	0.01944216484	0.0195012258	0.01955092092	0.0195912662
	0.01962228877	0.01964405018	0.01965671341	0.01966072949	0.01962503472
	0.01961749233	0.01959731656	0.01956640008	0.01952545136	0.01947474609
	0.01941440198	0.01934447875	0.01926501446	0.01917603855	0.0190775765
	0.01896965132	0.01885228394	0.01872549318	0.01858929556	0.01844370497
	0.0182887324	0.0181243855	0.01795066818	0.01776758019	0.01757511655
	0.01737326701	0.01716201548	0.01694133931	0.01671120865	0.01647158566
	0.01622242367	0.01596366576	0.01569524198	0.01541706236	0.0151289987
	0.01483083919	0.01452218613	0.01420227012	0.01386978925	0.0135235007
	0.01316547919	0.0128073128	0.01247200627	0.01219444624	0.01205232672
	0.01224638007	0.01325423902	0.01612895314	0.02299910443	0.03761031037
	0.0650053864	0.1081570949	0.1602226291	0.199925615	0.2045252898
	0.171986415	0.1225276481	0.07758443951	0.04638357219	0.02819981147
	0.01886923555	0.01457787037	0.01284745881	0.01231948468	0.01232272953
	0.01254789257	0.01285929562	0.01319951503	0.01354488342	0.01388584393
	0.01421860876	0.01454171477	0.01485462848	0.01515718736	0.015449377
	0.01573124177	0.01600284868	0.01626427245	0.01651558898	0.01675687228
	0.01698819275	0.01720961621	0.0174212034	0.01762300982	0.01781508579
	0.01799747672	0.01817022348	0.01833336277	0.01848692755	0.01863094748
	0.01876544921	0.01889045681	0.01900599203	0.01911207455	0.01920872226
	0.01929595143	0.0193737769	0.01944221239	0.01950127087	0.01955096574
	0.01959131382	0.01962234375	0.01964411946	0.0196568052	0.01966084219
	0.01962497588	0.01961744846	0.01959729157	0.01956639008	0.01952545261
	0.01947475633	0.01941442012	0.01934450452	0.01926504812	0.0191760808
	0.01907762838	0.01896971421	0.01885235957	0.01872558364	0.01858940336
	0.01844383308	0.0182888843	0.01812456528	0.0179508806	0.01776783073
	0.01757541151	0.01737361357	0.0171624217	0.01694181413	0.01671176174
	0.01647222714	0.01622316342	0.01596451198	0.01569619786	0.01541811783
	0.01513010882	0.01483186619	0.01452274648	0.01420135721	0.01386499985
	0.01351018934	0.01313850273	0.01276957563	0.01244275315	0.0122065067
	0.01216659194	0.0126226911	0.01432702987	0.01902390357	0.03045745167
	0.05572449856	0.1053914218	0.1874471843	0.2902187347	0.3695941256
	0.3767136396	0.3084863459	0.2099908786	0.1250375335	0.06914268582
	0.03817740359	0.02296346833	0.01617554582	0.01344628807	0.01253628531
	0.01239880046	0.01257394803	0.01286829513	0.01320302765	0.01354679495
	0.01388736788	0.01422006867	0.01454315989	0.01485603785	0.01515853233
	0.01545063676	0.01573240445	0.01600390911	0.01626522992	0.01651644577
	0.01675763277	0.01698886284	0.01721020282	0.01742171405	0.01762345221
	0.01781546752	0.01799780503	0.01817050512	0.01833360393	0.01848713381
	0.01863112381	0.01876560004	0.01889058603	0.01900610307	0.01911217044
	0.01920880567	0.01929602478	0.01937384244	0.01944227224	0.01950132725
	0.01955102112	0.01959137122	0.01962240706	0.01964419344	0.01965689355
	0.01966094075	0.01962493643	0.01961741677	0.01959727277	0.01956638369
	0.01952545694	0.01947477008	0.01941444268	0.01934453587	0.01926508876
	0.01917613165	0.01907769074	0.01896978977	0.01885245041	0.0187256923
	0.01858953285	0.018443987	0.01828906686	0.01812478141	0.01795113605
	0.01776813217	0.01757576661	0.01737403107	0.01716291148	0.01694238719
	0.01671243011	0.01647300352	0.01622406042	0.01596554043	0.01569736258
	0.01541940668	0.01513146278	0.01483309495	0.01452329176	0.01419966037
	0.01385703729	0.01348733721	0.01308946453	0.01269671964	0.01237969407
	0.0122053599	0.01230946585	0.01312971766	0.01582615259	0.02322226856
	0.04175029942	0.08454609661	0.1731936095	0.3275584745	0.5289872054
	0.6869701356	0.6973674644	0.5557899615	0.3615445773	0.2030129319
	0.1045609762	0.05292799978	0.02874309543	0.01834173334	0.01423075407
	0.01281234984	0.01249358489	0.01260600064	0.01287938691	0.01320745647
	0.01354926987	0.01388934057	0.01422192635	0.01454496662	0.01485777599
	0.01516017533	0.01545216648	0.01573381178	0.01600519107	0.01626638724
	0.01651748169	0.01675855251	0.01698967329	0.01721091215	0.01742233123
	0.01762398656	0.01781592826	0.01799820101	0.01817084458	0.0183338944
	0.01848738209	0.01863133595	0.0187657814	0.01889074134	0.01900623645
	0.01911228555	0.01920890575	0.0192961127	0.01937392084	0.01944234361
	0.01950139406	0.01955108596	0.01959143699	0.01962247702	0.01964427083
	0.01965697992	0.01966103243	0.01962491036	0.01961739524	0.01959726046
	0.01956638168	0.01952546493	0.01947478764	0.01941446968	0.01934457265
	0.01926513606	0.01917619062	0.01907776296	0.01896987721	0.01885255553
	0.01872581804	0.01858968273	0.01844416517	0.01828927825	0.01812503176
	0.01795143208	0.01776848167	0.01757617858	0.01737451581	0.01716348069
	0.01694305399	0.01671320892	0.01647390979	0.01622510982	0.01596674682
	0.01569873303	0.01542092776	0.01513306144	0.01483452371	0.01452378961
	0.0141969832	0.01384496968	0.01345119265	0.01300666472	0.01256512439
	0.0122558802	0.0121727865	0.01247273516	0.01377444871	0.01781337254
	0.02901306007	0.05805955358	0.1284605851	0.282747623	0.5670161937
	0.9544640777	1.263910369	1.278586003	0.991614246	0.6161150353
	0.3266005302	0.1574502044	0.07375748106	0.03650728435	0.02112836773
	0.01520345521	0.01314444517	0.01260501394	0.01264320558	0.01289232717
	0.01321278177	0.0135523482	0.01389180206	0.01422420482	0.01454713951
	0.01485983315	0.01516209806	0.01545394477	0.01573544331	0.0160066772
	0.0162677307	0.01651868627	0.01675962348	0.01699061776	0.01721173896
	0.01742305046	0.01762460891	0.01781646449	0.01799866149	0.01817123901
	0.01833423165	0.01848767015	0.01863158193	0.01876599157	0.0188909212
	0.01900639085	0.01911241872	0.01920902143	0.01929621422	0.01937401119
	0.0194424256	0.01950147034	0.01955115922	0.01959150996	0.01962255246
	0.01964435104	0.01965706562	0.019661121	0.0196248942	0.01961738207
	0.01959725427	0.01956638423	0.0195254768	0.01947480907	0.01941450104
	0.01934461458	0.01926518958	0.01917625714	0.0190778443	0.01896997565
	0.01885267383	0.01872595955	0.01858985143	0.01844436578	0.01828951632
	0.01812531383	0.01795176578	0.01776887588	0.01757664358	0.01737506344
	0.01716412443	0.01694380908	0.0167140923	0.0164749398	0.01622630541
	0.01596812543	0.01570030481	0.01542267944	0.01513490868	0.01483616644
	0.01452426823	0.01419333916	0.0138285091	0.01339945332	0.01287922614
	0.01234579641	0.01203289623	0.0120806466	0.01263705075	0.01454124037
	0.02029337268	0.03654370137	0.08028887006	0.191719257	0.4505381502
	0.9557866496	1.675047566	2.261658904	2.285115271	1.727353455
	1.025413622	0.5134887847	0.2325083212	0.1016148907	0.04635967159
	0.02450812824	0.01633903287	0.01352024936	0.01272822436	0.01268389606
	0.0129066393	0.01321891833	0.01355604753	0.01389477724	0.01422690912
	0.01454966044	0.0148621734	0.01516425537	0.01545592577	0.01573725856
	0.01600833524	0.01626923639	0.01652004244	0.01676083353	0.01699168733
	0.01721267634	0.01742386607	0.01762531441	0.01781707195	0.0179991827
	0.01817168506	0.01833461271	0.01848799536	0.01863185942	0.0187662285
	0.01889112385	0.0190065647	0.01911256857	0.01920915149	0.01929632822
	0.01937411248	0.01944251721	0.01950155513	0.0195512399	0.01959158914
	0.01962263254	0.01964443382	0.01965715159	0.01966120853	0.01962488573
	0.01961737577	0.01959725356	0.01956639115	0.01952549248	0.01947483426
	0.01941453651	0.01934466129	0.01926524881	0.01917633053	0.01907793392
	0.01897008404	0.01885280408	0.01872611536	0.0185900372	0.01844458674
	0.01828977864	0.01812562476	0.01795213382	0.01776931095	0.01757715719
	0.0173756689	0.01716483701	0.01694464612	0.01671507326	0.01647608607
	0.01622763951	0.01596966886	0.01570207187	0.01542465936	0.0151370119
	0.01483805831	0.0145248449	0.01418908064	0.01380854776	0.01333322133
	0.01270215225	0.01201036147	0.01166254742	0.01189047693	0.01276771591
	0.01537791299	0.02316581606	0.04563881081	0.1083840999	0.2760831687
	0.6881383241	1.538084701	2.796940735	3.848589443	3.902974686
	2.888638632	1.64252358	0.7783707949	0.3321387108	0.1363892697
	0.05801112975	0.0283246732	0.01757272983	0.01391597644	0.01285513089
	0.0127255222	0.01292160585	0.01322570913	0.01356035299	0.01389826192
	0.01423000835	0.01455246659	0.01486471017	0.01516655101	0.01545801785
	0.01573918049	0.01601010659	0.01627086294	0.01652152234	0.01676216412
	0.01699286934	0.01721371511	0.01742477092	0.01762609718	0.01781774558
	0.01799976021	0.01817217883	0.01833503414	0.01848835472	0.0186321658
	0.0187664899	0.01889134727	0.01900675624	0.01911273356	0.01920929458
	0.0192964535	0.01937422359	0.01944261742	0.01950164743	0.01955132705
	0.01959167366	0.01962271661	0.01964451901	0.0196572384	0.01966129615
	0.0196248833	0.01961737509	0.0195972576	0.01956640205	0.0195255117
	0.01947486294	0.01941457573	0.01934471231	0.01926531313	0.01917641002
	0.01907803087	0.01897020125	0.0188529449	0.01872628381	0.01859023809
	0.01844482575	0.0182900625	0.01812596139	0.01795253252	0.01776978259
	0.01757771446	0.0173763265	0.01716561192	0.01694555777	0.01671614367
	0.01647733973	0.01622910275	0.01597136775	0.015704026	0.01542686355
	0.01513938081	0.01484025424	0.01452572969	0.01418494425	0.01378744528
	0.0132584912	0.01248198957	0.01154162902	0.01109459415	0.01155697451
	0.01281107832	0.01618258278	0.02618114617	0.05560796541	0.1404582517
	0.3770618699	0.9880048142	2.309463552	4.330255286	6.068240995
	6.230128119	4.546790212	2.489438658	1.121042556	0.4528994516
	0.1760127579	0.07058397883	0.03225648652	0.01879552978	0.01429637536
	0.01297475651	0.01276481597	0.01293632432	0.01323293467	0.01356520738
	0.01390220197	0.01423340511	0.01455541113	0.01486726135	0.01516879279
	0.01546004459	0.01574106566	0.01601188599	0.01627253913	0.01652308039
	0.01676358673	0.01699414561	0.01721484303	0.01742575607	0.01762695015
	0.01781847951	0.01800038896	0.01817271591	0.01833549208	0.01848874482
	0.0186324981	0.01876677319	0.01889158922	0.01900696353	0.01911291198
	0.01920944918	0.01929658872	0.01937434332	0.01944272513	0.01950174624
	0.01955141974	0.01959176272	0.0196228041	0.0196446064	0.01965732636
	0.01966138445	0.01962488563	0.01961737891	0.0195972656	0.01956641638
	0.01952553404	0.01947489469	0.01941461826	0.01934476707	0.01926538184
	0.01917649475	0.01907813411	0.018970326	0.01885309477	0.01872646312
	0.01859045197	0.01844508031	0.01829036495	0.01812632025	0.0179529578
	0.01777028607	0.01757830987	0.01737702989	0.01716644189	0.01694653577
	0.01671729423	0.01647869048	0.01623068398	0.01597321051	0.01570615634
	0.01542928521	0.01514202366	0.01484281738	0.01452719059	0.01418197066
	0.01376906952	0.0131882721	0.01225095437	0.01097225366	0.01031605375
	0.0110438354	0.01269179602	0.0167943889	0.02892552543	0.06516129753
	0.172213269	0.4805566758	1.30764121	3.162231105	6.065495368
	8.661791112	9.113564103	6.600821537	3.502858884	1.509650503
	0.581617519	0.2157666077	0.08253328886	0.03582314216	0.01986230151
	0.01461839766	0.01307454961	0.0127982134	0.0129498273	0.01324033499
	0.01357049732	0.01390645867	0.01423688153	0.0145581911	0.01486946552
	0.01517060881	0.01546167264	0.01574265017	0.01601348576	0.01627414266
	0.01652464179	0.01676505711	0.01699548983	0.01721604363	0.01742681029
	0.0176278649	0.01781926691	0.01800106321	0.01817329135	0.01833598223
	0.01848916194	0.01863285307	0.01876707555	0.01889184725	0.01900718443
	0.01911310197	0.01920961369	0.01929673244	0.0193744704	0.0194428392
	0.01950185052	0.01955151707	0.01959185556	0.01962289447	0.01964469577
	0.01965741555	0.01966147367	0.01962489162	0.01961738623	0.01959727677
	0.01956643353	0.01952555898	0.01947492903	0.01941466353	0.01934482493
	0.01926545418	0.0191765838	0.01907824252	0.01897045696	0.01885325209
	0.01872665137	0.01859067658	0.01844534772	0.01829068281	0.01812669759
	0.01795340529	0.01777081624	0.01757893746	0.01737777213	0.01716731889
	0.0169475709	0.01671851444	0.01648012651	0.01623237012	0.01597518309
	0.01570844873	0.01543191289	0.01514494138	0.01484579704	0.01452947025
	0.0141812133	0.01375802204	0.01314266831	0.01208587158	0.01047623631
	0.009473004078	0.01036433981	0.01230662009	0.01698660018	0.03085887058
	0.07258318482	0.1974634425	0.5639244665	1.569507811	3.877284176
	7.55422467	11.00169523	12.01193618	8.661960699	4.485242173
	1.869348713	0.6941775405	0.2485150595	0.09183532872	0.03846097156
	0.0206169322	0.01483887225	0.01314262158	0.01282248284	0.01296124541
	0.01324763483	0.01357602727	0.01391074782	0.01424000148	0.01456021308
	0.01487062407	0.01517128992	0.01546227789	0.01574345174	0.01601457301
	0.01627546423	0.01652608394	0.01676650645	0.01699686358	0.01721729454
	0.01742791935	0.01762883137	0.0178201	0.01800177651	0.01817389965
	0.01833649985	0.01848960199	0.01863322718	0.01876739391	0.01889211872
	0.01900741665	0.01911330156	0.01920978636	0.01929688317	0.01937460349
	0.01944295845	0.01950195924	0.01955161814	0.01959195144	0.01962298718
	0.01964478681	0.01965750589	0.01966156385	0.01962490029	0.01961739615
	0.01959729031	0.01956645284	0.01952558594	0.01947496536	0.01941471093
	0.01934488519	0.01926552932	0.01917667616	0.0190783549	0.01897059269
	0.01885341516	0.01872684653	0.01859090949	0.01844562513	0.0182910127
	0.01812708944	0.01795387029	0.0177713676	0.01757959077	0.01737854569
	0.01716823418	0.01694865305	0.01671979265	0.0164816345	0.01623414611
	0.01597726877	0.01571088523	0.01543472887	0.01514812116	0.0148492018
	0.01453266534	0.01418317101	0.01375689446	0.01313609254	0.01206399312
	0.01033890828	0.008958742666	0.009603039603	0.01149184573	0.01644771029
	0.03140158037	0.07620759079	0.2101647395	0.6042602998	1.691574713
	4.212869335	8.287778307	12.18813797	13.76622369	9.999290178
	5.118387363	2.095118227	0.7610104253	0.266527578	0.09652067299
	0.03966931224	0.02093123428	0.01492471778	0.01317040911	0.01283540919
	0.01296996878	0.01325455577	0.01358146788	0.01391453034	0.01424193085
	0.01456034081	0.01486940131	0.01516949166	0.01546069673	0.01574259262
	0.01601455995	0.01627614721	0.01652720643	0.01676782768	0.01699821054
	0.0172185652	0.01742906523	0.01762983759	0.01782096985	0.0180025217
	0.01817453484	0.01833703984	0.01849006056	0.01863361664	0.01876772503
	0.01889240082	0.01900765778	0.01911350865	0.01920996539	0.0192970393
	0.01937474122	0.01944308167	0.01950207133	0.01955172205	0.01959204964
	0.01962308168	0.01964487917	0.01965759721	0.01966165485	0.01962491071
	0.01961740776	0.01959730543	0.0195664736	0.01952561427	0.01947500307
	0.01941475979	0.01934494709	0.01926560637	0.0191767708	0.01907847001
	0.01897073172	0.0188535822	0.01872704648	0.0185911482	0.01844590955
	0.0182913511	0.01812749162	0.01795434787	0.01777193436	0.01758026297
	0.01737934255	0.01716917838	0.01694977123	0.01672111611	0.01648319969
	0.01623599495	0.01597944812	0.01571344384	0.01543770823	0.01515153276
	0.01485298267	0.01453664006	0.01418730066	0.01376329395	0.01315837413
	0.01215174265	0.01053785462	0.008919408832	0.008710009373	0.009911574322
	0.01471894994	0.03001736476	0.0749978767	0.2070688711	0.5900886247
	1.634158376	4.04786654	7.998263663	11.72580832	13.08998599
	9.816909985	5.115708558	2.101522607	0.7601484568	0.2646268235
	0.09540933478	0.03918100887	0.02074472215	0.01486232109	0.01315490428
	0.01283631828	0.01297575074	0.01326079471	0.01358625757	0.01391681555
	0.01424110613	0.01455641824	0.01486325212	0.01516266884	0.01545476358
	0.01573848045	0.01601241368	0.0162755876	0.01652768372	0.01676885503
	0.01699944836	0.01721981383	0.01743022501	0.0176308693	0.01782186638
	0.01800329092	0.0181751904	0.01833759669	0.01849053295	0.01863401742
	0.01876806543	0.01889269058	0.01900790526	0.01911372104	0.01921014887
	0.0192971992	0.01937488214	0.01944320761	0.01950218574	0.01955182788
	0.0195921494	0.0196231774	0.01964497245	0.01965768922	0.01966174648
	0.01962492201	0.01961742023	0.01959732135	0.0195664951	0.01952564331
	0.01947504148	0.01941480941	0.01934500985	0.01926568442	0.01917686664
	0.01907858658	0.0189708725	0.01885375139	0.01872724905	0.01859139011
	0.0184461979	0.01829169433	0.01812789978	0.01795483291	0.01777251043
	0.01758094688	0.01738015426	0.01717014149	0.01695091374	0.01672247105
	0.01648480593	0.01623789779	0.01598169913	0.01571609871	0.01544081927
	0.01515513039	0.01485704159	0.01454106695	0.01419222328	0.01377096706
	0.01318093349	0.01222724845	0.01067916789	0.008702833155	0.007120892168
	0.006855488322	0.01105417379	0.02621366091	0.06887626115	0.1891850864
	0.5273681471	1.423292301	3.458155192	6.818435447	10.00864393
	10.91094541	8.334859616	4.48881653	1.883631963	0.6904132834
	0.2429037264	0.08865746988	0.03707245521	0.02008693645	0.01466208871
	0.01309957151	0.01282624344	0.01297870546	0.0132659474	0.01358942586
	0.01391581014	0.01423462247	0.01454436526	0.01484732519	0.01514600031
	0.01544045208	0.01572823653	0.01600633041	0.01627277116	0.01652699227
	0.01676933439	0.01700045755	0.0172209836	0.01743136968	0.01763190966
	0.01782277823	0.01800407555	0.01817585936	0.01833816457	0.01849101423
	0.0186344253	0.01876841153	0.01889298492	0.01900815645	0.01911393646
	0.01921033485	0.01929736118	0.01937502481	0.01944333502	0.01950230138
	0.01955193473	0.01959224998	0.01962327377	0.01964506621	0.0196577816
	0.01966183844	0.01962493331	0.01961743271	0.01959733728	0.01956651661
	0.01952567236	0.01947507991	0.01941485906	0.01934507265	0.01926576254
	0.01917696258	0.01907870328	0.01897101348	0.01885392085	0.01872745201
	0.01859163258	0.01844648702	0.01829203866	0.01812830948	0.0179553201
	0.01777308954	0.01758163508	0.01738097198	0.01717111309	0.01695206817
	0.01672384278	0.01648643585	0.01623983404	0.01598399741	0.01571882058
	0.01544402527	0.01515885983	0.0148612639	0.01454558266	0.01419651254
	0.01377401169	0.01317999118	0.01220265921	0.0104853852	0.00768152401
	0.003937228857	0.00107598338	0.004206006645	0.01942643818	0.05859684508
	0.1610284704	0.4350941509	1.1304712	2.657893956	5.168789835
	7.611123969	8.224580805	6.3351013	3.510608286	1.518751746
	0.5725113783	0.2068424292	0.07773233269	0.03374425329	0.01906972216
	0.01435583539	0.01301351369	0.01280765127	0.01297917962	0.01326935796
	0.01358929108	0.01390829783	0.01421710609	0.01451645954	0.01481235383
	0.01511034004	0.01541028345	0.01570667926	0.01599318491	0.01626601374
	0.01652430161	0.01676888208	0.0170010673	0.0172219982	0.01743246292
	0.01763293894	0.01782369277	0.01800486634	0.01817653435	0.01833873735
	0.01849149922	0.01863483591	0.0187687596	0.01889328067	0.01900840865
	0.0191141526	0.01921052134	0.01929752352	0.01937516773	0.01944346261
	0.01950241714	0.01955204168	0.01959235062	0.01962337018	0.01964516002
	0.01965787403	0.01966193043	0.01962494376	0.01961744435	0.01959735243
	0.01956653741	0.01952570074	0.0194751177	0.01941490803	0.01934513471
	0.0192658398	0.01917705751	0.01907881881	0.01897115309	0.01885408871
	0.01872765312	0.01859187291	0.01844677373	0.01829238027	0.01812871619
	0.01795580406	0.01777366527	0.01758231992	0.01738178664	0.01717208233
	0.01695322162	0.01672521591	0.01648807105	0.01624178171	0.01598631658
	0.01572157765	0.01544728677	0.01516266738	0.01486555586	0.01454994983
	0.01419938915	0.01376971886	0.01314683393	0.01205344704	0.009882212265
	0.005556313846	-0.001782047064	-0.009246801176	-0.007723920721	0.008898583842
	0.04531302378	0.1284160973	0.3351163712	0.831039092	1.86963113
	3.53603645	5.177029232	5.592237177	4.350580119	2.478313165
	1.1137937	0.4374424851	0.1647136462	0.06481225399	0.02977897672
	0.01785240043	0.01398798058	0.01290917634	0.0127838081	0.0129775155
	0.01326987833	0.0135829622	0.01388855675	0.01417864402	0.01445806679
	0.01474058678	0.01503830811	0.01535038739	0.01566453567	0.01596761796
	0.0162525592	0.01651831814	0.01676693078	0.01700103881	0.01722275737
	0.01743346012	0.01763393447	0.01782459619	0.01800565341	0.0181772076
	0.01833930866	0.0184919826	0.01863524474	0.01876910581	0.01889357459
	0.01900865909	0.0191143671	0.01921070631	0.01929768448	0.01937530942
	0.01944358909	0.01950253193	0.01955214779	0.01959245059	0.01962346606
	0.01964525341	0.01965796614	0.01966202215	0.01962495247	0.0196174543
	0.01959736602	0.01956655678	0.01952572779	0.01947515415	0.0194149556
	0.01934519521	0.01926591528	0.01917715035	0.01907893186	0.01897128977
	0.01885425311	0.01872785015	0.01859210846	0.01844705485	0.01829271538
	0.01812911538	0.01795627939	0.01777423118	0.01758299368	0.01738258899
	0.01717303815	0.01695436083	0.0167265745	0.01648969234	0.01624371765
	0.01598862872	0.01572433629	0.01545056367	0.01516650645	0.01486986876
	0.01455414418	0.0142010014	0.01375919979	0.01308726765	0.01180324033
	0.008927628701	0.002306201109	-0.01066731574	-0.02589028433	-0.0267595066
	-0.006072969034	0.03024249237	0.09639896449	0.2438780189	0.57444109
	1.227593209	2.232637779	3.210429301	3.460511357	2.727940231
	1.604179186	0.7548548597	0.312247715	0.1241461225	0.05199194826
	0.02575467373	0.01659673051	0.0136043255	0.01279946327	0.01275799532
	0.01297375134	0.01326552266	0.01356554377	0.01384649912	0.0141010063
	0.01434141535	0.01459791485	0.01489682885	0.01523510479	0.01558533897
	0.01592056093	0.01622798079	0.01650707419	0.01676266478	0.01700004844
	0.0172231336	0.01743430825	0.01763487091	0.01782547372	0.01800642647
	0.01817787113	0.01833987198	0.01849245891	0.01863564723	0.01876944633
	0.01889386341	0.01900890502	0.01911457759	0.01921088776	0.01929784234
	0.01937544837	0.01944371318	0.01950264466	0.01955225215	0.01959254911
	0.0196235608	0.01964534597	0.01965805762	0.01966211332	0.01962495851
	0.01961746168	0.01959737725	0.01956657402	0.01952575286	0.01947518866
	0.0194150011	0.01934525339	0.01926598807	0.01917724003	0.01907904117
	0.01897142199	0.01885441221	0.01872804091	0.01859233659	0.01844732721
	0.01829304022	0.01812950254	0.01795674069	0.01777478079	0.01758364864
	0.01738336975	0.01717396939	0.01695547232	0.01672790227	0.01649128
	0.01624561795	0.01599090484	0.01572706177	0.01545381617	0.01517033936
	0.01487420126	0.01455834835	0.01420233488	0.01374677229	0.01301871714
	0.01151620083	0.007825374053	-0.001557249791	-0.02184352089	-0.0481004404
	-0.05254166161	-0.02487621019	0.01479697991	0.06831912036	0.1696970554
	0.3790246006	0.7666678706	1.332309498	1.864913259	1.996751064
	1.59669539	0.9730269814	0.4821677893	0.2117320839	0.08990899771
	0.0407226869	0.02210404533	0.01543095493	0.01324269383	0.01269524946
	0.01273280954	0.01296731482	0.01325300491	0.01352891166	0.01376454284
	0.01395081806	0.01411375644	0.0143186102	0.01462290319	0.01501716215
	0.01544015276	0.01583693197	0.01618533819	0.01648766726	0.01675495379
	0.0169976759	0.01722297214	0.01743494721	0.01763572117	0.0178263101
	0.01800717503	0.01817851683	0.0183404207	0.01849292268	0.01863603878
	0.01876977728	0.01889414389	0.01900914366	0.01911478175	0.01921106368
	0.01929799537	0.0193755831	0.0194438336	0.01950275421	0.01955235382
	0.01959264543	0.01962365385	0.01964543727	0.01965814819	0.0196622037
	0.01962496089	0.01961746555	0.01959738533	0.01956658846	0.01952577535
	0.01947522061	0.01941504391	0.01934530855	0.01926605734	0.01917732554
	0.01907914549	0.01897154827	0.01885456423	0.01872822324	0.01859255473
	0.01844758777	0.0182933511	0.01812987327	0.01795718269	0.01777530778
	0.01758427715	0.01738411973	0.01717486492	0.01695654264	0.01672918287
	0.01649281413	0.01624745828	0.01599311533	0.01572971863	0.01545700471
	0.01517413401	0.01487858119	0.01456286736	0.0142048493	0.01373854426
	0.01296561494	0.01128749459	0.006936137174	-0.004748741951	-0.03156769279
	-0.0689007741	-0.07797877152	-0.043350575	0.001112452389	0.04591884735
	0.1142689339	0.2420222238	0.4628510139	0.7668151225	1.040432334
	1.103088113	0.8945390801	0.5657998116	0.296115514	0.1388311988
	0.06365225556	0.03167074067	0.01906309156	0.01443343111	0.01292799287
	0.0126039268	0.0127097132	0.0129567605	0.01322716256	0.01345992121
	0.01361251642	0.01366740976	0.01367494531	0.01377576699	0.01409659656
	0.01461003193	0.01517885406	0.01569221635	0.01611408879	0.01645598593
	0.01674230766	0.01699340683	0.01722209767	0.01743531376	0.0176364582
	0.01782709036	0.01800788873	0.01817913661	0.01834094824	0.01849336846
	0.01863641483	0.01877009487	0.01889441282	0.01900937233	0.01911497727
	0.01921123211	0.01929814188	0.01937571216	0.01944394908	0.0195028595
	0.01955245187	0.0195927388	0.01962374461	0.01964552696	0.01965823765
	0.01966229318	0.01962495851	0.01961746492	0.01959738944	0.01956659947
	0.01952579473	0.01947524952	0.01941508346	0.01934536001	0.01926612228
	0.0191774059	0.01907924367	0.0189716672	0.01885470747	0.01872839511
	0.01859276043	0.01844783355	0.01829364449	0.01813022331	0.01795760025
	0.01777580597	0.01758487178	0.01738482992	0.01717571387	0.01695755854
	0.01673040014	0.0164942749	0.01624921434	0.01599523041	0.015732271
	0.01546008896	0.01517785721	0.0148830342	0.01456799542	0.01420993358
	0.01374023569	0.01295079756	0.01120869685	0.006632989338	-0.005777376101
	-0.0347614877	-0.07696936018	-0.09002339117	-0.05377084409	-0.007974657423
	0.02980232969	0.07550962528	0.1515292546	0.273853318	0.4325028281
	0.5682798648	0.5959422558	0.4898697603	0.3216317429	0.1780580478
	0.0896286016	0.04489297623	0.02488596035	0.01669521747	0.01363464183
	0.0126718062	0.01252909259	0.01268889192	0.01293959896	0.01318032168
	0.01333799197	0.01333977277	0.01314175913	0.01283545428	0.01272439702
	0.01309029234	0.01385698744	0.01471635427	0.01544778183	0.01599888533
	0.01640651945	0.01672289448	0.01698666445	0.01722033177	0.01743534899
	0.0176370579	0.01782780086	0.01800855777	0.01817972267	0.01834144815
	0.01849379088	0.01863677095	0.01877039536	0.01889466709	0.01900958838
	0.01911516192	0.01921139115	0.01929828025	0.01937583413	0.01944405838
	0.01950295944	0.01955254539	0.01959282846	0.01962383256	0.01964561471
	0.01965832592	0.01966238177	0.01962495006	0.01961745864	0.0195973888
	0.01956660652	0.01952581059	0.01947527496	0.01941511927	0.0193454072
	0.01926618218	0.01917748023	0.0190793346	0.01897177744	0.01885484032
	0.01872855457	0.01859295135	0.01844806175	0.01829391701	0.01813054859
	0.01795798849	0.01777626947	0.01758542541	0.0173854917	0.01717650571
	0.01695850718	0.01673153834	0.01649564297	0.01625086223	0.01599722056
	0.01573468279	0.01546302665	0.01518146732	0.01488755132	0.01457388186
	0.01421835786	0.01375488642	0.01298534442	0.01131892861	0.007052023476
	-0.004170262586	-0.02973958327	-0.06735943833	-0.08134814324	-0.05083541534
	-0.01060135394	0.01964264553	0.04988145978	0.09433258441	0.1608313685
	0.242192741	0.3083111979	0.319862469	0.266514302	0.1816894798
	0.1066558541	0.05807324584	0.03218462686	0.02006915298	0.01494982486
	0.01302968592	0.01247499866	0.01247109653	0.01266938912	0.01291228355
	0.0131017835	0.01313232637	0.01286402161	0.01218168184	0.01123966546
	0.01069382813	0.01117552936	0.01247895572	0.01391236701	0.01504533767
	0.01581868558	0.01633244983	0.0166946904	0.01697688942	0.01721752565
	0.01743501021	0.01763750309	0.0178284307	0.01800917339	0.01818026764
	0.01834191427	0.01849418481	0.01863710283	0.01877067519	0.0188949037
	0.01900978932	0.01911533359	0.01921153898	0.0192984089	0.01937594763
	0.0194441603	0.01950305296	0.01955263341	0.01959291362	0.01962391711
	0.01964570029	0.01965841307	0.01966246971	0.01962493387	0.01961744544
	0.01959738264	0.01956660918	0.01952582264	0.01947529665	0.01941515097
	0.01934544962	0.01926623638	0.0191775477	0.01907941729	0.01897187776
	0.01885496129	0.01872869983	0.01859312531	0.01844826976	0.0182941655
	0.01813084533	0.01795834283	0.01777669274	0.01758593131	0.01738609689
	0.01717723049	0.01695937637	0.01673258247	0.01649689981	0.01625237893
	0.01599905706	0.01573691807	0.015465773	0.01518490954	0.01489206816
	0.01458045086	0.01422997296	0.01378171485	0.01306405365	0.01158596586
	0.008011595559	-0.0008191608041	-0.01977621419	-0.04688417643	-0.05813703848
	-0.03728967621	-0.00773442629	0.01422951405	0.03374360535	0.05937336515
	0.09506690388	0.1363668459	0.1682677767	0.172850465	0.1461195299
	0.1036224602	0.06482551714	0.03856750958	0.02391942236	0.01679526705
	0.01372084397	0.0125931726	0.01233146998	0.01242802567	0.0126494572
	0.01287046983	0.0129778531	0.01279981613	0.012058193	0.0104594727
	0.008233272678	0.00679292378	0.007560193094	0.009993022391	0.01254561124
	0.01440241209	0.01554714161	0.01622636311	0.01665585206	0.01696368675
	0.01721361051	0.01743428671	0.01763778829	0.01782897307	0.01800972836
	0.01818076483	0.01834234078	0.01849454535	0.01863740642	0.01877093098
	0.01889511984	0.01900997278	0.01911549027	0.0192116739	0.01929852635
	0.01937605137	0.01944425366	0.019503139	0.01955271499	0.01959299346
	0.01962399769	0.01964578348	0.01965849939	0.01966255758	0.01962490767
	0.01961742376	0.01959737032	0.01956660727	0.01952583082	0.01947531446
	0.01941517833	0.01934548687	0.01926628434	0.01917760761	0.01907949082
	0.01897196706	0.018855069	0.01872882922	0.01859328033	0.01844845518
	0.01829438708	0.01813111003	0.01795865906	0.01777707066	0.01758638328
	0.01738663793	0.01717787895	0.01696015476	0.01673351853	0.01649802802
	0.01625374271	0.0160007125	0.01573894163	0.0154682811	0.01518811557
	0.01489646352	0.01458740648	0.01424379317	0.01381677708	0.01316984748
	0.01193401445	0.009180208434	0.002929287298	-0.009421167258	-0.02604862799
	-0.03317145974	-0.02101921509	-0.002460231795	0.01186728262	0.02398765532
	0.03855948494	0.05754086671	0.07838058573	0.09371230541	0.09542078394
	0.08202644234	0.06077737954	0.04084807771	0.02683671239	0.01871445372
	0.01464885236	0.01288896674	0.01229159939	0.01223168995	0.01239677063
	0.01262707693	0.01280973012	0.01279320024	0.01228631858	0.01074214845
	0.007449292603	0.002662436558	-0.000607290658	0.0008337408078	0.005604129355
	0.01029104725	0.01341381929	0.01515604524	0.0160820433	0.01660539821
	0.01694704669	0.01720866217	0.01743321746	0.0176379243	0.01782942655
	0.01801021738	0.01818120837	0.01834272239	0.018494868	0.01863767796
	0.01877115961	0.01889531291	0.01901013658	0.01911563013	0.01921179432
	0.01929863124	0.01937614412	0.01944433735	0.0195032165	0.01955278913
	0.01959306708	0.01962407362	0.0196458641	0.01965858547	0.01966264651
	0.01962486789	0.01961739174	0.01959735144	0.01956660098	0.01952583533
	0.01947532846	0.01941520121	0.01934551867	0.0192663256	0.01917765933
	0.0190795544	0.01897204433	0.01885516227	0.0187289413	0.01859341464
	0.01844861587	0.01829457916	0.01813133956	0.01795893337	0.01777739865
	0.01758677573	0.017387108	0.01717844274	0.01696083204	0.01673433376
	0.01649901172	0.0162549336	0.01600216135	0.01574071984	0.01547050342
	0.01519100772	0.01490057577	0.01459430871	0.01425836476	0.01385476637
	0.01328259168	0.01228672982	0.01027991006	0.006156849311	-0.001242776526
	-0.01044827503	-0.01430469721	-0.007900507153	0.002510345425	0.01105451341
	0.01826944587	0.02642719376	0.03644227968	0.04691782823	0.05427659724
	0.05485296671	0.04813078395	0.03750800525	0.02732137259	0.01993294598
	0.0155232392	0.01328486833	0.01234553572	0.01209155185	0.01216535536
	0.01237395834	0.01260061579	0.01272694042	0.01253472983	0.01153655451
	0.008698853696	0.002403652382	-0.007327677766	-0.01425732174	-0.0113280479
	-0.001881692599	0.00672796159	0.01196929232	0.0146244111	0.01589778205
	0.01654421523	0.01692761513	0.01720296691	0.01743190558	0.01763794112
	0.0178297956	0.01801063719	0.01818159335	0.01834305436	0.01849514867
	0.01863791402	0.01877135825	0.01889548056	0.01901027876	0.01911575149
	0.01921189883	0.0192987223	0.01937622476	0.01944441031	0.01950328445
	0.01955285479	0.01959313345	0.01962414404	0.01964594188	0.01965867224
	0.01966273856	0.01962480838	0.0196173472	0.01959732628	0.01956659107
	0.01952583676	0.01947533893	0.01941521965	0.01934554483	0.01926635982
	0.01917770235	0.01907960736	0.01897210875	0.01885524005	0.01872903478
	0.01859352669	0.01844874996	0.01829473949	0.01813153121	0.01795916249
	0.01777767269	0.01758710377	0.01738750112	0.0171789145	0.01696139915
	0.01673501692	0.01649983685	0.0162559338	0.01600338061	0.01574222163
	0.015472394	0.01519350557	0.01490422787	0.01460067531	0.01427218799
	0.01389075008	0.0133860206	0.01259284734	0.01116643034	0.00854232722
	0.004293136924	-0.0005580370048	-0.002512912411	0.0006503935195	0.006085866036
	0.01086260056	0.01499259383	0.01948487484	0.02473049594	0.02998201766
	0.03351353928	0.0336694016	0.03028784499	0.02497502173	0.01979301922
	0.01594700738	0.01361387075	0.01244312709	0.01200249966	0.01196406577
	0.0121230511	0.01235665863	0.0125695776	0.01262245576	0.01219915574
	0.01052010627	0.005755352551	-0.005473083967	-0.0241300553	-0.03801258964
	-0.03215378577	-0.01394578401	0.001442804026	0.01000307205	0.0139555644
	0.01568116871	0.01647621063	0.01690693341	0.01719706188	0.01743052226
	0.01763788716	0.01783009	0.01801098639	0.01818191577	0.01834333259
	0.01849538378	0.01863811162	0.01877152441	0.01889562073	0.01901039759
	0.01911585291	0.01921198617	0.01929879845	0.01937629228	0.01944447158
	0.01950334184	0.01955291089	0.01959319136	0.01962420775	0.01964601624
	0.01965876103	0.01966283754	0.01962471711	0.01961728827	0.01959729656
	0.01956657925	0.01952583615	0.01947534637	0.01941523379	0.01934556528
	0.01926638673	0.01917773627	0.01907964918	0.01897215963	0.01885530149
	0.01872910864	0.01859361523	0.01844885592	0.0182948662	0.0181316827
	0.01795934363	0.01777788941	0.01758736329	0.01738781225	0.01717928804
	0.01696184842	0.01673555846	0.01650049144	0.01625672809	0.01600435039
	0.01574341957	0.01547391081	0.01519553291	0.01490725071	0.01460606467
	0.01428400647	0.01392110596	0.0134702345	0.01282919327	0.01180589392
	0.01013197969	0.007693806881	0.005134039428	0.004114216282	0.005590690878
	0.008303692922	0.01086142344	0.01315314203	0.01559260161	0.01832813397
	0.02096244986	0.0226621943	0.02267585461	0.02096470988	0.01829862985
	0.01566998308	0.01369509262	0.01250209482	0.01194024933	0.01179398014
	0.01188625976	0.01209708095	0.01234283305	0.01253530209	0.01250279406
	0.01180431257	0.009277898558	0.001974775793	-0.01635306931	-0.04916613512
	-0.07492439802	-0.06441099723	-0.03163507476	-0.005672265872	0.007588740861
	0.01320116344	0.01545407424	0.01640911617	0.01688750178	0.01719171338
	0.01742929164	0.0176378231	0.01783032277	0.01801126492	0.0181821725
	0.01834355365	0.01849557029	0.01863826821	0.018771656	0.01889573169
	0.01901049163	0.01911593316	0.01921205529	0.01929885874	0.0193763458
	0.01944452029	0.01950338773	0.0195529563	0.01959323941	0.01962426306
	0.01964608584	0.01965885334	0.01966295076	0.01962456801	0.01961721571
	0.01959726698	0.01956656854	0.01952583503	0.01947535148	0.01941524391
	0.01934558004	0.0192664062	0.01917776083	0.01907967944	0.01897219645
	0.01885534595	0.01872916207	0.01859367926	0.01844893256	0.01829495784
	0.01813179225	0.01795947465	0.01777804619	0.01758755106	0.01738803741
	0.01717955845	0.01696217377	0.0167359508	0.01650096591	0.0162573042
	0.01600505447	0.01574429079	0.01547501784	0.01519702301	0.01490949822
	0.01461011787	0.01429290548	0.01394361631	0.01353077459	0.0129916776
	0.01222124458	0.01109828115	0.00962346543	0.008184917505	0.007579970134
	0.00822179089	0.009547319442	0.01089534124	0.01215632617	0.01348765245
	0.01493497489	0.01628242432	0.01711774363	0.01709103809	0.0162024071
	0.01483456655	0.01348218845	0.01246965163	0.01188216585	0.01165409242
	0.01167382571	0.01184136975	0.01208171578	0.01233150056	0.01250129125
	0.01238263214	0.01140054598	0.007975530519	-0.002086058685	-0.02857044931
	-0.07919297372	-0.1214861393	-0.1061375444	-0.05375092531	-0.01387827985
	0.005061836598	0.01248184473	0.01525452269	0.01635410867	0.01687248776
	0.01718780017	0.01742845202	0.01763781016	0.01783050692	0.01801147316
	0.01818236105	0.01834371479	0.01849570576	0.01863838176	0.01877175133
	0.01889581204	0.01901055971	0.01911599126	0.01921210535	0.01929890243
	0.01937638463	0.01944455571	0.01950342131	0.01955298995	0.01959327597
	0.01962430752	0.01964614775	0.01965894964	0.0196630931	0.01962429966
	0.01961714165	0.01959724783	0.01956656348	0.01952583524	0.01947535505
	0.01941525032	0.01934558919	0.01926641818	0.01917777588	0.01907969794
	0.01897221891	0.01885537301	0.01872919454	0.01859371815	0.01844897905
	0.0182950134	0.01813185864	0.01795955401	0.01777814113	0.01758766475
	0.01738817373	0.01717972218	0.01696237078	0.0167361884	0.01650125327
	0.01625765309	0.01600548072	0.01574481782	0.01547568665	0.01519792194
	0.01491085319	0.01461256208	0.01429826122	0.0139570481	0.01356626492
	0.01308432536	0.01244931435	0.01160503294	0.01058682211	0.009645513109
	0.00920767326	0.009472983557	0.01016122277	0.01092363174	0.01167154883
	0.01246292049	0.01330482952	0.01406676186	0.01452086359	0.01448508587
	0.01397026207	0.01319135351	0.01242648706	0.0118667861	0.01157136242
	0.0115082878	0.01161191418	0.01181804081	0.01207308433	0.01232258953
	0.01247265408	0.01228337288	0.01106969876	0.006910468555	-0.005344235496
	-0.03818959745	-0.1038165461	-0.1619895041	-0.1452250712	-0.07464116212
	-0.02109804068	0.003076351762	0.0119810452	0.01513061959	0.01632342367
	0.01686497553	0.01718609916	0.01742819764	0.01763789468	0.0178306514
	0.01801161097	0.01818247942	0.0183438139	0.0184957884	0.01863845078
	0.0187718092	0.01889586079	0.01901060102	0.01911602651	0.01921213573
	0.01929892896	0.01937640825	0.01944457731	0.01950344189	0.01955301084
	0.01959329936	0.01962433791	0.01964619611	0.01965904534	0.01966329716
	0.01962375736	0.01961711846	0.01959725757	0.01956656944	0.01952583858
	0.01947535779	0.01941525338	0.01934559293	0.01926642277	0.01917778146
	0.01907970464	0.01897222691	0.01885538253	0.01872920586	0.01859373158
	0.018448995	0.01829503236	0.0181318812	0.01795958088	0.01777817318
	0.01758770305	0.01738821958	0.01717977716	0.01696243686	0.01673626797
	0.01650134931	0.01625776925	0.01600562153	0.01574498919	0.01547589748
	0.01519819012	0.01491122697	0.01461319142	0.01429961965	0.01396057336
	0.01357602977	0.01311079699	0.0125159328	0.01175413624	0.01086939222
	0.01007160122	0.009684494075	0.009848864705	0.01035733176	0.0109472848
	0.01154088105	0.01217122311	0.01283495706	0.0134253251	0.01376605372
	0.0137223791	0.01330944436	0.01269694131	0.01210236705	0.01167737042
	0.01147120953	0.01145997135	0.01159065444	0.01180941414	0.01206888328
	0.01231650931	0.0124543879	0.01222557758	0.01089314028	0.006390472381
	-0.006720915115	-0.0412050052	-0.1111967627	-0.1768007588	-0.163184514
	-0.08520026915	-0.02432448853	0.002434659006	0.01188682724	0.01512368201
	0.01632595984	0.01686688833	0.01718702898	0.01742861828	0.01763809402
	0.01783075789	0.01801167703	0.01818252598	0.01834384959	0.01849581704
	0.01863847435	0.01877182885	0.01889587733	0.01901061504	0.0191160385
	0.01921214608	0.01929893803	0.01937641634	0.01944458475	0.01950344906
	0.0195530183	0.01959330821	0.01962435077	0.01964622109	0.01965911736
	0.01966363936	