3131	
	0.01845187591	0.01844399512	0.0184245471	0.01839461987	0.01835472304
	0.01830507044	0.01824575687	0.01817683188	0.01809832796	0.01801027091
	0.01791268348	0.01780558653	0.01768899933	0.01756293949	0.01742742287
	0.01728246331	0.01712807249	0.0169642597	0.01679103171	0.01660839259
	0.01641634369	0.01621488368	0.01600400875	0.01578371316	0.01555399008
	0.01531483321	0.01506623925	0.0148082121	0.0145407695	0.0142639545
	0.01397785547	0.01368264399	0.01337865021	0.01306652095	0.01274756106
	0.01242447783	0.01210298853	0.01179519437	0.01152632336	0.01134721298
	0.01135473662	0.01171835052	0.01269728332	0.01460442791	0.01764345452
	0.02158597136	0.02548075055	0.02787706366	0.02771979572	0.02508647445
	0.02104436234	0.01698879269	0.0139440989	0.01219635928	0.01148584203
	0.01140322676	0.01162803731	0.01197593429	0.01236097354	0.012749669
	0.01313127911	0.01350324381	0.01386533737	0.01421774414	0.01456058912
	0.01489390088	0.01521765775	0.01553182592	0.01583637795	0.01613129846
	0.01641658364	0.01669223873	0.01695827522	0.01721470851	0.0174615562
	0.01769883684	0.01792656921	0.01814477181	0.01835346254	0.01855265863
	0.01874237655	0.01892263199	0.01909343994	0.01925481473	0.01940677003
	0.01954931897	0.01968247412	0.01980624759	0.019920651	0.02002569552
	0.02012139187	0.02020775032	0.02028478065	0.02035249227	0.02041089431
	0.02045999647	0.02049981123	0.0205303609	0.0205516974	0.02056395398
	0.02056744114	0.01845136341	0.01844396301	0.01842455208	0.01839462368
	0.01835472507	0.01830507205	0.01824575875	0.01817683428	0.01809833101
	0.01801027468	0.01791268804	0.01780559198	0.01768900578	0.01756294708
	0.01742743177	0.0172824737	0.01712808459	0.01696427374	0.01679104793
	0.01660841124	0.01641636499	0.01621490779	0.01600403576	0.01578374297
	0.01555402232	0.01531486706	0.01506627327	0.01480824387	0.01454079532
	0.01426396897	0.01397785153	0.01368261404	0.01337859115	0.0130664499
	0.01274755986	0.01242481203	0.01210441276	0.01179970787	0.01153896413
	0.01138010193	0.01143556114	0.01190633815	0.0131082442	0.01543685662
	0.019172567	0.02406304621	0.02891384573	0.03185547783	0.03154734085
	0.0281458888	0.0230523093	0.01803722896	0.01435619334	0.01229677451
	0.01147747978	0.01137505295	0.01160643683	0.01196352981	0.0123547354
	0.01274673331	0.01312992968	0.01350261904	0.01386504188	0.01421760336
	0.01456052553	0.01489387831	0.01521765792	0.01553183874	0.01583639744
	0.01613132096	0.0164166069	0.01669226138	0.01695829648	0.01721472799
	0.01746157372	0.01769885241	0.01792658293	0.0181447838	0.01835347298
	0.01855266768	0.01874238438	0.01892263876	0.01909344581	0.01925481981
	0.01940677445	0.01954932283	0.01968247753	0.01980625063	0.01992065375
	0.02002569805	0.02012139425	0.02020775263	0.020284783	0.02035249477
	0.02041089721	0.02046000019	0.02049981678	0.02053037093	0.02055172028
	0.02056402481	0.02056777191	0.01845110597	0.01844388714	0.01842452895
	0.01839461527	0.01835472232	0.01830507262	0.01824576185	0.01817683965
	0.01809833857	0.01801028451	0.01791270031	0.01780560696	0.01768902381
	0.0175629686	0.01742745727	0.01728250376	0.01712811983	0.01696431487
	0.01679109568	0.01660846635	0.01641642815	0.01621497954	0.01600411635
	0.01578383215	0.01555411902	0.01531496895	0.01506637604	0.01480834036
	0.01454087431	0.01426401383	0.01397783931	0.01368251716	0.01337838767
	0.01306615986	0.01274735445	0.01242531907	0.01210753346	0.01181071772
	0.01157170085	0.01146914646	0.01166294014	0.012454406	0.01434818629
	0.0180328401	0.02409135531	0.03225058043	0.04050148527	0.04546457321
	0.04473419087	0.03872421513	0.03000182431	0.02166131032	0.01578492366
	0.01265845499	0.01146637916	0.01129165168	0.0115401891	0.01192487056
	0.01233502592	0.0127373329	0.01312555907	0.01350058257	0.01386407949
	0.01421714811	0.01456032177	0.0148938062	0.01521765736	0.01553187718
	0.01583645611	0.01613138856	0.01641667659	0.01669232909	0.0169583599
	0.01721478594	0.01746162577	0.01769889857	0.01792662348	0.01814481917
	0.01835350367	0.01855269421	0.01874240725	0.01892265846	0.01909346276
	0.01925483443	0.01940678709	0.01954933382	0.01968248714	0.01980625913
	0.01992066137	0.02002570502	0.0201214008	0.02020775897	0.02028478941
	0.02035250161	0.020410905	0.02046000986	0.02049983021	0.02053039235
	0.02055176036	0.02056411182	0.02056796399	0.01845095929	0.01844381277
	0.01842449531	0.0183946002	0.01835471673	0.01830507293	0.01824576659
	0.0181768482	0.01809835078	0.01801030048	0.01791272034	0.01780563149
	0.01768905343	0.01756300401	0.01742749929	0.01728255336	0.01712817809
	0.01696438295	0.01679117482	0.0166085578	0.0164165331	0.01621509894
	0.01600425072	0.0157839812	0.01555428118	0.01531514058	0.01506655039
	0.01480850607	0.01454101346	0.01426409972	0.013977835	0.0136823781
	0.01337807875	0.01306571618	0.01274706683	0.01242626177	0.01211300122
	0.01183000199	0.01162964888	0.01162927476	0.01207994854	0.01348300207
	0.01673692721	0.02317855992	0.03412844268	0.04939711707	0.06520443243
	0.07464487128	0.07284828486	0.06095068059	0.04422610584	0.02873170756
	0.01833952412	0.01317127539	0.0113484727	0.01109585432	0.01140465365
	0.01185093607	0.01229898613	0.01272071175	0.0131180349	0.01349715333
	0.01386248983	0.01421641025	0.01455999965	0.01489369882	0.01521766531
	0.01553194721	0.01583655774	0.01613150362	0.01641679413	0.01669244264
	0.01695846584	0.01721488249	0.0174617123	0.01769897518	0.01792669068
	0.01814487771	0.0183535544	0.01855273801	0.01874244497	0.0189226909
	0.01909349066	0.01925485845	0.01940680783	0.01954935181	0.01968250287
	0.01980627301	0.01992067381	0.02002571638	0.02012141144	0.02020776927
	0.02028479979	0.02035251261	0.0204109174	0.02046002493	0.02049985021
	0.02053042176	0.02055180815	0.0205641939	0.02056809115	0.0184508661
	0.01844375048	0.01842446073	0.01839458292	0.01835471022	0.01830507385
	0.01824577334	0.01817686011	0.01809836768	0.01801032257	0.01791274804
	0.01780566543	0.01768909443	0.01756305306	0.01742755757	0.01728262219
	0.01712825899	0.01696447757	0.01679128493	0.01660868521	0.01641667953
	0.01621526586	0.01600443902	0.01578419076	0.01555451018	0.01531538453
	0.01506680069	0.01480874803	0.01454122374	0.01426424345	0.01397786401
	0.01368223521	0.01337772312	0.01306521297	0.01274686306	0.01242798141
	0.01212165007	0.01185989461	0.01171983652	0.01188215351	0.01275281505
	0.01518846885	0.02082743654	0.03231566155	0.05263764229	0.08212001562
	0.1134704707	0.1320706672	0.1277142633	0.1034602666	0.07044836881
	0.04085434219	0.02210778896	0.01356067072	0.0109085295	0.01067912061
	0.01115566132	0.01172618141	0.01224179529	0.01269559061	0.01310711431
	0.01349234483	0.01386032759	0.01421543667	0.01455959226	0.01489357831
	0.01521769632	0.0155320583	0.01583670841	0.01613166994	0.01641696181
	0.01669260332	0.01695861494	0.01721501784	0.01746183326	0.01769908202
	0.01792678423	0.01814495909	0.01835362484	0.01855279876	0.01874249724
	0.01892273581	0.01909352925	0.01925489165	0.01940683648	0.01954937664
	0.01968252455	0.01980629214	0.01992069093	0.020025732	0.02012142605
	0.02020778338	0.02028481396	0.02035252752	0.02041093399	0.02046004462
	0.02049987531	0.02053045616	0.02055185813	0.02056426698	0.02056818503
	0.01845080212	0.01844370092	0.0184244296	0.01839456635	0.01835470432
	0.01830507614	0.01824578247	0.0181768755	0.01809838928	0.01801035066
	0.01791278323	0.01780570853	0.0176891465	0.01756311537	0.01742763163
	0.01728270973	0.01712836196	0.01696459812	0.01679142539	0.01660884797
	0.01641686693	0.01621547999	0.01600468131	0.01578446151	0.01555480772
	0.01531570404	0.01506713253	0.01480907537	0.01454151951	0.01426446703
	0.01397795956	0.01368213826	0.01337739566	0.0130647665	0.01274693894
	0.01243086277	0.01213440611	0.01190304672	0.0118506283	0.01225506374
	0.01377009253	0.01785030146	0.02746018295	0.04778953553	0.08545541693
	0.1426361405	0.2053738375	0.2424230732	0.232111462	0.1824432928
	0.1170534411	0.06040656662	0.02684540558	0.01317809018	0.009738867254
	0.009860135428	0.01072635401	0.01152901767	0.01215729036	0.01266048694
	0.01309257227	0.0134862095	0.01385767574	0.01421429223	0.01455914406
	0.01489347406	0.01521776962	0.01553222291	0.01583691609	0.01613189249
	0.01641718258	0.01669281276	0.01695880797	0.01721519222	0.01746198852
	0.01769921879	0.01792690372	0.01814506285	0.01835371451	0.01855287601
	0.01874256363	0.01892279281	0.01909357819	0.01925493372	0.01940687275
	0.01954940806	0.01968255197	0.01980631632	0.01992071255	0.0200257517
	0.02012144445	0.0202078011	0.02028483166	0.02035254601	0.02041095428
	0.02046006813	0.02049990414	0.02053049338	0.02055190769	0.0205643318
	0.02056826024	0.0184507561	0.0184436624	0.01842440357	0.0183945522
	0.01835470016	0.0183050804	0.01824579424	0.01817689444	0.01809841547
	0.01801038457	0.01791282561	0.01780576041	0.01768920917	0.01756319041
	0.01742772086	0.01728281527	0.01712848621	0.01696474376	0.0167915953
	0.01660904521	0.01641709455	0.01621574079	0.0160049775	0.01578479408
	0.0155551756	0.01531610275	0.01506755235	0.01480949871	0.01454191759
	0.01426479636	0.01397816074	0.01368214542	0.0133771825	0.01306450579
	0.01274749893	0.01243527921	0.01215213157	0.0119619743	0.01203044991
	0.01277759401	0.01523554312	0.02182293677	0.03779167254	0.07311100669
	0.1420759895	0.2523213189	0.3778349195	0.4519607801	0.4282592122
	0.3269228623	0.1981068163	0.09037619052	0.03134958034	0.01065723844
	0.007131862745	0.008365212386	0.01002765155	0.01123405004	0.01203920267
	0.01261421566	0.01307437548	0.01347889232	0.01385465974	0.01421306227
	0.01455871024	0.01489342163	0.01521790817	0.01553245581	0.01583719014
	0.01613217704	0.01641745983	0.01669307278	0.01695904573	0.01721540578
	0.01746217786	0.01769938501	0.01792704858	0.01814518837	0.01835382282
	0.01855296917	0.01874264361	0.01892286141	0.01909363704	0.01925498428
	0.01940691631	0.01954944577	0.01968258485	0.01980634529	0.01992073844
	0.02002577527	0.02012146641	0.02020782218	0.02028485263	0.02035256771
	0.02041097776	0.02046009473	0.02049993564	0.02053053203	0.02055195579
	0.02056439004	0.02056832412	0.01845072231	0.01844363296	0.01842438296
	0.01839454127	0.01835469837	0.01830508702	0.01824580881	0.01817691689
	0.01809844611	0.01801042403	0.01791287481	0.01780582061	0.01768928189
	0.01756327749	0.01742782447	0.01728293793	0.01712863076	0.01696491341
	0.01679179355	0.0166092758	0.01641736132	0.01621604743	0.01600532719
	0.01578518886	0.01555561546	0.01531658431	0.01506806686	0.01481002938
	0.01454243615	0.01426525964	0.01397851017	0.01368231975	0.01337717508
	0.01306456135	0.01274872992	0.01244152072	0.01217540691	0.01203837266
	0.01226564251	0.01347517391	0.01725013222	0.02749312314	0.05323000201
	0.1130387695	0.2367579138	0.4462435218	0.6952919703	0.8438505106
	0.7916493583	0.5868325662	0.3361574364	0.1338034869	0.0324167387
	0.003465914962	0.001988514064	0.005830946409	0.008959045722	0.01081777482
	0.01188334745	0.01255661167	0.01305289737	0.01347068851	0.01385146031
	0.01421185369	0.01455835548	0.01489346131	0.0152181375	0.01553277322
	0.01583754074	0.01613252975	0.01641779711	0.01669338519	0.01695932892
	0.01721565852	0.01746240086	0.01769958006	0.01792721805	0.01814533487
	0.01835394899	0.01855307753	0.01874273652	0.01892294101	0.01909370525
	0.01925504283	0.01940696672	0.01954948939	0.01968262287	0.01980637876
	0.01992076831	0.02002580243	0.02012149168	0.02020784635	0.02028487653
	0.02035259224	0.02041100394	0.02046012378	0.02049996901	0.02053057129
	0.0205520022	0.0205644433	0.0205683807	0.01845069743	0.01844361091
	0.01842436746	0.01839453384	0.01835469928	0.01830509619	0.01824582623
	0.01817694277	0.01809848097	0.01801046868	0.01791293039	0.01780588855
	0.01768936396	0.01756337581	0.01742794154	0.01728307664	0.01712879443
	0.01696510576	0.01679201874	0.01660953831	0.01641766586	0.01621639873
	0.0160057296	0.01578564582	0.01555612856	0.015317152	0.01506868251
	0.01481067862	0.01454309356	0.0142658856	0.01397905143	0.01368272525
	0.01337746374	0.01306505289	0.0127507728	0.01244971347	0.01220427306
	0.01213224346	0.0125574656	0.01435891517	0.01987881475	0.03517866554
	0.07516550609	0.1730519568	0.3882552871	0.7758052159	1.259802479
	1.556543182	1.449671238	1.04292893	0.5654334612	0.1930762794
	0.02372203071	-0.0123891425	-0.007138475461	0.001866258016	0.007438301599
	0.01026912614	0.01169083386	0.01248941146	0.01302913891	0.01346209182
	0.01384832047	0.01421079362	0.01455815155	0.01489363612	0.0152184843
	0.01553319182	0.01583797813	0.01613295671	0.01641819773	0.01669375154
	0.01695965795	0.01721595019	0.01746265685	0.01769980306	0.01792741118
	0.01814550139	0.01835409209	0.01855320022	0.01874284156	0.01892303089
	0.01909378221	0.01925510883	0.0194070235	0.01954953849	0.01968266562
	0.01980641638	0.01992080186	0.02002583288	0.02012151995	0.02020787331
	0.02028490305	0.02035261923	0.02041103238	0.02046015474	0.02050000366
	0.02053061073	0.02055204701	0.02056449287	0.02056843235	0.01845067934
	0.01844359485	0.01842435655	0.01839452982	0.01835470295	0.01830510794
	0.01824584641	0.01817697188	0.01809851974	0.01801051812	0.0179129918
	0.01780596357	0.0176894546	0.01756348445	0.01742807098	0.01728323017
	0.01712897581	0.01696531928	0.01679226918	0.01660983097	0.0164180064
	0.01621679304	0.01600618345	0.01578616434	0.01555671548	0.01531780834
	0.01506940486	0.01481145667	0.01454390703	0.01426670167	0.01397982631
	0.0136834228	0.0133781313	0.01306607791	0.01275369675	0.01245974672
	0.01223798469	0.01224098965	0.01289867691	0.01541264057	0.02310198116
	0.0449523252	0.1043702382	0.2575256804	0.6153095143	1.300762649
	2.202876819	2.784828127	2.593245267	1.811980757	0.9334377097
	0.2709302085	-0.003728344249	-0.04176415707	-0.02164309422	-0.003779151134
	0.005455866819	0.009604450496	0.01147173658	0.01241705966	0.01300487923
	0.01345381189	0.01384554135	0.01421002415	0.0145581736	0.01489398945
	0.01521897481	0.01553372765	0.01583851195	0.0161334634	0.01641866451
	0.01669417292	0.01696003285	0.01721628013	0.01746294485	0.01770005285
	0.01792762676	0.01814568676	0.01835425102	0.01855333623	0.01874295782
	0.01892313025	0.01909386718	0.01925518164	0.01940708609	0.01954959256
	0.01968271268	0.01980645774	0.01992083872	0.0200258663	0.02012155091
	0.02020790275	0.02028493186	0.02035264832	0.02041106269	0.02046018722
	0.02050003922	0.02053065011	0.02055209048	0.0205645397	0.02056848056
	0.01845066655	0.01844358364	0.0184243496	0.01839452892	0.01835470922
	0.01830512213	0.01824586917	0.01817700395	0.01809856205	0.01801057185
	0.01791305844	0.01780604494	0.01768955291	0.01756360235	0.01742821159
	0.01728339711	0.0171291733	0.01696555216	0.01679254292	0.01661015166
	0.01641838075	0.0162172282	0.01600668679	0.01578674304	0.0155573758
	0.01531855464	0.01507023799	0.01481237186	0.01454489137	0.01426773207
	0.01398087215	0.01368446631	0.01337924745	0.01306770285	0.01275748268
	0.01247122892	0.01227485348	0.01235876491	0.01327070393	0.01658050916
	0.02676172585	0.05641255364	0.1400528711	0.3660943508	0.9243787445
	2.056048381	3.620789703	4.703310305	4.433697918	3.026439187
	1.493398119	0.3765050603	-0.05604662886	-0.08765047733	-0.04186130914
	-0.01092204001	0.003146278933	0.008882504766	0.0112477293	0.0123470194
	0.01298265053	0.01344673646	0.0138434617	0.01420969246	0.0145584952
	0.01489456223	0.01521963313	0.01553439503	0.01583915045	0.0161340542
	0.01641919934	0.01669464968	0.01696045302	0.01721664725	0.01746326347
	0.01770032795	0.01792786334	0.01814588957	0.0183544245	0.01855348439
	0.01874308426	0.01892323816	0.01909395936	0.01925526054	0.01940715385
	0.01954965106	0.01968276355	0.01980650243	0.0199208785	0.02002590232
	0.02012158421	0.02020793432	0.02028496263	0.02035267918	0.02041109451
	0.02046022085	0.02050007541	0.02053068937	0.02055213285	0.02056458453
	0.02056852635	0.01845065787	0.01844357629	0.01842434593	0.01839453074
	0.01835471783	0.01830513852	0.01824589424	0.01817703863	0.01809860745
	0.01801062931	0.01791312962	0.01780613183	0.01768965792	0.01756372835
	0.01742836199	0.01728357589	0.01712938511	0.01696580236	0.01679283765
	0.01661049788	0.01641878622	0.01621770144	0.01600723694	0.01578737953
	0.0155581079	0.01531939061	0.01507118388	0.01481342984	0.01454605774
	0.01426899607	0.01398221934	0.01368589936	0.01338086448	0.01306995873
	0.01276202144	0.01248349584	0.01231227252	0.01247644946	0.01364293676
	0.01776149815	0.03052805944	0.06849721265	0.1789009438	0.4891124439
	1.290943296	2.991484582	5.435395748	7.249610592	7.011099053
	4.745806663	2.269939235	0.5327811392	-0.1239405125	-0.1458175655
	-0.06556635119	-0.0186222595	0.0008419437756	0.008209847441	0.01105138128
	0.01228909473	0.01296544284	0.013441823	0.01384241955	0.01420993658
	0.01455918234	0.01489538998	0.01522047947	0.01553520546	0.01583989978
	0.0161347319	0.01641980294	0.01669518125	0.01696091718	0.01721704986
	0.0174636109	0.01770062654	0.01792811915	0.0181461082	0.01835461104
	0.01855364337	0.0187432197	0.01892335358	0.01909405784	0.01925534475
	0.01940722611	0.01954971339	0.01968281772	0.01980654997	0.01992092077
	0.02002594055	0.02012161951	0.02020796769	0.02028499502	0.02035271148
	0.02041112755	0.02046025538	0.02050011204	0.02053072847	0.02055217438
	0.02056462789	0.02056857041	0.01845065234	0.01844357192	0.01842434488
	0.0183945348	0.01835472841	0.01830515679	0.01824592126	0.01817707552
	0.01809865544	0.0180106899	0.01791320459	0.01780622334	0.01768976855
	0.01756386119	0.01742852069	0.01728376478	0.01712960924	0.01696606759
	0.0167931508	0.01661086672	0.01641921963	0.01621820935	0.01600783035
	0.01578807037	0.01555890871	0.01532031406	0.01507224196	0.01481463273
	0.01454741256	0.01427050643	0.01398388921	0.01368775246	0.01338301478
	0.01307284213	0.01276713069	0.01249568527	0.0123469886	0.01258256622
	0.01397563676	0.01881791937	0.03391970164	0.07950698534	0.2148968628
	0.6057177475	1.648234666	3.929341414	7.289686067	9.914716626
	9.893840769	6.778143578	3.190397483	0.7622615047	-0.1734588073
	-0.2001197262	-0.08699461071	-0.02510214185	-0.0009518572389	0.007724735411
	0.01092011318	0.01225349747	0.01295612463	0.01343992829	0.0138427009
	0.0142108687	0.01456028708	0.01489649983	0.01522152855	0.0155361666
	0.01584076333	0.01613549727	0.01642047447	0.01669576591	0.01696142313
	0.01721748562	0.01746398479	0.01770094639	0.01792839214	0.01814634079
	0.01835480897	0.01855381171	0.01874336286	0.0189234754	0.01909416164
	0.01925543341	0.01940730212	0.0195497789	0.0196828746	0.01980659986
	0.0199209651	0.0200259806	0.02012165643	0.02020800252	0.02028502871
	0.02035274492	0.02041116153	0.02046029058	0.02050014899	0.02053076743
	0.02055221527	0.02056467021	0.02056861325	0.01845064909	0.01844356974
	0.0184243458	0.01839454058	0.01835474054	0.01830517654	0.01824594983
	0.01817711413	0.01809870548	0.01801075295	0.01791328255	0.0178063185
	0.01768988365	0.0175639995	0.0174286861	0.01728396189	0.01712984347
	0.01696634532	0.01679347943	0.01661125489	0.01641967726	0.01621874782
	0.01600846259	0.01578881086	0.0155597735	0.01532132056	0.01507340862
	0.01481597856	0.01454895661	0.01427226814	0.01398589229	0.01369004122
	0.01338571012	0.01307632135	0.01277258884	0.01250687482	0.01237561873
	0.01266517873	0.01422691627	0.01960130941	0.03640109054	0.08747090079
	0.2406832829	0.6887244248	1.903119845	4.609392489	8.660594794
	11.91300798	12.20263507	8.572519419	4.037555401	1.040668232
	-0.1619500322	-0.2262775183	-0.098224416	-0.02824242766	-0.001709244179
	0.00755491478	0.0108850902	0.01224798765	0.01295670846	0.01344161687
	0.01384448755	0.01421255947	0.01456184199	0.01489790808	0.01522278823
	0.01553728142	0.01584174115	0.01613634866	0.01642121137	0.01669640065
	0.01696196776	0.01721795147	0.01746438227	0.01770128486	0.01792867992
	0.01814658523	0.01835501645	0.01855398778	0.01874351232	0.01892360239
	0.01909426971	0.01925552561	0.0194073811	0.01954984691	0.01968293361
	0.01980665157	0.01992101102	0.02002602204	0.02012169458	0.02020803844
	0.02028506338	0.0203527792	0.02041119619	0.02046032626	0.02050018615
	0.02053080628	0.02055225572	0.02056471181	0.02056865528	0.01845064735
	0.01844356901	0.01842434803	0.01839454753	0.01835475372	0.01830519732
	0.01824597948	0.01817715397	0.01809875695	0.01801081773	0.01791336264
	0.01780641629	0.01769000199	0.01756414182	0.01742885648	0.0172841652
	0.01713008546	0.01696663277	0.01679382036	0.01661165866	0.01642015486
	0.01621931204	0.01600912823	0.01578959503	0.01556069579	0.01532240328
	0.01507467697	0.01481746079	0.01455068434	0.01427427742	0.01398822715
	0.01369276526	0.01338894258	0.01308034607	0.01277817915	0.01251625539
	0.01239530728	0.01271437997	0.01436231573	0.01999018519	0.03753552662
	0.09078532999	0.2502778578	0.7159689281	1.978930499	4.815065494
	9.130104283	12.65271743	13.15105732	9.461338455	4.515431659
	1.277615761	-0.07657398699	-0.2072633811	-0.09348892822	-0.02664059899
	-0.001126854505	0.007763252646	0.01095910992	0.01227515105	0.01296772801
	0.013447014	0.01384782024	0.01421502756	0.01456385635	0.01489961838
	0.01522425846	0.01553854756	0.01584282957	0.01613728175	0.01642200912
	0.01669708105	0.01696254689	0.01721844359	0.01746479987	0.01770163888
	0.01792897982	0.01814683915	0.01835523143	0.01855416982	0.01874366657
	0.01892373324	0.01909438092	0.0192556204	0.0194074622	0.0195499167
	0.01968299411	0.01980670456	0.01992105804	0.02002606445	0.02012173358
	0.02020807512	0.02028509871	0.02035281405	0.02041123131	0.02046036226
	0.02050022344	0.02053084506	0.02055229589	0.02056475296	0.02056869679
	0.01845064635	0.018443569	0.01842435094	0.01839455508	0.01835476747
	0.01830521865	0.01824600972	0.01817719448	0.01809880923	0.01801088352
	0.01791344398	0.01780651564	0.0176901223	0.01756428663	0.01742903004
	0.01728437256	0.01713033265	0.01696692697	0.01679417006	0.01661207396
	0.01642064767	0.01621989646	0.0160098209	0.01579041556	0.01556166727
	0.01532355286	0.01507603659	0.014819068	0.01455258347	0.01427652121
	0.01399087972	0.01369590789	0.01339268616	0.01308485762	0.01278373251
	0.01252329425	0.01240433754	0.01272460327	0.01436370986	0.01992528454
	0.03712882103	0.08881648231	0.2416446201	0.6810944004	1.856125861
	4.486966604	8.566344218	11.97208523	12.47787729	9.092857085
	4.421629659	1.371379487	0.04774408399	-0.148189749	-0.07354729718
	-0.02056248565	0.0006901229268	0.008312667575	0.01113006489	0.01233118873
	0.01298801629	0.0134557652	0.01385259054	0.01421823723	0.01456631499
	0.0149016209	0.01522593073	0.01553995695	0.01584402091	0.01613828937
	0.01642286116	0.0166978012	0.01696315528	0.01721895736	0.01746523361
	0.01770200498	0.01792928882	0.0181471	0.01835545169	0.01855435594
	0.01874382399	0.01892386657	0.0190944941	0.01925571675	0.01940754457
	0.01954998752	0.01968305547	0.01980675826	0.01992110565	0.02002610736
	0.02012177302	0.02020811219	0.02028513438	0.02035284918	0.02041126665
	0.02046039841	0.02050026081	0.02053088381	0.02055233592	0.02056479391
	0.02056873806	0.01845064537	0.01844356902	0.01842435386	0.01839456266
	0.01835478126	0.01830524004	0.01824604004	0.01817723511	0.01809886168
	0.01801094954	0.01791352564	0.01780661544	0.01769024326	0.01756443235
	0.01742920487	0.01728458171	0.01713058237	0.01696722473	0.01679452478
	0.01661249632	0.01642115043	0.01622049489	0.01601053329	0.01579126385
	0.01556267783	0.01532475745	0.01507747358	0.01482078391	0.01455463486
	0.01427897697	0.01399382316	0.01369943633	0.01339689869	0.01308979679
	0.01278915647	0.01252783894	0.01240249925	0.01269592808	0.01423398565
	0.01942645673	0.03529040847	0.08211911144	0.2174506792	0.5960301313
	1.580341355	3.74912159	7.160195847	10.09985542	10.47347599
	7.636305083	3.790923607	1.282364089	0.1542777542	-0.07417296068
	-0.04576257802	-0.01192221751	0.003254154168	0.009077239322	0.01136459998
	0.01240701237	0.01301502078	0.01346712497	0.01385856532	0.01422210477
	0.01456917969	0.01490389255	0.01522778796	0.01554149565	0.01584530338
	0.01613936146	0.01642375888	0.01669855374	0.01696378665	0.01721948742
	0.0174656789	0.01770237928	0.01792960364	0.01814736497	0.01835567489
	0.01855454414	0.01874398288	0.01892400096	0.01909460802	0.01925581363
	0.01940762731	0.0195500586	0.01968311701	0.01980681209	0.01992115337
	0.02002615035	0.02012181252	0.02020814929	0.02028517007	0.02035288433
	0.02041130201	0.02046043457	0.02050029818	0.02053092256	0.02055237595
	0.02056483485	0.02056877934	0.01845064369	0.01844356835	0.01842435617
	0.01839456971	0.01835479457	0.018305261	0.01824606994	0.01817727529
	0.01809891364	0.01801101501	0.0179136067	0.01780671459	0.01769036351
	0.01756457736	0.01742937904	0.01728479034	0.01713083185	0.01696752273
	0.01679488055	0.016612921	0.01642165746	0.01622110052	0.01601125724
	0.0157921301	0.01556371565	0.01532600276	0.01507897062	0.01482258742
	0.01455681271	0.01428161295	0.01399701824	0.01370330235	0.01340152315
	0.01309510695	0.01279444231	0.0125301301	0.01239109081	0.01263391038
	0.01399564537	0.01858389607	0.03238319137	0.07216194686	0.1836221051
	0.4839646983	1.234104901	2.836475924	5.353139033	7.583447099
	7.809103572	5.662415985	2.876297278	1.055973433	0.2059373017
	-0.01220076955	-0.01933565968	-0.003201728934	0.005933743116	0.0098955948
	0.01162043375	0.01249118629	0.01304552949	0.01348014147	0.01386543502
	0.01422651145	0.01457239277	0.01490639797	0.01522980481	0.01554314402
	0.0158466612	0.0161404851	0.01642469164	0.01669932987	0.01696443368
	0.0172200277	0.01746613069	0.01770275755	0.01792992073	0.0181476311
	0.01835589853	0.01855473232	0.01874414148	0.0189241349	0.01909472142
	0.01925590997	0.01940770952	0.01955012917	0.01968317807	0.01980686547
	0.01992120066	0.02002619295	0.02012185166	0.02020818607	0.02028520547
	0.02035291923	0.02041133716	0.02046047059	0.02050033549	0.02053096136
	0.02055241613	0.02056487602	0.02056882086	0.01845064054	0.01844356628
	0.01842435722	0.01839457564	0.01835480691	0.01830528103	0.01824609891
	0.01817731447	0.01809896446	0.01801107916	0.01791368622	0.01780681194
	0.01769048169	0.01756472001	0.01742955056	0.01728499607	0.01713107821
	0.01696781753	0.01679523322	0.01661334298	0.0164221627	0.01622170602
	0.01601198382	0.01579300339	0.01556476737	0.01532727233	0.0150805073
	0.01482445306	0.01455908504	0.01428438881	0.01400041417	0.01370744333
	0.01340648842	0.01310073195	0.01279964882	0.01253072223	0.01237256782
	0.01254805943	0.01368420117	0.01752922656	0.02889550902	0.06075674652
	0.1468156796	0.3685855139	0.8956917552	1.972215388	3.625699259
	5.103014025	5.222363335	3.779536732	1.9733445	0.7821541876
	0.2030668682	0.0248533447	-0.0001128993505	0.003795453288	0.008229760605
	0.01063228031	0.01186038757	0.01257325171	0.01307648762	0.01349386439
	0.01387286857	0.01423131873	0.01457588168	0.01490909116	0.01523194843
	0.01554487712	0.01584807483	0.01614164478	0.01642564698	0.0167001195
	0.01696508818	0.0172205715	0.01746658346	0.01770313525	0.01793023636
	0.01814789528	0.01835612002	0.01855491833	0.018744298	0.01892426689
	0.01909483304	0.01925600469	0.01940779028	0.01955019845	0.01968323798
	0.01980691782	0.01992124703	0.02002623471	0.02012189004	0.02020822216
	0.02028524025	0.0203529536	0.02041137188	0.02046050631	0.02050037268
	0.02053100024	0.0205524566	0.02056491764	0.0205688629	0.01845063513
	0.01844356205	0.01842435633	0.01839457992	0.01835481777	0.01830529969
	0.01824612648	0.01817735211	0.01809901351	0.01801114124	0.01791376328
	0.01780690638	0.01769059646	0.01756485867	0.01742971746	0.01728519648
	0.01713131856	0.0169681056	0.01679557852	0.01661375709	0.01642265982
	0.01622230362	0.01601270349	0.01579387195	0.01556581832	0.01532854778
	0.01508206048	0.0148263515	0.01456141442	0.01428725661	0.01400394987
	0.01371178351	0.01341170942	0.01310660998	0.01280486876	0.0125303408
	0.01234996995	0.01244957558	0.01333925308	0.01640021586	0.02530156044
	0.04951092445	0.1123255572	0.2664503878	0.6129900838	1.282884703
	2.270720575	3.138336784	3.191624838	2.325709979	1.256381041
	0.5349418285	0.1688976637	0.03930480262	0.01089326631	0.008450706835
	0.009912058775	0.01121248143	0.01206116614	0.01264597831	0.01310558768
	0.01350750412	0.01388055819	0.01423638187	0.01457956369	0.01491191744
	0.01523417948	0.01554666534	0.01584952148	0.01614282266	0.01642661081
	0.01670091143	0.01696574116	0.01722111156	0.01746703135	0.0177035076
	0.0179305466	0.01814815431	0.0183563367	0.01855509997	0.01874445059
	0.0189243954	0.01909494159	0.01925609673	0.01940786869	0.01955026565
	0.01968329607	0.01980696857	0.01992129197	0.02002627519	0.02012192726
	0.0202082572	0.0202852741	0.02035298714	0.02041140594	0.02046054157
	0.02050040967	0.02053103923	0.02055249752	0.02056495998	0.02056890577
	0.0184506266	0.01844355485	0.01842435286	0.01839458199	0.01835482673
	0.01830531656	0.0182461522	0.0181773877	0.01809906019	0.0180112005
	0.01791383698	0.01780699682	0.01769070646	0.01756499171	0.01742987776
	0.0172853892	0.01713154999	0.01696838342	0.01679591213	0.01661415803
	0.01642314231	0.01622288529	0.01601340627	0.0157947233	0.01556685283
	0.01532980929	0.01508360488	0.01482825028	0.01456375894	0.01429016215
	0.01400755562	0.01371623583	0.01341708739	0.01311266578	0.01281018892
	0.01252972037	0.01232631155	0.01234911928	0.01299645721	0.01531241433
	0.02196455264	0.03951726548	0.08320762329	0.1850941536	0.4012420875
	0.7946123313	1.344866019	1.810243676	1.827627444	1.350992797
	0.7596896535	0.3462486661	0.1266913998	0.03996675799	0.01564696893
	0.01104384426	0.01098731189	0.01162139402	0.0122146029	0.0127059643
	0.01313148729	0.0135205052	0.01388824442	0.01424155917	0.01458334988
	0.0149148155	0.01523645335	0.01554847524	0.01585097562	0.01614399904
	0.01642756778	0.01670169359	0.01696638306	0.01722164028	0.01746746825
	0.01770386968	0.01793084745	0.0181484049	0.01835654592	0.01855527505
	0.01874459745	0.01892451892	0.01909504582	0.01925618501	0.01940794383
	0.01955033003	0.01968335168	0.01980701714	0.01992133498	0.02002631395
	0.02012196292	0.02020829083	0.02028530668	0.02035301957	0.02041143907
	0.02046057617	0.02050044635	0.02053107837	0.02055253908	0.02056500337
	0.02056894986	0.01845061397	0.01844354381	0.01842434611	0.01839458138
	0.01835483339	0.01830533128	0.0182461757	0.0181774208	0.01809910394
	0.01801125625	0.01791390647	0.0178070822	0.01769081042	0.01756511755
	0.01743002954	0.01728557188	0.01713176964	0.01696864748	0.01679622975
	0.01661454051	0.01642360364	0.01622344288	0.01601408195	0.01579554458
	0.01556785458	0.01533103603	0.0150851137	0.01483011471	0.01456607348
	0.01429304658	0.01401115516	0.01372070404	0.01342251069	0.01311880415
	0.01281565452	0.01252946621	0.01230409569	0.01225519686	0.01268244399
	0.01434443178	0.01910085618	0.03130586185	0.06046867615	0.1251271472
	0.2545682831	0.4760648085	0.7683605131	1.003410214	1.00507189
	0.7567320924	0.4444453955	0.2164757897	0.08951171688	0.03475727538
	0.01673414731	0.01220852411	0.01158808203	0.0118828196	0.01232368238
	0.01275293935	0.01315370451	0.01353253939	0.0138957213	0.01424671655
	0.01458714819	0.01491771945	0.01523872156	0.01555027052	0.01585240973
	0.01614515284	0.0164285016	0.01670245329	0.01696700395	0.0172221498
	0.01746788791	0.01770421647	0.01793113488	0.01814864379	0.01835674499
	0.01855544137	0.01874473678	0.01892463597	0.01909514448	0.01925626851
	0.01940801486	0.01955039085	0.0196834042	0.01980706299	0.01992137558
	0.02002635055	0.02012199664	0.0202083227	0.02028533765	0.02035305058
	0.020411471	0.02046060988	0.0205004826	0.02053111766	0.02055258149
	0.02056504823	0.02056899568	0.01845059603	0.01844352791	0.01842433541
	0.01839457765	0.01835483747	0.0183053436	0.01824619667	0.01817745102
	0.01809914426	0.01801130786	0.01791397093	0.01780716152	0.0176909071
	0.01756523469	0.01743017096	0.01728574226	0.01713197474	0.01696889438
	0.0167965272	0.01661489933	0.01642403731	0.01622396828	0.01601472031
	0.01579632282	0.01556880702	0.01533220668	0.01508655937	0.01483190886
	0.01456831099	0.01429584819	0.014014668	0.01372508546	0.01342785676
	0.0131249067	0.0128212463	0.01252996695	0.01228503761	0.01217339821
	0.01241313699	0.01353638952	0.01679289052	0.02496278456	0.04375103928
	0.08343774166	0.1585706493	0.2796531152	0.4302910642	0.544803477
	0.5415420793	0.4159688644	0.2555109639	0.1330467669	0.06152034834
	0.02835770299	0.01613307068	0.01254872995	0.01187379631	0.0120354842
	0.01239706201	0.01278852181	0.01317234339	0.01354344943	0.01390282789
	0.01425172863	0.01459086578	0.01492056087	0.01524093333	0.01555201317
	0.01585379511	0.01614626223	0.01642939553	0.0167031776	0.01696759374
	0.01722263221	0.01746828408	0.01770454301	0.01793140492	0.01814886779
	0.01835693134	0.01855559682	0.01874486684	0.01892474512	0.0190952364
	0.01925634624	0.01940808094	0.0195504474	0.01968345301	0.0198071056
	0.01992141332	0.0200263846	0.02012202805	0.02020835245	0.02028536668
	0.02035307983	0.02041150142	0.02046064243	0.02050051822	0.0205311571
	0.020552625	0.02056509511	0.02056904394	0.01845057125	0.01844350597
	0.01842432011	0.01839457052	0.0183548388	0.01830535336	0.01824621489
	0.01817747802	0.01809918069	0.01801135473	0.01791402963	0.01780723385
	0.01769099535	0.01756534171	0.01743030026	0.0172858982	0.01713216265
	0.01696912087	0.01679680043	0.01661522947	0.01642443705	0.01622445358
	0.01601531135	0.01579704527	0.01556969376	0.01533330009	0.01508791432
	0.01483359665	0.01457042398	0.01429850442	0.01401801204	0.0137292742
	0.01343299534	0.01313083299	0.01282687333	0.01253136568	0.01227000295
	0.01210640505	0.01219473001	0.01289696756	0.0150266539	0.02030210863
	0.0320344037	0.05572904483	0.09829898823	0.1631339886	0.2393502889
	0.2940516447	0.2903323371	0.2277059216	0.1464582461	0.08178987127
	0.04226742118	0.02279971993	0.01500301157	0.01249313831	0.01197740982
	0.01211699292	0.01244464685	0.01281505406	0.01318779888	0.01355317883
	0.01390943443	0.01425647815	0.01459441104	0.01492327079	0.01524303716
	0.01555366464	0.01585510277	0.01614730523	0.01643023282	0.01670385364
	0.01696814247	0.01722307974	0.01746865066	0.01770484446	0.01793165372
	0.01814907381	0.01835710247	0.0185557394	0.01874498598	0.01892484501
	0.01909532045	0.01925641728	0.0194081413	0.01955049903	0.01968349757
	0.01980714449	0.01992144777	0.02002641569	0.02012205678	0.02020837973
	0.02028539344	0.02035310699	0.02041152998	0.02046067349	0.02050055293
	0.02053119659	0.02055266988	0.02056514474	0.02056909564	0.01845053747
	0.01844347654	0.01842429964	0.01839455989	0.01835483744	0.01830536056
	0.01824623026	0.01817750159	0.01809921288	0.01801139636	0.01791408188
	0.01780729834	0.01769107411	0.01756543729	0.01743041585	0.0172860377
	0.01713233092	0.01696932391	0.01679704567	0.01661552621	0.01642479694
	0.01622489129	0.01601584552	0.0157976997	0.01557049903	0.01533429576
	0.0150891518	0.01483514291	0.01457236605	0.01430095387	0.01402110629
	0.01373316472	0.01343779303	0.01313642599	0.01283238062	0.01253358132
	0.01225911106	0.01205451277	0.01202611852	0.01241383186	0.01373311961
	0.0170172806	0.02413550081	0.03795098724	0.06161394898	0.09582621858
	0.1339742963	0.1598558208	0.1569938157	0.1259033831	0.08504437449
	0.05127905185	0.0297703127	0.01863036392	0.01389438583	0.01229458474
	0.01199023261	0.01215659475	0.01247504211	0.01283481153	0.01320052979
	0.01356171221	0.01391542951	0.01426085531	0.01459769546	0.01492578177
	0.0152449825	0.01555518712	0.01585630431	0.01614826043	0.01643099717
	0.01670446896	0.01696864054	0.01722348493	0.01746898182	0.01770511626
	0.01793187765	0.01814925895	0.01835725605	0.0185558672	0.01874509269
	0.0189249344	0.01909539561	0.01925648076	0.01940819521	0.01955054513
	0.01968353734	0.01980717921	0.01992147853	0.02002644348	0.02012208249
	0.02020840422	0.02028541757	0.02035313168	0.02041155627	0.02046070261
	0.02050058636	0.0205312359	0.02055271635	0.0205651981	0.0205691523
	0.01845049131	0.01844343786	0.01842427369	0.018394546	0.01835483367
	0.01830536536	0.01824624278	0.01817752155	0.01809924052	0.01801143229
	0.01791412712	0.01780735423	0.01769114243	0.01756552027	0.01743051626
	0.01728615898	0.01713247733	0.01696950072	0.01679725948	0.01661578523
	0.01642511151	0.01622527449	0.01601631399	0.01579827475	0.01557120814
	0.01533517455	0.01509024668	0.01483651451	0.01457409336	0.01430313838
	0.0140238737	0.01373665564	0.01344211864	0.01314152069	0.01283756759
	0.01253636326	0.01225193244	0.01201638068	0.01190170249	0.01206364943
	0.01282180329	0.01478385447	0.0189813957	0.02686694241	0.03981494944
	0.05767755142	0.07665620002	0.08885721787	0.08695682016	0.07152021318
	0.05102594246	0.0335336639	0.02198047373	0.015754056	0.01300577603
	0.01207987849	0.01196661432	0.01217395199	0.01249461051	0.01284961102
	0.01321092617	0.01356903687	0.01392071182	0.01426475799	0.01460063568
	0.01492802995	0.01524672135	0.01555654471	0.01585737287	0.0161491076
	0.01643167329	0.01670501188	0.01696907899	0.01722384088	0.01746927218
	0.01770535416	0.01793207336	0.01814942055	0.01835738995	0.01855597853
	0.01874518555	0.01892501214	0.01909546094	0.01925653591	0.01940824203
	0.01955058515	0.01968357187	0.01980720935	0.01992150525	0.02002646763
	0.02012210486	0.0202084256	0.02028543874	0.02035315352	0.02041157985
	0.02046072928	0.02050061791	0.0205312746	0.02055276453	0.02056525648
	0.02056921632	0.01845042687	0.01844338786	0.01842424256	0.01839452968
	0.01835482816	0.01830536815	0.01824625257	0.01817753786	0.01809926339
	0.01801146218	0.01791416482	0.01780740088	0.01769119949	0.01756558962
	0.01743060022	0.01728626046	0.01713259991	0.01696964889	0.0167974388
	0.0166160027	0.01642537592	0.01622559701	0.01601670885	0.01579876021
	0.01557180782	0.01533591913	0.01509117622	0.01483768142	0.01457556604
	0.01430500498	0.01402624385	0.01373965364	0.01344584908	0.01314595473
	0.01284221238	0.01253936153	0.01224771591	0.0119897896	0.01181386603
	0.01181981213	0.0122029442	0.01331515435	0.0157164137	0.02012884076
	0.02712253012	0.03638054405	0.04579859296	0.05155231291	0.05038322444
	0.04269762216	0.03241835325	0.02340685361	0.01727625331	0.01388036138
	0.01236659372	0.01190071249	0.01193478221	0.01218077542	0.01250751016
	0.01286071241	0.01321925796	0.01357512576	0.01392518713	0.01426809312
	0.01460315579	0.01492995705	0.01524820994	0.01555770471	0.01585828396
	0.01614982836	0.01643224728	0.01670547185	0.01696944975	0.01722414135
	0.01746951691	0.0177055544	0.01793223789	0.01814955626	0.0183575023
	0.01855607186	0.01874526336	0.01892507723	0.01909551562	0.01925658206
	0.01940828119	0.01955061863	0.01968360074	0.01980723455	0.0199215276
	0.02002648785	0.02012212363	0.02020844358	0.02028545663	0.02035317214
	0.02041160023	0.02046075286	0.02050064678	0.02053131186	0.02055281419
	0.02056532152	0.02056929175	0.0184503327	0.01844332468	0.0184242079
	0.01839451263	0.01835482197	0.01830536948	0.01824625988	0.01817755053
	0.01809928136	0.01801148576	0.01791419461	0.01780743776	0.01769124463
	0.01756564449	0.01743066668	0.01728634081	0.01713269703	0.01696976635
	0.01679758106	0.01661617535	0.01642558604	0.01622585357	0.01601702332
	0.01579914734	0.01557228669	0.0153365146	0.01509192077	0.01483861763
	0.01457674956	0.01430650768	0.01402815545	0.01374207705	0.01344887525
	0.01314957951	0.01284609782	0.01254219823	0.01224560103	0.01197228145
	0.01175484005	0.01165748807	0.01179955977	0.01238426349	0.01371392703
	0.01614328752	0.01989338532	0.02468641679	0.02937755942	0.03210903142
	0.03141945632	0.02756380733	0.02238277071	0.01774457315	0.01452163181
	0.01271762052	0.01194111137	0.01177023928	0.01190705499	0.01218322623
	0.01251616278	0.0128688844	0.01322567701	0.01357993601	0.01392876941
	0.01427077897	0.01460518956	0.01493151231	0.01524941012	0.01555863863
	0.0158590163	0.01615040675	0.01643270713	0.01670583976	0.01696974586
	0.017224381	0.01746971186	0.01770571374	0.01793236869	0.01814966407
	0.01835759148	0.01855614591	0.01874532506	0.01892512884	0.01909555896
	0.01925661863	0.01940831222	0.01955064515	0.01968362363	0.01980725454
	0.01992154533	0.0200265039	0.02012213855	0.0202084579	0.02028547095
	0.02035318716	0.0204116169	0.0204607726	0.0205006719	0.02053134629
	0.02055286428	0.02056539496	0.02056938601	0.0184501841	0.0184432489
	0.01842417419	0.01839449779	0.01835481665	0.01830537011	0.01824626502
	0.01817755964	0.01809929435	0.01801150284	0.01791421619	0.01780746448
	0.01769127733	0.01756568423	0.01743071482	0.01728639903	0.01713276741
	0.01696985148	0.01679768421	0.01661630061	0.01642573857	0.01622603995
	0.01601725195	0.01579942906	0.01557263554	0.01533694886	0.01509246439
	0.01483930202	0.01457761584	0.01430760904	0.01402955858	0.01374385919
	0.01345110743	0.01315227068	0.0128490359	0.01254453152	0.01224479463
	0.01196164076	0.01171794239	0.01155646089	0.01155247389	0.01182674153
	0.01254650272	0.01388834628	0.01592938123	0.01846538453	0.02086467694
	0.02219978496	0.02179515308	0.01980467564	0.01712424774	0.01468906223
	0.01297974181	0.01203749739	0.01167936133	0.01168513822	0.01188727148
	0.01218405958	0.01252180459	0.01287453292	0.0132302456	0.01358341666
	0.01393138459	0.01427274795	0.01460668274	0.01493265422	0.01525029073
	0.0155593232	0.01585955251	0.01615082974	0.01643304302	0.01670610818
	0.01696996166	0.01722455548	0.01746985369	0.01770582958	0.01793246372
	0.01814974236	0.01835765623	0.01855619965	0.01874536983	0.01892516628
	0.01909559041	0.01925664517	0.01940833475	0.01955066441	0.01968364025
	0.01980726906	0.01992155822	0.02002651558	0.02012214942	0.02020846836
	0.02028548144	0.02035319824	0.02041162936	0.02046078769	0.02050069192
	0.0205313757	0.02055291214	0.02056547755	0.02056951384	0.01844992324
	0.01844317167	0.01842415116	0.01839448954	0.01835481404	0.01830537084
	0.01824626836	0.01817756535	0.01809930239	0.01801151334	0.01791422943
	0.01780748082	0.01769129727	0.01756570844	0.0174307441	0.01728643439
	0.01713281013	0.01696990315	0.0167977468	0.01661637661	0.01642583114
	0.01622615308	0.01601739079	0.01579960022	0.01557284761	0.01533721303
	0.01509279535	0.01483971904	0.01457814419	0.01430828151	0.01403041652
	0.01374495114	0.01345248	0.01315393748	0.01285088894	0.01254610901
	0.01224470798	0.0119562351	0.01169834461	0.01150252468	0.01142149189
	0.01153515037	0.01194661922	0.01275316841	0.01397717756	0.01546682987
	0.0168362776	0.01756662592	0.01730688497	0.01615731306	0.0146109702
	0.01319553578	0.01220498525	0.01168444797	0.01153838662	0.01163732157
	0.01187543565	0.01218417821	0.01252495186	0.01287783105	0.01323297216
	0.01358551959	0.01393297517	0.01427394939	0.01460759501	0.01493335203
	0.01525082867	0.01555974114	0.01585987967	0.01615108764	0.01643324768
	0.01670627161	0.01697009297	0.0172246616	0.01746993991	0.01770589999
	0.01793252148	0.01814978993	0.01835769558	0.01855623233	0.01874539706
	0.01892518907	0.01909560956	0.01925666134	0.0194083485	0.01955067618
	0.01968365042	0.01980727795	0.01992156612	0.02002652275	0.0201221561
	0.02020847481	0.02028548793	0.02035320513	0.02041163719	0.0204607974
	0.02050070537	0.02053139711	0.02055295223	0.02056556504	0.02056970707
	0.01844940519	0.01844314155	0.01842415621	0.01839449304	0.01835481587
	0.01830537238	0.01824627026	0.01817756785	0.0180993056	0.01801151734
	0.01791423431	0.01780748672	0.01769130436	0.01756571693	0.01743075427
	0.01728644658	0.01713282476	0.01696992075	0.01679776803	0.01661640231
	0.01642586236	0.01622619118	0.01601743749	0.01579965774	0.01557291884
	0.01533730176	0.01509290652	0.01483985922	0.01457832203	0.01430850839
	0.0140307072	0.01374532393	0.0134529552	0.01315453034	0.01285158722
	0.01254681084	0.0122450625	0.01195525984	0.01169356663	0.01148819834
	0.0113852587	0.01145263277	0.01177461719	0.0124254013	0.01341182597
	0.0145977425	0.0156677948	0.01621844332	0.01599042688	0.01507228745
	0.01384819337	0.01273068852	0.0119562719	0.01156668167	0.0114889915
	0.01161932876	0.0118702583	0.01218359944	0.01252572655	0.01287882107
	0.01323384268	0.01358621003	0.01393350457	0.01427435191	0.01460790155
	0.01493358678	0.01525100971	0.0155598818	0.01585998979	0.01615117446
	0.01643331658	0.01670632665	0.0169701372	0.01722469737	0.017469969
	0.01770592377	0.01793254101	0.01814980606	0.01835770895	0.01855624346
	0.01874540637	0.01892519689	0.01909561617	0.01925666695	0.01940835329
	0.01955068031	0.01968365401	0.01980728112	0.01992156896	0.02002652535
	0.02012215853	0.02020847716	0.0202854903	0.02035320766	0.02041164011
	0.02046080116	0.020500711	0.02053140725	0.02055297509	0.02056563522
	0.02057003973	