3131	
	0.01732012224	0.01731265618	0.01729398479	0.01726496312	0.0172260031
	0.01717727927	0.01711887009	0.01705081762	0.01697315041	0.01688589176
	0.01678906275	0.01668268311	0.01656677156	0.0164413458	0.01630642251
	0.01616201733	0.01600814492	0.01584481913	0.01567205328	0.01548986063
	0.01529825521	0.015097253	0.01488687379	0.01466714392	0.01443810042
	0.01419979731	0.0139523154	0.0136957784	0.01343038059	0.01315643807
	0.01287448953	0.01258550374	0.01229131825	0.0119955696	0.01170563105
	0.01143649561	0.01121807609	0.01110760544	0.01120730818	0.01168119867
	0.01274974345	0.01461926886	0.01730164857	0.02036621876	0.0228684327
	0.02376966994	0.02267977408	0.02016454118	0.01727112695	0.01483667195
	0.01319870049	0.01231241323	0.01197715285	0.01198846993	0.01219536915
	0.01250326612	0.01285868612	0.01323337597	0.01361304029	0.01399060728
	0.01436258735	0.01472722791	0.01508361654	0.01543125467	0.01576985575
	0.0160992479	0.01641932524	0.01673002207	0.01703129827	0.01732313052
	0.0176055067	0.01787842228	0.01814187785	0.01839587745	0.01864042746
	0.01887553584	0.01910121157	0.01931746432	0.01952430424	0.01972174173
	0.01990978741	0.02008845198	0.02025774621	0.0204176809	0.02056826682
	0.02070951472	0.02084143526	0.02096403904	0.0210773365	0.02118133797
	0.02127605354	0.0213614931	0.02143766625	0.02150458241	0.02156225099
	0.02161068234	0.02164989062	0.02167990231	0.02170078064	0.02171269112
	0.02171604271	0.01731962993	0.01731261815	0.01729398553	0.01726496458
	0.01722600362	0.01717727965	0.01711887074	0.01705081869	0.01697315192
	0.01688589373	0.01678906518	0.01668268601	0.01656677494	0.01644134968
	0.01630642689	0.01616202217	0.01600815017	0.01584482466	0.01567205885
	0.01548986584	0.01529825945	0.0150972553	0.0148868727	0.01466713728
	0.01443808507	0.01419976871	0.01395226724	0.01369570221	0.01343026601
	0.01315627514	0.01287427671	0.01258527182	0.01229119528	0.01199594846
	0.01170758471	0.01144276441	0.01123530234	0.0111510751	0.01131012501
	0.01190962737	0.01322265794	0.01551749484	0.01883231074	0.02264360588
	0.02574703582	0.02680146376	0.02532760935	0.02210184469	0.01848395733
	0.01550297928	0.01352746093	0.01246064031	0.01203878434	0.01201203814
	0.01220344046	0.01250550232	0.01285893805	0.01323307095	0.01361265984
	0.01399028795	0.01436235034	0.0147270615	0.01508350339	0.01543117962
	0.01576980724	0.01609921757	0.01641930721	0.01673001223	0.0170312938
	0.01732312947	0.01760550776	0.01787842457	0.01814188078	0.01839588065
	0.0186404307	0.01887553897	0.0191012145	0.01931746704	0.01952430671
	0.01972174398	0.01990978944	0.02008845381	0.02025774788	0.02041768243
	0.02056826823	0.02070951603	0.02084143651	0.02096404024	0.0210773377
	0.02118133918	0.0212760548	0.02136149446	0.02143766779	0.02150458422
	0.02156225329	0.02161068557	0.02164989583	0.0216799123	0.02170080409
	0.02171276288	0.02171636353	0.01731937813	0.01731253892	0.01729395866
	0.01726495304	0.01722599799	0.01717727723	0.01711887055	0.01705082029
	0.01697315508	0.01688589836	0.01678907125	0.01668269355	0.016566784
	0.01644136028	0.01630643904	0.01616203582	0.01600816514	0.01584484056
	0.015672075	0.01548988111	0.01529827201	0.01509726232	0.0148868699
	0.01466711825	0.01443804044	0.01419968494	0.01395212517	0.01369547566
	0.01342992148	0.01315577594	0.01287360118	0.01258447153	0.01229056114
	0.01199645754	0.01171204981	0.0114586705	0.01128147644	0.01127242456
	0.01160747211	0.01259243444	0.01468172401	0.01837344137	0.02383493232
	0.03026134962	0.03554060155	0.03721877655	0.03445960755	0.0287832135
	0.02266489278	0.0178054626	0.01467256789	0.01298508692	0.0122626351
	0.01210133681	0.01223634287	0.01251619059	0.01286148466	0.01323295055
	0.01361186833	0.0139894841	0.0143617081	0.01472659386	0.01508317911
	0.01543096217	0.01576966583	0.0160991289	0.0164192544	0.01672998339
	0.01703128065	0.01732312634	0.01760551078	0.01787843115	0.01814188922
	0.01839588983	0.01864043993	0.01887554783	0.01910122277	0.01931747461
	0.01952431356	0.01972175012	0.01990979492	0.02008845871	0.02025775226
	0.02041768638	0.02056827183	0.02070951935	0.02084143963	0.02096404324
	0.02107734066	0.02118134219	0.02127605798	0.02136149792	0.02143767173
	0.02150458892	0.02156225922	0.02161069362	0.02164990785	0.02167993254
	0.0217008432	0.02171284849	0.02171655043	0.01731923104	0.01731246097
	0.01729392084	0.01726493378	0.01722598806	0.01717727282	0.01711886995
	0.01705082268	0.01697316007	0.01688590579	0.01678908109	0.01668270585
	0.01656679883	0.01644137773	0.01630645913	0.01616205847	0.01600819007
	0.0158448672	0.01567210228	0.01548990722	0.01529829404	0.01509727576
	0.01488686785	0.01466709045	0.01443797178	0.01419955357	0.01395190017
	0.01369511468	0.01342937027	0.01315497531	0.01287251778	0.01258319721
	0.01228960114	0.01199751831	0.01172010622	0.01148718342	0.01136499247
	0.01149531728	0.01216445267	0.01390112746	0.01755050569	0.02414150768
	0.03420280017	0.04638484691	0.05651849161	0.0595308109	0.05378042719
	0.04261164146	0.03108386928	0.02231229477	0.01685658	0.01396379291
	0.01267342453	0.01226340683	0.01229584594	0.01253571578	0.01286640945
	0.01323305309	0.01361070218	0.01398823048	0.01436069024	0.01472584825
	0.01508266107	0.01543061491	0.01576944048	0.01609898814	0.01641917116
	0.01672993853	0.01703126087	0.01732312249	0.01760551667	0.01787844261
	0.01814190351	0.01839590519	0.01864045526	0.01887556247	0.01910123638
	0.01931748702	0.01952432474	0.01972176011	0.01990980382	0.02008846663
	0.02025775933	0.02041769272	0.02056827758	0.02070952465	0.0208414446
	0.02096404801	0.02107734537	0.02118134699	0.02127606303	0.02136150344
	0.021437678	0.02150459637	0.02156226852	0.02161070595	0.02164992541
	0.02167995973	0.02170088885	0.02171292809	0.02171667378	0.01731913445
	0.01731239409	0.01729388117	0.01726491111	0.01722597574	0.01717726729
	0.01711886938	0.0170508261	0.01697316704	0.01688591611	0.01678909475
	0.01668272294	0.01656681949	0.01644140208	0.01630648725	0.01616209028
	0.01600822526	0.01584490504	0.01567214141	0.0154899453	0.01529832728
	0.01509729821	0.01488687044	0.01466705958	0.01443788744	0.01419938676
	0.01395160981	0.01369464464	0.01342864915	0.01315392734	0.01287110896
	0.01258158474	0.01228857059	0.01199969828	0.01173322142	0.01153247594
	0.01149819694	0.01185635811	0.01308715946	0.01613037528	0.02259648994
	0.03464365748	0.05372759706	0.07760002223	0.09776584966	0.1033696386
	0.09109160504	0.0685032116	0.0462449374	0.03010447777	0.0204918724
	0.01553977017	0.01331696094	0.01251190948	0.01238577826	0.01256512455
	0.01287403269	0.0132335196	0.01360925315	0.01398659663	0.01435934996
	0.01472486437	0.01508197822	0.01543015855	0.01576914583	0.01609880555
	0.0164190646	0.01672988255	0.01703123779	0.01732312018	0.01760552691
	0.01787845992	0.01814192428	0.01839592712	0.01864047691	0.01887558302
	0.01910125537	0.01931750427	0.01952434023	0.01972177392	0.01990981609
	0.02008847752	0.02025776903	0.02041770142	0.02056828546	0.02070953189
	0.02084145137	0.02096405451	0.02107735177	0.0211813535	0.02127606989
	0.02136151093	0.02143768648	0.02150460636	0.02156228081	0.02161072183
	0.02164994708	0.02167999097	0.02170093578	0.02171299796	0.02171676397
	0.01731906521	0.01731233878	0.01729384388	0.01726488793	0.01722596262
	0.0171772615	0.01711886927	0.0170508308	0.01697317609	0.01688592937
	0.01678911225	0.01668274482	0.01656684596	0.01644143335	0.01630652345
	0.01616213141	0.01600827101	0.01584495463	0.01567219329	0.0154899968
	0.01529837395	0.01509733307	0.01488688275	0.01466703319	0.01443779847
	0.01419920059	0.01395127738	0.01369409914	0.01342780662	0.01315270259
	0.0128694803	0.0125798028	0.01228777576	0.01200366578	0.011753142
	0.0115996873	0.01169701457	0.0124052515	0.01452772561	0.01972769273
	0.0310573847	0.05300253572	0.08928882061	0.1364071175	0.1769601784
	0.1874812049	0.1612081547	0.1153617477	0.07240382229	0.04289639657
	0.02619089063	0.01791342422	0.01425428605	0.01286428164	0.01251086339
	0.01260569023	0.01288475636	0.01323453918	0.01360764833	0.01398467875
	0.01435776012	0.01472369614	0.01508116959	0.01542962092	0.01576880148
	0.01609859483	0.01641894422	0.01672982199	0.01703121587	0.01732312242
	0.01760554352	0.0178784844	0.01814195238	0.01839595613	0.01864050519
	0.01887560961	0.01910127981	0.01931752637	0.01952436	0.0197217915
	0.01990983166	0.02008849132	0.02025778129	0.02041771239	0.02056829538
	0.02070954099	0.02084145989	0.02096406267	0.02107735981	0.02118136167
	0.02127607846	0.02136152025	0.02143769697	0.0215046186	0.02156229564
	0.02161074051	0.02164997155	0.02168002416	0.02170098149	0.02171305889
	0.02171683515	0.01731901256	0.01731229337	0.01729381056	0.01726486595
	0.01722594985	0.0171772561	0.01711887001	0.01705083695	0.01697318731
	0.01688594557	0.01678913355	0.01668277144	0.01656687819	0.0164414715
	0.01630656777	0.01616218199	0.01600832762	0.01584501653	0.01567225894
	0.01549006335	0.01529843666	0.01509738434	0.01488691081	0.01466702023
	0.01443771805	0.01419901429	0.01395093076	0.01369351838	0.01342690048
	0.01315138441	0.01286775398	0.01257803978	0.01228754304	0.01201010908
	0.01178167387	0.01169434133	0.01197955119	0.01320218244	0.01668304178
	0.02531421978	0.04478151863	0.08424059258	0.152744349	0.2455502747
	0.32722153	0.3469955034	0.2910939974	0.198464413	0.1162776619
	0.06314873101	0.03475328148	0.02132359058	0.01555172273	0.01333762228
	0.01267519924	0.01265838437	0.01289888569	0.01323628815	0.01360602793
	0.01398259024	0.0143560084	0.01472240875	0.01508028239	0.01542903564
	0.01576843109	0.01609837248	0.01641882146	0.01672976469	0.01703120045
	0.0173231328	0.01760556889	0.0178785176	0.01814198878	0.01839599282
	0.01864054042	0.01887564243	0.01910130975	0.0193175533	0.019524384
	0.01972181276	0.01990985045	0.02008850793	0.02025779603	0.02041772555
	0.02056830726	0.02070955188	0.02084147007	0.02096407241	0.02107736939
	0.02118137138	0.02127608863	0.02136153125	0.02143770927	0.02150463281
	0.02156231257	0.02161076131	0.02164999783	0.02168005799	0.02170102501
	0.02171311264	0.02171689452	0.01731897099	0.01731225598	0.01729378159
	0.01726484604	0.01722593818	0.01717725162	0.0171188719	0.01705084471
	0.01697320074	0.0168859647	0.01678915857	0.01668280268	0.01656691607
	0.01644151645	0.01630662018	0.01616224209	0.01600839537	0.01584509134
	0.01567233939	0.01549014672	0.01529851823	0.0150974564	0.01488696126
	0.01466703063	0.01443766086	0.01419884933	0.01395060108	0.01369294721
	0.01342599494	0.01315006431	0.01286606069	0.01257648687	0.0122881768
	0.01201961806	0.01182033181	0.01182130822	0.01236314263	0.01431017647
	0.01977866267	0.03366865241	0.06630737213	0.1359081667	0.2634553821
	0.4445839533	0.6081225451	0.6452169695	0.5278874481	0.3427741857
	0.1877583082	0.09405629995	0.04708835659	0.02600622424	0.01726448813
	0.01394294028	0.01288036857	0.0127232783	0.01291644112	0.01323886873
	0.01360452294	0.01398045198	0.01435419208	0.01472107538	0.01507936976
	0.01542844052	0.01576806123	0.016098157	0.01641870907	0.01672971941
	0.01703119748	0.01732315531	0.01760560564	0.01787856122	0.01814203455
	0.01839603783	0.01864058297	0.01887568163	0.01910134523	0.01931758503
	0.01952441215	0.01972183761	0.01990987234	0.02008852723	0.02025781312
	0.02041774079	0.020568321	0.02070956446	0.02084148181	0.02096408362
	0.0210773804	0.02118138252	0.02127610026	0.02136154377	0.02143772317
	0.02150464868	0.02156233119	0.02161078366	0.02165002516	0.0216800917
	0.02170106617	0.02171316081	0.02171694604	0.01731893734	0.017312225
	0.01729375674	0.01726482855	0.01722592802	0.01717724836	0.01711887512
	0.01705085416	0.01697321637	0.01688598667	0.01678918719	0.01668283841
	0.01656695944	0.01644156806	0.01630668059	0.01616231176	0.01600847446
	0.01584517958	0.01567243567	0.01549024866	0.01529862149	0.01509755371
	0.01488704098	0.01466707474	0.01443764225	0.01419872825	0.01395032113
	0.01369243287	0.01342515731	0.0131488368	0.01286453049	0.01257531865
	0.01228990931	0.0120325354	0.01186986529	0.01198326545	0.01285943015
	0.01578000415	0.02402626725	0.04562622539	0.09871304645	0.218263789
	0.4504631946	0.7972794239	1.1194076	1.188762512	0.9489748825
	0.5864325662	0.3001232334	0.1392085853	0.06402118958	0.03212157435
	0.01941302881	0.01467798243	0.01312335449	0.01279895051	0.01293698838
	0.01324225684	0.01360323606	0.01397838322	0.01435241255	0.01471977357
	0.01507848823	0.01542787574	0.01576772008	0.01609796796	0.01641862055
	0.01672969534	0.01703121316	0.01732319408	0.01760565649	0.01787861699
	0.01814209075	0.01839609178	0.01864063316	0.01887572735	0.01910138628
	0.01931762151	0.01952444435	0.01972186592	0.01990989721	0.0200885491
	0.02025783244	0.02041775798	0.02056833648	0.0207095786	0.02084149499
	0.0209640962	0.02107739272	0.02118139496	0.0212761132	0.02136155764
	0.02143773845	0.02150466595	0.02156235113	0.02161080711	0.02165005305
	0.02168012492	0.02170110515	0.02171320473	0.02171699209	0.01731890963
	0.01731219916	0.01729373559	0.01726481352	0.01722591957	0.01717724651
	0.01711887977	0.01705086531	0.01697323415	0.01688601136	0.01678921925
	0.01668287842	0.01656700809	0.01644162611	0.01630674884	0.0161623909
	0.01600856502	0.01584528165	0.01567254863	0.01549037076	0.01529874916
	0.01509768061	0.01488715667	0.01466716276	0.01443767748	0.01419867355
	0.01395012374	0.01369202261	0.01342445448	0.01314779399	0.0128632835
	0.01257467368	0.01229284986	0.01204879812	0.01192971734	0.01217878309
	0.01346756108	0.017626448	0.02954401177	0.06183054063	0.1449439874
	0.3428947965	0.7510144291	1.392581672	2.006137726	2.135020665
	1.667693279	0.9817397242	0.4687686694	0.2016673494	0.08594482808
	0.03965036714	0.02195463178	0.0155198367	0.01339468762	0.01288203526
	0.012959527	0.01324627033	0.01360222894	0.0139764942	0.0143507703
	0.01471858151	0.015077695	0.01542738201	0.01576743613	0.01609782506
	0.01641856939	0.01672970165	0.01703125364	0.01732325319	0.01760572406
	0.01787868657	0.01814215839	0.01839615521	0.01864069125	0.01887577967
	0.01910143284	0.01931766261	0.01952448045	0.01972189753	0.01990992487
	0.02008857337	0.02025785382	0.02041777698	0.02056835355	0.02070959418
	0.02084150948	0.02096411	0.02107740623	0.02118140855	0.02127612729
	0.02136157267	0.02143775489	0.02150468435	0.0215623721	0.02161083132
	0.02165008118	0.0216801575	0.02170114222	0.02171324541	0.02171703422
	0.01731888645	0.01731217741	0.01729371761	0.01726480078	0.01722591282
	0.01717724608	0.01711888586	0.01705087811	0.01697325396	0.01688603862
	0.01678925453	0.01668292244	0.01656706172	0.01644169032	0.01630682465
	0.01616247934	0.01600866699	0.01584539775	0.01567267893	0.01549051433
	0.01529890355	0.01509784096	0.01488731449	0.01466730416	0.01443778086
	0.01419870652	0.01395004003	0.01369176126	0.01342394945	0.01314702041
	0.01286242155	0.01257463833	0.01229694418	0.01206780713	0.01199754225
	0.01240043671	0.01416668772	0.01979858619	0.03624085957	0.08229961044
	0.2062947746	0.5180266278	1.198613281	2.320708783	3.423023982
	3.658382616	2.815509649	1.587426701	0.7071768203	0.2823285304
	0.1123486374	0.04827993008	0.02475790887	0.01641963782	0.01367748158
	0.01296708776	0.01298248223	0.01325056921	0.01360151878	0.01397488135
	0.01434936033	0.01471757446	0.01507704533	0.01542699854	0.01576723669
	0.01609774714	0.01641856844	0.016729747	0.01703132467	0.01732333637
	0.01760581073	0.0178787714	0.01814223829	0.01839622856	0.0186407574
	0.01887583857	0.01910148482	0.01931770819	0.01952452026	0.01972193224
	0.01990995515	0.02008859985	0.0202578771	0.02041779762	0.02056837205
	0.02070961104	0.02084152514	0.02096412489	0.02107742077	0.02118142316
	0.02127614238	0.02136158868	0.0214377723	0.02150470366	0.02156239385
	0.02161085605	0.02165010937	0.02168018942	0.02170117772	0.02171328362
	0.02171707349	0.01731886677	0.01731215889	0.01729370227	0.01726479006
	0.01722590765	0.01717724702	0.01711889331	0.01705089246	0.01697327566
	0.01688606823	0.01678929276	0.01668297017	0.01656711998	0.01644176029
	0.01630690763	0.01616257673	0.01600878014	0.01584552788	0.01567282688
	0.01549068027	0.01529908646	0.01509803791	0.0148875196	0.01466750714
	0.01443796495	0.01419884601	0.01395009783	0.01369168894	0.01342369808
	0.01314658849	0.01286202198	0.01257523781	0.01230195757	0.01208837471
	0.01206897165	0.01263366545	0.01491042247	0.02215347651	0.04369470931
	0.1058786266	0.2800766954	0.7395242153	1.794063401	3.602720519
	5.415776037	5.825425066	4.467960714	2.442280011	1.01924891
	0.377895544	0.1413837011	0.0573277107	0.02759248085	0.0173024253
	0.01394807738	0.01304692755	0.01300383447	0.01325469447	0.01360108565
	0.01397362532	0.01434826851	0.01471682137	0.01507658989	0.01542676115
	0.01576714663	0.0160977512	0.01641862916	0.01672983901	0.01703143125
	0.01732344681	0.01760591846	0.01787887262	0.01814233103	0.01839631206
	0.01864083162	0.01887590394	0.01910154201	0.01931775801	0.01952456353
	0.01972196981	0.0199099878	0.02008862831	0.02025790206	0.02041781969
	0.02056839182	0.02070962901	0.02084154181	0.02096414072	0.02107743619
	0.02118143861	0.0212761583	0.02136160551	0.0214377905	0.02150472369
	0.02156241618	0.02161088112	0.02165013751	0.02168022075	0.02170121196
	0.02171331999	0.02171711065	0.01731884973	0.01731214284	0.01729368902
	0.01726478103	0.01722590385	0.01717724917	0.01711890198	0.01705090818
	0.01697329901	0.01688609991	0.01678933361	0.01668302121	0.01656718241
	0.01644183553	0.01630699729	0.01616268255	0.01600890401	0.01584567171
	0.01567299243	0.01549086896	0.01529929896	0.01509827363	0.01488777587
	0.01466777804	0.01443823981	0.01419910745	0.01395032014	0.01369183895
	0.0134237463	0.01314655515	0.01286213451	0.0125764374	0.01230749344
	0.01210879811	0.01213783351	0.01285725499	0.01562705716	0.0244496625
	0.05109393501	0.1298623862	0.3575240517	0.9809242401	2.468082834
	5.092795132	7.752912679	8.401374524	6.505673384	3.512014015
	1.38816662	0.4794095676	0.1697576103	0.06576580366	0.03014701673
	0.01807476485	0.01417876447	0.01311352696	0.01302139012	0.01325814345
	0.01360088933	0.01397279179	0.01434756873	0.01471638191	0.01507637232
	0.01542670053	0.01576718702	0.01609785147	0.01641876106	0.0167299839
	0.01703157732	0.01732358694	0.01760604865	0.01787899095	0.01814243692
	0.01839640571	0.01864091376	0.01887597553	0.01910160412	0.01931781175
	0.01952460997	0.01972200994	0.01991002255	0.02008865852	0.02025792848
	0.02041784301	0.02056841265	0.02070964792	0.02084155932	0.02096415732
	0.02107745234	0.02118145476	0.02127617489	0.02136162299	0.02143780931
	0.02150474427	0.02156243894	0.02161090641	0.02165016557	0.02168025157
	0.02170124524	0.021713355	0.02171714629	0.01731883461	0.01731212861
	0.01729367735	0.01726477331	0.01722590114	0.01717725232	0.01711891167
	0.01705092506	0.01697332377	0.01688613335	0.0167893767	0.0166830751
	0.0165672485	0.01644191546	0.01630709294	0.01616279611	0.01600903789
	0.01584582855	0.01567317504	0.01549108012	0.01529954126	0.01509854912
	0.01488808552	0.014668121	0.01443861237	0.0141995019	0.01395072387
	0.013692236	0.01342412785	0.01314695963	0.01286278172	0.01257815498
	0.012313052	0.01212708235	0.01219694469	0.01304607661	0.01622882217
	0.02637745277	0.05732979357	0.1502331799	0.4241253185	1.192223449
	3.071136773	6.451182661	9.895625156	10.79821266	8.513409318
	4.624635948	1.763302114	0.5722897162	0.1932286741	0.07239286808
	0.03208214361	0.01864059851	0.01434241938	0.01315934111	0.01303315321
	0.01326046832	0.01360089169	0.01397243378	0.0143473207	0.01471630382
	0.01507642719	0.01542684062	0.01576737407	0.01609805872	0.01641897109
	0.01673018604	0.01703176552	0.01732375822	0.01760620201	0.01787912662
	0.01814255585	0.01839650927	0.01864100346	0.01887605293	0.01910167076
	0.01931786903	0.0195246592	0.0197220523	0.01991005909	0.02008869018
	0.0202579561	0.02041786733	0.02056843434	0.02070966758	0.0208415775
	0.02096417452	0.02107746905	0.02118147144	0.02127619199	0.02136164095
	0.02143782857	0.02150476523	0.02156246199	0.02161093184	0.02165019353
	0.02168028202	0.02170127782	0.02171338905	0.02171718087	0.01731882075
	0.01731211559	0.01729366675	0.0172647665	0.01722589923	0.01717725621
	0.01711892214	0.01705094283	0.01697334963	0.01688616819	0.01678942159
	0.01668313134	0.01656731764	0.01644199935	0.01630719379	0.01616291649
	0.01600918079	0.01584599738	0.01567337365	0.01549131277	0.0152998126
	0.01509886402	0.01488844888	0.01466853748	0.01443908592	0.01420003531
	0.0139513188	0.0136928949	0.01342486275	0.01314782263	0.01286396247
	0.01258028277	0.01231812124	0.01214128707	0.01223940322	0.01317591708
	0.01663019402	0.02762962577	0.06127473784	0.1627700131	0.4640021999
	1.316098339	3.424511379	7.269720186	11.23101098	12.34269548
	9.904093699	5.468301576	2.055173159	0.6382696266	0.2076836979
	0.07613584557	0.03310961105	0.01892214022	0.01441804715	0.01317877991
	0.01303771305	0.01326137429	0.01360107857	0.01397259414	0.01434756827
	0.01471662081	0.01507677816	0.01542719735	0.01576771816	0.0160983795
	0.01641926323	0.01673044768	0.01703199695	0.01732396102	0.01760637844
	0.01787927926	0.01814268734	0.01839662216	0.01864110015	0.01887613561
	0.01910174139	0.01931792937	0.01952471079	0.0197220965	0.01991009708
	0.020088723	0.02025798466	0.02041789243	0.02056845667	0.02070968779
	0.02084159615	0.02096419215	0.02107748615	0.02118148849	0.02127620944
	0.02136165924	0.02143784812	0.02150478646	0.02156248523	0.02161095735
	0.02165022142	0.0216803122	0.02170130995	0.0217134225	0.02171721478
	0.01731880754	0.0173121032	0.01729365672	0.01726476019	0.01722589778
	0.01717726055	0.0171189331	0.0170509612	0.01697337625	0.01688620403
	0.0167894678	0.01668318933	0.01656738912	0.01644208638	0.01630729887
	0.01616304258	0.01600933144	0.01584617676	0.01567358667	0.01549156521
	0.01530011116	0.01509921649	0.01488886427	0.01466902613	0.01443965972
	0.01420070803	0.01395210687	0.01369381962	0.01342595643	0.01314914645
	0.01286565733	0.01258271326	0.01232227992	0.01214991694	0.0122600638
	0.01322913794	0.01677012818	0.02799138391	0.06215790586	0.164656801
	0.4668142382	1.315771277	3.41233792	7.276812236	11.36238479
	12.61095126	10.23316768	5.734188695	2.16397539	0.6602389058
	0.2103924301	0.07637106906	0.03307054852	0.0188790279	0.01439553384
	0.01316939957	0.0130345418	0.01326079108	0.01360147443	0.01397330669
	0.01434833781	0.01471735082	0.0150774367	0.01542777769	0.01576822323
	0.01609881576	0.01641963814	0.01673076867	0.01703227102	0.0173241945
	0.01760657701	0.01787944791	0.01814283044	0.0183967435	0.01864120302
	0.01887622282	0.01910181537	0.0193179922	0.01952476425	0.0197221421
	0.01991013614	0.02008875665	0.02025801386	0.02041791802	0.02056847941
	0.02070970833	0.02084161509	0.02096421003	0.02107750347	0.02118150573
	0.02127622707	0.0213616777	0.02143786784	0.02150480782	0.02156250856
	0.0216109829	0.02165024928	0.02168034226	0.02170134186	0.02171345564
	0.02171724836	0.01731879438	0.01731209085	0.01729364675	0.01726475396
	0.01722589644	0.01717726505	0.01711894427	0.01705097986	0.01697340327
	0.01688624043	0.01678951481	0.01668324844	0.01656746217	0.01644217563
	0.01630740707	0.01616317307	0.01600948827	0.01584636485	0.01567381196
	0.01549183491	0.01530043403	0.01509960319	0.01488932784	0.01466958259
	0.01444032886	0.01420151454	0.01395308187	0.01369500287	0.01342739946
	0.01315091594	0.01286783406	0.01258536205	0.01232528399	0.01215224137
	0.01225672529	0.0131991613	0.01662941238	0.02740935413	0.05984727855
	0.1556619803	0.4326984969	1.194651158	3.046895112	6.476810603
	10.24418007	11.53128641	9.407037519	5.317561903	2.042283739
	0.6301799358	0.2008400576	0.07309977972	0.03197758993	0.01851817786
	0.01427794432	0.01313243497	0.0130241137	0.0132588966	0.01360214507
	0.01397459499	0.01434963671	0.01471849489	0.01507840126	0.01542857902
	0.01576888633	0.01609936453	0.016420093	0.01673114644	0.01703258537
	0.01732445657	0.01760679586	0.01787963095	0.01814298375	0.01839687209
	0.01864131103	0.01887631368	0.01910189194	0.01931805687	0.01952481901
	0.01972218863	0.01991017586	0.02008879076	0.02025804338	0.02041794385
	0.02056850232	0.02070972898	0.02084163411	0.02096422796	0.02107752083
	0.02118152301	0.02127624472	0.02136169618	0.02143788756	0.02150482918
	0.0215625319	0.02161100845	0.02165027713	0.02168037232	0.02170137377
	0.02171348879	0.02171728195	0.01731878067	0.01731207799	0.01729363634
	0.01726474739	0.01722589484	0.01717726937	0.01711895534	0.01705099848
	0.01697343032	0.01688627694	0.01678956205	0.01668330798	0.01656753596
	0.01644226608	0.01630751715	0.01616330645	0.01600964947	0.01584655944
	0.01567404684	0.01549211863	0.01530077726	0.01510001929	0.01488983367
	0.01467019953	0.01444108425	0.01420244346	0.01395422939	0.01369642624
	0.01342916788	0.01315309955	0.01287045151	0.01258818115	0.0123271109
	0.01214844077	0.01223061041	0.01309201858	0.016235483	0.02600525542
	0.05487926452	0.1381368937	0.3717215552	0.9925835829	2.457272869
	5.148511906	8.210694021	9.387358036	7.690303591	4.378837783
	1.731374806	0.5545490999	0.1807471575	0.06688994075	0.03000233242
	0.01789067655	0.01408061637	0.01307251416	0.01300781197	0.01325608598
	0.013603187	0.01397646853	0.01435145192	0.01472003646	0.01507965693
	0.01542958908	0.01576969759	0.01610001791	0.01642062148	0.01673157588
	0.0170329359	0.0173247439	0.01760703228	0.01787982615	0.01814314543
	0.01839700641	0.01864142292	0.01887640715	0.01910197023	0.01931812264
	0.01952487445	0.01972223557	0.01991021579	0.02008882495	0.02025807292
	0.02041796964	0.02056852514	0.02070974954	0.02084165301	0.02096424576
	0.02107753806	0.02118154014	0.02127626223	0.02136171451	0.02143790715
	0.02150485043	0.02156255515	0.02161103397	0.02165030504	0.02168040251
	0.0217014059	0.02171352224	0.02171731587	0.0173187658	0.01731206402
	0.01729362498	0.01726474005	0.01722589266	0.01717727323	0.01711896601
	0.01705101673	0.016973457	0.01688631309	0.01678960895	0.01668336723
	0.01656760959	0.01644235662	0.01630762774	0.01616344104	0.01600981295
	0.01584675797	0.01567428812	0.0154924124	0.01530113587	0.01510045853
	0.0148903738	0.0146708668	0.01444191279	0.01420347778	0.01395552723
	0.01369806061	0.01343122393	0.01315565048	0.0128734611	0.01259115922
	0.01232794897	0.01213953428	0.01218597868	0.01292441548	0.01565295119
	0.02402962405	0.04823187413	0.1159068734	0.2986141598	0.7631595408
	1.812931672	3.69488797	5.871681728	6.788145468	5.597885724
	3.230038288	1.330864709	0.4513732132	0.1534904565	0.05867761476
	0.02742296303	0.01707833971	0.01382759189	0.01299668093	0.01298765558
	0.0132528946	0.01360470608	0.01397891716	0.01435374881	0.0147219415
	0.01508117578	0.01543078612	0.01577064039	0.01610076324	0.01642121389
	0.01673204952	0.0170333168	0.01732505192	0.01760728267	0.01788003068
	0.01814331323	0.01839714463	0.01864153722	0.01887650201	0.01910204925
	0.0193181887	0.01952492992	0.01972228235	0.01991025547	0.02008885884
	0.02025810212	0.02041799508	0.02056854763	0.02070976976	0.02084167158
	0.02096426325	0.02107755497	0.02118155696	0.02127627943	0.02136173255
	0.02143792646	0.02150487143	0.02156257823	0.02161105941	0.02165033301
	0.02168043296	0.02170143849	0.0217135563	0.02171735045	0.01731874908
	0.01731204832	0.01729361214	0.01726473154	0.01722588955	0.01717727633
	0.017118976	0.01705103429	0.01697348294	0.01688634839	0.01678965489
	0.01668342544	0.01656768212	0.01644244606	0.01630773738	0.016163575
	0.01600997645	0.01584695757	0.0156745322	0.01549271164	0.01530150402
	0.01510091336	0.01489093848	0.01467157167	0.01444279776	0.0142045954
	0.01395694604	0.01369986718	0.01343351727	0.01315850773	0.01287680559
	0.01259430932	0.01232813732	0.01212712074	0.01212904626	0.01271924094
	0.01496478403	0.02178210979	0.04098447574	0.09282186138	0.2267428672
	0.5501931413	1.2434056	2.436452524	3.804200136	4.407196502
	3.66694306	2.164728764	0.9401227942	0.3420824101	0.1233343653
	0.04956760847	0.02456164109	0.01617596635	0.01354671577	0.01291304115
	0.01296592476	0.01324989557	0.01360679078	0.01398190519	0.01435647069
	0.01472415917	0.01508291766	0.01543213972	0.01577169193	0.01610158345
	0.01642185741	0.01673255769	0.01703372074	0.01732537505	0.01760754272
	0.01788024116	0.01814348449	0.01839728468	0.01864165227	0.01887659695
	0.01910212794	0.01931825421	0.0195249847	0.0197223284	0.01991029442
	0.02008889203	0.02025813065	0.0204180199	0.02056856952	0.02070978943
	0.02084168963	0.02096428023	0.02107757139	0.0211815733	0.02127629616
	0.02136175012	0.02143794534	0.02150489205	0.02156260102	0.02161108473
	0.02165036108	0.0216804638	0.02170147178	0.02171359132	0.0217173861
	0.01731872979	0.01731203021	0.01729359728	0.01726472145	0.01722588522
	0.01717727842	0.01711898504	0.01705105086	0.01697350775	0.01688638237
	0.01678969927	0.01668348183	0.01656775257	0.0164425332	0.01630784454
	0.01616370642	0.0160101375	0.01584715514	0.0156747751	0.01549301125
	0.0153018751	0.0151013752	0.01489151644	0.01467229923	0.01444371936
	0.01420576986	0.01395845041	0.01370179877	0.01343598652	0.01316159716
	0.01288041642	0.01259764888	0.01232807673	0.01211302321	0.01206661296
	0.01250031261	0.01425225956	0.01953545051	0.03403394689	0.07173323639
	0.1646555068	0.3770524842	0.8062342262	1.507154388	2.286278266
	2.629831172	2.208794219	1.344659139	0.6204066833	0.2439243779
	0.09442772917	0.04063492678	0.02172556899	0.01527404097	0.01326472274
	0.01282938534	0.01294477891	0.01324759665	0.01360948658	0.01398536679
	0.0143595395	0.01472662345	0.01508483162	0.01543361179	0.01577282403
	0.01610245771	0.01642253659	0.01673308887	0.01703413904	0.01732570672
	0.01760780744	0.01788045378	0.01814365629	0.01839742427	0.01864176629
	0.01887669056	0.01910220516	0.01931831824	0.01952503806	0.01972237312
	0.01991033215	0.02008892409	0.02025815817	0.02041804379	0.02056859057
	0.02070980831	0.02084170695	0.02096429651	0.02107758714	0.02118158899
	0.02127631224	0.02136176707	0.02143796361	0.02150491214	0.0215626234
	0.02161110983	0.02165038925	0.02168049515	0.02170150604	0.02171362771
	0.02171742328	0.01731870705	0.01731200891	0.01729357985	0.01726470942
	0.01722587941	0.01717727929	0.01711899293	0.01705106618	0.01697353108
	0.01688641458	0.01678974151	0.01668353564	0.01656781997	0.01644261679
	0.01630794764	0.01616383327	0.01601029356	0.01584734739	0.0156750126
	0.01549330574	0.01530224195	0.01510183463	0.01489209519	0.01467303289
	0.01444465533	0.01420697123	0.01396000005	0.01370380152	0.01343856128
	0.01316483295	0.01288421076	0.01260117832	0.01232813801	0.01209894358
	0.01200482251	0.01228805278	0.01358033804	0.0174883551	0.02795673052
	0.05417012685	0.115770076	0.2489017692	0.5020166572	0.8919351763
	1.306171966	1.482336644	1.256045925	0.7918801809	0.3894700253
	0.1659749762	0.06972208967	0.032710228	0.01915591146	0.01444478291
	0.01300330512	0.01275207845	0.01292594757	0.01324635812	0.01361277725
	0.01398920413	0.0143628577	0.01472925542	0.0150868579	0.01543515809
	0.01577400418	0.01610336211	0.01642323381	0.01673363001	0.01703456202
	0.01732603968	0.01760807138	0.0178806644	0.01814382545	0.01839756096
	0.01864187738	0.01887678135	0.01910227977	0.01931837987	0.01952508926
	0.01972241591	0.01991036815	0.02008895464	0.02025818433	0.02041806647
	0.02056861053	0.0207098262	0.02084172334	0.02096431192	0.02107760205
	0.02118160385	0.02127632752	0.02136178321	0.02143798112	0.02150493152
	0.02156264519	0.02161113459	0.02165041746	0.02168052709	0.02170154157
	0.02171366595	0.02171746256	0.01731867977	0.01731198354	0.01729355927
	0.01726469514	0.01722587198	0.01717727882	0.01711899951	0.01705108001
	0.01697355263	0.01688644457	0.01678978102	0.01668358612	0.01656788336
	0.0164426956	0.01630804511	0.01616395356	0.01601044203	0.01584753099
	0.01567524034	0.01549358942	0.01530259708	0.01510228171	0.01489266151
	0.01467375489	0.01444558178	0.01420816723	0.01396155135	0.0137058168
	0.01344116448	0.01316811964	0.01288809008	0.01260486425	0.01232859047
	0.01208620935	0.01194834124	0.0120970235	0.01299110138	0.01575240913
	0.02300865352	0.04053914577	0.0798608639	0.1603141256	0.3043625576
	0.5133887641	0.7241190675	0.808388584	0.6906336767	0.4515124247
	0.2368010332	0.1095856886	0.05047151532	0.02624380559	0.0169970498
	0.01373416219	0.01277685204	0.0126854073	0.01291054691	0.01324634608
	0.01361657672	0.01399328907	0.01436631175	0.01473196641	0.01508893024
	0.01543672992	0.01577519676	0.01610427063	0.01642392999	0.01673416707
	0.01703497928	0.01732636621	0.01760832873	0.01788086865	0.01814398865
	0.01839769221	0.01864198359	0.01887686781	0.01910235056	0.01931843816
	0.01952513755	0.01972245618	0.01991040196	0.02008898326	0.02025820881
	0.02041808766	0.02056862915	0.02070984288	0.02084173861	0.02096432628
	0.02107761594	0.02118161773	0.02127634181	0.02136179838	0.02143799766
	0.02150494999	0.02156266621	0.02161115884	0.02165044562	0.02168055969
	0.02170157867	0.02171370666	0.02171750473	0.01731864654	0.017311953
	0.017293535	0.01726467842	0.01722586286	0.01717727699	0.0171190047
	0.01705109221	0.01697357211	0.01688647195	0.01678981725	0.01668363256
	0.01656794181	0.01644276843	0.01630813539	0.01616406528	0.01601058033
	0.01584770257	0.01567545395	0.01549385654	0.01530293287	0.01510270632
	0.01489320184	0.01467444698	0.01444647404	0.01420932442	0.01396305894
	0.0137077835	0.01344371519	0.01317135501	0.01289194099	0.01260863124
	0.01232956328	0.01207564935	0.01190003848	0.01193537678	0.0125042681
	0.01436376192	0.01920370268	0.03053160215	0.05485298739	0.1020943372
	0.181976152	0.2913536845	0.3957958085	0.4344081877	0.3741610712
	0.2537019897	0.1418682223	0.07152813614	0.03652625301	0.02132049911
	0.0152964121	0.01316126596	0.01259210301	0.01263144254	0.01289903722
	0.01324752519	0.0136207324	0.01399746847	0.01436977682	0.01473466159
	0.01509097859	0.01543827613	0.01577636451	0.0161051561	0.01642460528
	0.01673468549	0.01703538009	0.01732667835	0.01760857358	0.0178810621
	0.01814414256	0.01839781548	0.01864208298	0.01887694844	0.01910241637
	0.01931849221	0.01952518222	0.01972249333	0.0199104331	0.02008900958
	0.02025823128	0.02041810709	0.02056864622	0.02070985815	0.02084175259
	0.02096433942	0.02107762867	0.02118163045	0.02127635495	0.02136181239
	0.02143801304	0.02150496733	0.0215626862	0.02161118233	0.02165047354
	0.02168059294	0.02170161768	0.02171375063	0.02171755083	0.01731860531
	0.01731191596	0.01729350654	0.01726465925	0.01722585221	0.0171772739
	0.01711900851	0.01705110266	0.01697358931	0.01688649637	0.01678984971
	0.01668367428	0.01656799444	0.01644283414	0.01630821702	0.01616416652
	0.01601070598	0.0158478589	0.01567564917	0.01549410147	0.01530324185
	0.01510309847	0.01489370275	0.01467509105	0.01444730755	0.01421040941
	0.01396447748	0.01370964029	0.01344613163	0.01317443375	0.01289563881
	0.01261236314	0.01233104124	0.01206759183	0.01186109011	0.01180570377
	0.01212199553	0.01330614267	0.01641281913	0.0235072176	0.03815179329
	0.06526308737	0.1087322014	0.1650918288	0.2161249567	0.2333618131
	0.202780622	0.1427155307	0.08524377707	0.04712227545	0.02698236336
	0.01777972689	0.0140286312	0.01272361905	0.01244936751	0.01259032948
	0.01289130048	0.01324968552	0.01362503836	0.01400157244	0.01437312248
	0.01473724408	0.01509293206	0.0154397451	0.01577746995	0.01610599126
	0.0164252398	0.01673517073	0.01703575377	0.01732696821	0.01760880008
	0.01788124038	0.01814428389	0.0183979283	0.01864217364	0.01887702178
	0.01910247608	0.01931854113	0.01952522256	0.01972252683	0.01991046113
	0.02008903324	0.02025825146	0.02041812452	0.02056866152	0.02070987183
	0.02084176511	0.02096435119	0.02107764008	0.02118164187	0.02127636677
	0.02136182505	0.02143802704	0.02150498327	0.02156270487	0.02161120471
	0.0216505009	0.02168062668	0.02170165889	0.02171379889	0.02171760243
	0.01731855284	0.01731187074	0.01729347367	0.01726463796	0.0172258404
	0.01717726981	0.01711901106	0.01705111132	0.01697360405	0.01688651752
	0.01678987796	0.01668371068	0.01656804044	0.01644289167	0.01630828863
	0.01616425551	0.01601081668	0.01584799695	0.01567582199	0.0154943189
	0.01530351693	0.01510344866	0.01489415144	0.01467566978	0.01444805878
	0.01421139019	0.01396576338	0.01371132802	0.01344833445	0.01317725183
	0.01289905357	0.01261591272	0.01233288846	0.01206195143	0.01183134792
	0.01170659292	0.01183514407	0.01253455843	0.01444715126	0.01875908209
	0.02737180483	0.04264448476	0.06597361626	0.09474009936	0.1195097327
	0.1270823699	0.1116039498	0.08175130582	0.05242520128	0.03205743727
	0.02073739163	0.01535136089	0.01312791657	0.01240518165	0.01234456924
	0.01256082974	0.01288679339	0.01325249186	0.01362925517	0.01400542452
	0.01437621902	0.01473961916	0.0150947218	0.01544108693	0.01577847686
	0.01610674981	0.01642581441	0.0167356088	0.01703609008	0.01732722827
	0.01760900265	0.01788139934	0.01814440953	0.01839802832	0.01864225382
	0.01887708648	0.01910252864	0.01931858411	0.01952525795	0.01972255617
	0.01991048565	0.02008905392	0.02025826908	0.02041813973	0.02056867485
	0.02070988375	0.02084177602	0.02096436145	0.02107765002	0.02118165184
	0.02127637713	0.02136183619	0.02143803943	0.02150499754	0.02156272184
	0.02161122554	0.02165052719	0.02168066054	0.02170170249	0.02171385278
	0.02171766193	0.01731848348	0.01731181535	0.01729343669	0.0172646154
	0.01722582814	0.01717726518	0.01711901256	0.01705111824	0.01697361622
	0.01688653515	0.01678990162	0.01668374123	0.01656807911	0.01644294011
	0.016308349	0.01616433066	0.01601091032	0.01584811395	0.01567596879
	0.01549450399	0.01530375167	0.0151037482	0.0148945362	0.01467616725
	0.01444870611	0.01421223728	0.01396687645	0.01371279209	0.01345024994
	0.0131797112	0.01290205761	0.01261911705	0.01233488947	0.01205836389
	0.01180981594	0.01163431919	0.01162907103	0.01199405058	0.01311367786
	0.0156568791	0.02061851027	0.02909798289	0.04150171206	0.05611574078
	0.06812356427	0.07141955327	0.06358232473	0.04873034341	0.03380977919
	0.02303804507	0.01680185748	0.01375406885	0.01251567347	0.01218398017
	0.01227137112	0.01254092482	0.01288472637	0.01325554207	0.01363313238
	0.01400885256	0.01437894369	0.01474169837	0.01509628389	0.01544225537
	0.01577935177	0.01610740748	0.01642631146	0.01673598685	0.01703637959
	0.01732745158	0.01760917618	0.01788153518	0.01814451665	0.01839811341
	0.01864232189	0.01887714131	0.01910257311	0.01931862042	0.0195252878
	0.0197225809	0.0199105063	0.02008907131	0.0202582839	0.02041815251
	0.02056868606	0.02070989377	0.02084178518	0.02096437007	0.02107765838
	0.02118166024	0.02127638587	0.02136184562	0.02143805001	0.02150500985
	0.02156273671	0.02161124424	0.02165055168	0.02168069375	0.02170174828
	0.02171391396	0.02171773336	0.01731838629	0.01731174796	0.01729339723
	0.01726459327	0.01722581656	0.01717726063	0.01711901331	0.01705112351
	0.01697362576	0.01688654909	0.01678992037	0.01668376549	0.01656810985
	0.01644297866	0.01630839711	0.01616439061	0.01601098512	0.01584820756
	0.01567608642	0.01549465257	0.01530394043	0.01510398954	0.01489484679
	0.0146765696	0.01444923062	0.01421292487	0.0139677815	0.01371398457
	0.01345181322	0.01318172459	0.01290453396	0.01262181558	0.01233679756
	0.01205633296	0.01179511737	0.01158431468	0.01148806507	0.01163206548
	0.01224540098	0.01370285623	0.01651967607	0.02119504787	0.02778066671
	0.03522871148	0.04108966738	0.04252369066	0.0385318762	0.03108921504
	0.02347138654	0.01779622639	0.01441211844	0.01274712113	0.01211833871
	0.01203774016	0.01222290361	0.01252834486	0.01288422952	0.01325842305
	0.01363643032	0.01401169899	0.01438118668	0.01474340339	0.01509756198
	0.01544320974	0.01578006526	0.01610794293	0.01642671546	0.01673629358
	0.01703661407	0.01732763211	0.0176093162	0.0178816446	0.01814460279
	0.01839818172	0.01864237645	0.01887718521	0.01910260867	0.01931864944
	0.01952531164	0.01972260063	0.01991052276	0.02008908518	0.02025829571
	0.02041816271	0.02056869499	0.02070990176	0.02084179249	0.02096437694
	0.02107766506	0.02118166695	0.02127639286	0.0213618532	0.02143805855
	0.02150501988	0.02156274903	0.02161126014	0.02165057334	0.021680725
	0.02170179532	0.02171398423	0.02171782397	0.01731823778	0.01731166902
	0.01729335956	0.01726457446	0.0172258072	0.01717725695	0.0171190137
	0.01705112728	0.01697363268	0.01688655923	0.01678993402	0.01668378314
	0.01656813222	0.01644300671	0.01630843213	0.01616443428	0.01601103965
	0.01584827586	0.01567617234	0.01549476124	0.01530407867	0.01510416652
	0.01489507486	0.01467686546	0.01444961684	0.01421343186	0.0139684497
	0.01371486623	0.01345297103	0.01318321997	0.01290638457	0.01262386845
	0.0123383826	0.01205536668	0.01178589071	0.01155228961	0.0113983127
	0.01140539122	0.01171381804	0.01253861665	0.01415125406	0.01677587562
	0.02035654393	0.02426043841	0.02721258041	0.02785290729	0.02576240936
	0.0219204306	0.01792740303	0.01488029418	0.01303422327	0.0121481535
	0.0118761577	0.01194723252	0.01219292528	0.01252095669	0.01288448291
	0.01326075698	0.01363893865	0.01401382979	0.01438285624	0.01474466932
	0.01509850957	0.01544391654	0.01578059311	0.01610833864	0.01642701367
	0.01673651972	0.01703678672	0.01732776488	0.01760941906	0.01788172488
	0.01814466592	0.01839823174	0.01864241638	0.01887721731	0.01910263466
	0.01931867063	0.01952532905	0.01972261505	0.0199105348	0.02008909533
	0.02025830436	0.02041817017	0.02056870155	0.02070990762	0.02084179786
	0.020964382	0.02107766997	0.02118167188	0.02127639802	0.02136185879
	0.02143806488	0.02150502737	0.02156275836	0.02161127247	0.0216505909
	0.02168075218	0.02170184106	0.02171406442	0.0217179481	0.01731798326
	0.01731158877	0.01729333291	0.0172645632	0.01722580188	0.01717725495
	0.01711901411	0.01705112972	0.01697363702	0.01688656553	0.01678994244
	0.01668379399	0.01656814593	0.01644302387	0.01630845351	0.01616446092
	0.0160110729	0.01584831751	0.01567622474	0.01549482753	0.01530416304
	0.01510427461	0.01489521426	0.01467704645	0.01444985333	0.0142137426
	0.01396885974	0.01371540805	0.01345368414	0.01318414456	0.0129075378
	0.01262517333	0.01233947383	0.01205509268	0.01178109971	0.01153502395
	0.01134971667	0.01128350267	0.01143169177	0.01193141539	0.01294134251
	0.01456926253	0.01673481145	0.0190227885	0.02069239247	0.02101193858
	0.01978721651	0.01756599267	0.01523164794	0.01342245871	0.01232593832
	0.01183245808	0.01174582772	0.0118977832	0.01217645624	0.01251700244
	0.01288480387	0.01326223446	0.01364049043	0.01401514153	0.01438388278
	0.01474544744	0.01509909189	0.01544435077	0.01578091726	0.01610858152
	0.01642719661	0.01673665836	0.01703689251	0.01732784618	0.01760948201
	0.01788177399	0.01814470454	0.01839826234	0.0186424408	0.01887723695
	0.01910265058	0.01931868363	0.01952533975	0.01972262392	0.01991054223
	0.0200891016	0.02025830972	0.02041817482	0.02056870563	0.02070991129
	0.02084180123	0.02096438517	0.02107767305	0.02118167499	0.02127640125
	0.0213618623	0.02143806885	0.02150503209	0.02156276431	0.02161128054
	0.02165060292	0.0216807724	0.02170188017	0.02171415058	0.02171813635
	0.0173174864	0.01731155242	0.01729333374	0.01726456448	0.01722580232
	0.01717725538	0.01711901492	0.01705113105	0.01697363893	0.01688656806
	0.01678994567	0.01668379801	0.01656815089	0.01644302997	0.01630846101
	0.01616447016	0.01601108434	0.01584833174	0.01567624256	0.01549484999
	0.01530419157	0.01510431109	0.01489526128	0.01467710748	0.01444993311
	0.01421384757	0.01396899864	0.01371559255	0.01345392926	0.0131844679
	0.01290795464	0.01262567957	0.01233999579	0.01205535174	0.011780271
	0.01153092814	0.01133703609	0.01125017321	0.01135242134	0.01175798645
	0.01259252408	0.01393026789	0.01568463307	0.01750370322	0.01879838001
	0.01901371398	0.01802132734	0.01625461042	0.01439902464	0.01295859476
	0.01209317064	0.01172512	0.01169987103	0.01187959011	0.01217001459
	0.0125152113	0.01288469401	0.01326263436	0.01364097124	0.01401556618
	0.01438422185	0.01474570711	0.01509928729	0.0154444969	0.01578102652
	0.01610866346	0.01642725837	0.01673670519	0.01703692827	0.01732787369
	0.01760950334	0.01788179067	0.01814471769	0.01839827279	0.01864244918
	0.01887724373	0.01910265611	0.01931868818	0.01952534353	0.0197226271
	0.01991054491	0.02008910391	0.02025831172	0.02041817658	0.02056870721
	0.02070991272	0.02084180256	0.02096438644	0.02107767429	0.02118167623
	0.02127640254	0.02136186368	0.0214380704	0.02150503392	0.02156276663
	0.02161128382	0.02165060823	0.02168078251	0.02170190359	0.0217142216
	0.0217184594	