3131	
	0.0166853604	0.01667810207	0.01665981747	0.0166312438	0.01659274361
	0.01654447147	0.01648649738	0.01641885935	0.01634158353	0.01625469158
	0.01615820322	0.01605213711	0.0159365111	0.01581134229	0.0156766471
	0.0155324414	0.01537874074	0.0152155607	0.01504291756	0.01486082923
	0.01466931671	0.01446840629	0.01425813269	0.0140385439	0.01380970844
	0.01357172671	0.01332474967	0.01306901145	0.01280489009	0.01253302793
	0.01225458038	0.01197174027	0.01168884107	0.01141462395	0.01116669061
	0.01097963261	0.01091822366	0.01109467734	0.01168102825	0.01289115746
	0.01488840851	0.01758989397	0.02045235182	0.02251314734	0.02290553252
	0.02150335707	0.01900002278	0.01635680628	0.01424248346	0.01287856731
	0.01218372473	0.01196718759	0.01204759632	0.01229418437	0.01262585966
	0.01299696028	0.01338337847	0.0137728956	0.01415944249	0.01454000367
	0.01491304941	0.01527777283	0.01563372622	0.01598064799	0.01631837863
	0.01664681821	0.01696590359	0.01727559532	0.01757586973	0.0178667138
	0.01814812179	0.01842009299	0.01868263014	0.0189357384	0.01917942455
	0.01941369658	0.01963856326	0.01985403395	0.02006011843	0.02025682677
	0.02044416926	0.02062215637	0.02079079866	0.02095010679	0.02110009147
	0.0212407634	0.0213721333	0.02149421183	0.02160700956	0.02171053694
	0.02180480427	0.02188982164	0.02196559891	0.02203214575	0.02208947195
	0.02213758837	0.02217651014	0.02220626592	0.02222692464	0.0222386679
	0.02224195359	0.01668487845	0.01667806128	0.01665981633	0.01663124437
	0.01659274369	0.01654447157	0.01648649779	0.01641886016	0.01634158476
	0.0162546932	0.01615820521	0.01605213946	0.01593651377	0.01581134522
	0.01567665022	0.01553244458	0.01537874375	0.0152155632	0.015042919
	0.01486082879	0.0146693132	0.01446839791	0.01425811686	0.0140385169
	0.01380966501	0.01357165964	0.01332464954	0.01306886716	0.01280469211
	0.0125327791	0.01225432687	0.01197165427	0.01168943095	0.01141724757
	0.01117475498	0.01100125291	0.01097170899	0.01121872324	0.01195066373
	0.01343514951	0.01588981767	0.01923311652	0.02279152813	0.0253305169
	0.02573486155	0.02387412885	0.02068157285	0.01738887467	0.01480336919
	0.01315383891	0.01230746521	0.01201847052	0.01206708076	0.01230075195
	0.01262758927	0.01299706629	0.01338304677	0.01377252175	0.01415913494
	0.01453977588	0.01491288853	0.01527766217	0.01563365154	0.0159805985
	0.01631834656	0.01664679805	0.01696589149	0.01727558861	0.01757586656
	0.01786671291	0.01814812232	0.01842009436	0.01868263197	0.01893574043
	0.01917942663	0.01941369862	0.0196385652	0.01985403576	0.0200601201
	0.02025682831	0.02044417068	0.02062215767	0.02079079987	0.02095010793
	0.02110009254	0.02124076443	0.02137213431	0.02149421283	0.02160701058
	0.021710538	0.02180480541	0.0218898229	0.02196560035	0.02203214749
	0.02208947419	0.02213759158	0.02217651538	0.02220627606	0.02222694853
	0.02223874031	0.02224226973	0.01668463021	0.0166779811	0.01665978837
	0.01663123209	0.01659273751	0.01654446866	0.01648649709	0.01641886115
	0.01634158716	0.01625469688	0.01615821007	0.01605214543	0.01593652076
	0.0158113531	0.01567665875	0.01553245337	0.01537875215	0.01521557018
	0.01504292299	0.01486082741	0.01466930286	0.01446837335	0.01425807041
	0.0140384375	0.01380953693	0.01357146099	0.01332435093	0.01306843212
	0.01280408357	0.01253198449	0.01225343504	0.01197107028	0.01169044439
	0.0114234721	0.0111956202	0.0110600455	0.01112286125	0.01158147893
	0.01276500016	0.01512955993	0.01910105393	0.02464185471	0.03065665856
	0.03494460888	0.0354667691	0.03204945489	0.02647923318	0.02094808593
	0.01674417897	0.01411471447	0.0127464971	0.01220539361	0.01214129223
	0.01232780584	0.01263614134	0.01299889701	0.01338272325	0.01377169628
	0.01415834315	0.01453915126	0.01491243308	0.01527734337	0.01563343428
	0.01598045375	0.01631825243	0.01664673874	0.0169658558	0.01727556873
	0.01757585707	0.01786671008	0.01814812362	0.0184200981	0.01868263702
	0.01893574605	0.01917943237	0.01941370419	0.01963857044	0.01985404061
	0.02006012453	0.02025683232	0.02044417431	0.02062216097	0.02079080287
	0.02095011069	0.02110009512	0.02124076689	0.02137213669	0.0214942152
	0.021607013	0.02171054056	0.02180480819	0.02188982602	0.021965604
	0.02203215193	0.0220894799	0.02213759944	0.02217652725	0.02220629623
	0.02222698764	0.02223882569	0.02224245454	0.01668448413	0.01667790258
	0.01665974975	0.01663121211	0.01659272691	0.01654446355	0.01648649568
	0.01641886257	0.01634159095	0.01625470278	0.01615821795	0.01605215517
	0.01593653225	0.01581136613	0.01567667295	0.01553246812	0.01537876643
	0.01521558236	0.01504293054	0.0148608265	0.01466928775	0.01446833558
	0.0142579976	0.01403831181	0.01380933297	0.01357114333	0.013323872
	0.01306773285	0.0128031044	0.01253070797	0.01225201811	0.01197021942
	0.01169242515	0.01143471935	0.01123322031	0.01116708508	0.01140254999
	0.01226643439	0.01433900073	0.01848968142	0.02563941545	0.03592695787
	0.04737376436	0.05555499473	0.05625809746	0.0492626049	0.03841447262
	0.02808496893	0.02053396543	0.01594585861	0.01356599477	0.01254870646
	0.01227615844	0.01237683933	0.01265184432	0.01300252821	0.01338244558
	0.01377045459	0.01415710014	0.01453815756	0.01491170473	0.01527683261
	0.01563308614	0.01598022204	0.0163181021	0.01664664436	0.01696579936
	0.01727553761	0.01757584255	0.01786670618	0.01814812628	0.01842010458
	0.01868264551	0.0189357554	0.01917944183	0.01941371332	0.019638579
	0.01985404848	0.02006013169	0.02025683879	0.02044418013	0.02062216622
	0.02079080765	0.02095011507	0.02110009919	0.02124077074	0.02137214043
	0.02149421893	0.02160701681	0.02171054459	0.02180481258	0.02188983098
	0.02196560979	0.02203215896	0.02208948883	0.02213761143	0.02217654452
	0.02220632316	0.02222703303	0.02223890483	0.02224257677	0.01668438753
	0.01667783512	0.01665970933	0.01663118867	0.01659271378	0.01654445712
	0.01648649404	0.01641886469	0.01634159628	0.01625471103	0.01615822896
	0.01605216882	0.01593654839	0.01581138451	0.01567669312	0.01553248928
	0.01537878725	0.01521560072	0.01504294313	0.01486082824	0.01466927107
	0.01446828924	0.01425790519	0.01403814959	0.01380906713	0.01357072676
	0.01332324161	0.01306681111	0.01280181622	0.01252904487	0.01225023794
	0.0119694195	0.01169611158	0.01145295358	0.01129319659	0.01133900716
	0.01185951831	0.01341235493	0.01704900536	0.02446584062	0.03767190425
	0.05737021006	0.07991983904	0.09612184499	0.09696502947	0.08228011597
	0.06059540069	0.04086344641	0.02706566062	0.01899061853	0.01488588568
	0.0130869717	0.01248318509	0.01245107286	0.01267558122	0.01300823598
	0.01338234048	0.01376888128	0.01415547045	0.01453684417	0.01491074032
	0.01527615672	0.01563262638	0.01597991703	0.01631790515	0.0166465216
	0.01696572677	0.01727549844	0.01757582519	0.01786670269	0.01814813127
	0.01842011444	0.01868265787	0.01893576871	0.01917945515	0.01941372608
	0.0196385909	0.01985405938	0.02006014156	0.02025684767	0.02044418811
	0.02062217341	0.02079081415	0.02095012102	0.02110010472	0.02124077598
	0.0213721455	0.02149422397	0.02160702198	0.02171055004	0.02180481854
	0.02188983768	0.02196561759	0.02203216836	0.0220895006	0.02213762685
	0.02217656576	0.02220635399	0.02222707954	0.02223897414	0.02224266616
	0.01668431781	0.01667777913	0.01665967122	0.01663116461	0.0165926997
	0.01654445021	0.01648649261	0.01641886776	0.01634160331	0.01625472173
	0.01615824318	0.01605218645	0.0159365693	0.01581140845	0.01567671959
	0.01553251737	0.01537881544	0.01521562653	0.01504296265	0.01486083549
	0.01466925702	0.0144682405	0.01425780211	0.01403796376	0.01380875804
	0.01357023801	0.01332249806	0.01306572197	0.01280029933	0.01252711671
	0.01224829452	0.01196905199	0.01170238219	0.01148055672	0.01138265404
	0.01159777019	0.01256148177	0.01522273857	0.02147928044	0.03462351687
	0.05898553908	0.09686413753	0.1416691345	0.1741249279	0.1747461321
	0.1438256061	0.1003814954	0.06276810605	0.03775513751	0.02376107363
	0.01687508438	0.01387173431	0.01277704507	0.01255445581	0.01270841486
	0.01301636324	0.01338257659	0.01376709293	0.01415354305	0.01453527856
	0.01490958979	0.01527535192	0.01563208086	0.01597955699	0.0163176744
	0.01664637939	0.01696564425	0.01727545547	0.0175758079	0.01786670156
	0.01814813989	0.01842012853	0.01868267462	0.01893578633	0.01917947253
	0.01941374258	0.01963860618	0.0198540733	0.02006015411	0.02025685894
	0.02044419821	0.02062218247	0.02079082235	0.02095012851	0.02110011166
	0.02124078254	0.02137215185	0.02149423028	0.02160702844	0.02171055686
	0.02180482596	0.02188984601	0.02196562722	0.02203217985	0.02208951477
	0.02213764493	0.02217658968	0.02220638665	0.0222271247	0.02223903448
	0.02224273666	0.01668426444	0.0166777329	0.016659637	0.01663114163
	0.01659268581	0.01654444352	0.0164864918	0.01641887202	0.01634161217
	0.01625473495	0.01615826066	0.01605220814	0.0159365951	0.01581143814
	0.01567675269	0.01553255297	0.01537885193	0.01521566123	0.01504299133
	0.01486085158	0.01466925057	0.01446819667	0.01425769907	0.01403776983
	0.01380842804	0.01356970914	0.01332168725	0.01306453108	0.01279864835
	0.01252506355	0.01224640992	0.01196952301	0.01171215303	0.01152005412
	0.01150946569	0.01196912698	0.01359294254	0.01796875106	0.02846410685
	0.05136506815	0.0958247881	0.1682897621	0.2572676643	0.3224393473
	0.3216020719	0.2567826637	0.1702264136	0.09925613369	0.05463790825
	0.0309308577	0.01973640752	0.01495914421	0.01317203544	0.01269034657
	0.01275112905	0.01302716518	0.01338331187	0.01376521875	0.01415142303
	0.01453354204	0.01490831362	0.01527446203	0.01563148084	0.015979164
	0.01631742533	0.0166462285	0.01696555924	0.01727541384	0.01757579415
	0.01786670516	0.01814815372	0.01842014788	0.01868269643	0.01893580866
	0.0191794942	0.01941376293	0.01963862488	0.01985409024	0.02006016933
	0.02025687254	0.02044421036	0.02062219336	0.02079083217	0.02095013746
	0.02110011995	0.02124079036	0.02137215942	0.02149423779	0.02160703612
	0.02171056496	0.02180483474	0.02188985583	0.02196563849	0.02203219316
	0.0220895309	0.02213766501	0.02217661529	0.02220641985	0.0222271676
	0.02223908757	0.02224279534	0.01668422199	0.01667769458	0.01665960702
	0.01663112061	0.01659267288	0.01654443757	0.01648649194	0.01641887765
	0.01634162296	0.01625475075	0.01615828144	0.01605223392	0.01593662588
	0.01581147378	0.01567679279	0.01553259669	0.0153788977	0.01521570641
	0.01504303161	0.01486088022	0.01466925725	0.0144681659	0.01425760798
	0.01403758511	0.01380810213	0.01356917606	0.01332086046	0.01306331143
	0.012796967	0.01252303423	0.01224480696	0.01197120832	0.01172622132
	0.01157365481	0.01168094113	0.01247899378	0.01504648614	0.02197415536
	0.03909042845	0.07811035248	0.1578837507	0.2949040836	0.4702930786
	0.6005625551	0.5949791446	0.4606368424	0.2901383	0.1582930043
	0.08037093599	0.04127638139	0.02367238606	0.01639581091	0.01367703303
	0.0128598539	0.0128037067	0.01304064672	0.01338464094	0.01376338138
	0.01414922312	0.01453172502	0.01490697976	0.01527353644	0.01563086154
	0.01597876288	0.01631717529	0.01664608101	0.01696548007	0.01727537924
	0.01757578784	0.01786671608	0.01814817449	0.01842017362	0.01868272401
	0.01893583613	0.01917952041	0.01941378725	0.01963864704	0.0198541102
	0.02006018717	0.02025688842	0.0204442245	0.020622206	0.02079084354
	0.02095014781	0.02110012952	0.02124079939	0.02137216813	0.02149424643
	0.02160704494	0.02171057422	0.02180484477	0.02188986697	0.0219656512
	0.02203220799	0.0220895486	0.02213768654	0.02217664187	0.02220645285
	0.02222720807	0.02223913504	0.02224284614	0.01668418735	0.01667766257
	0.01665958108	0.01663110192	0.01659266136	0.01654443272	0.01648649326
	0.01641888478	0.01634163573	0.01625476913	0.01615830551	0.01605226381
	0.01593666169	0.01581151551	0.01567684019	0.01553264909	0.01537895374
	0.01521576366	0.01504308599	0.01486092523	0.01466928281	0.01446815674
	0.01425754138	0.01403742789	0.01380780678	0.01356867678	0.01332007189
	0.01306213957	0.01279536208	0.01252117523	0.01224368419	0.01197438594
	0.01174506126	0.0116426013	0.01190174495	0.01314695294	0.01700364061
	0.02756493978	0.05459473644	0.119222975	0.2589211577	0.5128071988
	0.8525965922	1.109169724	1.091588151	0.8193754106	0.4900344896
	0.2504396749	0.1179721009	0.05552014616	0.02882262058	0.01819779131
	0.01428909332	0.01305999528	0.01286481535	0.01305641777	0.01338655103
	0.01376168065	0.01414705569	0.01452992221	0.01490566038	0.01527262777
	0.01563026048	0.01597838006	0.01631694273	0.01664594969	0.01696541554
	0.0172753577	0.01757579304	0.01786673706	0.01814820398	0.01842020689
	0.01868275806	0.01893586915	0.01917955137	0.01941381564	0.01963867268
	0.01985413313	0.02006020755	0.0202569065	0.02044424055	0.02062222029
	0.02079085638	0.02095015947	0.02110014028	0.02124080952	0.02137217789
	0.0214942561	0.02160705479	0.02171058455	0.0218048559	0.02188987928
	0.02196566514	0.02203222409	0.02208956751	0.02213770906	0.02217666891
	0.02220648527	0.02222724627	0.0222391782	0.02224289144	0.01668415854
	0.01667763562	0.01665955874	0.01663108559	0.01659265144	0.01654442916
	0.01648649589	0.01641889348	0.01634165049	0.01625479006	0.01615833282
	0.01605229776	0.01593670254	0.01581156342	0.01567689515	0.01553271068
	0.01537902096	0.01521583447	0.01504315686	0.01486099032	0.0146693329
	0.01446817766	0.01425751182	0.0140373165	0.01380756856	0.01356824954
	0.01331937598	0.01306109171	0.01279393714	0.01251961932	0.01224319032
	0.01197916531	0.01176859729	0.01172639146	0.0121711673	0.01397672774
	0.01950248668	0.03496477714	0.07605700361	0.1792686724	0.415573376
	0.87069138	1.507794477	1.997571824	1.955392217	1.425781757
	0.8096740877	0.3876171238	0.1700592688	0.07403373542	0.03517041524
	0.02032462073	0.01498677349	0.01328207542	0.01293142838	0.01307360383
	0.01338889716	0.01376018315	0.01414502641	0.01452822798	0.01490442853
	0.01527178944	0.01562971571	0.01597804226	0.01631674627	0.01664584741
	0.01696537449	0.01727535522	0.01757581377	0.01786677076	0.01814824393
	0.01842024879	0.01868279927	0.01893590811	0.01917958728	0.01941384816
	0.01963870179	0.01985415899	0.02006023041	0.02025692668	0.02044425839
	0.02062223615	0.02079087058	0.02095017234	0.02110015213	0.02124082066
	0.02137218861	0.0214942667	0.02160706557	0.02171059582	0.02180486801
	0.0218898926	0.02196568011	0.0220322412	0.02208958735	0.02213773226
	0.02217669612	0.02220651699	0.02222728252	0.02223921807	0.02224293277
	0.01668413422	0.01667761269	0.01665953952	0.01663107149	0.01659264315
	0.01654442696	0.01648649988	0.01641890375	0.0163416672	0.01625481348
	0.01615836328	0.01605233567	0.01593674834	0.01581161752	0.01567695779
	0.01553278184	0.01537910008	0.01521592015	0.01504324638	0.01486107893
	0.0146694128	0.01446823661	0.01425753114	0.0140372684	0.01380741291
	0.01356793097	0.01331882469	0.01306023974	0.0127927866	0.01251847533
	0.01224340282	0.01198542828	0.01179600519	0.01182203612	0.01248024394
	0.01494492384	0.02249403303	0.04413008342	0.1038063854	0.2610552001
	0.6417883662	1.417040377	2.54795875	3.432196705	3.351395109
	2.38768013	1.291240607	0.5792801885	0.2373900886	0.09640579392
	0.04243479534	0.02265543115	0.01572545615	0.01351092714	0.01299874972
	0.01309085378	0.01339140648	0.01375892025	0.01414323006	0.01452673237
	0.01490335483	0.0152710732	0.01562926407	0.01597777529	0.01631660379
	0.01664578647	0.01696536529	0.01727537746	0.01757585382	0.01786681966
	0.01814829592	0.0184203003	0.01868284818	0.0189359533	0.01917962825
	0.01941388482	0.01963873431	0.01985418766	0.02006025562	0.02025694883
	0.0204442779	0.02062225343	0.02079088601	0.02095018631	0.02110016497
	0.0212408327	0.02137220018	0.02149427811	0.02160707715	0.02171060791
	0.02180488095	0.02188990678	0.02196569592	0.02203225913	0.02208960787
	0.0221377559	0.02217672331	0.02220654799	0.02222731714	0.02223925543
	0.02224297119	0.01668411333	0.01667759294	0.01665952288	0.01663105936
	0.01659263639	0.01654442607	0.01648650518	0.01641891553	0.01634168577
	0.01625483924	0.01615839672	0.01605237738	0.01593679896	0.0158116777
	0.01567702814	0.01553286277	0.01537919162	0.01521602171	0.0150433563
	0.01486119392	0.01466952706	0.01446834059	0.01425760988	0.01403729923
	0.01380736277	0.0135677542	0.01331846493	0.01305964763	0.01279199058
	0.01251782089	0.01224431587	0.01199280125	0.01182561338	0.01192362235
	0.01280972252	0.01599159331	0.02579914278	0.05455761911	0.1365904252
	0.3622622251	0.9366796523	2.164379165	4.01518136	5.479568269
	5.359725204	3.771870733	1.957896008	0.8251327148	0.3168412186
	0.1209982696	0.04999311548	0.02497987882	0.01643780926	0.01372572519
	0.01306059197	0.01310647402	0.01339371728	0.01375789538	0.01414174886
	0.01452551766	0.01490250439	0.01527052679	0.01562893938	0.01597760275
	0.01631653158	0.01664577802	0.01696539549	0.01727542944	0.01757591648
	0.01786688588	0.01814836128	0.01842036219	0.01868290523	0.01893600491
	0.01917967432	0.01941392557	0.01963877012	0.01985421901	0.02006028302
	0.0202569728	0.02044429894	0.020622272	0.02079090256	0.02095020123
	0.02110017866	0.02124084552	0.02137221249	0.02149429023	0.02160708943
	0.02171062068	0.02180489458	0.02188992164	0.02196571243	0.02203227768
	0.02208962891	0.02213777981	0.0221767504	0.02220657834	0.02222735046
	0.02223929091	0.02224300746	0.01668409506	0.01667757564	0.01665950831
	0.01663104888	0.01659263098	0.01654442638	0.0164865117	0.0164189287
	0.01634170605	0.01625486716	0.01615843294	0.01605242265	0.01593685414
	0.01581174375	0.01567710603	0.01553295343	0.01537929579	0.01521613974
	0.01504348784	0.01486133743	0.01466967921	0.01446849522	0.01425775669
	0.01403742203	0.0138074374	0.01356774721	0.01331833622	0.01305936833
	0.01279161128	0.01251769934	0.01224584272	0.01200067713	0.01185497976
	0.01202249935	0.01313021695	0.01701830591	0.02908982567	0.06516145935
	0.170876631	0.4718960436	1.269113525	3.037666687	5.762861424
	7.926269309	7.797001181	5.497262931	2.776262409	1.105764267
	0.3997016431	0.144775312	0.05690376138	0.02701830981	0.01704202823
	0.01390278751	0.01311025269	0.01311868641	0.01339544863	0.01375709909
	0.01414065294	0.0145246557	0.01490193404	0.01527019161	0.01562877086
	0.01597754485	0.01631654347	0.01664583139	0.01696547132	0.01727551526
	0.01757600439	0.01786697105	0.01814844094	0.01842043497	0.01868297062
	0.01893606297	0.01917972542	0.01941397027	0.01963880906	0.01985425286
	0.02006031244	0.02025699841	0.02044432133	0.02062229169	0.02079092006
	0.02095021698	0.02110019309	0.021240859	0.0213722254	0.02149430293
	0.02160710226	0.02171063401	0.02180490877	0.02188993706	0.02196572946
	0.02203229671	0.02208965031	0.02213780389	0.02217677736	0.02220660815
	0.02222738278	0.02223932499	0.02224304218	0.01668407869	0.01667756014
	0.0166594953	0.01663103971	0.01659262667	0.0165444277	0.01648651927
	0.01641894308	0.01634172783	0.01625489701	0.01615847164	0.01605247114
	0.01593691353	0.01581181529	0.01567719111	0.01553305355	0.01537941246
	0.01521627437	0.01504364153	0.01486151072	0.01466987154	0.01446870436
	0.0142579778	0.01403764644	0.01380765139	0.01356793139	0.01331846876
	0.0130594414	0.01279169092	0.01251812168	0.01224783441	0.01200829605
	0.01188118911	0.0121083104	0.01340567057	0.01789934916	0.03192311535
	0.07436046992	0.2009796868	0.5698013821	1.572428227	3.85195667
	7.410537535	10.22771848	10.13797266	7.244600373	3.617985931
	1.376408492	0.4718681531	0.1637459267	0.06208394239	0.02847731976
	0.01745784241	0.0140200534	0.01314174913	0.01312596209	0.01339628611
	0.01375652768	0.01414000175	0.01452420564	0.01490168985	0.01527010088
	0.01562878164	0.01597761743	0.01631665013	0.01664595367	0.01696559739
	0.01727563785	0.01757611932	0.01786707616	0.01814853543	0.01842051883
	0.01868304435	0.01893612733	0.01917978132	0.01941401866	0.01963885086
	0.01985428895	0.02006034363	0.02025702545	0.02044434486	0.02062231234
	0.02079093834	0.02095023341	0.02110020809	0.02124087301	0.02137223879
	0.02149431608	0.02160711553	0.02171064777	0.02180492337	0.02188995288
	0.02196574687	0.02203231608	0.02208967195	0.02213782806	0.02217680418
	0.02220663754	0.02222741437	0.02223935808	0.02224307581	0.01668406358
	0.01667754585	0.01665948337	0.01663103147	0.01659262317	0.0165444298
	0.01648652767	0.01641895845	0.01634175085	0.01625492847	0.01615851247
	0.01605252246	0.01593697666	0.0158118918	0.01567728283	0.01553316256
	0.01537954109	0.01521642517	0.0150438172	0.01486171396	0.01467010489
	0.01446896988	0.0142582766	0.01403797818	0.01380801376	0.01356832037
	0.01331888192	0.01305989143	0.01279225146	0.01251907275	0.01225011243
	0.01201487691	0.01190134713	0.01217082162	0.01360015888	0.01850736793
	0.03383925212	0.08045945426	0.2205454165	0.6322924319	1.764030819
	4.369926752	8.48046691	11.74429481	11.73088067	8.52221754
	4.261752705	1.571793476	0.5172090395	0.1741066082	0.06461793004
	0.02912750466	0.01762600305	0.01406202314	0.0131510828	0.01312734399
	0.01339606074	0.01375619974	0.01413984532	0.01452421206	0.01490180508
	0.0152702779	0.01562898757	0.01597783105	0.01631685845	0.01664614924
	0.01696577637	0.01727579874	0.01757626204	0.01786720154	0.01814864473
	0.01842061358	0.01868312612	0.01893619767	0.0191798417	0.01941407042
	0.01963889523	0.019854327	0.02006037634	0.02025705366	0.02044436933
	0.02062233373	0.02079095724	0.02095025034	0.02110022353	0.02124088739
	0.02137225251	0.02149432954	0.0216071291	0.02171066182	0.02180493826
	0.02188996898	0.02196576454	0.02203233567	0.02208969375	0.02213785229
	0.02217683091	0.02220666665	0.02222744549	0.02223939055	0.02224310876
	0.01668404913	0.0166775322	0.01665947203	0.01663102375	0.01659262018
	0.01654443242	0.01648653667	0.01641897455	0.01634177483	0.01625496121
	0.01615855502	0.0160525761	0.01593704294	0.01581197261	0.01567738041
	0.01553327959	0.01537968074	0.01521659114	0.01504401382	0.01486194621
	0.01467037851	0.01446929138	0.01425865336	0.01403841856	0.0138085274
	0.01356891922	0.01331958327	0.01306072722	0.01279329553	0.01252052018
	0.01225250821	0.01201977121	0.01191316142	0.01220212141	0.01368636044
	0.01874682381	0.03449781406	0.08221974381	0.2249920391	0.6424766375
	1.785129954	4.420613875	8.631105397	12.05112672	12.13001426
	8.907522615	4.479621484	1.628877113	0.5235917904	0.173643048
	0.06406276662	0.02887097546	0.01752376101	0.01402342839	0.01313712724
	0.01312266072	0.01339479778	0.01375616483	0.01414022398	0.01452470319
	0.01490229849	0.01527073485	0.01562939635	0.01597819041	0.01631717114
	0.01664641949	0.01696600882	0.01727599794	0.01757643228	0.01786734669
	0.01814876829	0.01842071863	0.01868321536	0.01893627345	0.01917990605
	0.0194141251	0.01963894174	0.01985436665	0.02006041024	0.02025708277
	0.02044439449	0.02062235565	0.02079097656	0.02095026761	0.02110023925
	0.021240902	0.02137226644	0.02149434318	0.02160714284	0.02171067602
	0.0218049533	0.02188998523	0.02196578235	0.02203235536	0.02208971562
	0.02213787654	0.0221768576	0.02220669563	0.02222747637	0.02223942271
	0.02224314138	0.01668403476	0.01667751863	0.01665946078	0.01663101616
	0.01659261735	0.01654443526	0.01648654599	0.01641899111	0.01634179944
	0.01625499483	0.0161585988	0.01605263147	0.01593711168	0.01581205686
	0.01567748285	0.01553340346	0.01537983001	0.01521677068	0.01504422953
	0.01486220535	0.01467068998	0.01446966616	0.01425910509	0.01403896431
	0.01380918878	0.01356972405	0.01332056816	0.01306194171	0.01279480813
	0.01252242319	0.01225489886	0.01202259723	0.01191543947	0.01219848637
	0.01365269069	0.01858199025	0.03379085812	0.07932977453	0.2135053668
	0.5986206833	1.632836521	3.994159509	7.81595358	11.06005873
	11.23095199	8.267234676	4.176322907	1.522388161	0.4887734841
	0.1626032234	0.06058516487	0.02776593852	0.01716980037	0.01391027164
	0.01310184313	0.01311256566	0.01339272021	0.01375650124	0.0141411659
	0.01452568908	0.01490317321	0.01527147196	0.01563000698	0.01597869394
	0.01631758643	0.01664676263	0.01696629302	0.01727623388	0.01757662858
	0.01786751035	0.01814890499	0.018420833	0.01868331121	0.01893635392
	0.01917997373	0.01941418213	0.01963898993	0.01985440749	0.02006044498
	0.02025711249	0.02044442007	0.02062237787	0.02079099609	0.02095028502
	0.02110025507	0.02124091669	0.02137228043	0.02149435686	0.0216071566
	0.02171069024	0.02180496835	0.02189000148	0.02196580015	0.02203237506
	0.0220897375	0.02213790079	0.02217688428	0.02220672461	0.02222750726
	0.02223945488	0.02224317399	0.01668401989	0.01667750459	0.01665944915
	0.01663100829	0.01659261435	0.01654443805	0.01648655534	0.0164190078
	0.01634182432	0.01625502889	0.01615864329	0.01605268794	0.01593718205
	0.01581214357	0.01567758893	0.01553353269	0.01537998712	0.01521696157
	0.01504446164	0.01486248807	0.01467103522	0.01447008918	0.0142596255
	0.01403960752	0.01380998786	0.01357072196	0.01332181973	0.0130635124
	0.01279675841	0.01252473896	0.01225722884	0.01202331402	0.0119083405
	0.01216123892	0.01350621755	0.01804675688	0.03187482852	0.07250067747
	0.1892696995	0.5144119056	1.359592493	3.243885112	6.30771794
	9.040813704	9.272068731	6.813217101	3.459877242	1.285375923
	0.4220079179	0.1435026067	0.05486357082	0.02599967669	0.01661731413
	0.01373800828	0.01304977975	0.01309839441	0.0133902063	0.01375730272
	0.01414268276	0.01452716008	0.01490441603	0.01527247725	0.01563080958
	0.01597933376	0.01631809806	0.0166471737	0.01696662499	0.01727650335
	0.01757684837	0.01786769041	0.01814905309	0.01842095528	0.01868341251
	0.01893643812	0.01918004394	0.01941424087	0.01963903924	0.01985444905
	0.02006048018	0.02025714247	0.0204444458	0.02062240015	0.02079101562
	0.0209503024	0.02110027082	0.02124093129	0.02137229431	0.02149437044
	0.02160717025	0.02171070434	0.02180498328	0.0218900176	0.02196581785
	0.02203239466	0.02208975931	0.02213792503	0.02217691102	0.02220675373
	0.02222753838	0.02223948735	0.02224320694	0.0166840039	0.0166774895
	0.01665943662	0.01663099973	0.01659261085	0.01654444047	0.01648656444
	0.01641902431	0.01634184909	0.01625506294	0.01615868791	0.01605274476
	0.01593725317	0.01581223162	0.01567769726	0.01553366553	0.01538014986
	0.01521716107	0.01504470667	0.01486278994	0.01467140859	0.01447055315
	0.01426020514	0.01404033585	0.0138109084	0.01357189145	0.01332330951
	0.01306540214	0.01279910096	0.01252742463	0.01225951175	0.01202221335
	0.01189329983	0.01209629477	0.01327024355	0.0172322066	0.0291075132
	0.06314769978	0.1578786599	0.4114159784	1.04214515	2.395884095
	4.570644243	6.5781351	6.804307817	5.002368751	2.571891651
	0.9900703333	0.3394496636	0.1200418319	0.04783973232	0.02382980893
	0.01593945923	0.01352779118	0.01298707338	0.01308189145	0.0133877142
	0.01375865789	0.0141447644	0.01452908575	0.01490599743	0.01527372671
	0.01563178563	0.01598009584	0.0163186954	0.01664764461	0.01696699859
	0.01727680163	0.01757708797	0.017867884	0.01814921036	0.01842108368
	0.01868351785	0.01893652492	0.01918011577	0.01941430056	0.01963908906
	0.01985449083	0.02006051541	0.02025717236	0.02044447136	0.02062242223
	0.02079103493	0.02095031955	0.02110028634	0.02124094566	0.02137230796
	0.02149438377	0.02160718365	0.02171071819	0.02180499795	0.02189003348
	0.0219658353	0.02203241406	0.02208978097	0.02213794921	0.02217693786
	0.02220678313	0.02222756998	0.02223952045	0.02224324058	0.01668398614
	0.01667747273	0.01665942269	0.01663099007	0.01659260651	0.01654444225
	0.016486573	0.01641904034	0.01634187337	0.0162550965	0.01615873205
	0.01605280118	0.01593732404	0.01581231976	0.01567780625	0.01553379998
	0.01538031569	0.0152173659	0.01504496043	0.01486310554	0.01467180299
	0.01447104876	0.01426083169	0.0140411329	0.01381192844	0.01357320311
	0.01332499838	0.01306756043	0.01280177673	0.01253043501	0.01226181245
	0.01201983473	0.01187266247	0.01201261839	0.01297778792	0.01625883676
	0.02592825353	0.05286964886	0.1250847715	0.3096689267	0.7455417104
	1.635427982	3.021373286	4.309554185	4.475231485	3.311166429
	1.743907066	0.7061979807	0.2568602756	0.09586670097	0.04046277382
	0.02152248147	0.01521328651	0.0133021568	0.01292027061	0.01306488731
	0.0133856943	0.0137606276	0.01414737396	0.01453141449	0.01490787229
	0.01527518508	0.01563290863	0.01598096044	0.01631936383	0.01664816447
	0.01696740563	0.01727712254	0.01757734272	0.01786808756	0.01814937404
	0.01842121608	0.01868362555	0.01893661299	0.01918018816	0.01941436036
	0.01963913872	0.01985453229	0.02006055022	0.0202572018	0.02044449647
	0.02062244386	0.02079105379	0.02095033627	0.02110030145	0.02124095963
	0.02137232122	0.02149439671	0.02160719666	0.02171073164	0.02180501222
	0.02189004896	0.02196585237	0.02203243312	0.02208980239	0.02213797331
	0.02217696482	0.02220681294	0.02222760231	0.02223955454	0.02224327531
	0.01668396587	0.01667745363	0.01665940681	0.01663097892	0.01659260106
	0.01654444315	0.01648658078	0.01641905557	0.01634189679	0.01625512907
	0.01615877507	0.01605285637	0.01593739364	0.01581240666	0.0156779142
	0.01553393385	0.01538048177	0.01521757241	0.01504521811	0.01486342856
	0.01467221011	0.01447156495	0.01426149035	0.01404197876	0.01381302113
	0.01357462071	0.01332683794	0.01306992486	0.01280471356	0.01253371723
	0.01226421625	0.01201683325	0.01184915819	0.0119201828	0.01266369234
	0.01524603016	0.02274034691	0.04300239693	0.09516097902	0.2220265103
	0.5050556866	1.050386418	1.86134316	2.60024996	2.695053477
	2.017896644	1.101018135	0.474163228	0.1848514791	0.07375207195
	0.03350904424	0.01930490249	0.01450649711	0.01308128843	0.01285527549
	0.01304900508	0.01338451003	0.01376322566	0.01415044477	0.01453407449
	0.01490998137	0.01527680719	0.01563414503	0.01598190291	0.01632008519
	0.01664871991	0.01696783622	0.01727745873	0.01757760709	0.01786829692
	0.01814954097	0.01842135005	0.01868373374	0.01893670089	0.01918025998
	0.01941441939	0.01963918749	0.01985457284	0.02006058415	0.0202572304
	0.02044452079	0.02062246476	0.02079107199	0.02095035237	0.02110031598
	0.02124097305	0.02137233394	0.02149440913	0.02160720915	0.02171074456
	0.02180502596	0.0218900639	0.02196586892	0.02203245171	0.02208982346
	0.02213799724	0.02217699192	0.02220684331	0.02222763564	0.02223959003
	0.02224331159	0.01668394222	0.01667743143	0.01665938845	0.01663096591
	0.01659259425	0.01654444296	0.01648658756	0.01641906974	0.01634191898
	0.01625516017	0.01615881634	0.0160529095	0.01593746087	0.01581249092
	0.01567801931	0.01553406479	0.01538064506	0.0152177766	0.01504547447
	0.01486375205	0.01467262067	0.01447208929	0.01426216437	0.01404285075
	0.01381415567	0.01357610254	0.01332877233	0.01307242314	0.01280782695
	0.01253720464	0.01226679472	0.01201384016	0.01182538091	0.01182809493
	0.01235802613	0.01428948759	0.0198373704	0.03439957351	0.07037057378
	0.1535333761	0.3285453529	0.6456650873	1.091891358	1.482833618
	1.527042219	1.160963424	0.6610007372	0.3044895403	0.128070634
	0.05529950868	0.02748912504	0.01733726211	0.01386900279	0.0128805055
	0.01279661452	0.01303545141	0.01338438249	0.013766407	0.01415388003
	0.01453697582	0.0149122535	0.01527853967	0.01563545561	0.01598289456
	0.01632083855	0.01664929558	0.01696827907	0.01727780185	0.01757787488
	0.01786850744	0.01814970766	0.01842148295	0.01868384041	0.01893678706
	0.01918033003	0.01941447668	0.01963923465	0.0198546119	0.02006061673
	0.02025725778	0.02044454401	0.02062248467	0.0207910893	0.02095036766
	0.02110032976	0.02124098576	0.02137234598	0.02149442088	0.02160722097
	0.02171075682	0.02180503902	0.02189007815	0.0219658848	0.02203246968
	0.02208984401	0.0221380209	0.02217701913	0.02220687432	0.02222767028
	0.02223962741	0.02224335003	0.01668391414	0.01667740523	0.01665936703
	0.01663095076	0.0165925859	0.01654444156	0.01648659318	0.01641908262
	0.0163419396	0.01625518934	0.01615885524	0.01605295975	0.01593752465
	0.01581257112	0.01567811973	0.0155341904	0.01538080239	0.01521797429
	0.01504572397	0.01486406862	0.01467302476	0.0144726084	0.01426283563
	0.01404372423	0.01381529854	0.01357760303	0.01333074028	0.0130749754
	0.01281102147	0.01254081235	0.01226957755	0.01201135128	0.01180340081
	0.01174333897	0.01208229469	0.01345104855	0.01738262223	0.02743164412
	0.05127842081	0.1037279604	0.2079416878	0.3855312008	0.6211759155
	0.8175177517	0.8346030053	0.645318198	0.3845683273	0.1898991991
	0.08664913036	0.04101501289	0.0226339887	0.01570451553	0.0133298166
	0.01270920273	0.01274709766	0.01302491698	0.01338536609	0.01377006521
	0.01415755578	0.01454001396	0.0149146085	0.01528032316	0.015636797
	0.01598390386	0.01632160094	0.01664987473	0.01696872193	0.01727814289
	0.01757813943	0.01786871418	0.0181498704	0.01842161199	0.01868394345
	0.0189368699	0.01918039708	0.0194145313	0.01963927943	0.01985464887
	0.02006064747	0.02025728356	0.02044456582	0.02062250334	0.02079110549
	0.02095038195	0.02110034261	0.02124099761	0.02137235721	0.02149443184
	0.021607232	0.02171076827	0.02180505125	0.02189009156	0.02196589984
	0.02203248684	0.02208986388	0.02213804412	0.02217704636	0.02220690605
	0.02222770655	0.02223966731	0.02224339139	0.01668388019	0.01667737397
	0.016659342	0.01663093327	0.016592576	0.01654443892	0.01648659756
	0.01641909403	0.01634195836	0.01625521614	0.01615889115	0.01605300629
	0.01593758391	0.01581264586	0.01567821361	0.01553430824	0.01538095056
	0.01521816124	0.01504596095	0.01486437068	0.01467341215	0.01447310846
	0.01426348532	0.01404457358	0.01381641472	0.01357907448	0.01333267742
	0.01307749708	0.01281419327	0.01254443602	0.01227253663	0.01200966373
	0.01178456836	0.01167027664	0.0118485713	0.01275943208	0.01542717552
	0.02210883093	0.03738832797	0.06943849347	0.129722303	0.2265678794
	0.347811549	0.4434462909	0.4486160896	0.3530497603	0.2204155808
	0.1168369813	0.05822579359	0.0306200921	0.01894606751	0.01442554469
	0.01289869283	0.01257110934	0.01270784998	0.01301758191	0.01338735447
	0.01377403913	0.01416132665	0.01454307432	0.01491696059	0.01528209479
	0.0156381235	0.01598489765	0.01632234831	0.01665043988	0.01696915203
	0.0172784725	0.01757839387	0.01786891205	0.01815002543	0.01842173434
	0.01868404072	0.01893694778	0.01918045987	0.01941458227	0.0196393211
	0.01985468317	0.02006067593	0.02025730736	0.02044458593	0.02062252052
	0.02079112037	0.02095039506	0.0211003544	0.02124100847	0.02137236749
	0.02149444187	0.02160724211	0.02171077878	0.02180506252	0.02189010397
	0.02196591384	0.02203250298	0.02208988282	0.02213806667	0.02217707342
	0.0222069385	0.02222774479	0.02223971052	0.02224343673	0.01668383836
	0.0166773363	0.01665931288	0.01663091342	0.01659256465	0.01654443513
	0.0164866007	0.01641910384	0.016341975	0.01625524017	0.0161589235
	0.01605304837	0.01593763763	0.01581271379	0.01567829917	0.01553441596
	0.01538108645	0.01521833328	0.01504617982	0.01486465074	0.01467377271
	0.01447357568	0.01426409469	0.01404537314	0.01381746912	0.01358046897
	0.01333451886	0.01307990209	0.01281723367	0.0125479545	0.01227558417
	0.0120088638	0.01176950213	0.01161078734	0.01166075811	0.01221752366
	0.01394514499	0.01823315689	0.02773298064	0.04681085077	0.08090975929
	0.1327506203	0.1941593672	0.2399869668	0.2407647927	0.1930367767
	0.1263978313	0.07215854636	0.03963660597	0.02343088555	0.01628406009
	0.01347289362	0.01257087777	0.01246546151	0.01267861225	0.01301320059
	0.01339010992	0.01377812653	0.01416503393	0.01454603764	0.0149192221
	0.01528379077	0.0156393889	0.01598584251	0.01632305646	0.01665097344
	0.01696955658	0.01727878133	0.01757863132	0.01786909598	0.01815016897
	0.01842184721	0.01868413013	0.01893701912	0.0191805172	0.01941462868
	0.01963935894	0.01985471425	0.02006070165	0.02025732884	0.02044460404
	0.02062253597	0.02079113374	0.02095040683	0.02110036498	0.0212410182
	0.02137237671	0.02149445087	0.02160725118	0.02171078823	0.02180507267
	0.02189011521	0.02196592661	0.02203251786	0.02208990055	0.02213808821
	0.02217710001	0.02220697152	0.02222778531	0.02223975808	0.02224348761
	0.01668378545	0.01667729056	0.01665927943	0.01663089153	0.01659255225
	0.01654443047	0.01648660269	0.016419112	0.01634198934	0.01625526108
	0.0161589518	0.01605308528	0.01593768485	0.01581277365	0.01567837474
	0.01553451133	0.01538120709	0.01521848646	0.0150463753	0.01486490161
	0.01467409672	0.01447399686	0.01426464567	0.0140460982	0.01381842789
	0.01358174023	0.01333620174	0.01308210634	0.01282003381	0.01255123622
	0.01227858341	0.01200885667	0.01175821008	0.01156480796	0.01151690827
	0.0118117983	0.01286947027	0.01552397605	0.02126998138	0.03237719237
	0.0513305249	0.07872503132	0.1095528668	0.1313535261	0.1308630234
	0.1071088221	0.07379219135	0.045665612	0.02793320617	0.01866478987
	0.01444553258	0.01279455286	0.01233289932	0.0123885663	0.01265817571
	0.01301123028	0.01339330665	0.013782102	0.01416851492	0.01454878573
	0.01492130733	0.01528534913	0.01564054846	0.0159867061	0.01632370197
	0.01665145846	0.01696992324	0.01727906038	0.01757884522	0.01786926115
	0.01815029747	0.01842194794	0.01868420968	0.01893708243	0.01918056795
	0.01941466966	0.01963939228	0.01985474158	0.02006072424	0.02025734767
	0.0204446199	0.02062254949	0.02079114543	0.02095041711	0.02110037421
	0.0212410267	0.02137238475	0.02149445872	0.0216072591	0.02171079649
	0.02180508158	0.0218901251	0.02196593794	0.0220325312	0.02208991671
	0.02213810831	0.02217712563	0.02220700474	0.02222782828	0.02223981132
	0.02224354644	0.0166837159	0.01667723477	0.01665924194	0.01663086845
	0.01659253949	0.01654442536	0.01648660374	0.01641911853	0.01634200122
	0.01625527859	0.0161589756	0.01605311639	0.01593772474	0.01581282429
	0.0156784388	0.01553459236	0.0153813098	0.01521861718	0.01504654251
	0.01486511676	0.01467437528	0.01447435984	0.01426512166	0.01404672599
	0.01381925981	0.0135828455	0.01333766781	0.01308403132	0.01282248993
	0.01255414801	0.01228136791	0.01200942238	0.01175028198	0.01153102953
	0.01141172314	0.0115209177	0.01211969308	0.01369955623	0.01708695136
	0.02343603222	0.03383600765	0.04819757174	0.06361910821	0.0739811001
	0.07332712724	0.06149227948	0.04483995848	0.03033423396	0.0207963637
	0.01562018971	0.01322589403	0.01233166133	0.01216774118	0.01233531039
	0.01264482877	0.01301096934	0.01339657794	0.01378573606	0.01417161248
	0.01455120712	0.01492313632	0.0152867123	0.01564156065	0.01598745847
	0.01632426322	0.01665187926	0.01697024064	0.01727930138	0.0175790295
	0.01786940309	0.01815040764	0.0184220341	0.01868427757	0.01893713633
	0.01918061108	0.01941470443	0.01963942052	0.0198547647	0.02006074332
	0.02025736357	0.02044463328	0.02062256088	0.02079115528	0.02095042576
	0.02110038198	0.02124103385	0.02137239152	0.02149446533	0.02160726577
	0.02171080346	0.0218050891	0.02189013351	0.02196594763	0.02203254274
	0.0220899309	0.0221381264	0.02217714956	0.02220703742	0.02222787354
	0.02223987191	0.02224361718	0.01668361898	0.01667716709	0.01665920197
	0.01663084583	0.01659252748	0.01654442043	0.01648660415	0.01641912351
	0.01634201056	0.01625529247	0.01615899453	0.01605314118	0.01593775657
	0.01581286476	0.01567849006	0.0155346573	0.01538139225	0.01521872231
	0.01504667724	0.01486529044	0.01467460058	0.01447465399	0.01426550809
	0.01404723655	0.0138199375	0.01358374726	0.01333886585	0.01308560763
	0.01282450889	0.01255656536	0.0122837653	0.01201028281	0.01174509959
	0.01150757527	0.011338699	0.01132219203	0.01161980774	0.01251956399
	0.01447476309	0.01806453032	0.02374481962	0.03127673448	0.03902786015
	0.04399189643	0.04347803653	0.03753884625	0.0291635279	0.02167383128
	0.01658086459	0.01374766073	0.01245032223	0.01202989058	0.01205858177
	0.01230034935	0.01263673404	0.01301168035	0.01339955978	0.01378881308
	0.01417418391	0.01455320236	0.01492463827	0.0152878295	0.01564238893
	0.01598807325	0.01632472115	0.01665222207	0.01697049878	0.01727949704
	0.01757917885	0.01786951793	0.0181504966	0.01842210355	0.01868433222
	0.01893717966	0.0191806457	0.0194147323	0.01963944313	0.0198547832
	0.02006075859	0.02025737628	0.02044464398	0.02062256999	0.02079116315
	0.02095043269	0.0211003882	0.02124103957	0.02137239693	0.02149447061
	0.02160727111	0.02171080904	0.02180509514	0.02189014027	0.02196595547
	0.02203255216	0.02208994269	0.02213814182	0.02217717079	0.02220706825
	0.02222792015	0.02223994166	0.02224370704	0.01668347179	0.01667708786
	0.01665916369	0.01663082651	0.01659251773	0.01654441643	0.01648660428
	0.01641912707	0.01634201734	0.01625530258	0.01615900832	0.01605315926
	0.01593777978	0.0158128943	0.0156785275	0.01553470476	0.01538145259
	0.01521879932	0.01504677605	0.01486541799	0.01467476627	0.01447487061
	0.01426579304	0.01404761352	0.01382043847	0.01358441469	0.0133397538
	0.01308677818	0.01282601351	0.01255838272	0.01228562158	0.01201116814
	0.01174203055	0.01149256942	0.01129173613	0.01119579914	0.01130788805
	0.01180115653	0.01292964134	0.01498747274	0.01815584978	0.02220965772
	0.0262235482	0.02868187104	0.02833302992	0.02526354586	0.02092740102
	0.0169653703	0.01420403904	0.01265592466	0.01198529955	0.01184512641
	0.01199100846	0.01227889632	0.01263220008	0.01301268475	0.01340192609
	0.0137911463	0.01417610864	0.01455468858	0.0149257546	0.01528865881
	0.01564300317	0.01598852873	0.0163250601	0.01665247554	0.01697068944
	0.01727964139	0.0175792889	0.01786960245	0.01815056201	0.01842215457
	0.01868437232	0.01893721143	0.01918067107	0.01941475272	0.0196394597
	0.01985479676	0.02006076978	0.0202573856	0.02044465183	0.02062257669
	0.02079116894	0.02095043779	0.02110039278	0.02124104379	0.02137240093
	0.02149447452	0.02160727505	0.02171081316	0.0218050996	0.02189014528
	0.02196596129	0.02203255921	0.02208995163	0.02213815382	0.02217718805
	0.02220709517	0.02222796563	0.02224002142	0.02224383009	0.01668322122
	0.01667700688	0.01665913605	0.01663081465	0.01659251205	0.0165444142
	0.01648660451	0.01641912937	0.01634202159	0.01625530886	0.01615901684
	0.01605317037	0.01593779402	0.01581291237	0.01567855039	0.01553473376
	0.01538148944	0.01521884637	0.01504683645	0.01486549599	0.01467486767
	0.01447500326	0.01426596768	0.01404784477	0.01382074609	0.01358482503
	0.01334030062	0.01308750098	0.01282694725	0.01255952303	0.01228682374
	0.01201187628	0.01174059116	0.01148457615	0.01126625189	0.01112728675
	0.01114041903	0.01142115784	0.01212767027	0.01342496694	0.01538407233
	0.01781720758	0.02014653056	0.02151658849	0.02127329441	0.0194961269
	0.01698403819	0.01465199199	0.01300322723	0.01208961818	0.0117384681
	0.01174522187	0.01195401838	0.01226714962	0.01262984682	0.01301342569
	0.01340341383	0.01379258912	0.0141772942	0.01455560312	0.01492644134
	0.0152891689	0.01564338089	0.01598880873	0.01632526837	0.01665263121
	0.01697080647	0.01727972995	0.01757935639	0.01786965427	0.0181506021
	0.01842218583	0.0186843969	0.01893723091	0.01918068664	0.01941476527
	0.0196394699	0.01985480512	0.0200607767	0.02025739139	0.02044465672
	0.02062258088	0.02079117258	0.020950441	0.02110039568	0.02124104647
	0.02137240347	0.021494477	0.02160727756	0.02171081578	0.02180510242
	0.02189014843	0.02196596497	0.02203256367	0.02208995736	0.0221381617
	0.02217719993	0.02220711531	0.02222800473	0.0222401074	0.02224401636
	0.01668273523	0.01667696763	0.01665913504	0.0166308151	0.01659251212
	0.01654441443	0.0164866052	0.01641913062	0.01634202344	0.01625531136
	0.01615902007	0.01605317446	0.01593779913	0.01581291876	0.01567855837
	0.01553474378	0.01538150208	0.01521886241	0.01504685696	0.01486552241
	0.01467490194	0.01447504806	0.01426602665	0.0140479229	0.01382085023
	0.01358496444	0.01334048766	0.01308775128	0.01282727809	0.01255994574
	0.01228731892	0.01201232273	0.01174057743	0.01148293173	0.01125995286
	0.01110908436	0.01109416385	0.01131372761	0.01189774528	0.01297355878
	0.01458072462	0.01654332559	0.01838363495	0.01943270636	0.01920457804
	0.01778150032	0.01578604465	0.01392976059	0.01261668342	0.01190132513
	0.01165357416	0.01170957718	0.01194022019	0.01226244916	0.012628682
	0.01301350154	0.013403838	0.01379304252	0.01417768036	0.01455590614
	0.01492667093	0.01528934025	0.01564350812	0.01598890318	0.01632533869
	0.01665268381	0.01697084605	0.01727975993	0.01757937926	0.01786967186
	0.01815061575	0.01842219651	0.01868440533	0.01893723764	0.01918069205
	0.01941476967	0.01963947352	0.01985480812	0.02006077922	0.02025739353
	0.02044465856	0.02062258248	0.02079117401	0.02095044229	0.02110039686
	0.02124104758	0.02137240453	0.02149447805	0.02160727861	0.02171081686
	0.02180510358	0.0218901497	0.02196596642	0.02203256542	0.02208995962
	0.02213816495	0.02217720526	0.02220712559	0.0222280286	0.022240179
	0.02224433489	