3131	
	0.01507895783	0.01507215272	0.01505470904	0.01502710502	0.01498959521
	0.01494229077	0.01488524358	0.01481848326	0.01474203156	0.01465590754
	0.01456012952	0.01445471584	0.01433968532	0.01421505772	0.01408085433
	0.01393709889	0.01378381895	0.0136210478	0.01344882732	0.01326721211
	0.01307627563	0.01287611951	0.01266688817	0.01244879329	0.01222215735
	0.01198749635	0.01174568566	0.01149830286	0.01124834254	0.01100168551
	0.01077001072	0.01057622035	0.01046359622	0.01050884473	0.01083483846
	0.01160861304	0.01299547334	0.01503820349	0.01748272113	0.0196970557
	0.02089322831	0.02061370507	0.01905534521	0.01689864551	0.01484952917
	0.01332197044	0.01240913736	0.01201304319	0.01197783521	0.01216483897
	0.01247595284	0.01285045006	0.01325389683	0.01366788239	0.01408291259
	0.01449416582	0.01489917914	0.01529666014	0.01568589957	0.01606648621
	0.0164381683	0.01680078458	0.01715422848	0.01749842835	0.01783333582
	0.01815891849	0.01847515519	0.01878203275	0.01907954376	0.019367685
	0.01964645639	0.01991586016	0.02017590032	0.02042658223	0.02066791235
	0.02089989803	0.0211225473	0.02133586881	0.02153987169	0.02173456554
	0.02191996028	0.02209606616	0.02226289371	0.02242045364	0.02256875687
	0.02270781443	0.02283763744	0.02295823706	0.02306962446	0.02317181073
	0.02326480689	0.02334862379	0.02342327211	0.02348876247	0.02354510574
	0.02359231441	0.0236304065	0.02365941729	0.02367943294	0.02369068346
	0.02369377397	0.0150784978	0.01507210529	0.01505470321	0.01502710302
	0.01498959361	0.01494228944	0.01488524251	0.01481848238	0.01474203074
	0.01465590663	0.01456012832	0.01445471413	0.01433968278	0.01421505389
	0.01408084858	0.01393709035	0.01378380637	0.01362102941	0.01344880062
	0.01326717361	0.01307622047	0.01287604101	0.01266677747	0.01244863941
	0.0122219487	0.01198722681	0.01174537277	0.01149803757	0.01124841728
	0.01100290967	0.01077445483	0.01058888512	0.01049591913	0.01058542004
	0.01100458381	0.0119590281	0.01366058625	0.0161772954	0.01920350411
	0.02193939107	0.02337369036	0.02293132601	0.02089651544	0.01816140357
	0.01561167611	0.01373443007	0.01261241899	0.0121052502	0.01201644905
	0.01217961704	0.01248090376	0.01285167083	0.01325385811	0.01366751197
	0.01408252429	0.01449384576	0.01489893658	0.01529648272	0.01568577183
	0.01606639489	0.01643810322	0.01680073826	0.01715419554	0.01749840494
	0.0178333192	0.0181589067	0.01847514685	0.01878202687	0.01907953963
	0.01936768214	0.01964645443	0.01991585884	0.02017589946	0.02042658171
	0.02066791208	0.02089989794	0.02112254734	0.02133586895	0.02153987192
	0.02173456582	0.02191996061	0.02209606654	0.02226289413	0.0224204541
	0.02256875737	0.02270781498	0.02283763804	0.02295823772	0.02306962519
	0.02317181155	0.02326480782	0.02334862487	0.02342327341	0.02348876409
	0.0235451079	0.02359231759	0.02363041188	0.02365942798	0.02367945825
	0.0236907579	0.02369407631	0.01507825564	0.01507202139	0.01505467118
	0.0150270873	0.01498958418	0.01494228307	0.01488523782	0.01481847859
	0.01474202728	0.01465590298	0.01456012392	0.01445470826	0.01433967449
	0.01421504187	0.01408083098	0.01393706456	0.0137837687	0.01362097464
	0.01344872138	0.0132670595	0.01307605695	0.012875808	0.01266644788
	0.01244817844	0.01222131654	0.01198639226	0.01174435781	0.01149704546
	0.01124817595	0.01100554958	0.0107856558	0.01062287239	0.0105863786
	0.01080734304	0.01151251238	0.01303981843	0.01577148807	0.01988791513
	0.02493440615	0.02953354654	0.03186514975	0.03090780834	0.02724355194
	0.02251564392	0.01824311174	0.01516481044	0.01332402941	0.0124333698
	0.01215757297	0.012236062	0.01250143494	0.0128579456	0.01325492484
	0.01366693016	0.01408159526	0.01449299121	0.01489825714	0.01529597331
	0.01568540003	0.01606612699	0.01643791139	0.01680060132	0.01715409793
	0.01749833541	0.01783326969	0.01815887147	0.01847512179	0.01878200907
	0.019079527	0.0193676732	0.01964644813	0.01991585444	0.02017589642
	0.02042657964	0.02066791072	0.0208998971	0.02112254688	0.02133586877
	0.02153987195	0.02173456603	0.02191996097	0.02209606702	0.02226289472
	0.02242045481	0.0225687582	0.02270781594	0.02283763915	0.02295823901
	0.0230696267	0.02317181333	0.02326480993	0.02334862742	0.02342327656
	0.0234887681	0.02354511324	0.02359232516	0.02363042356	0.02365944813
	0.02367949757	0.02369084286	0.02369425521	0.01507810915	0.01507193899
	0.01505462804	0.01502706274	0.01498956874	0.01494227249	0.01488522999
	0.01481847224	0.01474202151	0.01465589694	0.01456011669	0.01445469869
	0.01433966105	0.01421502245	0.01408080259	0.013937023	0.013783708
	0.01362088635	0.01344859356	0.01326687535	0.01307579293	0.01287543159
	0.01266591514	0.01244743294	0.012220294	0.0119850437	0.01174272635
	0.01149548973	0.0112479791	0.01101050579	0.01080603722	0.01068490357
	0.01075358429	0.01122491192	0.01248883079	0.01516731951	0.02003166793
	0.02755788042	0.03701706164	0.04574236859	0.05003475579	0.0478479026
	0.04051076722	0.03142502215	0.02350127811	0.01795664371	0.0146834002
	0.01304877855	0.01241853087	0.01233953504	0.01253907486	0.01286968905
	0.01325722216	0.01366619485	0.01408016686	0.01449163574	0.01489716759
	0.01529515247	0.01568479946	0.01606569369	0.01643760087	0.01680037951
	0.01715393973	0.01749822265	0.01783318934	0.01815881422	0.01847508101
	0.01878198003	0.01907950634	0.01936765852	0.01964643773	0.0199158471
	0.02017589128	0.02042657609	0.02066790832	0.02089989552	0.02112254592
	0.02133586827	0.02153987181	0.02173456617	0.02191996133	0.02209606759
	0.02226289548	0.02242045576	0.02256875936	0.02270781731	0.02283764078
	0.02295824094	0.02306962898	0.02317181605	0.02326481321	0.02334863141
	0.02342328151	0.0234887744	0.02354512152	0.02359233658	0.02363044033
	0.02365947465	0.02367954251	0.02369092095	0.02369437444	0.01507800896
	0.01507186666	0.01505458218	0.01502703345	0.01498954915	0.01494225866
	0.01488521958	0.01481846376	0.01474201378	0.01465588889	0.01456010711
	0.01445468605	0.01433964331	0.01421499678	0.01408076503	0.01393696791
	0.01378362743	0.01362076902	0.01344842351	0.01326663009	0.01307544103
	0.01287492957	0.01266520444	0.01244643878	0.01221893295	0.01198325893
	0.01174060407	0.01149360095	0.01124832534	0.01101903274	0.01083907854
	0.01078504432	0.01102674905	0.01192104259	0.01415911941	0.01891754767
	0.02778571024	0.04195963041	0.06029848508	0.07747297414	0.08570158659
	0.08074590459	0.06571026605	0.04784837029	0.03287426676	0.02276769502
	0.0169525021	0.01404721342	0.01283184252	0.01250041427	0.01259698712
	0.01288786377	0.01326107723	0.01366545258	0.01407832812	0.01448984278
	0.01489571499	0.01529405498	0.01568399557	0.01606511337	0.01643718487
	0.01680008228	0.01715372766	0.01749807145	0.01783308154	0.01815873737
	0.01847502621	0.01878194096	0.0190794785	0.01936763869	0.01964642364
	0.01991583712	0.02017588425	0.02042657118	0.02066790495	0.02089989328
	0.02112254451	0.02133586749	0.0215398715	0.02173456624	0.02191996173
	0.02209606826	0.02226289642	0.02242045696	0.02256876083	0.0227078191
	0.02283764291	0.02295824348	0.02306963201	0.02317181969	0.0232648176
	0.02334863677	0.02342328815	0.02348878277	0.02354513238	0.02359235117
	0.02363046081	0.02365950475	0.02367958821	0.02369098909	0.02369446194
	0.01507793377	0.01507180463	0.01505453753	0.01502700227	0.01498952708
	0.01494224252	0.01488520721	0.0148184536	0.01474200455	0.01465587932
	0.01456009576	0.01445467112	0.01433962234	0.01421496637	0.0140807204
	0.01393690229	0.01378353121	0.01362062859	0.01344821963	0.01326633564
	0.01307501806	0.0128743257	0.01266434932	0.01244524353	0.01221730161
	0.01198113865	0.01173814972	0.01149166251	0.01124981888	0.01103266711
	0.01088917935	0.01093657945	0.01144632631	0.01301658434	0.01687034962
	0.02522750014	0.04134724316	0.06811883423	0.1039373836	0.1381031263
	0.1540834686	0.1430154182	0.1121518939	0.07704243094	0.04887398608
	0.03065114977	0.02052988152	0.01556755466	0.01344269491	0.01273258846
	0.01267928156	0.01291370179	0.01326691371	0.01366489944	0.01407620071
	0.01448769922	0.01489396348	0.01529272803	0.01568302269	0.01606441083
	0.01643668115	0.01679972231	0.01715347079	0.01749788823	0.01783295087
	0.01815864415	0.01847495971	0.0187818935	0.01907944463	0.01936761455
	0.01964640644	0.01991582491	0.02017587562	0.02042656514	0.02066790078
	0.02089989048	0.02112254272	0.02133586646	0.02153987106	0.02173456627
	0.02191996215	0.02209606904	0.02226289753	0.0224204584	0.02256876262
	0.02270782127	0.02283764553	0.02295824662	0.02306963577	0.0231718242
	0.02326482305	0.0233486434	0.0234232963	0.02348879296	0.02354514539
	0.0235923682	0.02363048375	0.02365953645	0.02367963236	0.0236910482
	0.02369453094	0.01507787354	0.01507175126	0.01505449567	0.01502697093
	0.01498950378	0.01494222494	0.0148851935	0.01481844228	0.01474199429
	0.01465586877	0.01456008335	0.01445465482	0.01433959941	0.014214933
	0.01408067122	0.01393682969	0.01378342439	0.01362047224	0.01344799208
	0.01326600634	0.0130745443	0.0128736486	0.0126633902	0.01244390434
	0.01221548128	0.01197880097	0.01173554441	0.0114899863	0.01125310857
	0.0110530697	0.01096126561	0.01115515907	0.01206279974	0.01467192542
	0.02111392003	0.03551723299	0.06446980256	0.1147180245	0.1845579568
	0.2526227914	0.2837579068	0.2594037083	0.1963555333	0.1278293108
	0.07544659944	0.04314848037	0.02595817556	0.01778558523	0.01430416244
	0.01305113458	0.01279006401	0.01294834891	0.01327512428	0.01366473523
	0.01407392152	0.01448530788	0.01489199041	0.01529122884	0.01568192254
	0.01606361616	0.01643611131	0.01679931503	0.01715318009	0.01749768083
	0.01783280288	0.01815853853	0.0184748843	0.01878183964	0.01907940617
	0.01936758708	0.01964638686	0.01991581097	0.02017586574	0.0204265582
	0.02066789597	0.02089988723	0.02112254063	0.02133586524	0.02153987053
	0.02173456629	0.02191996263	0.02209606993	0.02226289881	0.02242046008
	0.02256876472	0.02270782383	0.02283764861	0.02295825032	0.0230696402
	0.02317182952	0.02326482946	0.02334865117	0.0234233058	0.02348880471
	0.02354516013	0.02359238702	0.02363050818	0.0236595685	0.02367967408
	0.02369110002	0.02369458823	0.01507782312	0.01507170475	0.015054457
	0.01502694041	0.01498948015	0.01494220662	0.01488517901	0.01481843028
	0.01474198351	0.01465585784	0.01456007063	0.01445463817	0.01433957594
	0.01421489867	0.01408062032	0.01393675412	0.01378331266	0.01362030803
	0.01344775227	0.01326565837	0.01307404261	0.01287293056	0.0126623726
	0.01244248525	0.01221356225	0.01197637433	0.01173297725	0.01148887837
	0.01125879473	0.01108175931	0.01106003337	0.01145676337	0.01293185306
	0.01707865866	0.02752675313	0.05178701583	0.1028931845	0.1960595716
	0.3311501661	0.4660432647	0.5265289122	0.4739495958	0.3464739931
	0.2142983973	0.1184106677	0.06233919368	0.03390262572	0.02089541371
	0.01546818272	0.01346872521	0.01293214659	0.01299242772	0.01328592571
	0.01366511433	0.01407162428	0.01448277932	0.01488988192	0.01528962192
	0.0156807423	0.01606276341	0.01643549974	0.01679887787	0.01715286799
	0.01749745808	0.01783264388	0.01815842499	0.01847480317	0.01878178166
	0.01907936471	0.01936755745	0.01964636569	0.01991579589	0.02017585504
	0.02042655066	0.02066789074	0.02089988369	0.02112253835	0.02133586392
	0.02153986995	0.02173456631	0.02191996317	0.02209607093	0.02226290026
	0.02242046198	0.02256876709	0.02270782674	0.02283765213	0.02295825454
	0.02306964526	0.02317183558	0.02326483673	0.02334865994	0.02342331645
	0.02348881774	0.02354517622	0.02359240708	0.02363053339	0.02365960019
	0.02367971324	0.02369114615	0.02369463766	0.01507777958	0.01507166366
	0.01505442144	0.0150269112	0.0149894568	0.01494218812	0.01488516423
	0.01481841809	0.01474197272	0.01465584714	0.01456005838	0.01445462225
	0.01433955343	0.01421486548	0.01408057068	0.01393667983	0.01378320206
	0.01362014453	0.01344751239	0.01326530898	0.01307353742	0.01287220605
	0.01266134502	0.01244105425	0.01221163912	0.01197398942	0.01173062853
	0.01148859645	0.01126730648	0.01111973371	0.01118875953	0.01185405012
	0.0141037612	0.02043200318	0.03683529605	0.076576901	0.1646800558
	0.3340720343	0.5911000902	0.8545637786	0.9708363331	0.8606350515
	0.6077528964	0.3574967524	0.185661245	0.09073999387	0.0450666469
	0.02506993557	0.01697056778	0.01399055652	0.0131054454	0.01304555062
	0.01329921169	0.01366609877	0.01406942238	0.01448022398	0.0148877284
	0.01528797605	0.01567953255	0.01606188917	0.01643487269	0.01679842954
	0.01715254782	0.01749722948	0.01783248061	0.01815830832	0.01847471975
	0.01878172198	0.019079322	0.01936752688	0.01964634383	0.01991578028
	0.02017584394	0.02042654284	0.0206678853	0.02089988001	0.02112253599
	0.02133586256	0.02153986938	0.02173456639	0.02191996379	0.02209607206
	0.02226290187	0.02242046409	0.02256876974	0.02270782998	0.02283765604
	0.02295825923	0.02306965088	0.02317184229	0.02326484477	0.0233486696
	0.02342332808	0.02348883181	0.02354519334	0.02359242798	0.02363055893
	0.02365963118	0.02367975004	0.0236911879	0.02369468153	0.01507774109
	0.01507162684	0.01505438868	0.01502688351	0.01498943413	0.01494216988
	0.0148851496	0.01481840614	0.01474196242	0.01465583726	0.0145600474
	0.01445460813	0.01433953338	0.01421483557	0.01408052535	0.01393661115
	0.01378309873	0.0136199905	0.01344728485	0.01326497577	0.01307305362
	0.01287151021	0.0126603568	0.01243967999	0.01220980583	0.01197177056
	0.01172865193	0.01148930428	0.01127876288	0.01116700863	0.01134772332
	0.01235095547	0.01560537253	0.02487370341	0.04969120517	0.1125747168
	0.2596054721	0.5583394723	1.033053361	1.532649719	1.75116633
	1.531157883	1.045903751	0.5856209503	0.2865630011	0.1308783798
	0.06000346863	0.03039354705	0.01880976022	0.01460816061	0.01330527591
	0.01310586595	0.01331443149	0.01366762277	0.01406739559	0.01447774528
	0.01488562007	0.01528636123	0.01567834506	0.01606103093	0.01643425702
	0.01679798923	0.01715223326	0.01749700475	0.01783231999	0.01815819344
	0.01847463753	0.01878166309	0.01907927979	0.01936749663	0.01964632216
	0.01991576479	0.02017583292	0.02042653506	0.02066787989	0.02089987636
	0.02112253366	0.02133586124	0.02153986887	0.02173456654	0.02191996452
	0.02209607333	0.02226290366	0.02242046641	0.02256877264	0.02270783351
	0.02283766031	0.02295826435	0.02306965699	0.02317184959	0.02326485348
	0.02334867999	0.02342334051	0.0234888467	0.0235452112	0.0235924494
	0.0236305845	0.02365966135	0.02367978479	0.02369122628	0.02369472138
	0.01507770644	0.0150715934	0.01505435838	0.01502685734	0.01498941234
	0.01494215218	0.01488513545	0.01481839481	0.01474195305	0.01465582878
	0.01456003844	0.01445459685	0.01433951724	0.014214811	0.01408048724
	0.01393655224	0.01378300863	0.0136198544	0.01344708171	0.01326467586
	0.01307261545	0.01287087721	0.0126594558	0.01243842853	0.01220815083
	0.01196982776	0.01172715873	0.01149103124	0.01129284528	0.01122216201
	0.01153249371	0.01293617593	0.01741547668	0.03040115084	0.06635157638
	0.1615830031	0.396260238	0.8994245741	1.734356011	2.634015592
	3.027890229	2.621201578	1.739312172	0.9293630768	0.4295633654
	0.1843313931	0.07879649247	0.03676910401	0.02092223779	0.01529339802
	0.01352099323	0.0131697737	0.01333053348	0.0136694791	0.01406558364
	0.01447543476	0.01488364309	0.01528484562	0.01567723056	0.01606022545
	0.0164336791	0.01679757577	0.01715193769	0.01749679343	0.01783216881
	0.01815808519	0.01847455995	0.01878160743	0.01907923985	0.01936746795
	0.01964630158	0.01991575005	0.02017582242	0.02042652764	0.02066787474
	0.0208998729	0.02112253147	0.02133586005	0.02153986846	0.0217345668
	0.02191996537	0.02209607472	0.0222629056	0.02242046892	0.02256877575
	0.02270783732	0.02283766489	0.02295826983	0.02306966353	0.02317185737
	0.02326486274	0.023348691	0.02342335359	0.02348886223	0.0235452296
	0.02359247112	0.02363060993	0.02365969069	0.02367981782	0.02369126209
	0.02369475825	0.01507767474	0.01507156264	0.01505433015	0.01502683263
	0.01498939153	0.01494213524	0.01488512205	0.01481838442	0.01474194499
	0.01465582219	0.01456003217	0.01445458935	0.01433950634	0.01421479364
	0.01408045905	0.01393650695	0.01378293725	0.01361974407	0.01344691412
	0.01326442511	0.01307224538	0.01287033872	0.01265868623	0.0124373603
	0.0122067526	0.01196825019	0.01172620696	0.01149364854	0.01130872177
	0.01128203138	0.01173261505	0.01357737005	0.01943939127	0.03675783783
	0.08622068601	0.2227064627	0.5755807013	1.36935266	2.734682434
	4.230993077	4.893497719	4.221175977	2.743937415	1.407415833
	0.6170050703	0.2501403575	0.1006402917	0.04382006005	0.02316236
	0.0159950092	0.01373562868	0.01323197692	0.01334601339	0.01367133677
	0.01406398881	0.01447336972	0.01488187633	0.01528349281	0.01567623655
	0.01605950723	0.01643316367	0.01679720678	0.01715167367	0.01749660445
	0.01783203342	0.01815798809	0.01847449022	0.01878155731	0.01907920378
	0.01936744199	0.01964628291	0.01991573666	0.02017581285	0.02042652088
	0.02066787006	0.02089986977	0.02112252953	0.02133585904	0.02153986822
	0.0217345672	0.02191996636	0.02209607626	0.02226290769	0.02242047159
	0.02256877907	0.02270784135	0.02283766974	0.02295827563	0.02306967043
	0.02317186557	0.02326487246	0.0233487025	0.02342336718	0.02348887824
	0.02354524839	0.02359249301	0.02363063517	0.02365971931	0.02367984948
	0.02369129594	0.02369479292	0.01507764529	0.01507153397	0.01505430363
	0.01502680923	0.01498937173	0.01494211918	0.01488510958	0.01481837523
	0.01474193858	0.01465581791	0.01456002916	0.01445458641	0.0143395018
	0.01421478511	0.01408044309	0.01393647861	0.01378288936	0.01361966635
	0.01344679183	0.01326423739	0.01307196309	0.01286992248	0.01265808663
	0.01243652726	0.01220567619	0.01196710227	0.0117257989	0.01149687333
	0.01132506825	0.01134174663	0.01193143926	0.01421914982	0.02149517178
	0.04335344556	0.1074272829	0.2902962194	0.7820302211	1.931024372
	3.958167926	6.196339221	7.204466974	6.240301887	4.021936071
	1.999982176	0.8373974246	0.3229588433	0.1234744721	0.05083516812
	0.02529923726	0.01664074142	0.01392718935	0.01328600381	0.01335909176
	0.01367279345	0.01406258788	0.01447161349	0.01488038898	0.01528235923
	0.01567540532	0.01605890694	0.01643273271	0.01679689795	0.01715145237
	0.01749644574	0.01783191946	0.01815790615	0.01847443122	0.01878151476
	0.01907917307	0.0193674198	0.0196462669	0.01991572513	0.02017580461
	0.02042651505	0.02066786604	0.02089986711	0.02112252793	0.02133585829
	0.02153986817	0.02173456776	0.02191996748	0.02209607793	0.02226290992
	0.02242047442	0.02256878255	0.02270784557	0.02283767481	0.02295828168
	0.02306967763	0.0231718741	0.02326488254	0.02334871439	0.02342338115
	0.02348889461	0.02354526743	0.02359251497	0.02363066018	0.02365974731
	0.02367988008	0.02369132835	0.02369482598	0.01507761752	0.01507150689
	0.01505427848	0.01502678694	0.01498935289	0.01494210405	0.01488509818
	0.0148183674	0.01474193405	0.01465581627	0.01456002985	0.01445458866
	0.01433950451	0.01421478668	0.0140804412	0.01393646985	0.01378286878
	0.01361962671	0.01344672272	0.01326412394	0.01307178455	0.01286965099
	0.01265768814	0.01243597075	0.01220497076	0.01196642277	0.01172588835
	0.01150030752	0.01134021696	0.01139524224	0.01210779124	0.01478815545
	0.0233272921	0.04928958376	0.126795795	0.3532623071	0.9789967646
	2.479289557	5.16697101	8.133287606	9.492573744	8.304619046
	5.370846068	2.621626109	1.058906024	0.3920690376	0.1439617968
	0.05682108072	0.02704370492	0.01714735843	0.01407194538	0.01332521914
	0.01336801001	0.01367345662	0.0140613512	0.01447021762	0.01487923881
	0.01528149206	0.01567477214	0.01605845015	0.0164324045	0.01679666232
	0.01715128307	0.01749632392	0.01783183165	0.01815784272	0.01847438532
	0.01878148148	0.0190791489	0.01936740225	0.01964625416	0.01991571592
	0.02017579799	0.02042651038	0.02066786283	0.02089986504	0.02112252675
	0.02133585784	0.02153986835	0.02173456851	0.02191996876	0.02209607974
	0.02226291228	0.02242047738	0.02256878618	0.02270784995	0.02283768005
	0.02295828793	0.02306968504	0.02317188287	0.02326489288	0.02334872656
	0.02342339541	0.02348891121	0.02354528663	0.02359253696	0.02363068502
	0.02365977485	0.02367990991	0.02369135973	0.02369485792	0.01507759094
	0.01507148095	0.01505425436	0.01502676556	0.01498933491	0.01494208983
	0.01488508788	0.01481836104	0.01474193155	0.01465581747	0.01456003452
	0.01445459649	0.01433951504	0.0142147992	0.01408045463	0.01393648253
	0.01378287818	0.01361962905	0.01344671241	0.01326409286	0.01307172132
	0.01286954052	0.01265751311	0.0124357198	0.01220466835	0.0119662269
	0.01172639714	0.01150350881	0.01135242736	0.01143625506	0.01223962681
	0.01520654642	0.02465684543	0.05354766766	0.1405454952	0.3975952701
	1.117225646	2.866116603	6.02842906	9.518549595	11.14660775
	9.863520967	6.444477654	3.123241822	1.231709193	0.4429271294
	0.1581144995	0.06070823216	0.02810974944	0.01743812586	0.01414928893
	0.01334415418	0.01337138792	0.01367303589	0.01406026389	0.01446922484
	0.01487847099	0.01528092746	0.0156743638	0.01605815616	0.01643219286
	0.0167965097	0.01715117275	0.01749624395	0.01783177352	0.01815780034
	0.01847435433	0.01878145877	0.01907913222	0.01936739	0.01964624517
	0.01991570935	0.02017579326	0.02042650704	0.02066786057	0.02089986364
	0.02112252606	0.02133585775	0.02153986879	0.02173456945	0.02191997019
	0.02209608167	0.02226291475	0.02242048044	0.0225687899	0.02270785443
	0.02283768541	0.02295829431	0.0230696926	0.0231718918	0.02326490341
	0.02334873891	0.02342340984	0.02348892798	0.02354530594	0.02359255895
	0.02363070971	0.02365980207	0.02367993923	0.02369139046	0.02369488914
	0.01507756508	0.01507145571	0.01505423091	0.01502674486	0.01498931764
	0.01494207646	0.01488507869	0.01481835618	0.01474193113	0.01465582158
	0.0145600433	0.01445461009	0.01433953366	0.01421482307	0.01408048399
	0.01393651757	0.01378291898	0.01361967548	0.013446764	0.01326414869
	0.01307177993	0.01286960032	0.01265757417	0.01243579013	0.01220478373
	0.01196651059	0.01172723712	0.01150607987	0.01136022546	0.01145960485
	0.01230892233	0.01541108153	0.0252580318	0.05530425971	0.1456181468
	0.4119245887	1.156434925	2.969381867	6.272428317	9.956366012
	11.72232721	10.46497143	6.903056719	3.346474968	1.304912711
	0.4620107064	0.1625812359	0.06167779966	0.02829623849	0.01746321155
	0.0141468488	0.01333979391	0.01336854618	0.01367142141	0.01405934288
	0.01446867112	0.01487811695	0.01528068915	0.01567419743	0.01605803721
	0.01643210648	0.01679644628	0.01715112581	0.01749620898	0.01783174731
	0.0181577806	0.0184743394	0.01878144744	0.01907912362	0.01936738346
	0.01964624023	0.01991570567	0.02017579056	0.02042650514	0.02066785933
	0.02089986297	0.02112252588	0.02133585802	0.02153986949	0.02173457058
	0.02191997176	0.02209608372	0.02226291731	0.02242048358	0.0225687937
	0.02270785899	0.02283769085	0.02295830076	0.02306970024	0.02317190082
	0.02326491403	0.02334875136	0.02342342437	0.02348894482	0.02354532529
	0.02359258095	0.02363073434	0.02365982914	0.02367996831	0.02369142087
	0.02369492002	0.01507753947	0.01507143075	0.01505420778	0.01502672457
	0.01498930093	0.01494206385	0.01488507053	0.01481835277	0.01474193274
	0.01465582857	0.01456005611	0.01445462937	0.01433956028	0.01421485821
	0.01408052922	0.01393657494	0.01378299123	0.01361976619	0.01344687793
	0.01326429218	0.01307196162	0.01286983223	0.01265787366	0.01243618378
	0.01220531501	0.01196725543	0.01172833192	0.0115077522	0.01136271807
	0.01146237537	0.01230619132	0.01537083364	0.02502972937	0.05422909062
	0.1409470992	0.3928955287	1.086417084	2.758916523	5.823318109
	9.323691294	11.07700837	9.940058997	6.587627097	3.207526823
	1.252137646	0.4431064817	0.1560643599	0.05947392848	0.0275559989
	0.01721517382	0.01406401052	0.0133123832	0.01335968945	0.01366872333
	0.01405864377	0.01446858569	0.01487819334	0.01528078737	0.01567427975
	0.01605809787	0.01643214854	0.01679647432	0.01715114388	0.01749622017
	0.01783175387	0.01815778412	0.01847434097	0.01878144782	0.01907912332
	0.01936738283	0.01964623948	0.01991570495	0.02017578997	0.02042650474
	0.02066785916	0.02089986304	0.02112252623	0.02133585867	0.02153987047
	0.0217345719	0.02191997347	0.02209608586	0.02226291994	0.02242048677
	0.02256879753	0.02270786357	0.0228376963	0.02295830722	0.02306970789
	0.02317190985	0.02326492465	0.02334876381	0.0234234389	0.02348896166
	0.02354534465	0.02359260294	0.02363075897	0.0236598562	0.02367999738
	0.02369145128	0.0236949509	0.01507751367	0.01507140562	0.01505418462
	0.01502670441	0.01498928457	0.01494205185	0.01488506332	0.01481835072
	0.01474193627	0.01465583824	0.01456007272	0.014454654	0.01433959445
	0.01421490403	0.01408058953	0.01393665364	0.0137830936	0.01361989944
	0.01344705187	0.01326452025	0.01307226223	0.01287023054	0.01265840363
	0.0124368892	0.0122062446	0.01196843289	0.01172963225	0.01150844021
	0.01135978306	0.01144458664	0.01223288445	0.01509584893	0.0240269647
	0.05059922426	0.1278635263	0.3465558288	0.9316005045	2.311277638
	4.83507032	7.801137103	9.371078128	8.434977403	5.598164665
	2.749142996	1.088003155	0.3909058041	0.1399984353	0.05452511058
	0.02601666489	0.0167322667	0.01391233196	0.01326543322	0.01334588208
	0.01366525794	0.01405825464	0.01446898834	0.01487870073	0.01528121829
	0.01567460671	0.01605833485	0.0164323166	0.01679659208	0.01715122571
	0.01749627666	0.0178317926	0.01815781048	0.01847435877	0.01878145973
	0.01907913121	0.01936738801	0.01964624287	0.01991570717	0.02017579147
	0.02042650582	0.02066786003	0.02089986387	0.02112252712	0.0213358597
	0.0215398717	0.0217345734	0.0219199753	0.02209608808	0.02226292262
	0.02242048997	0.02256880136	0.02270786812	0.02283770171	0.02295831364
	0.02306971548	0.0231719188	0.02326493519	0.02334877618	0.02342345334
	0.02348897842	0.02354536396	0.02359262493	0.02363078366	0.02365988343
	0.02368002671	0.02369148201	0.02369498213	0.01507748715	0.01507137987
	0.01505416103	0.0150266841	0.01498926836	0.0149420403	0.01488505689
	0.01481834985	0.01474194151	0.01465585033	0.01456009271	0.01445468342
	0.01433963542	0.01421495947	0.0140806635	0.01393675172	0.01378322344
	0.01362007159	0.01344728086	0.01326482607	0.01307267234	0.01287078225
	0.0126591461	0.01243788187	0.01220754038	0.01197000647	0.01173112049
	0.01150824954	0.01135207421	0.01140912118	0.0121007391	0.0146330263
	0.0224373476	0.04517010878	0.1094137171	0.2849493279	0.7363343707
	1.763882625	3.615350877	5.832185121	7.065397496	6.378218866
	4.24694703	2.118495924	0.8610718924	0.318909453	0.1179692675
	0.04778942374	0.02393971894	0.01608749377	0.01371257263	0.01320490218
	0.01332881907	0.01366148308	0.01405827792	0.01446988451	0.01487962248
	0.01528196383	0.01567516356	0.01605873715	0.01643260271	0.01679679386
	0.01715136729	0.0174963756	0.0178318615	0.01815785828	0.01847439181
	0.01878148247	0.01907914681	0.01936739867	0.01964625015	0.01991571216
	0.02017579494	0.0204265083	0.02066786191	0.0208998654	0.02112252849
	0.02133586107	0.02153987317	0.02173457506	0.02191997723	0.02209609034
	0.0222629253	0.02242049316	0.02256880515	0.02270787262	0.02283770703
	0.02295831994	0.02306972293	0.0231719276	0.02326494556	0.02334878836
	0.0234234676	0.02348899504	0.02354538317	0.02359264693	0.0236308085
	0.02365991097	0.02368005654	0.0236915134	0.02369501407	0.01507745938
	0.01507135298	0.0150541366	0.01502666334	0.01498925208	0.01494202905
	0.0148850511	0.01481834997	0.01474194816	0.01465586441	0.01456011554
	0.01445471685	0.01433968207	0.01421502303	0.01408074906	0.01393686632
	0.01378337684	0.01362027726	0.01344755745	0.01326519934	0.01307317768
	0.01287146758	0.0126600739	0.01243912531	0.01220915669	0.0119719317
	0.01173280375	0.01150743853	0.01134084501	0.01136095654	0.01192846244
	0.01405167846	0.02051745989	0.03889247971	0.0891000006	0.2206692677
	0.5432405766	1.244245179	2.468903141	3.933727216	4.772056291
	4.322304947	2.904513468	1.485853785	0.6279356416	0.2429917822
	0.09422520744	0.0404088394	0.0216379615	0.01536825038	0.01348951485
	0.01313784327	0.01331046662	0.01365790224	0.01405880547	0.01447125951
	0.01488092397	0.01528299207	0.01567592544	0.01605928646	0.0164329937
	0.01679707031	0.01715156197	0.01749651231	0.01783195725	0.01815792519
	0.01847443844	0.01878151489	0.01907916929	0.01936741424	0.01964626092
	0.01991571965	0.02017580018	0.02042651204	0.02066786467	0.02089986756
	0.02112253032	0.02133586274	0.02153987484	0.02173457685	0.02191997922
	0.02209609263	0.02226292797	0.0224204963	0.02256880885	0.022707877
	0.02283771221	0.02295832607	0.02306973018	0.02317193617	0.02326495567
	0.02334880027	0.02342348159	0.02348901141	0.02354540222	0.0235926689
	0.02363083352	0.02365993898	0.02368008714	0.02369154581	0.02369504714
	0.01507742969	0.01507132436	0.01505411089	0.01502664183	0.01498923553
	0.01494201792	0.01488504575	0.01481835085	0.01474195591	0.01465588003
	0.0145601405	0.01445475331	0.01433973307	0.01421509283	0.0140808436
	0.01393699385	0.01378354881	0.01362050954	0.01344787205	0.01326562671
	0.01307375969	0.01287226084	0.01266115176	0.01244057243	0.0122110355
	0.0119741543	0.01173469855	0.01150634694	0.0113276563	0.01130600495
	0.01173715546	0.01342545661	0.01852134439	0.03263087079	0.06979402269
	0.1628365835	0.3792649377	0.8248824758	1.569788718	2.441784689
	2.941248539	2.672438711	1.824322568	0.9658973916	0.4286540682
	0.1752325189	0.07222327375	0.03336447306	0.01939162511	0.01465531136
	0.0132665587	0.01307098473	0.01329268482	0.01365496506	0.01405989384
	0.01447307367	0.01488255266	0.01528425828	0.01567685838	0.01605995802
	0.01643347183	0.01679740881	0.01715180082	0.01749668044	0.01783207538
	0.01815800803	0.01847449642	0.0187815554	0.01907919755	0.01936743393
	0.01964627465	0.01991572924	0.02017580693	0.02042651686	0.0206678682
	0.02089987026	0.02112253251	0.02133586467	0.02153987667	0.02173457872
	0.02191998125	0.02209609491	0.02226293059	0.02242049935	0.02256881243
	0.02270788121	0.0228377172	0.02295833196	0.02306973715	0.02317194441
	0.02326496542	0.0233488118	0.0234234952	0.02348902743	0.02354542101
	0.02359269079	0.02363085876	0.0236599676	0.02368011881	0.02369157968
	0.02369508182	0.01507739732	0.01507129333	0.01505408343	0.01502661928
	0.01498921854	0.0149420068	0.01488504071	0.01481835224	0.01474196437
	0.01465589661	0.01456016681	0.01445479167	0.01433978683	0.01421516667
	0.01408094407	0.01393713008	0.01378373347	0.01362076025	0.01344821328
	0.01326609235	0.01307439634	0.01287313144	0.01266233772	0.01244216728
	0.01221310765	0.01197660788	0.01173681226	0.01150531447	0.01131406119
	0.01124994803	0.01154609444	0.01281736064	0.01664875354	0.02699430242
	0.0532386194	0.115924653	0.2540090919	0.522407544	0.9482374741
	1.428707985	1.697502308	1.54623248	1.07740351	0.5941595648
	0.2787510983	0.1214530263	0.05392801703	0.02728394713	0.01739598005
	0.01400855801	0.0130618121	0.0130096548	0.01327693389	0.0136529898
	0.01406154608	0.01447525982	0.01488443934	0.01528570668	0.01567792075
	0.0160607217	0.01643401555	0.01679779402	0.01715207295	0.01749687231
	0.01783221044	0.01815810296	0.01847456305	0.01878160209	0.01907923023
	0.01936745679	0.01964629064	0.01991574045	0.02017581484	0.02042652251
	0.02066787232	0.02089987337	0.02112253499	0.02133586678	0.02153987862
	0.02173458065	0.02191998328	0.02209609715	0.02226293313	0.02242050228
	0.02256881585	0.02270788523	0.02283772193	0.02295833755	0.02306974376
	0.02317195225	0.02326497472	0.02334882283	0.0234235083	0.02348904297
	0.02354543942	0.02359271252	0.0236308842	0.02365999695	0.02368015186
	0.0236916155	0.0236951187	0.01507736127	0.01507125908	0.01505405371
	0.01502659544	0.01498920101	0.01494199558	0.01488503582	0.0148183539
	0.01474197317	0.01465591358	0.01456019359	0.01445483071	0.01433984161
	0.01421524213	0.0140810471	0.0139372703	0.01378392429	0.0136210203
	0.01344856848	0.01326657861	0.01307506303	0.01287404529	0.01266358496
	0.01244384718	0.01221529472	0.01197921242	0.01173912697	0.01150461088
	0.01130135012	0.01119737278	0.01136996061	0.01227148567	0.01502377525
	0.02229905045	0.04009515173	0.08067301269	0.1653627875	0.3207204602
	0.5539230891	0.8053860517	0.9404354158	0.8583664112	0.6120724361
	0.3527633031	0.1757129285	0.08226939312	0.0399037989	0.02242633735
	0.0157492974	0.01346209057	0.0128864205	0.01295725591	0.01326411938
	0.01365212239	0.01406370386	0.01447772421	0.01488650062	0.01528727274
	0.01567906507	0.0160615433	0.01643460047	0.01679820862	0.01715236609
	0.01749707921	0.01783235627	0.01815820561	0.01847463522	0.01878165278
	0.01907926579	0.01936748172	0.01964630814	0.01991575275	0.02017582354
	0.02042652872	0.02066787685	0.02089987677	0.02112253766	0.02133586901
	0.02153988062	0.02173458259	0.02191998528	0.02209609931	0.02226293555
	0.02242050505	0.02256881906	0.02270788899	0.02283772636	0.02295834278
	0.02306974996	0.02317195961	0.02326498346	0.02334883326	0.02342352075
	0.02348905788	0.02354545729	0.02359273394	0.02363090978	0.02366002713
	0.02368018662	0.02369165392	0.02369515857	0.01507732018	0.01507122059
	0.01505402123	0.01502657018	0.01498918292	0.01494198427	0.01488503101
	0.01481835563	0.01474198191	0.01465593032	0.01456021995	0.01445486913
	0.0143398956	0.01421531666	0.01408114914	0.01393740958	0.01378411436
	0.01362128007	0.01344892422	0.01326706674	0.01307573368	0.01287496615
	0.01266484363	0.01244554515	0.01221751144	0.01198187453	0.01174158999
	0.0115043924	0.01129040319	0.01115134357	0.01121781603	0.01181158448
	0.01369900289	0.01862088633	0.03026850523	0.05567970009	0.1060439213
	0.1934173918	0.3175620663	0.4450953987	0.5101624701	0.4665887257
	0.3409025106	0.2057078812	0.1092197043	0.05546575758	0.02980514141
	0.01877683325	0.01446988988	0.01302694774	0.01274488725	0.01291526402
	0.01325457779	0.01365233384	0.01406625062	0.01448035071	0.01488864272
	0.01528888609	0.01568024018	0.01606238612	0.01643520044	0.01679863404
	0.01715266704	0.01749729179	0.01783250625	0.0181583113	0.01847470962
	0.01878170511	0.01907930257	0.01936750757	0.01964632631	0.01991576556
	0.02017583261	0.02042653521	0.02066788156	0.02089988029	0.0211225404
	0.02133587128	0.02153988262	0.02173458449	0.0219199872	0.02209610136
	0.02226293782	0.02242050763	0.02256882204	0.02270789246	0.02283773043
	0.0229583476	0.02306975566	0.02317196638	0.02326499154	0.02334884294
	0.0234235324	0.02348907197	0.02354547441	0.02359275484	0.02363093532
	0.02366005813	0.02368022346	0.02369169572	0.0236952025	0.01507727211
	0.01507117658	0.01505398557	0.01502654352	0.01498916444	0.01494197299
	0.01488502627	0.01481835725	0.01474199023	0.01465594623	0.01456024499
	0.01445490563	0.01433994696	0.01421538768	0.01408124658	0.01393754288
	0.01378429669	0.01362152979	0.01344926686	0.01326753775	0.01307638178
	0.0128758572	0.01266606303	0.01244719263	0.01221966897	0.01198449023
	0.01174411273	0.01150468897	0.01128165573	0.01111338259	0.01109350309
	0.01144432164	0.01267368842	0.0158808547	0.0232670025	0.03874427873
	0.06797743505	0.1161056445	0.1810071818	0.2445495779	0.2751757105
	0.252332742	0.1891204745	0.1197511912	0.06816550257	0.03797511105
	0.02288114769	0.01616855837	0.01352473714	0.01269773415	0.01263660001
	0.01288358526	0.01324816617	0.01365344797	0.01406902354	0.01448300779
	0.01489076609	0.01529047379	0.0156813935	0.01606321259	0.0164357887
	0.01679905126	0.01715296234	0.0174975005	0.0178326536	0.01815841523
	0.01847478287	0.01878175669	0.01907933887	0.01936753312	0.0196463443
	0.01991577826	0.02017584162	0.02042654166	0.02066788626	0.0208998838
	0.02112254312	0.0213358735	0.02153988456	0.0217345863	0.02191998901
	0.02209610326	0.0222629399	0.02242050998	0.02256882474	0.0227078956
	0.02283773411	0.02295835193	0.02306976079	0.0231719725	0.02326499886
	0.02334885174	0.02342354307	0.02348908501	0.02354549051	0.02359277491
	0.02363096054	0.02366008984	0.02368026267	0.02369174194	0.02369525201
	0.015077214	0.01507112544	0.01505394648	0.01502651578	0.01498914595
	0.01494196198	0.01488502166	0.01481835865	0.01474199781	0.01465596076
	0.01456026785	0.01445493897	0.01433999392	0.01421545271	0.01408133594
	0.01393766534	0.01378446448	0.01362175997	0.01344958318	0.01326797312
	0.01307698154	0.01287668263	0.01266719375	0.01244872242	0.01222167866
	0.01198694974	0.01174657746	0.0115054186	0.01127515412	0.01108373561
	0.01099687655	0.01116460429	0.01191521237	0.01392534315	0.01847425602
	0.02768040437	0.04432583349	0.07044428377	0.1039995506	0.1353811411
	0.1496348401	0.1377500222	0.1061478173	0.0708438692	0.04361060411
	0.02696901679	0.01831877494	0.01438127856	0.01285651386	0.01245984019
	0.01255774382	0.01286106844	0.01324440588	0.01365518646	0.01407183089
	0.01448555711	0.01489277057	0.01529196375	0.01568247343	0.0160639859
	0.01643633909	0.0167994417	0.01715323879	0.01749769599	0.0178327917
	0.01815851271	0.01847485162	0.01878180515	0.01907937303	0.01936755719
	0.01964636129	0.01991579028	0.02017585016	0.02042654779	0.02066789072
	0.02089988713	0.0211225457	0.0213358756	0.02153988638	0.02173458798
	0.02191999066	0.02209610499	0.02226294178	0.02242051207	0.02256882713
	0.02270789837	0.02283773735	0.02295835574	0.0230697653	0.02317197787
	0.02326500531	0.02334885954	0.02342355259	0.02348909677	0.02354550526
	0.02359279373	0.02363098497	0.02366012191	0.02368030447	0.02369179393
	0.02369530947	0.01507714049	0.01507106523	0.01505390424	0.01502648779
	0.01498912815	0.01494195167	0.01488501736	0.01481835976	0.01474200437
	0.01465597339	0.01456028774	0.014454968	0.01434003483	0.01421550943
	0.01408141399	0.01393777243	0.01378461142	0.01362196179	0.01344986083
	0.01326835568	0.01307750899	0.01287740911	0.01266818973	0.01245007165
	0.01222345635	0.01198914418	0.01174884997	0.01150642048	0.01127066623
	0.01106177802	0.01092530775	0.0109609793	0.01137741711	0.01258359052
	0.01530901608	0.02067808747	0.0300215469	0.04406053866	0.0613168717
	0.07678216737	0.08340024565	0.07724371946	0.06145601164	0.04354528395
	0.02928481331	0.02024997846	0.01541496465	0.01320234481	0.01240304262
	0.01229532311	0.01250303281	0.01284601326	0.01324263588	0.01365721905
	0.01407447133	0.01448786269	0.01489456066	0.01529328813	0.01568343165
	0.01606467167	0.01643682714	0.016799788	0.01715348406	0.01749786951
	0.01783291434	0.01815859933	0.01847491277	0.0187818483	0.01907940347
	0.01936757868	0.01964637648	0.01991580105	0.02017585784	0.02042655331
	0.02066789476	0.02089989015	0.02112254804	0.0213358775	0.02153988802
	0.02173458948	0.02191999214	0.02209610651	0.02226294341	0.02242051389
	0.02256882919	0.02270790073	0.0228377401	0.02295835897	0.02306976913
	0.02317198243	0.02326501078	0.02334886619	0.02342356076	0.02348910697
	0.02354551827	0.02359281076	0.0236310079	0.02366015362	0.02368034872
	0.02369185335	0.02369537877	0.01507704137	0.01507099411	0.01505386033
	0.01502646116	0.01498911211	0.01494194265	0.01488501363	0.01481836059
	0.01474200972	0.0146559837	0.01456030399	0.01445499172	0.01434006828
	0.01421555583	0.01408147789	0.0139378602	0.01378473194	0.01362212749
	0.01345008898	0.01326867025	0.01307794301	0.01287800726	0.01266901036
	0.01245118461	0.01222492667	0.01199097292	0.0117507954	0.01150749743
	0.0112678127	0.01104644407	0.01087508359	0.01082002415	0.01101348023
	0.01170141435	0.01329698527	0.01639117499	0.02160743593	0.02914939178
	0.03805608937	0.04573228632	0.04883349183	0.04564225839	0.03770810445
	0.0285874982	0.02113072018	0.01627229373	0.01363206575	0.01245541467
	0.01210855795	0.01218682941	0.01246699747	0.01283658284	0.01324214656
	0.01365920978	0.01407675206	0.01448979948	0.01489605042	0.01529438644
	0.01568422528	0.01606523945	0.01643723123	0.01680007478	0.01715368725
	0.01749801331	0.01783301604	0.01815867121	0.01847496355	0.01878188417
	0.01907942881	0.0193675966	0.01964638918	0.01991581008	0.0201758643
	0.02042655798	0.02066789819	0.02089989273	0.02112255005	0.02133587914
	0.02153988943	0.02173459078	0.02191999339	0.02209610779	0.02226294478
	0.02242051539	0.02256883088	0.02270790267	0.02283774234	0.02295836159
	0.02306977222	0.02317198611	0.02326501521	0.02334887156	0.0234235674
	0.02348911535	0.02354552913	0.02359282534	0.02363102836	0.02366018372
	0.02368039455	0.023691922	0.02369546682	0.01507689503	0.01507091221
	0.01505381864	0.01502643862	0.01498909932	0.01494193568	0.01488501078
	0.01481836121	0.0147420137	0.01465599138	0.01456031606	0.01445500931
	0.01434009309	0.01421559025	0.01408152531	0.01393792537	0.01378482149
	0.01362225067	0.01345025868	0.01326890437	0.01307826618	0.01287845289
	0.01266962218	0.01245201541	0.01222602717	0.01199235125	0.01175229504
	0.01150845997	0.011266195	0.01103660945	0.01084252712	0.01072944759
	0.0107836565	0.01115708114	0.01208928659	0.01389658356	0.01687064342
	0.02102885594	0.02576518191	0.02970448498	0.03121473248	0.02952474669
	0.02542241977	0.02065191327	0.01666744162	0.01402322536	0.01259291527
	0.01200848974	0.01192868908	0.01211974174	0.01244479192	0.0128310897
	0.01324228006	0.01366085383	0.01407850409	0.0144912609	0.01489716774
	0.0152952084	0.0156848188	0.016065664	0.01643753343	0.0168002893
	0.0171538393	0.01749812097	0.01783309222	0.01815872509	0.01847500166
	0.01878191113	0.01907944789	0.01936761013	0.01964639879	0.01991581694
	0.02017586924	0.02042656158	0.02066790085	0.02089989476	0.02112255165
	0.02133588045	0.02153989057	0.02173459183	0.02191999441	0.02209610883
	0.02226294587	0.02242051658	0.0225688322	0.02270790416	0.02283774405
	0.02295836357	0.02306977454	0.02317198886	0.0232650185	0.02334887557
	0.02342357236	0.02348912165	0.02354553741	0.02359283675	0.0236310451
	0.0236602102	0.0236804396	0.02369200086	0.02369558705	0.01507665175
	0.01507082835	0.01505378759	0.01502642415	0.01498909153	0.01494193153
	0.01488500917	0.01481836172	0.01474201628	0.01465599621	0.01456032358
	0.01445502023	0.01434010844	0.01421561151	0.01408155456	0.01393796555
	0.01378487669	0.0136223266	0.01345036331	0.01326904875	0.01307846558
	0.01287872806	0.01267000043	0.01245253018	0.01222671202	0.01199321724
	0.01175326201	0.01150916697	0.01126550758	0.01103140172	0.01082482201
	0.01068009482	0.01065939021	0.01086668583	0.01145626369	0.01261601603
	0.01449421933	0.01704908575	0.01986994954	0.02214432191	0.0229777334
	0.02198231922	0.01960904738	0.016823943	0.01446231031	0.01288370119
	0.01205357495	0.01177146757	0.01183156479	0.01208304711	0.0124326057
	0.01282816331	0.01324249535	0.0136619035	0.01407959363	0.01449216461
	0.01489785784	0.01529571608	0.01568518553	0.01606592644	0.01643772032
	0.01680042203	0.01715393342	0.01749818766	0.01783313945	0.01815875854
	0.01847502535	0.01878192792	0.01907945982	0.01936761862	0.01964640487
	0.01991582132	0.02017587242	0.02042656393	0.02066790263	0.02089989614
	0.02112255277	0.0213358814	0.02153989141	0.0217345926	0.02191999516
	0.02209610959	0.02226294666	0.02242051743	0.02256883313	0.02270790519
	0.02283774521	0.0229583649	0.02306977608	0.02317199065	0.02326502063
	0.02334887813	0.02342357552	0.02348912568	0.02354554276	0.02359284433
	0.02363105679	0.02366023032	0.0236804789	0.02369208653	0.02369576771
	0.01507618894	0.01507078227	0.01505378211	0.01502642238	0.01498909035
	0.01494193088	0.01488500911	0.01481836227	0.01474201749	0.01465599816
	0.01456032643	0.01445502421	0.01434011388	0.01421561893	0.01408156467
	0.01393797932	0.01378489552	0.01362235242	0.01345039883	0.01326909775
	0.01307853333	0.01287882185	0.01267013017	0.01245270883	0.01222695493
	0.01199353762	0.01175365478	0.01150956037	0.01126563049	0.01103044333
	0.01082061128	0.01066725368	0.01062551241	0.01078527518	0.01127571885
	0.01224710758	0.01380622794	0.01589501438	0.01815985461	0.01994839843
	0.02057407576	0.01975945985	0.01786807334	0.01565238986	0.01376970303
	0.01251541023	0.01187390072	0.01168994641	0.01179698059	0.01206942864
	0.01242779779	0.01282682382	0.01324240203	0.01366218346	0.0140799295
	0.01449245652	0.01489808564	0.0152958856	0.01568530878	0.01606601498
	0.01643778352	0.016800467	0.01715396537	0.01749821034	0.01783315556
	0.01815876999	0.01847503351	0.01878193375	0.01907946401	0.01936762165
	0.01964640709	0.01991582297	0.02017587368	0.02042656491	0.02066790342
	0.0208998968	0.02112255334	0.02133588192	0.0215398919	0.02173459308
	0.02191999563	0.02209611006	0.02226294716	0.02242051794	0.02256883367
	0.02270790577	0.02283774583	0.02295836558	0.02306977682	0.02317199148
	0.02326502157	0.02334887922	0.02342357683	0.02348912731	0.02354554495
	0.02359284757	0.02363106228	0.02366024116	0.02368050418	0.02369215999
	0.02369607294	