3131	
	0.01501500832	0.01500821924	0.01499080548	0.0149632362	0.01492576219
	0.01487849318	0.01482148048	0.01475475357	0.01467833415	0.01459224141
	0.01449649385	0.01439111014	0.01427610952	0.01415151235	0.01401734073
	0.01387361955	0.01372037785	0.01355765096	0.01338548353	0.01320393394
	0.0130130809	0.01281303346	0.01260394692	0.01238604966	0.01215969148
	0.01192543636	0.01168424954	0.01143788496	0.01118969116	0.01094625608
	0.01072062987	0.01053822336	0.01044648764	0.01052800934	0.01091150627
	0.01176415647	0.01323515598	0.01532551704	0.01772374137	0.01976961091
	0.0207246687	0.02024072864	0.01859924522	0.01648386362	0.01454541692
	0.01313887535	0.01232404952	0.01199466948	0.01199983464	0.01220927369
	0.01253207727	0.01291236116	0.01331854245	0.01373374871	0.01414926815
	0.01456066177	0.01496564969	0.0153630266	0.01575212512	0.01613255465
	0.01650407394	0.01686652722	0.01721981086	0.01756385475	0.01789861126
	0.01822404829	0.0185401447	0.01884688717	0.01914426807	0.01943228396
	0.01971093449	0.01998022163	0.02024014917	0.02049072226	0.0207319472
	0.02096383115	0.02118638203	0.02139960838	0.02160351924	0.02179812413
	0.02198343293	0.02215945585	0.02232620338	0.02248368623	0.02263191531
	0.02277090164	0.02290065636	0.02302119064	0.02313251566	0.02323464256
	0.02332758236	0.02341134594	0.02348594404	0.02355138728	0.02360768662
	0.02365485458	0.02369290934	0.02372188649	0.02374187296	0.02375310102
	0.02375618259	0.01501454893	0.01500817147	0.01499079938	0.01496323398
	0.01492576039	0.01487849164	0.01482147919	0.01475475242	0.01467833301
	0.01459224011	0.0144964922	0.01439110786	0.01427610626	0.01415150763
	0.01401733387	0.01387360959	0.01372036345	0.01355763022	0.01338545379
	0.01320389147	0.01301302055	0.01281294818	0.01260382747	0.01238588479
	0.01215947	0.01192515457	0.01168393309	0.01143764773	0.01118988529
	0.01094783828	0.01072601635	0.01055318279	0.01048404922	0.01061576447
	0.01110324859	0.01215349323	0.01395973852	0.01653780555	0.0195069602
	0.02202852291	0.02315596088	0.02245826178	0.02032700959	0.01765179611
	0.01524317526	0.01351387844	0.01250799793	0.01207780998	0.01203452618
	0.0122224751	0.01253644119	0.01291338416	0.01331844813	0.01373336973
	0.0141488842	0.01456034782	0.01496541199	0.01536285238	0.01575199922
	0.01613246421	0.01650400909	0.01686648074	0.01721977753	0.01756383083
	0.01789859408	0.01822403595	0.01854013582	0.01884688079	0.0191442635
	0.0194322807	0.01971093217	0.01998022	0.02024014805	0.02049072152
	0.02073194673	0.02096383089	0.02118638193	0.02139960839	0.02160351936
	0.02179812432	0.02198343319	0.02215945617	0.02232620375	0.02248368665
	0.02263191577	0.02277090216	0.02290065693	0.02302119128	0.02313251638
	0.02323464336	0.02332758328	0.02341134701	0.02348594532	0.02355138889
	0.02360768877	0.02365485777	0.02369291473	0.0237218972	0.02374189833
	0.02375317554	0.0237564843	0.01501430667	0.01500808712	0.01499076687
	0.01496321777	0.01492575046	0.0148784847	0.01482147384	0.01475474784
	0.01467832862	0.01459223534	0.01449648642	0.01439110029	0.01427609587
	0.01415149297	0.01401731295	0.01387357959	0.01372032039	0.0135575685
	0.0133853655	0.01320376555	0.01301284155	0.01281269489	0.01260347146
	0.01238539012	0.01215879714	0.01192427749	0.01168289347	0.01143670796
	0.01118993425	0.01095141858	0.01073981057	0.01059372618	0.01059000119
	0.01087187778	0.01168073631	0.01336156165	0.01627174757	0.02050448916
	0.02546527352	0.02969416636	0.03148676901	0.0300920237	0.02628302069
	0.02167950659	0.01765339266	0.01481551837	0.01315280595	0.01237422854
	0.0121616565	0.01227311658	0.01255470554	0.01291883235	0.01331924263
	0.01373271545	0.01414794771	0.01455950271	0.01496474327	0.01536235088
	0.01575163218	0.01613219857	0.0165038178	0.01686634323	0.01721967869
	0.01756375974	0.01789854289	0.01822399902	0.01854010915	0.01884686149
	0.01914424951	0.01943227055	0.01971092481	0.01998021467	0.02024014419
	0.02049071875	0.02073194477	0.02096382953	0.02118638103	0.02139960784
	0.02160351908	0.02179812427	0.02198343331	0.02215945645	0.02232620418
	0.02248368722	0.02263191649	0.02277090302	0.02290065796	0.0230211925
	0.02313251782	0.02323464509	0.02332758534	0.02341134953	0.02348594844
	0.02355139288	0.02360769409	0.02365486531	0.0236929264	0.02372191735
	0.02374193766	0.02375326048	0.02375666292	0.01501415964	0.01500800405
	0.01499072301	0.01496319246	0.01492573417	0.01487847318	0.01482146491
	0.01475474021	0.0146783213	0.01459222744	0.01449647692	0.01439108794
	0.01427607898	0.01415146923	0.01401727912	0.01387353111	0.01372025084
	0.01355746881	0.01338522291	0.01320356212	0.01301255229	0.01281228538
	0.01260289563	0.01238458971	0.0121577084	0.01192286047	0.01168122555
	0.01143525178	0.01119026029	0.01095807059	0.01076492493	0.01066793452
	0.01078661133	0.01135599952	0.01279637837	0.01575206737	0.02096107363
	0.02873759729	0.03806043519	0.04606835517	0.04929598654	0.04626974432
	0.03869999947	0.02989978311	0.02245952989	0.01735239627	0.01438357657
	0.01293007515	0.01239683773	0.01236605863	0.01258827179	0.0129290948
	0.01332104812	0.01373184392	0.01414649989	0.01455815941	0.01496366959
	0.01536154202	0.01575103879	0.01613176856	0.01650350785	0.01686612025
	0.01721951832	0.01756364429	0.01789845966	0.01822393892	0.01854006566
	0.01884682995	0.01914422659	0.01943225386	0.01971091263	0.01998020578
	0.02024013771	0.02049071404	0.02073194137	0.02096382711	0.02118637934
	0.02139960673	0.02160351841	0.02179812396	0.02198343331	0.0221594567
	0.02232620467	0.02248368794	0.02263191745	0.02277090423	0.02290065945
	0.0230211943	0.02313252	0.02323464772	0.02332758855	0.02341135346
	0.02348595334	0.02355139913	0.02360770233	0.0236548767	0.02369294314
	0.02372194384	0.02374198257	0.02375333853	0.02375678201	0.01501405861
	0.01500793081	0.01499067619	0.01496316214	0.01492571345	0.01487845804
	0.014821453	0.01475472995	0.01467831146	0.01459221683	0.01449646422
	0.01439107147	0.0142760565	0.01415143764	0.01401723411	0.01387346659
	0.01372015821	0.01355733597	0.01338503277	0.0132032907	0.01301216616
	0.01281173857	0.01260212672	0.01238352166	0.01215625917	0.01192098744
	0.01167906771	0.01143354089	0.01119144787	0.01096929945	0.01080558102
	0.01078804189	0.01110923093	0.0121675803	0.01471718285	0.01999441467
	0.0295521056	0.04428110296	0.06241311793	0.07815342492	0.08420865868
	0.07759494033	0.06219916948	0.04500000861	0.03100229835	0.02171523553
	0.01643557426	0.01383150978	0.01276945005	0.01251073326	0.01264004214
	0.01294506818	0.01332417613	0.01373089739	0.01414462757	0.01455637961
	0.01496223655	0.01536045945	0.01575024364	0.01613119194	0.01650309203
	0.01686582098	0.01721930294	0.01756348915	0.01789834773	0.018223858
	0.01854000703	0.01884678736	0.01914419558	0.01943223122	0.01971089607
	0.01998019365	0.02024012881	0.02049070753	0.02073193662	0.02096382369
	0.02118637693	0.02139960508	0.02160351737	0.02179812341	0.02198343317
	0.02215945693	0.02232620523	0.02248368883	0.02263191865	0.02277090579
	0.02290066139	0.02302119669	0.0231325229	0.02323465124	0.02332759284
	0.02341135873	0.0234859599	0.02355140744	0.02360771313	0.02365489124
	0.02369296357	0.02372197389	0.02374202823	0.0237534066	0.02375686942
	0.01501398231	0.01500786765	0.01499063034	0.01496312966	0.01492568993
	0.01487844027	0.01482143874	0.01475471757	0.01467829957	0.01459220406
	0.01449644898	0.01439105175	0.01427602961	0.01415139985	0.01401718021
	0.01387338923	0.01372004704	0.01355717634	0.01338480407	0.01320296397
	0.01301170104	0.01281107968	0.01260120035	0.01238223653	0.01215452214
	0.01191876666	0.01167659394	0.01143189595	0.01119420658	0.01098696184
	0.01086717012	0.01097037797	0.01160739994	0.0134533694	0.01785907175
	0.02719127859	0.04469842834	0.07270415303	0.1082538394	0.1395342724
	0.1510403569	0.1366824488	0.1053234267	0.07173412799	0.04553805225
	0.02884857354	0.01966679217	0.01520372612	0.0133204381	0.01271981573
	0.01271380726	0.01296790759	0.01332903246	0.01373006656	0.01414244936
	0.01455424772	0.01496050628	0.01535914878	0.01574927993	0.01613049271
	0.01650258756	0.01686545772	0.01721904137	0.01756330059	0.01789821157
	0.01822375947	0.01853993554	0.01884673535	0.01914415764	0.01943220346
	0.01971087571	0.01998017868	0.0202401178	0.02049069943	0.02073193069
	0.02096381938	0.02118637385	0.02139960297	0.02160351601	0.02179812266
	0.02198343293	0.02215945715	0.02232620586	0.02248368986	0.0226319201
	0.02277090768	0.02290066377	0.02302119962	0.02313252649	0.02323465561
	0.02332759816	0.02341136525	0.02348596796	0.02355141755	0.02360772607
	0.0236549082	0.02369298645	0.02372200554	0.02374207231	0.02375346565
	0.02375693834	0.01501392075	0.01500781291	0.01499058705	0.01496309677
	0.01492566492	0.01487842074	0.01482142277	0.01475470359	0.01467828615
	0.01459218971	0.01449643195	0.0143910298	0.01427599969	0.0141513578
	0.01401712014	0.01387330289	0.01371992275	0.01355699761	0.01338454766
	0.01320259725	0.01301117855	0.01281033915	0.01260015944	0.01238079494
	0.01215258374	0.01191632457	0.0116740015	0.0114306681	0.011199299
	0.01101308014	0.01095580178	0.01123444763	0.01234385196	0.01541110958
	0.0228203641	0.03903998464	0.07076716988	0.123737572	0.1933646411
	0.2556389482	0.2775622958	0.2467021763	0.1831477883	0.1180408993
	0.06959989339	0.04013325565	0.02456512634	0.01720566747	0.01409814599
	0.01300717625	0.01281340077	0.01299870755	0.01333600192	0.01372954893
	0.01414009959	0.01455186382	0.01495855371	0.01535766537	0.01574818798
	0.01612969996	0.01650201533	0.01686504544	0.01721874428	0.01756308624
	0.01789805662	0.01822364719	0.01853985397	0.01884667591	0.01914411418
	0.0194321716	0.01971085227	0.0199801614	0.02024010504	0.02049069001
	0.02073192376	0.02096381432	0.02118637022	0.02139960044	0.02160351436
	0.02179812173	0.02198343261	0.02215945736	0.02232620657	0.02248369105
	0.02263192179	0.02277090989	0.02290066656	0.02302120307	0.02313253071
	0.02323466075	0.02332760442	0.02341137289	0.02348597735	0.0235514292
	0.02360774072	0.02365492694	0.02369301081	0.02372203752	0.02374211397
	0.02375351739	0.02375699556	0.01501386879	0.01500776485	0.01499054674
	0.01496306448	0.01492563932	0.01487840018	0.01482140569	0.01475468856
	0.01467827177	0.01459217444	0.01449641397	0.01439100673	0.01427596832
	0.01415131366	0.01401705698	0.01387321189	0.01371979146	0.01355680843
	0.01338427576	0.01320220778	0.01301062302	0.0128095513	0.01259905229
	0.01237926483	0.01215053975	0.01191379795	0.01167149443	0.01143019806
	0.01120742828	0.01104952101	0.0110773995	0.0116005542	0.01338915529
	0.01828172075	0.03039204062	0.05797797004	0.1145541427	0.2136282501
	0.3490009101	0.4723845571	0.5140410101	0.4487049733	0.3212159199
	0.1965357884	0.108382894	0.05743222287	0.0317305712	0.02001398971
	0.01515040664	0.013384696	0.01294154557	0.01303810775	0.01334531638
	0.01372950345	0.01413771116	0.01454933599	0.01495646245	0.01535607164
	0.01574701345	0.0161288467	0.01650139904	0.01686460108	0.01721842378
	0.01756285475	0.01789788906	0.0182235256	0.01853976546	0.01884661129
	0.01914406683	0.01943213679	0.0197108266	0.01998014241	0.02024009097
	0.02049067959	0.02073191606	0.02096380868	0.02118636615	0.0213995976
	0.02160351249	0.02179812066	0.02198343223	0.02215945758	0.02232620736
	0.0224836924	0.0226319237	0.0227709124	0.02290066974	0.02302120701
	0.02313253553	0.0232346666	0.02332761152	0.02341138151	0.02348598787
	0.02355144212	0.02360775672	0.02365494692	0.02369303594	0.02372206914
	0.02374215306	0.02375356344	0.02375704491	0.01501382353	0.01500772201
	0.01499050934	0.01496303329	0.01492561378	0.0148783792	0.01482138804
	0.01475467299	0.01467825698	0.01459215895	0.01449639593	0.01439098374
	0.01427593713	0.01415126974	0.01401699398	0.01387312085	0.0137196597
	0.01355661802	0.01338400143	0.01320181404	0.01301006051	0.01280875282
	0.01259793041	0.01237771821	0.01214849017	0.01191132476	0.01166926381
	0.01143076489	0.01121908732	0.01109752704	0.0112362373	0.01208535593
	0.01480908525	0.02231786229	0.04150072558	0.0871780871	0.1858128107
	0.3676852037	0.626715808	0.8677661564	0.9462591132	0.8114197745
	0.5603679629	0.3259822486	0.1689267856	0.08300660262	0.04180272653
	0.02378857163	0.01651129959	0.01385773637	0.0130984082	0.01308584936
	0.01335691929	0.01373000693	0.01413539937	0.01454677275	0.01495432039
	0.01535443424	0.01574580532	0.01612796835	0.01650076413	0.01686414285
	0.01721809289	0.01756261541	0.01789771553	0.01822339942	0.01853967342
	0.01884654391	0.01914401733	0.01943210028	0.01971079958	0.01998012236
	0.02024007606	0.0204906685	0.02073190784	0.02096380263	0.02118636177
	0.02139959452	0.02160351047	0.0217981195	0.02198343181	0.02215945783
	0.02232620823	0.02248369388	0.02263192581	0.02277091519	0.02290067327
	0.02302121138	0.02313254087	0.02323467309	0.02332761936	0.023411391
	0.02348599935	0.02355145606	0.02360777372	0.02365496772	0.02369306139
	0.02372210004	0.02374218977	0.02375360511	0.0237570887	0.01501378316
	0.01500768327	0.01499047458	0.01496300343	0.0149255887	0.01487835823
	0.01482137027	0.01475465738	0.01467824234	0.01459214389	0.0144963787
	0.01439096204	0.01427590779	0.01415122839	0.01401693447	0.01387303446
	0.01371953411	0.01355643581	0.013383738	0.01320143484	0.01300951759
	0.0128079811	0.01259684616	0.0123762277	0.01214653383	0.01190903456
	0.01166746691	0.01143253014	0.01123438516	0.01115713538	0.01143294788
	0.01269508942	0.01664226013	0.02771445575	0.05701587911	0.1301206159
	0.2967050516	0.6207095066	1.101961175	1.559513034	1.704982099
	1.438562142	0.9597172304	0.5314501621	0.2595977321	0.1191497527
	0.05529711074	0.02861322375	0.01818217897	0.01441954276	0.01328003782
	0.01314035395	0.01337035144	0.01373102002	0.01413324905	0.01454427642
	0.01495221544	0.01535282107	0.01574461376	0.01612710129	0.01650013672
	0.01686368944	0.01721776495	0.01756237775	0.01789754283	0.01822327353
	0.01853958132	0.01884647628	0.01914396747	0.01943206337	0.01971077216
	0.01998010192	0.02024006079	0.02049065708	0.02073189933	0.02096379634
	0.0211863572	0.02139959131	0.02160350835	0.0217981183	0.02198343139
	0.02215945812	0.0223262092	0.02248369551	0.02263192812	0.02277091823
	0.02290067712	0.02302121614	0.02313254668	0.02323468013	0.02332762785
	0.0234114012	0.02348601162	0.02355147081	0.02360779146	0.02365498902
	0.02369308685	0.02372213011	0.02374222443	0.02375364341	0.02375712846
	0.01501374649	0.01500764778	0.01499044212	0.01496297494	0.01492556434
	0.01487833764	0.01482135278	0.01475464215	0.01467822837	0.01459212992
	0.01449636315	0.01439094278	0.01427588194	0.0141511919	0.01401688165
	0.01387295727	0.01371942116	0.01355627095	0.01338349842	0.01320108854
	0.01300902015	0.01280727256	0.01259585038	0.01237486307	0.01214476315
	0.01190703958	0.01166620868	0.01143548811	0.01125288448	0.01122658915
	0.01166230355	0.01341713898	0.01886846352	0.03449305776	0.077350448
	0.1893421768	0.4584452221	1.009623533	1.860829434	2.686276345
	2.947697881	2.457032545	1.589863321	0.8402599292	0.3880253695
	0.1673526078	0.07232391376	0.03441249672	0.02010931088	0.01504568437
	0.01347708064	0.01319844643	0.01338469318	0.01373237259	0.01413130781
	0.01454193826	0.01495023175	0.01535129837	0.01574348802	0.01612628125
	0.01649954249	0.01686325922	0.01721745309	0.01756215115	0.01789737768
	0.01822315272	0.01853949261	0.01884641086	0.01914391901	0.01943202732
	0.01971074524	0.01998008174	0.02024004564	0.0204906457	0.02073189081
	0.02096379002	0.02118635259	0.02139958806	0.02160350621	0.02179811709
	0.021983431	0.02215945847	0.02232621025	0.02248369727	0.02263193061
	0.0227709215	0.02290068125	0.02302122125	0.0231325529	0.02323468764
	0.02332763687	0.02341141201	0.02348602453	0.02355148619	0.02360780973
	0.02365501063	0.02369311218	0.02372215936	0.02374225737	0.02375367912
	0.02375716523	0.01501371265	0.01500761485	0.01499041162	0.01496294778
	0.01492554083	0.01487831765	0.01482133588	0.01475462769	0.01467821551
	0.01459211763	0.01449635005	0.01439092704	0.01427586105	0.01415116235
	0.0140168385	0.01387289351	0.01371932683	0.01355613194	0.01338329477
	0.01320079219	0.01300859229	0.01280666102	0.01259499002	0.01237368797
	0.01214325943	0.01190542772	0.01166552946	0.01143943653	0.01127350239
	0.01130193063	0.01191144253	0.01421223469	0.02137462878	0.04235637532
	0.1018601037	0.2641126256	0.6733080235	1.550577605	2.948986172
	4.32519943	4.769913718	3.955034537	2.502150867	1.26933223
	0.5565750842	0.2269060845	0.09221170586	0.04086171432	0.02216478303
	0.01569061943	0.01367435364	0.01325537353	0.01339860011	0.01373377728
	0.01412958749	0.01453983588	0.0149484465	0.01534992799	0.01574247429
	0.01612554181	0.01649900557	0.01686286947	0.01721716966	0.01756194444
	0.01789722637	0.01822304152	0.01853941052	0.01884634998	0.01914387365
	0.01943199336	0.0197107197	0.01998006247	0.02024003107	0.02049063469
	0.02073188251	0.02096378382	0.02118634805	0.02139958485	0.0216035041
	0.02179811592	0.02198343066	0.02215945889	0.0223262114	0.02248369915
	0.02263193325	0.02277092496	0.02290068562	0.02302122664	0.02313255946
	0.02323469554	0.02332764634	0.0234114233	0.02348603793	0.02355150204
	0.02360782837	0.02365503239	0.0236931373	0.02372218787	0.02374228893
	0.02375371288	0.02375719981	0.01501368098	0.01500758392	0.01499038274
	0.01496292183	0.01492551823	0.01487829843	0.01482131979	0.01475461429
	0.01467820417	0.01459210751	0.01449634007	0.01439091574	0.01427584642
	0.01415114158	0.01401680761	0.01387284686	0.01371925637	0.01355602623
	0.01338313759	0.01320056078	0.01300825514	0.01280617614	0.01259430605
	0.01237275706	0.01214208926	0.01190425867	0.01166540305	0.01144398245
	0.0112945332	0.01137701622	0.01215952631	0.01501130618	0.02393461401
	0.05057465042	0.12825615	0.3476619886	0.9232755354	2.20216842
	4.28495656	6.348528249	7.041450007	5.857262365	3.665377847
	1.80185825	0.7554828217	0.2932194371	0.1131623756	0.04733104115
	0.02414184314	0.01628912904	0.01385189875	0.01330524725	0.01341045674
	0.01373487511	0.01412807433	0.01453803313	0.0149469275	0.01534876498
	0.0157416138	0.01612491294	0.01649854752	0.01686253561	0.01721692568
	0.0175617655	0.01789709457	0.01822294398	0.01853933797	0.01884629573
	0.01914383288	0.01943196257	0.01971069634	0.01998004469	0.0202400175
	0.02049062435	0.02073187466	0.02096377793	0.02118634372	0.02139958179
	0.0216035021	0.02179811484	0.02198343039	0.02215945939	0.02232621264
	0.02248370114	0.02263193603	0.02277092859	0.02290069019	0.02302123226
	0.02313256629	0.02323470376	0.02332765616	0.02341143496	0.02348605172
	0.02355151824	0.02360784726	0.02365505422	0.0236931622	0.02372221576
	0.02374231942	0.02375374518	0.02375723277	0.01501365092	0.01500755452
	0.01499035516	0.01496289693	0.01492549651	0.01487828006	0.01482130469
	0.01475460219	0.01467819464	0.01459209997	0.01449633376	0.01439090962
	0.01427583908	0.01415113105	0.01401679107	0.01387282029	0.01371921401
	0.01355595986	0.01338303552	0.01320040653	0.01300802599	0.0128058421
	0.01259383167	0.01237211369	0.01214130214	0.01190356383	0.01166574728
	0.01144859251	0.01131383542	0.0114441512	0.01237977159	0.01572151473
	0.02622448762	0.05800760625	0.1525155774	0.4260831971	1.163662854
	2.842238381	5.609087392	8.34963725	9.311241571	7.82321588
	4.900715395	2.362865959	0.9568221302	0.3568230452	0.1321926623
	0.0529226989	0.0257769186	0.01676487623	0.01398786179	0.01334194353
	0.01341864179	0.01373530838	0.0141267459	0.01453658186	0.01494573148
	0.01534785548	0.01574094109	0.01612441975	0.01649818635	0.01686227054
	0.01721673041	0.01756162096	0.01789698702	0.01822286352	0.01853927742
	0.01884624991	0.019143798	0.01943193589	0.01971067584	0.01998002889
	0.02024000531	0.02049061495	0.02073186746	0.02096377247	0.02118633968
	0.02139957893	0.02160350025	0.02179811387	0.02198343022	0.02215945998
	0.02232621397	0.02248370323	0.02263193892	0.02277093235	0.02290069491
	0.02302123807	0.02313257333	0.02323471222	0.02332766624	0.0234114469
	0.02348606577	0.02355153467	0.02360786632	0.02365507607	0.02369318691
	0.02372224318	0.02374234914	0.02375377646	0.02375726461	0.01501362202
	0.01500752621	0.01499032857	0.01496287291	0.01492547561	0.01487826257
	0.01482129067	0.01475459153	0.01467818713	0.01459209529	0.01449633148
	0.01439090921	0.01427583978	0.0141511318	0.01401679036	0.01387281593
	0.01371920282	0.01355593723	0.01338299481	0.01320033835	0.01300791745
	0.01280567652	0.0125935908	0.0123717883	0.01214092963	0.01190334987
	0.01166644616	0.01145268502	0.01132917866	0.01149536465	0.01254412603
	0.01624351834	0.02788680388	0.06334451266	0.1697675958	0.4814718335
	1.33330465	3.297402077	6.559690286	9.791681342	10.9742041
	9.332453533	5.89578468	2.819975258	1.116113823	0.4045659958
	0.1456503132	0.05664740737	0.02680362839	0.01704604727	0.01406289055
	0.01336031576	0.01342185616	0.01373480558	0.01412559059	0.01453552453
	0.01494490282	0.01534723503	0.01574048256	0.01612408134	0.01649793581
	0.01686208412	0.01721659089	0.01756151589	0.01789690739	0.01822280277
	0.01853923078	0.01884621389	0.01914377003	0.01943191406	0.01971065874
	0.01998001547	0.02023999478	0.02049060671	0.02073186107	0.02096376759
	0.02118633605	0.02139957636	0.0216034986	0.02179811304	0.02198343017
	0.02215946066	0.02232621539	0.0224837054	0.0226319419	0.0227709362
	0.02290069974	0.02302124399	0.02313258051	0.02323472083	0.02332767649
	0.02341145902	0.02348608	0.02355155126	0.02360788547	0.02365509793
	0.02369321148	0.02372227029	0.02374237836	0.02375380709	0.02375729573
	0.01501359381	0.0150074986	0.01499030264	0.01496284955	0.01492545543
	0.01487824594	0.01482127777	0.01475458241	0.01467818175	0.01459209361
	0.01449633345	0.01439091477	0.01427584888	0.01415114438	0.01401680629
	0.01387283496	0.01371922452	0.01355596082	0.01338301906	0.01320036143
	0.01300793686	0.01280568965	0.01259359718	0.01237179747	0.01214098559
	0.01190360481	0.011667379	0.01145574538	0.01133868171	0.01152406553
	0.01262962006	0.01649640359	0.02863119213	0.06552115155	0.1760504965
	0.4991920964	1.381730726	3.423632411	6.844007656	10.27002396
	11.57937965	9.9409286	6.337091257	3.030848371	1.18703213
	0.4238553896	0.1503585584	0.0577202642	0.02702776439	0.01708425483
	0.01406490834	0.01335740273	0.01341942685	0.01373325551	0.0141246237
	0.01453489613	0.0149444725	0.01534692721	0.01574025539	0.01612391008
	0.01649780476	0.01686198272	0.01721651172	0.01756145361	0.01789685807
	0.01822276349	0.01853919934	0.01884618862	0.01914374965	0.0194318976
	0.01971064543	0.01998000472	0.02023998613	0.0204905998	0.02073185561
	0.02096376336	0.02118633287	0.02139957411	0.02160349718	0.02179811239
	0.02198343024	0.02215946144	0.02232621688	0.02248370764	0.02263194494
	0.02277094012	0.02290070463	0.02302124999	0.02313258776	0.02323472952
	0.02332768683	0.02341147123	0.02348609432	0.02355156792	0.02360790466
	0.02365511978	0.02369323598	0.02372229724	0.02374240732	0.02375383739
	0.0237573265	0.01501356589	0.01500747128	0.01499027706	0.01496282662
	0.01492543583	0.01487823011	0.01482126597	0.01475457482	0.01467817853
	0.01459209496	0.01449633968	0.01439092633	0.01427586643	0.01415116884
	0.01401683895	0.01387287756	0.01371927939	0.01355603112	0.01338310906
	0.01320047695	0.01300808599	0.01280588393	0.01259385379	0.01237214357
	0.01214146721	0.01190430481	0.01166844873	0.01145743466	0.011341219
	0.01152657584	0.01262426415	0.01644097861	0.02832917775	0.06411724628
	0.170007242	0.4749795814	1.295929262	3.183078759	6.374636282
	9.654021814	10.97520749	9.472411835	6.071464764	2.917616146
	1.144381318	0.4084398737	0.1449484941	0.05585893362	0.02639397566
	0.01686960682	0.01399256149	0.01333322338	0.01341148888	0.01373074697
	0.01412389457	0.01453472438	0.01494445711	0.01534694263	0.01574026674
	0.01612391098	0.0164977968	0.01686196896	0.01721649484	0.01756143556
	0.01789684015	0.01822274649	0.01853918372	0.01884617457	0.01914373724
	0.01943188679	0.01971063614	0.01997999683	0.02023997951	0.02049059432
	0.02073185117	0.02096375985	0.02118633021	0.02139957222	0.02160349602
	0.02179811191	0.02198343043	0.02215946231	0.02232621844	0.02248370993
	0.02263194801	0.02277094406	0.02290070954	0.023021256	0.02313259503
	0.02323473822	0.02332769717	0.02341148344	0.02348610864	0.02355158458
	0.02360792386	0.02365514163	0.02369326048	0.02372232419	0.02374243629
	0.02375386769	0.02375735727	0.0150135378	0.01500744384	0.01499025148
	0.01496280388	0.01492541665	0.01487821496	0.0148212552	0.0147545687
	0.01467817738	0.01459209922	0.01449634999	0.01439094363	0.01427589207
	0.01415120471	0.0140168877	0.01387294285	0.01371936627	0.01355614657
	0.01338326269	0.01320068205	0.0130083609	0.01280625389	0.01259435283
	0.01237281504	0.01214235637	0.01190541951	0.01166960159	0.01145765887
	0.01133666476	0.01150299676	0.01253015365	0.01609102255	0.02705520399
	0.0595054694	0.153414837	0.4167476424	1.106350802	2.662891053
	5.307574393	8.113389751	9.313748425	8.060922068	5.182807738
	2.51426051	0.9995536444	0.3620001285	0.130575177	0.05141772954
	0.02500999846	0.01643487876	0.01385586053	0.01329084358	0.01339897757
	0.01372755955	0.01412348171	0.01453502735	0.01494485766	0.01534727836
	0.01574051346	0.01612408155	0.01649791014	0.01686204162	0.01721653944
	0.01756146124	0.01789685333	0.01822275161	0.01853918383	0.01884617172
	0.01914373281	0.01943188167	0.0197106309	0.01997999182	0.02023997495
	0.02049059032	0.02073184778	0.02096375709	0.02118632809	0.02139957072
	0.02160349513	0.02179811163	0.02198343076	0.02215946326	0.02232622005
	0.02248371224	0.02263195109	0.02277094798	0.02290071442	0.02302126196
	0.02313260223	0.02323474685	0.02332770743	0.02341149557	0.02348612288
	0.02355160117	0.02360794301	0.02365516349	0.02369328505	0.02372235129
	0.0237424655	0.02375389832	0.02375738839	0.01501350906	0.01500741584
	0.01499022555	0.01496278107	0.0149253977	0.01487820038	0.01482124535
	0.01475456394	0.01467817815	0.01459210616	0.01449636404	0.01439096617
	0.01427592509	0.01415125101	0.01401695118	0.01387302897	0.0137194826
	0.01355630362	0.01338347504	0.01320096991	0.01300875214	0.01280678637
	0.01259507605	0.01237378698	0.01214362086	0.01190691459	0.01167083234
	0.0114565781	0.01132589464	0.0114570949	0.01236254386	0.01550753288
	0.02505391329	0.05267297393	0.1302473829	0.3400305331	0.8684209415
	2.024252754	3.972333001	6.089090094	7.044743188	6.114411021
	3.952157932	1.949393896	0.7952541732	0.2965871859	0.1104691203
	0.04526325278	0.02311270388	0.0158462394	0.01367362436	0.01323566345
	0.01338342775	0.01372410668	0.01412347675	0.01453580919	0.01494565862
	0.0153479178	0.01574098214	0.01612441184	0.01649813768	0.0168621957
	0.01721664204	0.01756152822	0.01789689594	0.01822277772	0.01853919891
	0.01884617957	0.01914373602	0.01943188201	0.01971062958	0.01997998963
	0.02023997241	0.02049058778	0.02073184544	0.02096375509	0.0211863265
	0.0213995696	0.02160349451	0.02179811153	0.02198343121	0.02215946429
	0.02232622169	0.02248371455	0.02263195413	0.02277095185	0.02290071922
	0.02302126782	0.02313260931	0.02323475533	0.02332771753	0.02341150752
	0.02348613695	0.02355161761	0.02360796207	0.02365518535	0.02369330977
	0.02372237872	0.02374249522	0.0237539296	0.02375742023	0.01501347916
	0.01500738679	0.01499019887	0.01496275791	0.01492537881	0.01487818623
	0.0148212363	0.01475456036	0.01467818059	0.01459211541	0.01449638131
	0.01439099324	0.01427596447	0.01415130628	0.01401702738	0.01387313311
	0.01371962447	0.01355649685	0.01338373859	0.01320133006	0.01300924511
	0.01280746108	0.01259599557	0.0123750222	0.01214521539	0.01190875111
	0.0116721744	0.01145455471	0.0113105519	0.01139528605	0.01214544678
	0.01477948056	0.02265502233	0.0448417286	0.1049925302	0.2608034103
	0.6350157766	1.418866399	2.708014972	4.11574058	4.772126975
	4.158599846	2.718244861	1.375877782	0.5828310941	0.2268463795
	0.08857906085	0.03845735864	0.02099232305	0.0151845697	0.01346873263
	0.01317417919	0.01336664486	0.01372084798	0.01412396176	0.01453705484
	0.01494682719	0.01534883106	0.01574164965	0.01612488495	0.01649846732
	0.01686242266	0.01721679665	0.01756163234	0.01789696507	0.01822282279
	0.01853922758	0.01884619716	0.01914374623	0.0194318874	0.01971063189
	0.01997999006	0.02023997177	0.02049058661	0.0207318441	0.02096375381
	0.02118632544	0.02139956886	0.02160349415	0.02179811162	0.02198343178
	0.02215946538	0.02232622335	0.02248371684	0.02263195712	0.02277095563
	0.02290072389	0.02302127352	0.02313261619	0.02323476359	0.02332772737
	0.02341151921	0.02348615075	0.02355163382	0.02360798097	0.02365520718
	0.02369333467	0.02372240662	0.02374252572	0.02375396191	0.0237574532
	0.01501344745	0.01500735612	0.01499017103	0.01496273412	0.01492535979
	0.01487817237	0.0148212279	0.01475455778	0.0146781844	0.01459212654
	0.01449640116	0.01439102387	0.01427600887	0.01415136868	0.0140171137
	0.01387325165	0.01371978684	0.01355671923	0.01338404351	0.01320174879
	0.01300982068	0.0128082515	0.01259707502	0.01237647257	0.01214708234
	0.0119108823	0.01167367875	0.01145205939	0.01129266575	0.01132512283
	0.01190566108	0.01400019099	0.02017982303	0.03710120677	0.08124264349
	0.1903301508	0.4388310163	0.9330314679	1.714701203	2.554804936
	2.947897108	2.581262868	1.717272902	0.8998223688	0.3996871356
	0.164180214	0.06817827189	0.03192682579	0.01891250493	0.01452556068
	0.01326303385	0.01311265128	0.01335035238	0.01371819664	0.01412498625
	0.01453872558	0.01494831349	0.01534997597	0.01574248411	0.01612547773
	0.01649888258	0.01686271084	0.01721699505	0.0175617678	0.01789705668
	0.01822288401	0.01853926786	0.01884622312	0.01914376249	0.01943189717
	0.01971063739	0.01997999282	0.02023997283	0.02049058668	0.02073184367
	0.0209637532	0.02118632487	0.02139956847	0.02160349404	0.02179811186
	0.02198343244	0.02215946651	0.02232622501	0.02248371908	0.02263196002
	0.02277095927	0.02290072839	0.023021279	0.02313262282	0.02323477154
	0.02332773688	0.02341153052	0.02348616417	0.02355164968	0.02360799962
	0.02365522895	0.02369335979	0.02372243513	0.02374255729	0.02375399568
	0.02375748778	0.01501341318	0.01500732317	0.01499014156	0.01496270945
	0.0149253405	0.0148781587	0.01482122001	0.01475455597	0.01467818924
	0.01459213902	0.01449642281	0.01439105698	0.01427605674	0.014151436
	0.01401720706	0.01387338031	0.01371996372	0.01355696238	0.0133843781
	0.01320220975	0.01301045606	0.01280912595	0.01259827104	0.01237808073
	0.01214915277	0.01191324957	0.01167538873	0.01144956473	0.01127424516
	0.01125379963	0.01166737592	0.01324825189	0.01787581193	0.03019803995
	0.0610961286	0.1338403649	0.2906837722	0.5855366875	1.029847629
	1.492321595	1.703756894	1.499186533	1.019907185	0.5566472473
	0.2610520119	0.1142318775	0.05115709123	0.0262717753	0.01705890355
	0.01392586225	0.01307358431	0.01305607755	0.01333591284	0.01371644612
	0.01412655014	0.0145407568	0.01495005169	0.01535129973	0.01574344625
	0.01612616186	0.01649936326	0.01686304594	0.01721722716	0.01756192753
	0.01789716579	0.01822295788	0.01853931732	0.01884625576	0.01914378363
	0.01943191051	0.01971064551	0.01997999751	0.02023997532	0.02049058782
	0.02073184403	0.02096375318	0.02118632472	0.02139956839	0.02160349415
	0.02179811225	0.02198343318	0.02215946766	0.02232622663	0.02248372124
	0.02263196279	0.02277096274	0.02290073266	0.02302128421	0.02313262911
	0.0232347791	0.02332774594	0.02341154135	0.02348617709	0.02355166507
	0.0236080179	0.02365525056	0.02369338513	0.02372246439	0.02374259024
	0.02375403141	0.02375752458	0.01501337538	0.01500728715	0.01499011001
	0.01496268366	0.01492532084	0.01487814515	0.01482121253	0.01475455472
	0.01467819475	0.01459215228	0.01449644542	0.01439109135	0.01427610635
	0.0141515058	0.01401730405	0.01387351429	0.01372014842	0.01355721696
	0.01338472928	0.01320269466	0.01301112572	0.01281004902	0.01259953506
	0.01237978219	0.01215134789	0.01191577945	0.0116773181	0.01144745492
	0.01125695527	0.0111870681	0.01144873702	0.01257749969	0.01589200467
	0.02450097434	0.04527264633	0.09188987785	0.1870647961	0.3560703474
	0.597699063	0.8389759051	0.9446127907	0.8351900708	0.5824851824
	0.3322663855	0.1653044706	0.0777359559	0.03808216498	0.02174503175
	0.01552626546	0.01341809982	0.01291098467	0.01300767694	0.01332417718
	0.01371573054	0.01412859617	0.01454305876	0.01495196245	0.01535274116
	0.01574449118	0.01612690509	0.01649988645	0.01686341175	0.01721748152
	0.01756210344	0.01789728672	0.01822304042	0.01853937315	0.01884629312
	0.01914380827	0.01943192647	0.01971065561	0.01998000369	0.02023997894
	0.02049058982	0.02073184504	0.02096375364	0.02118632495	0.02139956858
	0.02160349445	0.02179811276	0.02198343397	0.02215946881	0.02232622821
	0.0224837233	0.02263196541	0.022770966	0.02290073666	0.02302128908
	0.023132635	0.0232347862	0.02332775446	0.02341155159	0.02348618938
	0.02355167983	0.02360803565	0.02365527188	0.0236934106	0.02372249447
	0.02374262492	0.02375406974	0.02375756436	0.01501333271	0.01500724705
	0.01499007587	0.01496265664	0.01492530085	0.01487813175	0.01482120539
	0.01475455384	0.01467820056	0.01459216572	0.0144964681	0.01439112568
	0.01427615586	0.01415157551	0.01401740105	0.01387364853	0.01372033383
	0.01355747301	0.01338508315	0.01320318406	0.01301180253	0.012810983
	0.01260081532	0.01238150781	0.01215358129	0.01191838282	0.01167943761
	0.01144596975	0.01124193452	0.01112872412	0.01126069249	0.01201584426
	0.01428699503	0.02007819567	0.03356406588	0.06248132825	0.1185124557
	0.2126636524	0.340353593	0.4621885312	0.5125933658	0.4554482914
	0.3260449772	0.1947872202	0.1032778549	0.05271606471	0.0286529746
	0.01833944807	0.01433379316	0.01301321205	0.01277961592	0.01296887058
	0.01331546643	0.01371602117	0.01413101262	0.01454552065	0.01495395652
	0.01535423342	0.0157455704	0.01612767272	0.01650042747	0.01686379078
	0.01721774579	0.01756228683	0.01789741332	0.01822312729	0.01853943233
	0.01884633307	0.01914383494	0.01943194402	0.01971066695	0.01998001086
	0.02023998335	0.02049059243	0.02073184654	0.02096375449	0.02118632546
	0.02139956897	0.02160349488	0.02179811335	0.0219834348	0.02215946994
	0.02232622971	0.02248372523	0.02263196784	0.02277096901	0.02290074035
	0.02302129357	0.02313264042	0.02323479274	0.02332776235	0.0234115611
	0.02348620088	0.02355169379	0.02360805266	0.02365529268	0.02369343605
	0.02372252538	0.02374266167	0.02375411146	0.0237576082	0.01501328325
	0.01500720163	0.01499003873	0.01496262841	0.01492528068	0.01487811861
	0.01482119859	0.01475455317	0.01467820632	0.01459217877	0.01449648996
	0.01439115868	0.01427620342	0.01415164251	0.01401749438	0.01387377786
	0.01372051273	0.01355772045	0.01338542557	0.01320365818	0.01301245887
	0.01281188954	0.01260205906	0.0123831866	0.01215576217	0.01192095714
	0.01168167238	0.01144518836	0.01122975705	0.01108061544	0.0111076363
	0.01156992033	0.01305381675	0.01681166652	0.02530246985	0.04276284529
	0.0749848085	0.1263911178	0.1926736143	0.2530859068	0.2765050636
	0.2470373316	0.1817542976	0.1140291328	0.06485249488	0.03635734003
	0.02217968199	0.01590288739	0.01345196177	0.01270659982	0.01267903998
	0.01293960548	0.01330965249	0.01371715145	0.01413364437	0.01454801707
	0.01495593908	0.01535570715	0.01574663402	0.01612842916	0.01650096106
	0.01686416515	0.01721800731	0.01756246876	0.0178975393	0.01822321408
	0.01853949174	0.01884637342	0.0191438621	0.01943196209	0.0197106788
	0.0199800185	0.02023998817	0.02049059541	0.02073184835	0.0209637556
	0.02118632618	0.02139956953	0.02160349543	0.02179811399	0.02198343563
	0.02215947103	0.0223262311	0.022483727	0.02263197006	0.02277097174
	0.02290074369	0.02302129761	0.02313264531	0.02323479864	0.02332776949
	0.02341156975	0.02348621142	0.02355170672	0.02360806866	0.02365531266
	0.02369346119	0.02372255702	0.02374270081	0.02375415761	0.02375765764
	0.01501322393	0.01500714926	0.01498999837	0.01496259932	0.01492526074
	0.01487810601	0.01482119223	0.01475455261	0.01467821172	0.01459219087
	0.01449651013	0.01439118909	0.01427624722	0.01415170425	0.01401758045
	0.01387389728	0.01372067811	0.01355794942	0.01338574276	0.01320409778
	0.01301306787	0.01281273126	0.01260321477	0.01238474879	0.01215779923
	0.01192339157	0.01168390928	0.01144504714	0.01122050793	0.01104300127
	0.01098905354	0.01123210222	0.01214775997	0.01449897548	0.01969767839
	0.03000400523	0.0481990303	0.07587487286	0.1099197077	0.1396123499
	0.1503430814	0.13524274	0.1025177229	0.06787988562	0.04179899343
	0.02604383334	0.01790896621	0.01423168439	0.01282800719	0.01248489981
	0.01260578479	0.01291883039	0.01330629114	0.01371885887	0.01413630916
	0.01455041624	0.01495781473	0.01535709376	0.01574763301	0.01612913953
	0.01650146246	0.01686451731	0.01721825367	0.01756264046	0.01789765848
	0.0182232964	0.01853954829	0.01884641202	0.01914388822	0.0194319796
	0.01971069041	0.01998002609	0.02023999306	0.02049059852	0.02073185031
	0.02096375684	0.02118632702	0.02139957018	0.02160349603	0.02179811466
	0.02198343644	0.02215947204	0.02232623238	0.0224837286	0.02263197203
	0.02277097416	0.02290074662	0.02302130117	0.02313264961	0.02323480384
	0.02332777578	0.02341157742	0.02348622083	0.02355171838	0.02360808332
	0.0236553314	0.02369348554	0.02372258902	0.02374274254	0.02375420953
	0.02375771502	0.01501314944	0.01500708804	0.01498995507	0.01496257021
	0.01492524173	0.01487809438	0.01482118648	0.01475455211	0.01467821649
	0.01459220151	0.01449652784	0.01439121574	0.01427628561	0.01415175837
	0.01401765596	0.01387400212	0.01372082342	0.01355815079	0.01338602192
	0.01320448492	0.01301360452	0.01281347338	0.01260423442	0.01238612889
	0.01215960526	0.01192557415	0.01168601163	0.01144538077	0.01121392419
	0.01101507442	0.01090144646	0.0109873464	0.01150927483	0.01292363145
	0.01602601434	0.02199809654	0.03213705794	0.04690829258	0.06431321125
	0.07887971396	0.08377539277	0.07605665585	0.05967057651	0.04202203157
	0.02831058075	0.01973569894	0.01518737789	0.01312833055	0.01240429829
	0.01233152247	0.01255496959	0.0129049713	0.01330476537	0.01372083195
	0.01413881574	0.0145525886	0.01495949245	0.01535832863	0.01574852142
	0.01612977117	0.01650190849	0.01686483085	0.01721847327	0.01756279371
	0.01789776504	0.01822337018	0.01853959912	0.01884644683	0.0191439119
	0.01943199557	0.01971070108	0.01998003314	0.02023999767	0.02049060151
	0.02073185224	0.02096375812	0.02118632791	0.02139957087	0.02160349666
	0.02179811532	0.0219834372	0.02215947297	0.02232623352	0.02248373
	0.02263197373	0.02277097623	0.02290074913	0.02302130419	0.02313265326
	0.02323480825	0.02332778113	0.02341158396	0.0234862289	0.0235517285
	0.02360809626	0.02365534836	0.02369350841	0.02372262067	0.02374278673
	0.02375426888	0.02375778424	0.01501304957	0.01500701612	0.01498991032
	0.01496254269	0.01492522474	0.01487808434	0.0148211816	0.01475455168
	0.01467822043	0.01459221028	0.01449654239	0.01439123763	0.01427631713
	0.0141518028	0.01401771798	0.01387408829	0.01372094292	0.01355831649
	0.01338625175	0.01320480381	0.01301404676	0.01281408522	0.01260507558
	0.01238726882	0.0121611018	0.01192740027	0.01168783803	0.01144597429
	0.0112095588	0.01099549886	0.01084007656	0.01081859469	0.01107950575
	0.01189442812	0.01370852567	0.01713328072	0.02275857022	0.03064497956
	0.03958162153	0.04678206813	0.04903474189	0.04507784056	0.03682671327
	0.02780634459	0.02061301943	0.01599447954	0.01351430419	0.01242869406
	0.01212898866	0.01223035366	0.01252151701	0.0128963192	0.01330441095
	0.0137227536	0.01414098101	0.01455441504	0.01496089031	0.01535935416
	0.01574925846	0.01613029515	0.01650227865	0.01686509123	0.01721865579
	0.01756292125	0.01789785384	0.01822343178	0.01853964165	0.01884647605
	0.01914393185	0.0194320091	0.01971071018	0.01998003922	0.0202400017
	0.02049060417	0.02073185401	0.02096375931	0.02118632877	0.02139957155
	0.02160349727	0.02179811594	0.0219834379	0.02215947379	0.0223262345
	0.02248373117	0.02263197515	0.02277097793	0.02290075118	0.02302130665
	0.02313265621	0.02323481181	0.02332778545	0.02341158925	0.02348623547
	0.02355173682	0.02360810706	0.02365536288	0.02369352883	0.02372265072
	0.02374283252	0.02375433747	0.02375787221	0.01501290277	0.01500693363
	0.014989868	0.0149625195	0.01492521126	0.01487807661	0.01482117794
	0.01475455139	0.01467822342	0.01459221685	0.01449655325	0.01439125393
	0.01427634058	0.01415183586	0.01401776412	0.01387415239	0.01372103186
	0.01355843985	0.01338642294	0.01320504142	0.01301437641	0.01281454148
	0.01260570329	0.01238812065	0.0121622237	0.01192878125	0.01168926214
	0.01144661667	0.01120693793	0.0109828788	0.01080032598	0.01071047635
	0.01080925373	0.01126262031	0.01232547845	0.01431965673	0.01751068255
	0.02183570605	0.02656649186	0.03024883719	0.0313278462	0.02925019241
	0.02497633599	0.02024338183	0.01639004823	0.01387563127	0.01253805159
	0.01200974195	0.01196075089	0.01216778747	0.01250091578	0.0128912998
	0.01330461105	0.01372433608	0.01414264449	0.01455579401	0.01496193957
	0.01536012239	0.0157498103	0.01613068751	0.01650255594	0.01686528639
	0.01721879271	0.01756301701	0.0178979206	0.01822347816	0.01853967375
	0.01884649816	0.019143947	0.01943201943	0.01971071718	0.01998004394
	0.02024000488	0.02049060631	0.02073185547	0.02096376034	0.02118632953
	0.02139957217	0.02160349784	0.02179811651	0.02198343851	0.02215947448
	0.0223262353	0.02248373212	0.02263197627	0.02277097926	0.02290075274
	0.02302130851	0.02313265843	0.02323481447	0.02332778867	0.02341159319
	0.02348624038	0.02355174307	0.0236081153	0.02365537427	0.02369354554
	0.02372267718	0.02374287754	0.02375441628	0.0237579923	0.01501265945
	0.01500684937	0.01498983653	0.01496250461	0.01492520304	0.01487807201
	0.01482117583	0.01475455135	0.01467822539	0.01459222102	0.01449656005
	0.01439126407	0.01427635512	0.01415185631	0.01401779262	0.01387419197
	0.01372108674	0.01355851597	0.01338652858	0.01320518808	0.01301457996
	0.01281482343	0.01260609171	0.01238864907	0.01216292319	0.01192965228
	0.0116901913	0.01144714978	0.01120569658	0.01097613229	0.01077867543
	0.01065162392	0.0106634646	0.01092663028	0.01160329841	0.01288132872
	0.01488889383	0.01753476511	0.02034182136	0.02246199771	0.02304936198
	0.02183341941	0.01935719586	0.01658720958	0.01429979992	0.01280057834
	0.01203083445	0.01178738798	0.01186985901	0.01213355601	0.01248961191
	0.01288863229	0.0133048579	0.01372534549	0.01414367916	0.01455664709
	0.01496258796	0.01536059719	0.01575015152	0.01613093026	0.0165027276
	0.0168654073	0.0172188776	0.01756307644	0.0178979621	0.01822350704
	0.01853969379	0.01884651201	0.01914395655	0.01943202599	0.01971072168
	0.01998004702	0.02024000699	0.02049060778	0.02073185651	0.02096376112
	0.02118633014	0.02139957269	0.02160349832	0.02179811699	0.02198343902
	0.02215947503	0.02232623592	0.02248373283	0.02263197708	0.02277098019
	0.02290075382	0.02302130976	0.0231326599	0.02323481621	0.02332779075
	0.02341159572	0.02348624351	0.02355174707	0.02360812063	0.02365538182
	0.02369355721	0.0237226973	0.02374291685	0.02375450194	0.0237581727
	0.01501219734	0.01500680296	0.01498983079	0.01496250265	0.01492520169
	0.0148780712	0.0148211756	0.01475455172	0.0146782264	0.01459222275
	0.01449656265	0.01439126778	0.01427636029	0.01415186346	0.01401780247
	0.01387420555	0.01372110548	0.01355854188	0.01338656446	0.01320523789
	0.01301464919	0.01281491968	0.01260622526	0.01238883321	0.01216317312
	0.01192997922	0.01169058253	0.01144751001	0.0112056896	0.01097477957
	0.01077340104	0.01063613726	0.01062346405	0.01083207544	0.01139686844
	0.01246651367	0.01412957151	0.01628748294	0.0185359111	0.02019890728
	0.02063058129	0.01964346339	0.01767055797	0.01546563612	0.01364187666
	0.01245247306	0.01186158043	0.01171079287	0.01183744247	0.01212082747
	0.0124851386	0.01288739996	0.01330478499	0.0137256164	0.01414399854
	0.01455692281	0.01496280209	0.01536075579	0.01575026624	0.01613101219
	0.01650278569	0.01686544829	0.01721890644	0.01756309669	0.01789797628
	0.01822351696	0.01853970072	0.01884651686	0.01914395994	0.01943202837
	0.01971072337	0.01998004824	0.02024000789	0.02049060846	0.02073185706
	0.02096376158	0.02118633055	0.02139957308	0.0216034987	0.02179811737
	0.02198343941	0.02215947544	0.02232623636	0.02248373329	0.02263197758
	0.02277098073	0.02290075441	0.02302131041	0.02313266062	0.02323481702
	0.02332779168	0.0234115968	0.0234862448	0.02355174869	0.02360812281
	0.02365538506	0.02369356271	0.02372270817	0.02374294219	0.02375457548
	0.02375847732	