3131	
	-0.8872590004	0.295231708	0.3966983996	0.122398851	0.08327226757
	0.09939240676	0.1803375174	0.2380258842	0.2119248234	0.3665331751
	0.7273175804	0.7240729421	0.4852686243	0.5088041898	0.7637582238
	0.4988422416	0.3333280551	0.2895888454	0.3044042618	0.3761785927
	-0.00797913932	0.2097664158	0.1663698931	0.1497359547	1.441795224
	0.1810013943	0.1792554641	0.1777262588	0.06171814845	-0.1410924495
	0.4774833274	0.1785267978	0.154542325	0.1199609599	0.09715262362
	0.09112317983	0.1053659582	0.1254608131	0.1087913832	0.07675151279
	0.01246792727	-0.06132020624	-0.01358005795	0.04643458613	0.06199379671
	0.05958883429	0.05965894938	0.06275694747	0.0703819438	0.08690737776
	0.1118908692	0.1238329281	0.1163398311	0.1086751452	0.1032644553
	0.0993885104	0.09616070346	0.09228202437	0.08647207295	0.07833780241
	0.06905531721	0.0638823313	0.07066441567	0.08427275877	0.0991443994
	0.1147401309	0.1266798591	0.1372337333	0.1929420532	0.2783004259
	0.1803577401	0.1312755041	0.09966745302	0.07605855953	0.0574182403
	0.04182577592	0.02775488349	0.01420820421	0.0008851065673	-0.01214588345
	-0.0247843924	-0.0370147461	-0.0488929721	-0.06050800902	-0.07195647758
	-0.08333344615	-0.09473253841	-0.1062516837	-0.118007769	-0.1301663652
	-0.1428973035	-0.1557247513	-0.1671646533	-0.1778322623	-0.1877780398
	-0.1945913175	-0.1990330451	-0.2023031531	-0.204753262	-0.2063227932
	-0.2068893632	-0.7099454487	0.350509688	-0.5915764345	0.1164682958
	0.08266719293	0.09594618317	0.1821495893	0.2350432871	0.1589928371
	0.2484048102	0.6275070717	0.6568571541	0.3608923015	0.2856790262
	0.5738931366	0.4428382162	0.3257939077	0.2986257663	0.3276265738
	0.2783488855	0.05432431637	0.2628942725	0.1613375216	0.2073636607
	-0.8017886371	0.07009073364	0.1750034068	0.175980108	0.09620364046
	-0.004003944763	0.2028604022	0.1548285118	0.15281249	0.1190609564
	0.09479530384	0.08773416663	0.1071590476	0.137256432	0.1102504944
	0.07253430522	-0.004987301901	-0.1196925713	-0.0227510544	0.04430330687
	0.06216701265	0.05948832154	0.05929966688	0.06199844572	0.06891132539
	0.08574199248	0.1172605168	0.1324516502	0.1186058554	0.1087235575
	0.1028143379	0.09915390098	0.09621658194	0.09244190459	0.08655729144
	0.07804831954	0.06768127858	0.06133189784	0.06917113332	0.08363527985
	0.09845402364	0.1138289495	0.130372411	0.1495728101	0.2174970643
	0.3733150059	0.1914217788	0.1302577122	0.0985728922	0.07518380619
	0.05682679112	0.04151879464	0.02764545389	0.01415583274	0.0008123121397
	-0.0122459221	-0.02489298616	-0.03711567555	-0.04897848801	-0.06057610435
	-0.07200753745	-0.08336847906	-0.09475265779	-0.1062575953	-0.1179960415
	-0.1301148093	-0.1427549046	-0.1555578949	-0.1672392408	-0.178325744
	-0.1887314532	-0.1953200697	-0.1994495846	-0.2025842378	-0.2050068591
	-0.2065833667	-0.2071464646	0.6599210975	0.5171420513	-0.4514063177
	0.5065522906	0.1029392362	0.07998828591	0.1911567148	0.2457932493
	0.03719194698	-0.05102802153	0.3480757676	0.4759407691	0.07147576244
	-0.1803165908	0.130856701	0.3385310254	0.3571954462	0.3054332459
	0.3997748113	0.2169678356	0.2316043208	0.3364816357	0.1078980133
	-0.1333292448	1.357080281	0.1980007408	0.1828810167	0.159909695
	0.1079804624	0.06369089538	0.1039372994	0.1297450122	0.1496590869
	0.1134271048	0.08744431251	0.07495964388	0.1151922425	0.1896864594
	0.1197469367	0.07656934336	-0.02327762257	-0.3185203744	-0.05429266634
	0.04223720799	0.06110346259	0.05895590709	0.05834019144	0.05976252378
	0.06385542019	0.07617433413	0.1242951023	0.1636808873	0.1262638485
	0.1090624211	0.1014898527	0.09846070272	0.09646110618	0.09302320795
	0.08696283774	0.0774693193	0.06375357032	0.05330844033	0.06492012873
	0.08207155191	0.09672262286	0.1107328209	0.1263460881	0.1455560313
	0.1816073124	0.249248174	0.1766839495	0.1254217791	0.09538254642
	0.07255063273	0.05504054872	0.04062657888	0.02737808044	0.01403987309
	0.0006054120464	-0.01254865954	-0.02522343417	-0.03742124226	-0.0492359999
	-0.06078041687	-0.072160332	-0.08347283184	-0.09481168877	-0.106273671
	-0.1179634382	-0.1299931972	-0.1424525229	-0.1551388754	-0.1673203811
	-0.1798200769	-0.1919135679	-0.1976160385	-0.2006982538	-0.2034251205
	-0.2057754726	-0.2073812811	-0.2079707396	-0.1122521135	0.1685475418
	0.3698765036	0.1664066768	0.03025813736	0.0272320217	0.180594977
	0.3034978513	-0.05039912629	-0.402510732	0.02139994931	0.314417266
	-0.1498281789	-0.5735810594	-0.2013627552	0.9591231826	1.099984517
	0.2360302858	0.2793208054	-0.1340013955	0.2420451532	-0.01890541782
	-0.2219957623	0.8931685016	-3.887435708	0.1207414739	0.1932149162
	0.1538924204	0.09274605286	0.01981654735	0.00864541551	0.09096396097
	0.1329729331	0.1020159831	0.07437774545	0.04328161526	0.1467856979
	0.3622583211	0.1374314954	0.09990321278	0.02991848743	-0.08158119059
	-0.001309535431	0.05477737908	0.06194546019	0.0586829536	0.05696230807
	0.05634414311	0.05520526282	0.05112738215	0.08722050335	0.2011771912
	0.1379954541	0.1086461149	0.09895632263	0.09742750739	0.09717325666
	0.09424062393	0.08800605422	0.07743949521	0.05910295827	0.04114664934
	0.05962809107	0.08058613513	0.09472853685	0.106925713	0.1198379688
	0.1349945474	0.1562828631	0.1803168448	0.1526733125	0.1191223366
	0.0902324622	0.06789436491	0.05196650142	0.03925005372	0.02717249158
	0.01399192865	0.0002876715867	-0.01307333725	-0.02579571188	-0.03794185842
	-0.04966886	-0.0611212021	-0.07241426277	-0.08364584098	-0.09490943816
	-0.1063024548	-0.117922553	-0.1298393254	-0.1420821305	-0.1546229792
	-0.1674769893	-0.1823566403	-0.1979256104	-0.2015359655	-0.20264074
	-0.2047598193	-0.2070589196	-0.2087494398	-0.2094088922	-0.07246748929
	-0.01085972181	-0.1141774376	-0.0008974435221	-0.0892923675	-0.0688692362
	0.07967338924	0.4099118971	0.02142321739	-0.5531086681	-0.1473998896
	0.3609378115	-0.0322075916	-0.6093684386	-0.2250883958	0.1937425245
	0.6725883877	-0.009065136309	0.3002618586	0.2745384271	0.4703423624
	-0.2268354095	1.065353927	-0.003476782648	0.06152732506	0.8010317738
	0.2387679132	0.1948068663	0.07635326508	-0.05771799147	-0.1032077724
	0.03938990229	0.09861404214	0.0865724685	0.05877262592	-0.04167308245
	0.1359562313	0.578335435	0.160654785	0.1368647123	0.08600038503
	0.03051930065	0.07687144511	0.07867844106	0.065499351	0.0586390689
	0.05510136126	0.05253043896	0.04671794441	0.02424107831	0.01619803104
	0.1632521824	0.1407525375	0.1052059663	0.09379963373	0.0960504454
	0.09894544852	0.09655282604	0.09018032475	0.0793362539	0.06026207752
	0.0373594385	0.05935956133	0.08088701321	0.09317861727	0.1032989204
	0.1136471414	0.1248367024	0.1396072088	0.1574249742	0.148844886
	0.1148498361	0.08292280193	0.06049626708	0.04740814291	0.03759665788
	0.02750784728	0.01426139043	-0.0001213475495	-0.01386927907	-0.02664919113
	-0.03869521386	-0.05028172356	-0.06159826629	-0.07276812929	-0.08388623696
	-0.09504472448	-0.106345004	-0.1178851341	-0.1296880532	-0.141717287
	-0.1541365681	-0.167605437	-0.1848187132	-0.2051807707	-0.2061253714
	-0.2048420731	-0.20647494	-0.2088801557	-0.210759325	-0.2115724065
	-0.03555660515	-0.0250930318	-0.08997505882	-0.05779175135	-0.1773937484
	-0.003784218669	-0.127365731	0.4390730771	0.2578749512	-0.4834860171
	-0.1102682999	0.595861451	0.4305620481	-0.2493925957	-0.09095410132
	0.03756357754	-0.161046841	0.9618788623	0.3525454692	0.4820910146
	0.5340275246	-0.1178509771	0.3979341856	0.1202938767	0.1743115266
	0.2799946085	0.1744599651	0.2284286438	0.03835079243	-0.144621354
	-0.03783580905	0.02504307951	0.06426450968	0.06948555703	0.02308815588
	-0.3698149024	-0.05408013636	0.2093760532	0.1341608236	0.1248485918
	0.1075995174	0.08452523844	0.1466509293	0.1076072941	0.06928063754
	0.05744285115	0.05231674946	0.04908474225	0.04353088245	0.02802419384
	0.01703912795	0.1129571739	0.1254567931	0.09677492773	0.08266315167
	0.09425776507	0.1029594387	0.1005401692	0.09374006464	0.08331160644
	0.06838474768	0.05504297369	0.07054174424	0.08414637442	0.09239933269
	0.1000173568	0.1077487529	0.1147120739	0.1262422167	0.1544141586
	0.1611704653	0.1120037461	0.07174717635	0.04867519257	0.04105945355
	0.03605603324	0.02936297773	0.01524962963	-0.0006579031238	-0.01504933119
	-0.02785167288	-0.03970567352	-0.05107863578	-0.06220997104	-0.07321993897
	-0.08419214036	-0.09521457273	-0.1063968286	-0.1178511169	-0.12955132
	-0.1413568765	-0.1536032802	-0.1672737574	-0.1850929774	-0.2070333159
	-0.2081118524	-0.2064465774	-0.2084555593	-0.2113397708	-0.2135494506
	-0.214689174	-0.01731155487	-0.02385084212	-0.05468520898	-0.06854473778
	-0.4511813223	0.3492358189	-0.1943529556	0.1434221723	0.4686358158
	-0.2447155956	0.007050448884	0.7370298815	0.7910775327	0.1602170539
	0.01161893189	0.1580549647	0.4422716911	0.271118152	0.8902423114
	-2.420269688	0.2270768877	-0.07517230824	0.2642424306	0.3412317881
	0.2573190725	0.228907958	0.04461577742	0.1162445841	-2.507171981
	0.07903850592	0.1641018312	0.02449443397	0.03880310806	0.06533595724
	-0.07537725307	-0.5599433744	-0.3610829891	0.07470238432	0.1081780463
	0.1050083987	0.09402093769	0.08761498733	0.1322951771	0.1164246845
	0.0686037753	0.05387656496	0.04849510324	0.04575417771	0.04267274255
	0.03730250563	0.04117384729	0.09546549587	0.1152571466	0.08575270559
	0.06329917046	0.09283496407	0.1115661868	0.1068205023	0.0984465447
	0.08799154025	0.07532115656	0.06850340753	0.08491089053	0.08909790515
	0.09204951306	0.09710758448	0.1024603256	0.1031724515	0.109864595
	0.1662492299	0.1943764087	0.1074634673	0.0528869216	0.02915873908
	0.03268361379	0.03527153361	0.03467567391	0.01748912654	-0.001545196261
	-0.01684795061	-0.02950863446	-0.04100034398	-0.05205938704	-0.06295189179
	-0.07376695235	-0.08456151645	-0.09541403848	-0.106442967	-0.1177876499
	-0.1293906718	-0.1409503621	-0.152910663	-0.1662750259	-0.1828924072
	-0.2023668122	-0.2060764192	-0.2069425836	-0.2107818068	-0.2147376625
	-0.2173604433	-0.2192054648	-0.01377381198	-0.0224220473	-0.05539510686
	-0.2627559493	-1.394502871	0.480344784	0.0369136034	-0.2411957898
	0.2125240407	0.01812072839	0.09915061317	0.5863975746	0.677755275
	0.2783764823	-0.02032095062	0.08119987264	0.2719748101	0.2289401939
	-2.479830676	3.993289201	0.2386001954	0.7824312417	0.6837033491
	0.3607247219	0.2422642278	0.2520992034	-0.1703200109	0.2025934316
	0.1822970596	-0.2695383384	0.1851389832	-0.02496183926	0.01978843273
	0.1578036599	-0.4611732465	-0.8348266673	1.041827111	0.162708298
	0.1105676122	0.09311284254	0.08187893939	0.07750343519	0.0931065989
	0.08660399411	0.05931384273	0.04758512291	0.04349094481	0.04199491291
	0.04138425676	0.04191755882	0.05113412936	0.08587106365	0.1141316391
	0.07885003724	0.05073810909	0.0962263308	0.1287450879	0.1159850179
	0.1038222622	0.09271674777	0.0788093097	0.06640749503	0.08799491951
	0.09035766231	0.09009770052	0.09442438458	0.09908291879	0.08851413796
	0.07815263631	0.191239898	0.2561496029	0.09247424878	0.02148443338
	-0.002800299193	0.02290685837	0.03582852548	0.04675127368	0.0212873345
	-0.003495010444	-0.01970745985	-0.0317636584	-0.04259765739	-0.05321345047
	-0.06381545376	-0.074406338	-0.08499350302	-0.09563843721	-0.1064616473
	-0.1176203024	-0.129076723	-0.1404044264	-0.1520225497	-0.1647995592
	-0.1795652451	-0.1953638709	-0.2022048646	-0.2069056566	-0.2140970573
	-0.2197362288	-0.2225420098	-0.2259507049	-0.02324476617	-0.03245119461
	-0.07997663571	-0.4034008558	-2.061109868	0.3091509616	-0.0566113415
	0.2134316025	0.01159339289	0.1606051215	0.1393762106	0.2450232264
	0.2336270378	0.04795116984	-0.2225287926	0.0696589883	0.1279870825
	0.2971199877	0.1691624514	-0.135669342	0.252240599	-1.061267453
	0.191074919	0.4242256604	-1.149495491	0.4673686204	-0.0989943321
	0.4264769808	0.2307107082	0.4655312995	0.2074923945	0.09078671714
	0.1675811799	0.1734133202	0.8261349771	-0.8757344533	1.267994434
	0.2714988265	0.1089588402	0.08261047226	0.07120527045	0.06614869204
	0.06821250906	0.06116660175	0.04613971156	0.03922201812	0.03736371045
	0.03748320467	0.03874141204	0.04191160123	0.05087083479	0.07094521841
	0.08845187594	0.0705196688	0.06456773156	0.114270143	0.1680992572
	0.1285359497	0.1100455008	0.09821066623	0.08053676536	0.04283777219
	0.03293870554	0.06689969743	0.08193615066	0.09148735226	0.1003167488
	0.07279990421	0.004677555605	0.2060112305	0.3397565164	0.0481546993
	-0.01397736835	-0.04802797029	0.01566449219	0.0356631317	0.06738170508
	0.02510842671	-0.008302251423	-0.02436814314	-0.03476788743	-0.0444824699
	-0.05451152898	-0.06478746383	-0.07513698147	-0.08549067867	-0.09588823914
	-0.1064454521	-0.1173109682	-0.1284856943	-0.1396154672	-0.1509556248
	-0.1631593867	-0.1764625388	-0.1898446982	-0.1988987737	-0.2072409608
	-0.2188539284	-0.2267006218	-0.2293928014	-0.2362545969	-0.0270048953
	-0.0313960873	-0.03987667911	0.1123155922	-0.2916372212	0.7865693545
	-0.4527109805	0.0846984273	0.1312730111	0.2266193859	0.1296333055
	-0.05819138082	-0.2270965393	-0.1798602634	-0.001896690538	0.2139432486
	0.2406595673	-0.2226153882	0.3018050269	0.2418861078	0.2831582297
	-0.3584838681	0.3640081048	1.572468402	0.09503572915	0.2196466626
	0.2736568282	0.2323874687	0.1228303868	-1.22277043	0.3753845612
	0.128222325	0.1681335684	-0.06989092761	0.3501270712	-0.1479856522
	0.3274563843	0.2536363929	0.09469146259	0.06973444248	0.0602264025
	0.05477185909	0.05077243728	0.04184323484	0.03125301746	0.02907260502
	0.03026435766	0.03219416624	0.03477642839	0.03885512836	0.04604097009
	0.0566631409	0.061942389	0.0534662629	0.0683536191	0.1273089691
	0.2544214569	0.1471068179	0.1167311641	0.1063719205	0.08862411131
	0.01749240611	-0.03738363101	0.03620991213	0.07139614545	0.0885513158
	0.1054360909	0.06709494183	-0.1276527855	0.1419226475	0.3806511908
	-0.0427580872	0.002595410436	-0.09180279021	0.02319245219	0.02198729381
	0.07916090951	0.02161394492	-0.01963990518	-0.03184648153	-0.03857287006
	-0.04656206669	-0.05589704439	-0.06585251182	-0.07596322679	-0.08606168761
	-0.09617148594	-0.1064099747	-0.1169134976	-0.1277126731	-0.1386172757
	-0.149758281	-0.16153835	-0.1739818328	-0.1863558863	-0.1968451938
	-0.2072868149	-0.2211009118	-0.2318645523	-0.2374655095	-0.2513507767
	-0.02772826889	-0.02852205542	0.002015716558	0.3498920548	1.620954022
	-0.6758157693	0.1091804486	0.09104060026	0.1671108895	0.1962078544
	0.1628868323	-0.04777542113	-0.3908130965	-0.286023064	0.2269124263
	0.369996102	0.5356435391	0.3026415338	0.3533632444	0.479472499
	0.4137812078	-1.000232078	0.2985772618	0.4075976215	0.1795992814
	0.4356034447	0.4314770231	0.4206890267	-0.8752777358	-0.2961898163
	0.5786692555	0.06131461207	0.2093497182	0.04705780832	0.1948194566
	-0.005427238807	0.08367554545	0.08684309137	0.06177476806	0.05341729833
	0.04871672786	0.04378221356	0.03612750026	0.02340541192	0.01261009998
	0.01691645022	0.02237966603	0.02630030228	0.02986812007	0.03415731486
	0.03960920173	0.04437967539	0.03985877149	0.02777519964	0.05688732314
	0.1037485123	0.1690707937	0.1391803751	0.1218386856	0.1196922183
	0.116280665	0.003842710097	-0.01979191707	0.02820416088	0.0654746757
	0.0854119699	0.1040401783	0.0618322577	-0.2505207812	-0.01490532216
	0.2423613101	-0.1135421102	0.149528111	-0.1250262562	0.07556179336
	-0.02545868725	0.03803385232	-0.001572641811	-0.04273609643	-0.0429035324
	-0.04286772693	-0.04860695686	-0.05728501121	-0.06700168469	-0.07690169684
	-0.08672410029	-0.09650148755	-0.1063748777	-0.1164866979	-0.1268952054
	-0.1375367894	-0.1484929632	-0.1599898557	-0.1720370166	-0.1842690047
	-0.1959221279	-0.2070047102	-0.218493579	-0.2295947166	-0.2444950163
	-0.268833712	-0.02986461209	-0.03794330673	-0.03638973719	-0.2533450004
	-0.4038667358	-0.0735653167	0.09743940495	0.1058394735	0.2107035505
	0.1695754296	0.2826436452	0.3268252277	-0.07965655803	-0.1073955038
	0.4808032546	0.6063424448	0.2066556654	0.3321082365	0.3138428977
	0.5679117874	0.4070177212	-2.370392435	-0.2179906014	0.3057394073
	0.1509838847	-0.1949737095	0.7868154686	3.290242296	0.314821876
	0.7632313204	0.2394320352	0.01056695173	-0.427905585	0.2827527264
	0.5112017526	0.05428931751	-0.07903538794	-0.001192255709	0.02860162294
	0.03643546313	0.03757409797	0.03378882676	0.02258573579	0.002173038002
	-0.01436328989	0.002458976175	0.01414238017	0.02012120912	0.02443826574
	0.02876328095	0.03306654805	0.03485604267	0.02544250907	0.003027665798
	0.04069500248	0.0830100939	0.1191446132	0.1234118443	0.1305881651
	0.1488371231	0.1949497112	-0.04146265675	-0.008071636427	0.03457759908
	0.06324715156	0.08095952117	0.09483916903	0.05563052858	-0.1919408301
	-0.0969171874	0.09482934127	-0.007958872302	0.4583053404	-0.2406287637
	0.2453887778	-0.106556238	-0.02063972439	-0.03425173806	-0.07580460043
	-0.05554029066	-0.04648793079	-0.05021674955	-0.05858397981	-0.06825226976
	-0.07799253623	-0.08750827263	-0.09689446395	-0.1063512333	-0.1160500603
	-0.1260766356	-0.136435631	-0.1471907397	-0.1584913271	-0.1704389673
	-0.1830896506	-0.1963747857	-0.2082575289	-0.2162074592	-0.2258790411
	-0.2458433262	-0.275275045	-0.03008912574	-0.04887375706	-0.04678706402
	-0.2217888192	-1.417185161	0.3633362112	0.1317136084	0.08052286583
	-0.05398325005	0.1250771031	0.3235897876	0.6805525242	0.3626775663
	0.1304195289	0.6155742174	0.8487715767	-0.1469729118	0.3159414215
	0.3660590983	0.7087519605	0.222361125	-3.252072364	16.4016123
	-1.54663015	3.876430297	0.4774791991	0.4519735994	0.6382127572
	0.2016136309	0.3325230744	0.06861062758	0.330665917	-0.2159060943
	-0.6020734426	0.1074381415	-0.02163982198	-0.2649229709	-0.06979696115
	0.0008679452511	0.02124967459	0.02810705326	0.02586333335	0.009943215382
	-0.02563588189	-0.06025320076	-0.01406248435	0.006531993732	0.01411437749
	0.01889997826	0.02326384143	0.02708612318	0.0285724432	0.02273924754
	0.01014712629	0.03397039246	0.0661583523	0.09373139333	0.1210947941
	0.1520118252	0.1845651446	0.4228106561	-0.08165007467	-0.01017151999
	0.04154710403	0.06027842641	0.07368470665	0.08880080393	0.06928673788
	-0.03688983536	-0.02482067328	0.06237965115	0.08511120206	0.4458887026
	-0.5520483338	0.4087784558	-0.08479797985	-0.0412113506	-0.03967520983
	-0.0815298933	-0.05881908072	-0.04717539773	-0.05094414933	-0.05976209601
	-0.06968243353	-0.07931601463	-0.08846244919	-0.09736867504	-0.1063400854
	-0.1155951822	-0.1252406282	-0.1353057842	-0.1458402343	-0.1569788133
	-0.168982079	-0.1825036252	-0.1989102296	-0.2132799193	-0.2158002327
	-0.2222231744	-0.2382734274	-0.2604835355	-0.0161407763	-0.02516187587
	-0.009085281862	0.06366370581	1.913149874	-0.1450472712	0.09197073809
	0.1203674274	0.1965431968	0.1338952519	0.2306191151	0.5923839488
	0.363846134	0.1270149348	0.306080675	0.8179454236	-0.1348971218
	0.3733828785	0.7284532384	0.3068810022	0.467445225	2.8134235
	-1.939667557	0.8364392511	0.4603181257	0.6409049024	0.501404129
	0.2653013883	0.3548787022	0.2446204617	0.2510617193	0.183325792
	0.3273922976	-0.3850543468	-0.2035587146	-0.010887913	-0.2778024886
	-0.09660024406	-0.01382181733	0.009721690854	0.02154382181	0.02176064171
	-0.0001747263323	-0.04245299664	-0.1166846835	-0.0296359007	0.001591024639
	0.008948409273	0.0138354403	0.01811927974	0.02173879207	0.02408152709
	0.02266761097	0.01939704316	0.03249540648	0.05039065262	0.07099734239
	0.1127254314	0.1754786514	0.15390912	0.2216686485	0.05130870751
	0.03476680805	0.05608360126	0.05417196019	0.06170832885	0.08880480181
	0.09807245345	0.06847832786	0.0387799286	0.05995055059	0.0919346675
	0.1887022175	-0.1449156298	0.1143617884	-0.00965036208	-0.01488357192
	-0.020398287	-0.0503109599	-0.04703867356	-0.04409821474	-0.0507376446
	-0.0609539942	-0.07148058756	-0.08101483066	-0.08965842645	-0.09794335924
	-0.1063330598	-0.1151001002	-0.1243558655	-0.1341194142	-0.1444122384
	-0.1553685702	-0.1674163476	-0.1819883656	-0.2039723503	-0.2251764401
	-0.2170049273	-0.2183732397	-0.2275396073	-0.2387999542	0.0001304821753
	-0.001361267288	0.006180424729	-0.05741714914	-0.620609715	-0.03068957476
	0.08974146251	0.1184614145	0.1601181031	0.1092586075	0.1845053776
	0.2382770239	-0.08984463941	0.07007861828	-0.3142261355	0.3778779804
	0.08234016612	0.577910781	0.1722660165	-0.1824353933	-1.031725395
	-0.3938645654	1.073909979	1.424576235	0.2661451108	0.4008525703
	0.7135700973	-0.5783300984	0.2467904372	0.007500985737	0.5634560802
	-0.123468005	0.4256371659	0.1156638319	-0.05556949542	0.1040144772
	0.0005800196924	-0.04334326042	-0.01588206931	0.001022535973	0.0159585419
	0.02165183248	-0.007226954363	-0.04301775645	-0.05085904159	-0.01713239664
	0.003252608439	0.006117168376	0.01099316321	0.01400889883	0.01692940372
	0.02029037598	0.02209768215	0.02298065357	0.02883683417	0.03204878283
	0.03966913445	0.08432707115	0.1325953033	0.1259916679	0.14576722
	0.08888561892	0.083054942	0.0711103124	0.04122208727	0.04031419812
	0.09387366699	0.1188928067	0.1500349142	0.08343408083	0.0665892796
	0.08503131736	0.08884597264	-0.07326453437	0.05069883262	0.06982779339
	0.02796351933	0.001184480267	-0.02400512253	-0.03288979318	-0.03943519736
	-0.0501240062	-0.06252564468	-0.07400786255	-0.08332367714	-0.09119661485
	-0.09863531144	-0.1063102922	-0.1145339375	-0.1233911553	-0.1328533485
	-0.1428827904	-0.1535831686	-0.1654310638	-0.1800856739	-0.2036840622
	-0.2370629749	-0.2179678575	-0.2146531679	-0.2189468863	-0.2234244431
	0.01387114462	0.01583632799	0.03725772364	0.104128616	0.1406883973
	0.06006013701	0.1558483533	0.1348120913	0.1352679109	-0.01255201135
	0.2136988374	0.1902956597	0.1552049858	0.7410693516	-0.4954566345
	0.03289465854	-0.1333956211	0.3874824248	0.06026627734	-0.3732089488
	1.101442301	0.9918956936	0.5624772769	-0.06320479588	-1.923094864
	0.7918287604	0.620066654	0.3707787525	0.06634729244	0.2824293926
	0.3185934666	0.1945950347	0.01776988723	0.2788142997	0.07276434763
	0.03107494626	0.01778191501	-0.02201071902	-0.0202013656	-0.008420636084
	0.007880843799	0.01790431923	0.01885267665	-0.002861550359	0.0006085175423
	0.007273828116	0.01067756388	0.008348250014	0.01627727478	0.01215531606
	0.01249702012	0.01669686448	0.0208326267	0.02345682173	0.02407487079
	0.01113086864	-0.00460690122	0.05349266598	0.09826787389	0.09078744511
	0.1236301516	0.1084493104	0.1069711652	0.07680947022	0.01558476215
	-0.002876452376	0.1099632792	0.1272251224	0.1440871218	0.09901822009
	0.08553372478	0.0848445321	0.06663327784	-0.03679606987	0.06385885419
	0.1831551526	0.06501789907	0.01849194699	-0.006536243444	-0.0216778416
	-0.03479771562	-0.04973667559	-0.06507839591	-0.07790333636	-0.08661394698
	-0.09320918939	-0.09945102223	-0.1062346536	-0.1138552231	-0.1223160187
	-0.131493521	-0.1412458549	-0.1516007749	-0.1629201504	-0.1762707254
	-0.1940658765	-0.2154660442	-0.211478823	-0.2107151978	-0.213166878
	-0.2147224314	0.02187627329	0.02266909502	0.03953821174	0.07452537562
	0.1191172766	0.1162861893	0.197833146	0.1426428616	0.4098518738
	-0.4040965844	0.3814214735	0.1945796485	0.1868157686	0.219409895
	-0.3284832517	0.06669165877	0.1212201615	0.3832002925	0.2705551435
	0.6896262352	0.2559485827	0.3231460342	0.4309604814	0.4400236261
	0.8934275525	0.2636504289	0.3389686722	0.5070527924	0.4953505246
	0.5937469753	0.07989767986	0.562844309	-0.2491616019	0.08712280917
	0.09565126207	-0.03634637008	0.04548647278	-0.01147775772	-0.0289949832
	-0.02347684101	-0.005611582911	0.0115709488	0.0429521562	0.2080903603
	0.07587787276	0.030869856	0.02324154056	0.01324798523	0.03757734968
	0.01282322959	0.007799658059	0.01305865257	0.01933871285	0.02350065851
	0.02211982735	0.001480794658	-0.04453739638	0.02934043355	0.08536092827
	0.08713803954	0.1187705335	0.1198750182	0.1157149448	0.08095762631
	0.0005701172222	-0.03794589701	0.1655347935	0.1493733257	0.1489421107
	0.08891603251	0.09937604577	0.09062795634	0.07814995426	0.0490452948
	0.1617444747	0.3329367334	0.07936818595	0.0266291204	0.00560908437
	-0.0124996813	-0.03056804609	-0.05011439215	-0.06955594482	-0.08433697702
	-0.09147244181	-0.09585914226	-0.1003718857	-0.1060423079	-0.1130071382
	-0.1210947762	-0.1300231426	-0.1395001603	-0.1494655475	-0.160099398
	-0.1719695577	-0.185657661	-0.1994917784	-0.203636059	-0.2055853631
	-0.2083179674	-0.2091705702	0.01798975746	0.01981914438	0.02750201977
	0.03278022427	0.0277097353	0.06271098622	0.1376745693	0.1378586644
	-0.1399835028	-0.402833109	0.07659663824	0.1026472211	0.2288977683
	0.2178600835	-0.05918788783	0.1771991463	0.2933114594	0.509022749
	0.314092312	0.7313782434	-0.4979994335	0.4333985961	0.5589604237
	0.3457625895	0.4795680212	0.1053507872	-0.1135176648	-1.647546905
	0.2083503305	0.5175666586	0.1152202099	0.5110664282	-0.1226375364
	0.03544203911	0.02072575591	-0.154001148	-0.02486543309	-0.02386828802
	-0.04632891038	-0.05334070205	-0.04828866512	-0.004386277674	0.0004446394979
	0.07374936612	0.08273396636	0.04295419899	0.03720815725	0.03754673192
	0.1134068529	0.01240238965	0.001163678224	0.009226428122	0.01796823883
	0.02448002733	0.02539026041	0.01374050775	-0.01007835566	0.0365791256
	0.08935478932	0.1085444068	0.1300759458	0.1319700243	0.128394661
	0.1057704802	0.03005097896	0.06807139212	0.2995719917	0.1903731192
	0.1275257265	-0.03365349294	0.1162759467	0.09815671881	0.09060579867
	0.08430565802	0.1363506114	0.1936625954	0.02166616602	0.02265595036
	0.01565878703	-0.003982083772	-0.02664018264	-0.05177176392	-0.07762703745
	-0.0956820329	-0.09885159592	-0.09933068758	-0.1013289927	-0.1056301071
	-0.1119116812	-0.1196732399	-0.1283792885	-0.1375774591	-0.1472147706
	-0.1571658461	-0.167790461	-0.179121292	-0.1900861027	-0.1964435345
	-0.1977666472	-0.2020785734	-0.2036630699	0.01120686244	0.01691227394
	0.0186560745	0.01403571469	-0.03899742318	0.001593165915	0.07416084548
	0.138771053	0.05813576153	-0.1155304351	0.06578986326	-0.03179061547
	0.1766910105	0.2716130734	0.1317245765	0.2103723939	0.7802136549
	0.3411072369	0.3433668517	0.3604202765	0.355057941	0.2440416639
	-0.2688258296	0.1811631511	0.06426732479	-0.6013020006	0.2264381284
	0.2783528463	-0.4584217722	0.3219913516	0.2033902563	0.2862458574
	0.05290671054	0.1837153577	-0.01217610889	-0.2492424155	-0.09342976861
	-0.06128163639	-0.07314818873	-0.1125267541	-0.1521609844	-0.0187426363
	0.004466525232	0.02740875696	0.08961943612	0.0513292454	0.02229130692
	-0.1265150583	0.3029070074	0.0133350154	-0.00948087383	0.005458803117
	0.01685859325	0.02655527607	0.03189545876	0.0308974854	0.02877150143
	0.06077255201	0.1014995193	0.1283365275	0.1467578501	0.1464698575
	0.148307652	0.1533466981	0.1090236969	0.134463627	0.2304730096
	0.1916056113	0.1354385025	-0.8404384126	0.06303044623	0.08876642426
	0.09029679353	0.09671550367	0.1117150498	0.1301858672	0.06595418501
	0.04330527907	0.02938926748	0.005204538987	-0.02269217993	-0.0553425145
	-0.09289882304	-0.1175420026	-0.1103965047	-0.1038044245	-0.1021623899
	-0.1048415087	-0.1104670923	-0.1179653523	-0.1263905746	-0.1352130624
	-0.1448022411	-0.1542161578	-0.1638741545	-0.1737508471	-0.1832039112
	-0.1900066411	-0.1919597254	-0.1958148004	-0.1976794213	0.05775872911
	0.07146046688	0.03144074482	0.03320732137	0.01968585211	-0.07108243392
	0.02432212277	0.03792200144	0.3349913726	-1.887388806	0.07127503924
	-0.01869629698	2.21756404	-0.4524684111	0.1057437619	0.223486692
	0.3472592355	0.2395616241	0.444439839	0.3069135814	0.3857927333
	0.2815288664	0.3831484918	0.3995836529	-0.3413714209	0.2760509837
	0.1918637194	0.1426205945	0.04040804603	0.4021782426	0.3481349458
	0.1647494431	0.02010116085	0.06996846367	-0.0820255852	-0.2508030359
	-0.1188192927	-0.08629739218	-0.102841243	-0.12316789	-0.4646024504
	-0.03742046447	0.03802209635	0.1253970286	0.2213262575	0.07317635065
	-0.005279850164	-0.7446191255	-0.1019462474	-0.0662371762	-0.02963441701
	0.003314501847	0.01608948804	0.02963918795	0.04017856242	0.04805490048
	0.05860796404	0.08608204313	0.1167678332	0.1459369504	0.173050363
	0.1645856822	0.1726200068	0.2199155844	0.1640301973	0.1799330845
	0.2227999445	0.1826274311	0.1383800647	-0.1212849079	0.05385330005
	0.03911413439	0.05974953494	0.1004092566	0.09077770207	0.1216101366
	0.1283063907	0.0787333859	0.04633358532	0.0156821294	-0.01818723312
	-0.0622351273	-0.1261482114	-0.166148555	-0.1293894656	-0.1094083929
	-0.1025537567	-0.1034546383	-0.1085598641	-0.1158921126	-0.1239504039
	-0.1321158106	-0.1421187683	-0.1512755277	-0.160221921	-0.1691059834
	-0.1774965661	-0.1842286781	-0.1876570433	-0.1906477336	-0.1920102249
	0.1727046386	0.2632830552	0.1352401858	0.0916920962	0.05950844401
	-0.3103472683	0.03261736938	-0.1729491687	0.08029024862	0.2185836323
	0.02157332155	0.4796715636	0.1614757749	-1.455944974	0.1310127264
	0.1903423415	0.1862572633	-0.1726142009	-0.4746264699	0.2286125531
	0.4295983407	-0.06823895743	0.2088684125	0.2235454925	0.0163907652
	0.1539613314	0.2584532667	0.1612208133	0.2596159948	1.53996373
	0.3871799407	0.04539933909	-0.07207909183	-0.06145460525	-0.1441571917
	-0.2219227497	-0.1280529759	-0.1041894043	-0.1309002131	-0.1885196882
	-0.1353095036	-0.308950283	0.08507413255	0.2326089293	0.6595667027
	0.1408076662	0.9978152742	-5.924443252	-0.5199632592	-0.1705312379
	-0.04705928124	0.00929304141	0.01629997161	0.0335124161	0.04920393334
	0.06348335096	0.08151185503	0.1096409945	0.143216323	0.1688126787
	0.2284751448	0.186624792	0.1562405617	0.2756551171	0.1901421127
	0.2106795328	0.2622254241	0.1889515442	0.1863767916	0.08546072305
	0.07634638901	-0.04081678635	0.01647096669	0.1177892159	0.05030990142
	0.1492126132	0.2465201335	0.1131697006	0.06396503375	0.02831904214
	-0.01198827691	-0.08007086013	-0.2148661792	-0.2887979327	-0.1642814132
	-0.1160330455	-0.1018910122	-0.1011770806	-0.1060970392	-0.1134766404
	-0.121510747	-0.1291857451	-0.1393341236	-0.1483769709	-0.1568261799
	-0.1650036538	-0.1725836771	-0.1789024818	-0.183006337	-0.1856722645
	-0.1866907877	0.560015257	0.2323304368	0.1732362533	0.1621019685
	0.1618002632	0.9204782306	1.319793323	0.03652997295	0.01366916335
	0.1803124996	0.1602133273	0.5064674726	0.1276223012	-0.03897354492
	0.1555227406	0.1109572507	0.4112158527	0.4556492303	0.231047156
	0.2571775919	0.3625636683	0.1633844356	-0.149565882	0.07253535356
	-0.5634668553	-0.192727093	0.4309318633	0.1955741339	0.9051923081
	0.2080766736	-0.4570045247	-0.111644982	-0.09782980785	-0.1053237156
	-0.112069813	-0.1414917201	-0.1351908191	-0.1169916501	-0.1373040433
	-0.1376282017	-0.004482577966	0.04876490017	0.3054811798	-0.230984132
	0.8410027242	-0.06658900711	0.1707658874	2.628128607	-0.2364576369
	-0.3097903768	-0.04721240447	0.03524795293	0.02048514501	0.03770814959
	0.05780933874	0.07642196728	0.09969621877	0.1289830748	0.167111198
	0.1603052416	0.2322222337	0.2279553451	0.06715752425	0.1435420357
	0.1751149965	0.2447189474	0.3908048626	0.2081146536	0.2774159669
	0.2138256859	0.1275529075	-0.1913364599	-0.05663671262	0.2498893597
	-0.03361384328	0.1239887981	0.4418956449	0.1525212966	0.08218832482
	0.04438816464	0.00123167011	-0.09197005218	-0.2985864303	-0.3715673878
	-0.2123727624	-0.1210514697	-0.0988910292	-0.09766005335	-0.1030375534
	-0.1107787865	-0.119232121	-0.1274926996	-0.1368931864	-0.1456008818
	-0.1537043425	-0.1613808825	-0.1683621131	-0.1742137674	-0.1783783314
	-0.1809288467	-0.1818200418	0.2372071057	0.2242314009	0.1680975313
	0.2080930708	0.2343818926	-0.3321639559	0.5628147722	0.09892934015
	-0.04089540294	0.2052105573	0.184985694	0.2719689852	0.6207438739
	0.1264314216	0.04200373389	-0.1164162992	0.2321458157	0.2512868274
	0.2869025868	0.2271326892	0.2271741628	0.2681360512	0.03439088686
	0.1052389556	-0.04427928441	0.08274636933	0.1513097354	0.2193429363
	0.2532765106	-0.05879705462	-0.180834938	-0.02812426752	-0.05310077452
	-0.07510962233	-0.07698129801	-0.1291031747	-0.1822124241	-0.1292208787
	-0.1821727413	-0.1232386252	0.1195509695	0.09712959434	-0.5663853674
	8.42161402	0.5758386235	-0.002360079931	-5.295161295	0.1430283842
	-2.069407578	-0.9110646391	-0.02592444903	0.09668356083	0.02510589012
	0.0407001346	0.06570764031	0.08687885016	0.1159278156	0.1509318709
	0.1867862723	0.2219242038	-0.3836965401	0.2843978693	0.02817564516
	0.02948815145	0.1279810744	0.3191995312	0.2782721169	0.2678718996
	0.7169729139	0.1880745712	0.1962740737	-0.050602722	-0.3383802384
	0.6223332296	-0.2986547669	0.01007277274	0.175908594	0.1222723774
	0.1022193918	0.06591151498	0.03068593367	-0.03730477018	-0.1083967463
	0.1477678113	-0.06254456148	-0.09673166716	-0.09057226156	-0.09262559415
	-0.09944314861	-0.1078685174	-0.1167704986	-0.1255859179	-0.1345611743
	-0.1430113758	-0.150894836	-0.1582182641	-0.1647785179	-0.1702651285
	-0.1743141007	-0.1768008442	-0.177649602	0.2265524679	0.2427326148
	0.04616199654	0.212503719	0.2389164172	0.5203677663	0.2580036802
	0.2019677089	0.2505662511	0.4502073662	0.1791866891	0.09659225061
	0.2195920286	0.1114517904	-0.0223082242	0.4353673045	0.3113707721
	0.3052106431	0.2261699847	0.04812204452	0.01183130444	0.2464743763
	0.1666191281	0.07507240382	-0.01878451606	0.01553735965	-0.3975238968
	0.1241656272	-0.6076822165	0.2236042745	0.1092972971	0.1379752729
	-0.01292713856	-0.04164580011	-0.02948305949	-0.1398769257	-0.3019417092
	-0.1153254906	-0.3007114988	-0.1951245354	0.2337049623	0.1577842414
	-6.077777106e-05	0.1187730564	9.093543948	-1.519955379	9.29547668
	0.4120921921	-4.420233982	0.03344030613	0.1374203567	0.1767201234
	-0.003827084276	0.03474997841	0.06995129837	0.0897495662	0.1252279253
	0.170647065	0.1863756702	0.2342990074	0.3095669618	1.112141472
	0.07616078685	0.01229536686	0.1744851097	0.848508133	0.2693145701
	0.2498852026	0.2357834682	-0.135663395	0.2019686044	0.1910094203
	0.7955919576	6.75330619	-1.482858791	-0.0688460813	0.08089374015
	0.1064072062	0.1297891313	0.09075649117	0.06837808708	0.01929598485
	0.02592090653	0.2086214223	0.05359818263	-0.05602106257	-0.07765633076
	-0.08655398603	-0.09556696008	-0.1048993393	-0.114246892	-0.1233774795
	-0.1322960475	-0.1407156643	-0.148446261	-0.155507608	-0.161784266
	-0.1670384313	-0.1709953758	-0.1734668382	-0.1743127982	0.3026262704
	0.3530975714	-0.1323064535	-0.2853193075	0.1427656005	0.2753785098
	0.2889840013	0.5206821299	0.2722516017	0.8331486247	0.1001824554
	-0.09061316884	0.06327309048	0.04325938205	0.09090820134	0.01493045195
	-1.241385174	0.2932542709	0.1892537985	-0.1209260607	0.1969193922
	-0.7358379492	0.09313327188	0.04514926199	-0.1791088483	-0.3286191402
	-0.1239788217	0.0006752952241	0.1030913912	-0.007004140737	0.1430237832
	0.1783283705	-0.02262882327	-0.03336616866	0.0001593497429	-0.1317358708
	-0.1879743739	0.07342052951	-0.2789351171	-0.3687500511	0.1321378424
	0.1415034797	-0.05626820871	-0.6930687096	0.2240394642	-1.636106238
	2.490072705	-7.471341696	4.590164003	4.127811382	0.4301238624
	0.07251099515	-0.1638680161	0.01481578686	0.06588935358	0.08287780807
	0.1196086968	0.1771802998	0.1989079658	0.2147625793	0.2565972031
	0.3529063705	0.008822208227	0.004421579933	0.1540964414	0.3270711913
	0.1762112307	0.1353728063	0.05838758954	-1.15172317	-0.1018237181
	0.1826562086	0.1878816748	2.107260996	-3.434065888	-0.4180386008
	0.03556248461	0.09952754477	0.1120833292	0.09416557292	0.08835910324
	0.04564839444	0.04278138173	0.09327578028	0.02254368017	-0.04138580255
	-0.06724346511	-0.08080698367	-0.09180901389	-0.1020554297	-0.1118569368
	-0.1212508628	-0.1302941412	-0.1387994336	-0.1463827367	-0.1532342636
	-0.1593338938	-0.1644804763	-0.1684378384	-0.1709731753	-0.1718534702
	0.2607216015	0.2769197066	0.2011233548	0.3569021041	0.2062180494
	0.2401472769	0.3038360019	0.7011599804	0.319011285	0.2670527073
	0.2070570628	0.02243365653	0.02884948752	-0.01199527526	0.2034004609
	0.3548295793	1.127757928	0.6782946279	0.212964427	0.1768080942
	0.02101924493	0.2614730283	0.1805430951	0.1456932089	0.09652723693
	0.09570603233	0.007722781043	0.1051529039	0.1630183126	0.09502901918
	0.1111492558	0.08370384999	-0.09243453724	-0.05712165122	-0.01847987901
	-0.157069463	-0.1625927388	0.200711289	-0.09876722677	-0.3864300006
	-0.1402209755	-0.07038684827	-0.07330848164	-0.08165696598	0.02995550116
	0.465862259	3.84875944	-34.94995801	7.733611158	5.733286609
	0.1054159875	0.07215626862	-0.6129197107	0.004362377063	0.05963223767
	0.06588158949	0.1045426642	0.1902816772	0.2449822744	0.2262337556
	0.3485155554	0.2440027944	0.01968528641	-0.006926880744	0.1571364198
	0.3107453431	0.07574324785	-0.006308498685	-0.004574542959	-0.005588936911
	-0.01982641533	0.2642002779	-0.05955589184	0.2805329104	-0.493926894
	0.1934314711	0.08185523552	0.09576375623	0.09620712109	0.0861552453
	0.08091957705	0.04913120218	0.03568182122	0.04051153132	0.002184283812
	-0.03689961964	-0.06069507862	-0.07614062569	-0.08848408695	-0.0994921795
	-0.1097165665	-0.1193589862	-0.1285571153	-0.1371683314	-0.1446535615
	-0.1513650195	-0.1573848604	-0.1625429229	-0.1666288053	-0.1693525568
	-0.1703171996	0.3136204911	0.2709621423	0.2364219045	0.2940366953
	0.2503796039	0.2324665962	0.2565784914	0.467731042	0.1661038793
	0.1422658077	0.1765577121	0.1279054705	0.06349372944	0.05897948
	0.2003407946	0.1338278309	-0.5260705163	0.301644943	0.1825112436
	0.1626465419	-0.6867421483	0.4062943227	0.2943338738	0.1948807287
	0.1967138289	0.4908157442	-0.09303236324	0.1229014552	0.1706589831
	0.1534273601	0.1266701286	0.04822467391	-0.08788791063	-0.08313396796
	-0.06374717116	-0.2437530335	-0.3045026953	-0.02216669686	-0.02111942517
	-0.1958068383	-0.2800320854	-0.2028443334	-0.1419335868	-0.09669697391
	0.005860600943	0.0904992668	-7.429930332	12.90760437	2.189911097
	3.797232886	0.2664218828	0.1387544358	0.5703201281	0.177419596
	0.06635215471	0.03888706801	0.1166799639	0.4919021826	0.5753995523
	0.2013503696	0.244568412	0.2076858226	-0.02423558382	-0.06136445343
	0.1921682911	0.6180557716	0.05416747059	0.009607070048	0.03848990284
	0.3034857328	0.1855373578	0.5647321058	0.01901809837	0.06706534973
	-0.0940602068	0.1249123762	0.07541528987	0.08293911195	0.08720810526
	0.0824859918	0.07315520469	0.04471091235	0.0274904209	0.01811059454
	-0.007725677191	-0.03555849015	-0.05673753816	-0.07264308979	-0.0857494272
	-0.09731574973	-0.1078911088	-0.11773738	-0.1270154	-0.1356407932
	-0.1431568109	-0.149855312	-0.1558961175	-0.1611843693	-0.1655607723
	-0.1686655308	-0.1697927839	0.3696233992	0.2770572231	0.2824238385
	0.247672279	0.2276903149	0.225442142	0.2273196489	0.2371668245
	0.05807268593	0.0289787585	0.1019803713	0.1458674229	0.09518398574
	0.02368883095	-0.4873947226	0.5099075107	0.2359417094	0.1551442559
	0.249626648	0.2651661067	-0.3161728213	0.2426721881	0.2410954282
	0.2265274241	0.1065494002	0.2188438273	-1.192044194	0.1321138828
	0.1180219908	0.1568974521	0.08464484932	0.02789288326	-0.0624320709
	-0.1049335499	-0.09618194397	-0.3557200346	-0.5062862118	-0.28509154
	-0.07730805819	-0.02079256164	-0.2697237393	-0.3060962456	-0.2579181062
	-0.2196580208	-0.05513766333	0.3104413254	1.15797629	-5.970922987
	0.301025604	0.03485917857	0.06328379934	0.1704709514	-0.7996412311
	0.09222450446	0.04554216255	0.02792953415	0.07961775641	0.2598856654
	1.83019892	0.2477643075	0.1928934832	0.2038206866	-0.2060762708
	-0.4546260209	0.1235587811	0.3300772032	0.120037028	0.07936799207
	1.328508129	0.4250391609	0.2127470986	0.2214301378	-0.09592808004
	-0.02884441639	-0.03267987922	0.07147818739	0.06624155928	0.0748530167
	0.08263375937	0.08015402164	0.06358796715	0.03779121943	0.02058274556
	0.007194487709	-0.01315895741	-0.03525465114	-0.05436290866	-0.07016540322
	-0.0836511383	-0.09558873019	-0.1064265956	-0.1164224919	-0.1257257725
	-0.1343025922	-0.1418989508	-0.1486834186	-0.1548270374	-0.1603483114
	-0.165180148	-0.1689169528	-0.1703470628	0.3057907453	0.2771447164
	0.3081122359	0.2517742582	0.2297863381	0.2270299089	0.2041666697
	0.1247479897	0.01538767123	0.03754795995	0.01699606346	0.1419143686
	0.1154296036	-0.01945592658	-0.1656237551	1.233653772	0.3170600459
	0.2234633013	0.2724453716	0.2022005	0.2705672781	0.2339795928
	0.5046820593	0.2051677608	-0.2612388379	0.8404475622	-0.4351065158
	0.1024314809	0.1149125131	0.303312158	0.03738850082	-0.003425850835
	-0.08084429343	-0.1463508384	-0.08612014218	-0.4269112175	-0.6470118119
	-0.5091924203	-0.2068421567	0.01575205849	-0.4138991584	-0.3351764588
	-0.3866098978	-0.4166667275	-0.1526161532	-0.04177853073	0.02444416256
	1.511246152	0.3508334657	-0.5166039908	-0.02874492668	0.1163309574
	-0.9684933019	-0.04117534873	0.01570597612	0.01425073324	0.01108891833
	-0.08969832066	-3.132677059	0.01318699987	0.1483576637	0.1926248972
	0.01233556023	-0.06722590421	0.2067382154	0.266285571	0.1696552035
	0.9564523349	-1.141302088	0.008311235286	0.3018013198	0.1145860924
	-0.06070944612	-0.08310713161	-0.02770653596	0.04959768331	0.06196943695
	0.07114758269	0.07968195731	0.07535701419	0.0541680197	0.02914267459
	0.01444248091	0.001216067391	-0.01620704176	-0.0352532708	-0.05297159279
	-0.06853130864	-0.08218076297	-0.09434323326	-0.1053577881	-0.1154552674
	-0.1247709508	-0.1333098504	-0.1409680629	-0.1478524635	-0.1541308883
	-0.1599292064	-0.1652603691	-0.1697287188	-0.1716741146	0.2964073016
	0.2795294411	0.2772839606	0.2236481503	0.1847856942	0.2377045752
	0.1963473234	0.03322493372	0.00410775681	0.1810942169	-0.08387728139
	0.1061022584	0.1454804187	0.0153436807	0.01817649356	-0.201590294
	-2.016918992	0.1222083237	0.2577563568	0.0978596868	0.5938312986
	0.2763462771	0.7406160828	0.2556166385	-0.02845589289	-0.4553741707
	0.4148717506	0.1386952082	0.1298391829	0.5812889685	-0.06993064671
	-0.02286821123	-0.08891798196	-0.1721246606	0.02161324997	-0.4435741043
	-0.7368084213	-0.677713457	-0.3189244135	-0.006927084197	-0.3483167702
	-0.3239273734	-0.470834986	-0.5466598258	-0.1695143041	-0.1651193487
	0.06985295584	-0.07208007164	0.06906156959	-0.08625170569	-0.008485321506
	-1.15238353	2.10653902	0.1319738223	-0.0007344447338	0.005845679896
	0.02402348494	0.7617114457	-0.9603275676	0.2132104127	0.1659732671
	0.2466468078	0.1649889758	0.1277177257	0.1385457211	0.3246153848
	0.1341446917	0.319460074	-0.06191340512	0.2699383265	0.3049861141
	0.0141406131	-0.1163525103	-0.2155341018	-0.04810196142	0.03894586178
	0.06145168629	0.06936510953	0.07581246298	0.06917294171	0.04624109065
	0.01730616279	0.008232201211	-0.002283999839	-0.01783065934	-0.03531189716
	-0.0522413795	-0.06760548703	-0.08131330151	-0.0935931589	-0.1047081033
	-0.1148648209	-0.1241902788	-0.1327139668	-0.1404076984	-0.1473609542
	-0.153748818	-0.1597732412	-0.1654500135	-0.1703188832	-0.1727423786
	0.2939279578	0.2755663524	0.2594984811	0.189871832	0.01128892939
	0.2234776423	0.2146532638	0.01737171057	-0.07328460457	0.3035582222
	-0.1332685811	0.0779307516	0.1564387133	0.2212518215	0.7960919071
	0.322101149	2.12699208	0.4167009838	0.2477316994	0.2656264422
	0.4562249223	0.921274623	0.7401631068	0.2945660903	0.7751996181
	-1.18591502	0.01306165267	0.08948299056	-0.3061028033	0.4477842167
	-1.349077378	-0.007981816949	-0.07801706227	-0.1034866814	0.1971334325
	-0.4124382775	-0.7664920392	-0.7532676929	-0.3831590078	0.01667223365
	-0.5974227437	-0.3288895284	-0.4947553663	-0.6107188657	-0.1294404482
	-0.1495473686	0.2623449396	-0.03947424496	0.0241199614	-0.04614688053
	0.113302133	2.395256725	-1.595651553	-0.7348672899	-0.08614396309
	-0.002430799783	0.01173942233	1.19229478	1.043814634	0.2886262863
	0.1725712139	0.3866721322	0.2312715194	0.2991893647	-0.06634548743
	0.8377298257	0.1176126794	0.245160163	0.02151715721	0.2420373898
	0.2091730702	-0.1164358145	-1.256618482	-0.9410266539	-0.09029613373
	0.03146040485	0.06193354869	0.06878358134	0.07352505688	0.065930296
	0.04286864062	0.006700055262	0.003154312769	-0.003735330453	-0.01836867771
	-0.03534536324	-0.05201763092	-0.06730796524	-0.08102783145	-0.09334330702
	-0.104490535	-0.1146667511	-0.123996161	-0.1325166379	-0.1402222227
	-0.147199411	-0.1536245579	-0.1597252821	-0.1655170228	-0.170455001
	-0.1731493927	