3131	
	-0.5769332375	0.2041587774	0.2123536207	0.1206821344	0.07713524678
	0.08392808305	0.1293111073	0.1631503169	0.1453240276	0.248338599
	0.4894810753	0.4881833887	0.329301337	0.3463001579	0.5181426666
	0.3454681732	0.2464931093	0.224240723	0.2361540806	0.2445003481
	0.1239348859	0.1718660914	0.1310542053	0.1158506003	0.9436452531
	0.1634392788	0.120750287	0.1121954435	0.04466870882	-0.0272614131
	0.2921145491	0.1354048247	0.1001067639	0.07843317124	0.06318783155
	0.06059448013	0.07441528372	0.08742523642	0.0696527298	0.03604294666
	-0.01028316039	-0.0558838275	-0.0213262067	0.01230318389	0.03364111549
	0.04532605218	0.05465294493	0.06410841286	0.07477739546	0.08782350292
	0.1038922149	0.1153650969	0.1144595884	0.1121373031	0.1109063711
	0.1103529818	0.1098093372	0.1088452171	0.1074038914	0.1056928814
	0.1038438839	0.1018962798	0.1002667875	0.09947069162	0.1006869909
	0.1047223152	0.1124419557	0.1270767255	0.1646487742	0.2134874809
	0.1514160352	0.1171444618	0.09611884972	0.08065527296	0.06836678608
	0.05813646399	0.04923372073	0.04119286374	0.03377697952	0.02687471788
	0.02041877568	0.01435296937	0.008626028337	0.003191208105	-0.001995879185
	-0.00698071667	-0.01181244569	-0.01654459624	-0.02123459189	-0.02594289317
	-0.03072510428	-0.03558923644	-0.04045991403	-0.04520692422	-0.04937625351
	-0.05238257219	-0.0545132316	-0.0561657335	-0.0574366097	-0.05826253599
	-0.05856652099	-0.4435537749	0.2129558242	-0.3636185305	0.1116777879
	0.0776861961	0.08194551918	0.129893148	0.1609750797	0.1125701004
	0.1696457824	0.4224990062	0.442812535	0.2463612801	0.196285279
	0.3872444463	0.3087266814	0.2464162243	0.2300803021	0.2444186495
	0.2067476887	0.1745012005	0.1903826363	0.1238642708	0.1370553163
	-0.4730657536	0.05137646278	0.1129482552	0.1119185094	0.05853598836
	0.01566578388	0.1473998987	0.1169603946	0.09684164455	0.07723524053
	0.06104627481	0.05794318551	0.07669704164	0.09624015301	0.07291168889
	0.03676443439	-0.02153135253	-0.08997467344	-0.02659695032	0.0124996574
	0.03421869814	0.04559311742	0.05463475423	0.06394052706	0.07454183833
	0.08771406086	0.1055217604	0.1191967629	0.1157559006	0.1123534158
	0.1109329153	0.1104053053	0.1099056398	0.1089420538	0.1074590233
	0.1056758101	0.1037040572	0.1016040821	0.09995406317	0.09908757522
	0.1001980171	0.1040993578	0.1117406602	0.1266357331	0.1656467956
	0.2401979526	0.1552889281	0.1162683363	0.09542006912	0.08012040163
	0.06796385113	0.05785256681	0.04903550034	0.04103962105	0.03364457072
	0.02675473931	0.02030940181	0.01425346705	0.008535542778	0.003109173642
	-0.002069418026	-0.007045255405	-0.01186743014	-0.01658982968	-0.02127045426
	-0.02597023925	-0.03074678824	-0.03562267059	-0.04055152854	-0.04542182278
	-0.04970668168	-0.05265546047	-0.05469565949	-0.05631005194	-0.05757980712
	-0.05841488999	-0.05871532006	0.4256318485	0.3538745358	-0.2652744763
	0.3166414051	0.09875807251	0.07361720065	0.1335132453	0.1677942106
	0.03657633205	-0.02197582208	0.2348438084	0.3212478652	0.05853676971
	-0.1105341565	0.1037971379	0.2664579113	0.2871712274	0.2298235278
	0.2643087317	0.1362497673	0.1794270994	0.1805367091	0.09039439274
	-0.06743662664	0.8756660177	0.1615468504	0.1223103753	0.107380835
	0.06149185337	0.02782573674	0.07548784681	0.08619585542	0.09146756472
	0.07295987848	0.05414859491	0.04788998088	0.08543678641	0.1323555318
	0.08413121763	0.04285597293	-0.02716006207	-0.1846710772	-0.04229605451
	0.01499183102	0.03600071457	0.04621868407	0.05452113261	0.06338835145
	0.07371011801	0.0867278124	0.1082532508	0.1313347371	0.1197176174
	0.1129472932	0.1110284885	0.1105946403	0.1102309008	0.1092579968
	0.1076376988	0.1056298857	0.103249513	0.1005960292	0.09891186603
	0.09788483239	0.09873833443	0.102174395	0.1089592707	0.1213247746
	0.1457746648	0.1847925149	0.1457085608	0.1129999928	0.09348918147
	0.07855396873	0.06675859786	0.05700856691	0.0484532908	0.04058767162
	0.03324954519	0.02639450158	0.01998066206	0.01395461644	0.008263877896
	0.002862822181	-0.0022903282	-0.00723909118	-0.01203235799	-0.01672507002
	-0.02137709185	-0.02605180662	-0.03081349599	-0.03571609219	-0.04079891709
	-0.04605564859	-0.05073966298	-0.05348769958	-0.05523848867	-0.05674215172
	-0.05801422309	-0.05888292652	-0.05920003608	0.02842572305	0.1420613864
	0.2196930372	0.1425851745	0.05134207946	0.04484319449	0.1240348929
	0.2053900023	-0.02247297014	-0.2598962829	0.02576417357	0.2126284098
	-0.08887804362	-0.3734435173	-0.1156658688	0.644520263	0.7336962973
	0.1986991341	0.2044231028	0.003790183497	0.1623050397	0.01276849103
	-0.03372584484	0.5676438199	-2.570965985	0.076080347	0.1286093924
	0.108394929	0.04995911959	0.00702979214	0.02214120006	0.05985029776
	0.07941718547	0.06468747007	0.04162431272	0.02265520442	0.1078853873
	0.2366137976	0.1035788282	0.0580568412	0.005369527456	-0.06609362205
	-0.01292534384	0.02658233248	0.03998542695	0.04722139721	0.05423077174
	0.06237211529	0.07201410477	0.08373621455	0.1043549739	0.1428564425
	0.1245987986	0.1132498839	0.1110872232	0.1109635107	0.1108835895
	0.1098708651	0.1079777734	0.105536918	0.1024266703	0.09868972733
	0.09696955179	0.0958155247	0.09636251971	0.09912497386	0.104558384
	0.1139289095	0.1291619037	0.14604979	0.1301491313	0.1085548863
	0.09053011699	0.07587097296	0.06470033669	0.05561838721	0.04752904114
	0.03986187522	0.03259728617	0.02579195144	0.01943044076	0.01345563333
	0.007810712241	0.002451576644	-0.00265948378	-0.007563046385	-0.01230760492
	-0.01694996579	-0.02155325167	-0.02618513357	-0.03091988148	-0.03585153822
	-0.04114392419	-0.04702735984	-0.05248340581	-0.0548440296	-0.05609023778
	-0.05744058232	-0.05874594919	-0.05969096392	-0.06004912737	-0.01958505732
	0.02313427578	0.008514030469	0.03249457573	-0.03710931005	-0.007225164923
	0.06491397644	0.2745992542	0.02347437123	-0.3613345951	-0.08800780375
	0.2429950828	-0.008092224194	-0.395885548	-0.1423352182	0.1785655272
	0.4554860082	0.1276391787	0.236364782	0.2135842942	0.304142121
	-0.09055851612	0.6853774546	0.1335162369	0.01740658902	0.5202443336
	0.1764564566	0.1276474709	0.02511965579	-0.03231276689	-0.03171065386
	0.03693989902	0.063139765	0.05334453808	0.02392288715	-0.04362760526
	0.08451137686	0.3657991677	0.1245155973	0.07419169869	0.0360943336
	0.004386716454	0.03341879029	0.04458827023	0.04539110959	0.04823979139
	0.05359188385	0.06081343356	0.06934838435	0.07782834856	0.09423202551
	0.1272259198	0.12280123	0.1121647305	0.1110622822	0.1116275971
	0.1120817087	0.1109337169	0.1085643033	0.1054388475	0.101422084
	0.09643608941	0.09406940599	0.09284064688	0.0931562722	0.09516567737
	0.09904358624	0.1057494414	0.116848821	0.1294741752	0.1241859297
	0.1053208773	0.08674817357	0.07177863036	0.06167287809	0.0537134615
	0.04635148077	0.03890554877	0.03169088167	0.02493899974	0.01865336368
	0.01275484042	0.007175453597	0.001874332924	-0.003178559733	-0.008018693483
	-0.01269393352	-0.01726398417	-0.02179670331	-0.02636519839	-0.03105363267
	-0.03599095096	-0.0414524003	-0.04794556735	-0.05441488293	-0.05639985611
	-0.05710422892	-0.0583669861	-0.05979202249	-0.06088841392	-0.06132752771
	-0.01197417677	-0.003044106512	-0.03292502425	-0.02823401508	-0.111970076
	0.02786077693	-0.05034748019	0.2917058917	0.174057018	-0.3132440245
	-0.06394416894	0.4008915874	0.2903941701	-0.1524472557	-0.05693012281
	0.03639666327	0.006078464814	0.6361927067	0.2532608205	0.2771768272
	0.3635490713	-0.05861413871	0.2996341563	0.1412497322	0.1147349292
	0.2218157159	0.1253303384	0.1361904593	-0.02995567315	-0.05201530093
	-0.005861906104	0.03550993217	0.05607423397	0.0440802266	-0.005868927891
	-0.2411954826	-0.05607586388	0.1555989362	0.1011851444	0.07353949255
	0.05428197772	0.04266091799	0.07256068085	0.06317722989	0.05003454878
	0.04854978144	0.05237026868	0.0587378202	0.06652600238	0.07438016862
	0.08628874023	0.1087694191	0.1137504119	0.1095632494	0.111106947
	0.1128090661	0.114280522	0.1127098655	0.1095449897	0.1054629227
	0.1001508473	0.09380862221	0.09012520569	0.08897294873	0.08923699054
	0.09049297364	0.09259967641	0.09662319539	0.1065477151	0.124852121
	0.127811292	0.103878194	0.08175602393	0.06547139146	0.0574748075
	0.05136840715	0.04509763865	0.03778097534	0.03051796671	0.02381291049
	0.01763810961	0.01184947165	0.006357327374	0.001129269542	-0.003850380684
	-0.008608671338	-0.01319270416	-0.01766655704	-0.02210450119	-0.0265854768
	-0.03119950496	-0.03609055931	-0.04156668058	-0.04820528864	-0.05516327143
	-0.05733837355	-0.0580196	-0.05947910053	-0.06119336349	-0.0625661885
	-0.063158783	-0.0119185226	-0.01208841514	-0.02890902794	-0.04686621744
	-0.2940719601	0.22366424	-0.1007569511	0.10016016	0.3049973756
	-0.1476692198	0.01656587098	0.4953225501	0.5326249873	0.1096769779
	0.004383809781	0.09801263756	0.2716691994	0.1965744918	0.5878285361
	-1.587498453	0.1401836245	0.06045168965	0.2349106372	0.2232240004
	0.1598404548	0.1607004122	0.03506804855	0.05226459856	-1.651760732
	0.01318549446	0.07434677826	0.05277238823	0.06027582446	0.04467321964
	-0.07201080374	-0.3700320793	-0.1957534419	0.06468209526	0.08007997455
	0.06703907679	0.05567435999	0.05242865744	0.07416149761	0.06805244322
	0.05080406607	0.04736593558	0.05033914911	0.05610910206	0.06343094832
	0.07165575397	0.0823771079	0.0976430005	0.105708965	0.1062740143
	0.1110141019	0.1147635032	0.1184733859	0.1156162316	0.1111153136
	0.1058731644	0.09865337448	0.08948064814	0.08457072329	0.08413894898
	0.08469566342	0.08531967793	0.08525436731	0.08537867226	0.09493307102
	0.1295951899	0.1444786094	0.1038788197	0.07428107524	0.05519277499
	0.05189868684	0.04874987853	0.04411100825	0.03655784985	0.02902084398
	0.02236091829	0.01636413557	0.01073613293	0.005355704876	0.0002134999483
	-0.004679525005	-0.009337185064	-0.01380616895	-0.01815724748	-0.02247323659
	-0.02683933702	-0.03134629432	-0.03613044052	-0.04144850027	-0.04770338938
	-0.05424658115	-0.05716616234	-0.05866414577	-0.06077638523	-0.06303062149
	-0.06487715211	-0.06576401868	-0.01383437838	-0.01748936682	-0.03765977238
	-0.1747875924	-0.9200646848	0.3126989252	0.01831567581	-0.1191623696
	0.1440446637	0.01671981953	0.08490737651	0.3942375978	0.4578030347
	0.1829596278	-0.0172324603	0.09340478576	0.2146728413	0.1430704693
	-1.632937663	2.661154255	0.1779205581	0.4907096471	0.4500310547
	0.2407119814	0.08683819874	0.178133054	-0.07781653385	0.1360419155
	0.05929571062	-0.1691800855	0.1021283085	0.06602284766	0.07313982497
	0.1019060683	-0.2826136063	-0.5484824429	0.6806509599	0.1339522149
	0.08127049613	0.06207899492	0.05207010867	0.04967529776	0.05878017797
	0.05634424669	0.04648358827	0.04436077519	0.04738531692	0.05288467131
	0.05983201283	0.0678667103	0.07753334226	0.08937532308	0.09898864385
	0.1021133352	0.1096842786	0.1177899545	0.1270502648	0.1202469312
	0.1134469093	0.1070695681	0.09740485846	0.0824838928	0.07520177983
	0.07739451365	0.07941745092	0.07991365385	0.07715721862	0.06991015004
	0.07536536199	0.1419108553	0.1793756971	0.1027874515	0.06241625521
	0.03795205114	0.0451628727	0.04611631941	0.0439404609	0.03524505466
	0.02703119492	0.02047542707	0.01479985283	0.009413134521	0.004170844405
	-0.0008776064339	-0.005673346202	-0.01021075477	-0.01453784585	-0.01873594647
	-0.02289931194	-0.02712068158	-0.03148934614	-0.03612143061	-0.04119216067
	-0.04688629749	-0.05269707377	-0.0564094692	-0.05914966609	-0.06230953235
	-0.06540468861	-0.06803962334	-0.06951237673	-0.01379830604	-0.01876904634
	-0.04948377779	-0.2647098087	-1.363791474	0.2040517108	-0.04308070324
	0.07322066026	0.08534910068	0.09394697735	0.1033923307	0.1715542929
	0.1612499358	0.03394989635	-0.1188431553	0.07717712842	0.1621459665
	0.1350590994	0.06352496899	-0.05272556559	0.1733178058	-0.688268711
	0.1555869758	0.3008625617	-0.7417216872	0.2599882848	-0.006715610084
	0.2559000085	0.1573111763	0.2444660095	0.1750520897	0.09170512155
	0.09862859322	0.1458829075	0.5246694544	-0.568815376	0.8372002911
	0.1994393957	0.07903133494	0.05603698385	0.04672432964	0.04396718543
	0.04637938627	0.04433009896	0.03968461584	0.03982129035	0.04354101735
	0.04908342638	0.05575757392	0.06336023801	0.07201225008	0.08163653414
	0.09046919211	0.0965505017	0.1067798843	0.1233609984	0.1459759599
	0.127233549	0.116548612	0.1096906772	0.09752424713	0.07136703745
	0.05846655722	0.06724520095	0.07324717239	0.07462266688	0.06900685324
	0.04793835122	0.03318816841	0.1471286444	0.2279368454	0.09339089846
	0.04950065983	0.01185114604	0.03933280954	0.04329503298	0.04450276484
	0.03350274856	0.02413878087	0.01796215732	0.01290873372	0.007886897325
	0.002805046498	-0.002151853434	-0.006843696811	-0.01123930575	-0.01539294009
	-0.01940303953	-0.02337952486	-0.02742468005	-0.03162808121	-0.03608555884
	-0.04090710476	-0.04614873448	-0.05145531622	-0.05576877253	-0.05963648063
	-0.06397357195	-0.06823994984	-0.07223472287	-0.07491373282	-0.01123015706
	-0.01263123169	-0.01273776802	0.0838253794	-0.1848918132	0.5052971667
	-0.2549681867	0.02765093764	0.1075129342	0.1375116009	0.1001850282
	-0.01817562806	-0.1399155403	-0.1087733135	0.002483186609	0.1523838354
	0.1882642291	-0.0914109603	0.1765905113	0.1569450213	0.1867178151
	-0.2413978936	0.2360095238	1.037331623	0.03968598278	0.1444720559
	0.1652836575	0.1708146806	0.01627120117	-0.7868513752	0.2378174841
	0.108009438	0.1061019389	0.08256868185	0.2430371955	-0.104503605
	0.2373773588	0.1656556157	0.06678348804	0.04712897863	0.03993693848
	0.03744077887	0.03696867351	0.03422648479	0.03154254227	0.03393962905
	0.03889838305	0.04477819638	0.05129880107	0.0584678438	0.06631659665
	0.07456605286	0.08225958981	0.08967808913	0.1020510339	0.1248831892
	0.1739750738	0.1358220031	0.1199941097	0.1149131815	0.1023851941
	0.05838682374	0.03570786238	0.05596590918	0.06723325726	0.06981741894
	0.06194214168	0.02278251812	-0.05033617634	0.1014261063	0.2419253714
	0.06610089688	0.05902000506	-0.01614424766	0.04143033668	0.03842638666
	0.04139429296	0.02992255948	0.0195001	0.01453289825	0.01068078568
	0.006185484844	0.001263493588	-0.003623288153	-0.008209820029	-0.01243771712
	-0.0163787193	-0.02015915476	-0.02391078841	-0.02774782406	-0.03176250444
	-0.03603742658	-0.04064741759	-0.04561036028	-0.05072312842	-0.05550047419
	-0.06010960967	-0.06518306215	-0.07076393218	-0.07715401769	-0.08222282585
	-0.008739739006	-0.007480828704	0.01404625104	0.2390027093	1.07344059
	-0.4040254001	0.0173647468	0.04883430661	0.1173452414	0.1353413034
	0.1251035856	-0.008805279843	-0.2511425048	-0.1776519093	0.1522609363
	0.2629024365	0.3504945411	0.1838836976	0.235373488	0.3249233383
	0.2714820816	-0.6618346349	0.1657304119	0.3515632025	0.1260331598
	0.20276236	0.2975613112	0.3065117543	-0.5590029129	-0.19218212
	0.3553892655	0.08989920463	0.07417153268	0.09944811024	0.1562026603
	0.001243445253	0.07110911187	0.06437196434	0.04335770425	0.03517739542
	0.03196103382	0.03062089649	0.02881556084	0.0240864183	0.02101658815
	0.02658053477	0.03358951835	0.0400937595	0.04656425657	0.05334702461
	0.06057628033	0.06791043521	0.07431351577	0.08092504397	0.0945845538
	0.1129713709	0.1434007079	0.1315153411	0.1226005865	0.1250709375
	0.1194398366	0.04833103714	0.02879954627	0.04934823751	0.0628976853
	0.06580037898	0.0564453326	0.006947064217	-0.1331328748	0.011893194
	0.1530938795	0.04714125405	0.1239849887	-0.04358594794	0.06717672456
	0.02876787621	0.02979936423	0.02284115477	0.01195743681	0.009976952013
	0.008226921986	0.004380105742	-0.0004479874866	-0.005318581745	-0.009803104251
	-0.01382796191	-0.01750474911	-0.02100431896	-0.02448823979	-0.02808464879
	-0.03188904071	-0.03597786056	-0.04041660151	-0.04524240561	-0.0503993294
	-0.055654117	-0.06067988485	-0.06560929872	-0.07180193885	-0.08113143397
	-0.08984111983	-0.008200119118	-0.0104090132	-0.02145744794	-0.1689626026
	-0.2494387346	-0.0514142536	0.03303057198	0.0772022878	0.1233808139
	0.1294896035	0.1943742383	0.2238546963	-0.03682448617	-0.05529879308
	0.3286634087	0.4105257276	0.1719475187	0.2259681187	0.2337085112
	0.3844275744	0.2614484392	-1.574197448	-0.1313948365	0.1921706399
	0.1540937077	-0.07742533358	0.5307343288	2.185454353	0.218195171
	0.4713755203	0.2120703238	0.04235971888	-0.2607565718	0.1358120742
	0.3218830181	0.0376397894	-0.04080263485	0.002532822866	0.01803994425
	0.02195902139	0.02339472142	0.02387400272	0.02118497166	0.01204897444
	0.005726647657	0.01752836776	0.02789053855	0.03522745092	0.04169978941
	0.04810018975	0.05483128664	0.06155832485	0.06689888308	0.07133755248
	0.08559542845	0.1009817647	0.1185555812	0.1218677868	0.126354839
	0.1476005984	0.1674025748	0.03494203967	0.02656044432	0.04873669548
	0.06075213903	0.06321461279	0.05447463822	0.01179431901	-0.101108378
	-0.03452804746	0.08793202639	0.09709959384	0.274099739	-0.1216557047
	0.1467178224	0.015435685	0.01661510531	0.01522786536	0.002433632772
	0.005045753149	0.005975304877	0.002600808432	-0.00233505755	-0.007289383379
	-0.0116746318	-0.01544194154	-0.01878287192	-0.02193675133	-0.02510346805
	-0.02842501335	-0.03199777276	-0.0358949485	-0.04018877814	-0.04497121589
	-0.05036555975	-0.05633504856	-0.06176163885	-0.06577727038	-0.07135421753
	-0.0814757251	-0.09235947413	-0.005109169448	-0.009929404174	-0.0257049053
	-0.1391753198	-0.9283578016	0.1875702497	0.1058163783	0.08039840891
	0.06761371656	0.1157296439	0.2259488719	0.4616568872	0.2415425205
	0.1044941163	0.4174726035	0.5695335357	-0.04504813713	0.2215703719
	0.2780301256	0.4617581695	0.1527083107	-2.158825205	10.93289341
	-1.019203459	2.57519756	0.3304105014	0.3260334888	0.4458056227
	0.151381512	0.2528087331	0.1600070949	0.1838954327	-0.139943049
	-0.3856995087	0.06632288686	-0.01306538182	-0.1638841636	-0.05064726811
	-0.004050810441	0.009259520331	0.01487668999	0.01771626051	0.01453662463
	-0.002436916611	-0.01742828224	0.007222202024	0.02245240965	0.03047398207
	0.03693197356	0.04283677822	0.04911439904	0.05560684024	0.06112764625
	0.06574080484	0.07718874041	0.08974412519	0.1031374174	0.1158931545
	0.1316492889	0.1639543665	0.2697840102	0.04118612243	0.02777040078
	0.0516375559	0.06025398787	0.06243031685	0.05790626521	0.03184469303
	-0.01979820593	-0.001287805134	0.06789232582	0.1100755855	0.2686767579
	-0.2987800705	0.2181841908	0.04145837069	0.01400227494	0.01488866919
	0.0007183910403	0.003386662725	0.004793406598	0.0009912692542	-0.004447805668
	-0.009633972881	-0.01390664948	-0.01732499092	-0.02022661057	-0.0229511704
	-0.02574324198	-0.02875376164	-0.032073079	-0.03576805623	-0.03992240302
	-0.04470319911	-0.05049431653	-0.0576924624	-0.0639088853	-0.06606479799
	-0.0698128318	-0.07761296554	-0.08624143152	0.004139907389	0.00170483487
	0.003547968358	0.06155263788	1.262707027	-0.05745755679	0.08527218224
	0.08901575871	0.1144478536	0.1047290966	0.175316367	0.3955545578
	0.2472663931	0.1145103428	0.2122280678	0.5485993732	-0.04355921687
	0.2674307633	0.4699540969	0.209291756	0.3097767504	1.863259485
	-1.276463049	0.559092448	0.3416392575	0.430154472	0.3370976974
	0.1223868077	0.203638448	0.2063065129	0.2033580268	0.1523606128
	0.1974703297	-0.2469514548	-0.1236551002	-0.03554127082	-0.168309273
	-0.0719777652	-0.01787620145	-0.001725280558	0.006722246321	0.01280125627
	0.01142227681	-0.008617860974	-0.03797943491	-0.0006064966504	0.01860047778
	0.02619790921	0.03266671281	0.03771167066	0.04341404895	0.04989641219
	0.0560514139	0.06156685133	0.06966897255	0.07806560295	0.08921119381
	0.1078369303	0.1316145527	0.1440777895	0.1834994089	0.08354691756
	0.05126221234	0.05926146447	0.06013438571	0.06239329538	0.0654179422
	0.05576119358	0.0322312882	0.02956415129	0.06100297863	0.08920680741
	0.1378952625	-0.09604625451	0.09455902311	0.06672018869	0.0332167931
	0.02505886421	0.01106195832	0.007491639923	0.005126167877	-0.0004732818549
	-0.00693821982	-0.01253123403	-0.01662940142	-0.01953978553	-0.02184935526
	-0.02403614102	-0.02638800804	-0.02905096902	-0.03209575817	-0.03557283809
	-0.03956858531	-0.04431349617	-0.050475885	-0.05934654842	-0.06730934671
	-0.06650824483	-0.06772373128	-0.07229836984	-0.07704606594	0.01483741096
	0.01362943166	0.009033160498	-0.0524921635	-0.3625546288	-0.01688319435
	0.07007316022	0.0924761996	0.1128593933	0.06914447106	0.1433738087
	0.1858806733	0.05322203167	0.09196342785	-0.1932236543	0.2510500338
	0.06061802055	0.3688978577	0.1485775983	-0.1227109518	-0.6751622729
	-0.2103038673	0.6972182103	0.9337822313	0.1439557236	0.308335316
	0.4535465049	-0.3508993319	0.09873506984	0.2079624554	0.3449123906
	0.05586203835	0.2670757032	0.06427150971	-0.03425190316	0.00104064009
	-0.06548184098	-0.04933898023	-0.02390987375	-0.01143516669	-0.001566893174
	0.009470318448	0.01588691022	0.006387296839	-0.01038290974	0.006396020835
	0.01806264551	0.02263864229	0.02977564681	0.03298904145	0.03768565634
	0.04423745676	0.05103912562	0.05698353963	0.06212369323	0.06466027366
	0.07201061951	0.09536431462	0.1190396703	0.1304773587	0.1386787083
	0.09731458854	0.07493353628	0.06824512648	0.057444611	0.06010626081
	0.07564069911	0.07598388689	0.06915897215	0.04362795685	0.05458837578
	0.07093665531	0.07843105785	-0.01210725333	0.07581268582	0.08783036589
	0.05752009795	0.03869807075	0.02268185396	0.01340354282	0.006125383742
	-0.002113365324	-0.01011501057	-0.01629154906	-0.02004598391	-0.02216994367
	-0.02366022359	-0.02516989235	-0.0270098017	-0.02929196272	-0.03204520606
	-0.03528694045	-0.03908415526	-0.04366702341	-0.0497430452	-0.05894298689
	-0.0689897954	-0.06623840637	-0.06533319045	-0.06753024054	-0.06969481803
	0.02500199342	0.02544090695	0.0280616605	0.03988368535	0.003523422804
	0.01357945207	0.09734054727	0.1164376684	0.1238953717	-0.02009764313
	0.1612016861	0.1497472857	0.1467345281	0.4658297722	-0.3144502813
	0.02305679781	-0.03697277456	0.2612463755	0.07789692594	-0.2155622387
	0.7058899236	0.6370348347	0.3942772347	-0.01981134214	-1.270760898
	0.4931274633	0.4196800641	0.219918323	0.09537528679	0.2254301003
	0.2299762576	0.1699523098	0.05517684742	0.1630631447	0.03516854575
	-0.004759770185	-0.03138043561	-0.0400323305	-0.03046111615	-0.02192011779
	-0.01171509448	0.006615492877	0.02971942423	0.0453280021	0.02644504033
	0.02185895664	0.01982119681	0.01957574634	0.03056025819	0.02914300103
	0.03183257371	0.03851236748	0.04605327225	0.05232554439	0.05521041139
	0.05039717565	0.04954905999	0.08223683749	0.1095325077	0.1237485443
	0.1252703041	0.1063658759	0.09122612098	0.07742784618	0.05109132269
	0.05247798293	0.09100983478	0.09011401033	0.07758503105	0.03744556603
	0.04534874697	0.05816938132	0.06135356308	0.03059366293	0.09219031364
	0.1336501006	0.07945663315	0.05120393272	0.03193882292	0.01833210904
	0.006854192276	-0.004385995079	-0.01448626917	-0.02144588878	-0.02447131949
	-0.02532155113	-0.02565567528	-0.02631398352	-0.02756960246	-0.02944720804
	-0.03190124398	-0.03489554538	-0.03845257597	-0.04273035885	-0.0481882857
	-0.05563614859	-0.06358789221	-0.06327970799	-0.06245920204	-0.06355370135
	-0.06451656934	0.03354052233	0.03496857231	0.03699848013	0.04782495989
	0.06569820145	0.07370225172	0.1247978465	0.125599229	0.2311349335
	-0.2432020933	0.2264630803	0.1486209353	0.1478215869	0.1914647102
	-0.2016212311	0.03549645007	0.09819450511	0.2599574639	0.2098543898
	0.4297953454	0.195093037	0.2774957111	0.3002985018	0.2869042473
	0.5466964241	0.1860126366	0.211296521	0.2882453566	0.3332903342
	0.3782133399	0.1706277678	0.3527453977	-0.1191717892	0.05208373306
	0.03433322377	-0.03467312606	-0.03197709395	-0.04158589908	-0.03949624354
	-0.035107184	-0.02702519713	0.0006217334368	0.04014598117	0.1010019919
	0.06281876276	0.03652420061	0.02229109575	0.01684862217	0.0421636108
	0.02692086261	0.02557142194	0.03262049417	0.04123334327	0.04829863415
	0.05088203679	0.04306891009	0.03203419301	0.07167514492	0.1043379817
	0.1206864483	0.1227929634	0.1142215497	0.1048402153	0.09125359335
	0.05872748036	0.05580695705	0.1226891957	0.1065985477	0.06807773954
	-0.004992244475	0.03017000824	0.04843777821	0.05709111933	0.06022375212
	0.1163704748	0.1980336932	0.0990023062	0.06123150893	0.03898367923
	0.02202558053	0.006913130892	-0.007768031362	-0.02087079896	-0.02893676599
	-0.03039633621	-0.02911767658	-0.02780349414	-0.02740421134	-0.0280144849
	-0.02948234956	-0.03164513957	-0.03439312111	-0.03768843913	-0.04159222185
	-0.04630587325	-0.05201916945	-0.05758251113	-0.05896617735	-0.05920026637
	-0.06005906984	-0.06058757411	0.04169880399	0.043867723	0.04124505661
	0.03778281938	0.03543894625	0.04728915111	0.0941896576	0.09077404632
	-0.0384547003	-0.2524726769	0.05458733535	0.09697157175	0.1676508271
	0.1527548259	-0.03387765515	0.118848912	0.2271594513	0.3260822522
	0.2273300771	0.4762142708	-0.2888512448	0.2307365881	0.3286045707
	0.2333976699	0.3180145645	0.04760722414	-0.08175525977	-1.082783206
	0.09661064174	0.3423860465	0.153299192	0.3229518944	-0.03573817353
	0.01990288448	-0.009717926536	-0.09416169099	-0.06085791244	-0.05336136219
	-0.05171980181	-0.05380415355	-0.05430378029	-0.01222349598	0.03472285383
	0.09018333193	0.08751822552	0.04866035633	0.02336060186	0.01204793898
	0.08891799148	0.02670018486	0.01804277602	0.026421807	0.0366777612
	0.04521152196	0.0498969331	0.04737628944	0.04291414028	0.07329399127
	0.1034474012	0.1195086513	0.1247383679	0.1226453852	0.1188181271
	0.1123136722	0.09313581295	0.1023181354	0.1775373767	0.1294238673
	0.04134842582	-0.115184171	0.001575661978	0.03778712117	0.05352815117
	0.0706744808	0.1031864133	0.1442896859	0.09797578587	0.06780425932
	0.04443344781	0.02480300202	0.006216713065	-0.01279040727	-0.03070039525
	-0.04056427032	-0.03859232342	-0.03367248636	-0.0300132742	-0.02833853694
	-0.02827550979	-0.02935905527	-0.03126001963	-0.03378067395	-0.03681986243
	-0.04035106863	-0.04440279022	-0.04889590843	-0.05304039159	-0.05503121729
	-0.05590113685	-0.05679082501	-0.05722026439	0.06351595655	0.06268685881
	0.04890542337	0.03279911711	0.004402111559	0.004769388805	0.05692605559
	0.09077144469	0.037300191	-0.1118021085	0.03022847047	0.001841858099
	0.1852629206	0.1176466272	0.06243638105	0.1631857089	0.5079673968
	0.2504229552	0.2380225827	0.2619995803	0.1822878992	0.1356422221
	-0.1076060642	0.1244693068	0.007407870509	-0.3702304138	0.0546364348
	0.08727005173	-0.2891084127	0.2138300073	0.1596136362	0.1892917372
	0.04177765468	0.06803043638	-0.03394291116	-0.1559065831	-0.08790846025
	-0.06761126469	-0.06701645332	-0.08873197985	-0.1195302853	-0.03303916634
	0.03431656479	0.09423105402	0.123414495	0.06177818352	0.02136700195
	-0.1021479524	0.1700678394	0.02482295753	0.006983157532	0.01982204672
	0.03240155036	0.04279653861	0.05061189533	0.05496930263	0.06033088634
	0.08302457748	0.1065997089	0.1218830615	0.1304594211	0.1326595611
	0.1341253732	0.1361859224	0.124436366	0.1310228183	0.1653421434
	0.1316298574	0.01450485436	-0.5141565767	-0.03614210311	0.02115281615
	0.04663848657	0.07525845828	0.0901319241	0.1106230123	0.09953971604
	0.07428804319	0.04927034497	0.02712836162	0.004892934877	-0.02013218343
	-0.04682981455	-0.06013388503	-0.05027444204	-0.03901092355	-0.03208399104
	-0.02896325766	-0.02826840124	-0.02903809224	-0.03073270041	-0.03306367939
	-0.03587547593	-0.03907637741	-0.04259916156	-0.04628040663	-0.04960713441
	-0.0517220698	-0.05289375458	-0.05378103925	-0.05416933379	0.1166077939
	0.1143223738	0.07816324334	0.04912569969	-0.0004442115007	-0.06277417329
	0.02738081127	0.03401442838	0.1958103554	-1.231221068	0.02462168106
	0.04160457875	1.46716832	-0.2834962674	0.04912885972	0.144461477
	0.2520982288	0.1503306928	0.2440767887	0.2148753571	0.2470993962
	0.1747401996	0.2070404547	0.2176881407	-0.1880709155	0.0553276997
	0.1130892937	0.1116210382	0.03057140177	0.2984619501	0.2194222323
	0.1121924184	0.02092701911	0.01697043941	-0.06492866672	-0.1649916657
	-0.1022448174	-0.07939377414	-0.08417173177	-0.109863291	-0.2913425411
	-0.0775976736	0.04395558605	0.1116972404	0.1898419339	0.07547297677
	-0.0002243009359	-0.5110219598	-0.07836372404	-0.03679981645	-0.01215306349
	0.01335188819	0.02840808923	0.04054203877	0.05148840475	0.06131878898
	0.0729151626	0.09233325911	0.1122968508	0.1281480045	0.1405995313
	0.1452820335	0.1504105534	0.1662095866	0.146085668	0.1513418431
	0.165685701	0.1306653523	0.05976269993	-0.1276464186	-0.01561108354
	0.005432816731	0.03523296129	0.08392059477	0.07812034078	0.1024666286
	0.1166395462	0.0830923682	0.05421132402	0.02953478149	0.00336554078
	-0.03092248484	-0.07623958307	-0.09682096963	-0.06734144574	-0.04484399104
	-0.03361542808	-0.0290627237	-0.02790064264	-0.02848617139	-0.03005864528
	-0.03225492953	-0.03488175737	-0.0378114064	-0.04093028362	-0.04406523662
	-0.04687957813	-0.0489324781	-0.05023347703	-0.05109254931	-0.05143193205
	0.1741457171	0.1736823073	0.1159939288	0.08628509971	0.04746886213
	-0.1524701093	0.07947257156	-0.08677947702	0.09515554559	0.08812315142
	0.02412359615	0.3071212507	0.1504957564	-0.9498497976	0.05596422537
	0.126934551	0.1732216354	-0.07975282699	-0.2886448404	0.143955385
	0.2645620142	0.03320215382	0.0992326028	0.1336578792	-0.08098596271
	0.05409715463	0.1740152424	0.1195312258	0.1978885933	1.004071991
	0.248064418	0.0412769211	-0.02791922833	-0.03907207646	-0.09158411364
	-0.1486451272	-0.1072928735	-0.08936396163	-0.09922518169	-0.1161305593
	-0.1296051165	-0.1797126723	0.062853433	0.1252771011	0.4353836118
	0.1224039609	0.6528384438	-3.937454249	-0.351404708	-0.1185447506
	-0.03109756253	0.009996947527	0.02459673407	0.03778881675	0.05172921102
	0.06572287858	0.08125152655	0.1004903155	0.1201251477	0.1333053382
	0.1502027073	0.1630108809	0.1569707301	0.1845804618	0.1625744081
	0.1771515784	0.194671062	0.1447881725	0.1233299797	0.02067473244
	0.01791191004	-0.02538386584	0.01060252342	0.1088406326	0.05487401759
	0.1113448429	0.1751380874	0.09825541222	0.05984798765	0.0327047682
	0.0027520268	-0.04689923151	-0.1333010866	-0.1688682089	-0.09207305997
	-0.04990194184	-0.03387187212	-0.02836815475	-0.02709023167	-0.02768584934
	-0.02924462088	-0.03137336252	-0.03386527427	-0.03658420148	-0.03940187177
	-0.04216027043	-0.04462798537	-0.0465525906	-0.04787443219	-0.04870077827
	-0.04900191608	0.3713852367	0.1872985457	0.1332834003	0.1251950044
	0.1346193556	0.6146284137	0.8829277416	0.05147039672	0.03302276141
	0.1306367909	0.1274247834	0.3394136568	0.1609036609	-0.0657732193
	0.1010587934	0.0971611925	0.2596966466	0.277352507	0.08954025978
	0.1527046221	0.2286492122	0.08953575498	-0.06767717928	0.004447815338
	-0.3582289036	-0.107630477	0.2480253624	0.1527423373	0.5668893677
	0.1722328458	-0.2740964468	-0.07820221594	-0.05808539732	-0.06636427284
	-0.0873670185	-0.1171552268	-0.113231205	-0.09789698139	-0.1089273838
	-0.09828688398	-0.03547789858	-0.007398788428	0.1978187366	-0.1247062833
	0.5481740501	-0.04811758313	0.1011195635	1.744334312	-0.1662836716
	-0.2157206502	-0.03952011018	0.01443730128	0.0197315819	0.03348385706
	0.05096791445	0.06871292355	0.08760769962	0.108657796	0.1291455076
	0.102516839	0.07902088271	0.1908962538	0.1500811667	0.1509737468
	0.1643652157	0.2061513165	0.2504051775	0.1775385729	0.2189461393
	0.1102529325	0.04775865051	-0.0981429697	-0.05611142948	0.1831786307
	-0.01301884813	0.08824781355	0.2656642615	0.1189435023	0.06551398345
	0.03749833021	0.006804618671	-0.04841108962	-0.1597652044	-0.1998030978
	-0.1085689904	-0.04952930247	-0.03164181545	-0.02662584464	-0.02580217076
	-0.02664764345	-0.02831013967	-0.03043903742	-0.03285050881	-0.03541521138
	-0.03801230621	-0.04050620585	-0.04272950593	-0.04451878841	-0.04580227328
	-0.04659337488	-0.04686912123	0.2094649089	0.1771855959	0.1082442427
	0.1423686283	0.1483636343	-0.139340983	0.3985323434	0.1014105648
	0.040931569	0.1660882749	0.1397169743	0.2094273933	0.4030782348
	0.09086534821	0.0683918933	0.02787557671	0.1708212221	0.1934761529
	0.1806718269	0.1400544123	0.1497911017	0.1492027256	0.01984809651
	0.003664816648	-0.08362446756	-0.02742900994	0.05939707877	0.1138254975
	0.1451551464	0.02320836496	-0.1333870154	-0.04400730113	-0.04088561891
	-0.06142545807	-0.082957576	-0.1154997269	-0.1396568978	-0.1062987652
	-0.1378093184	-0.09366807829	0.0527119392	0.02449476744	-0.3624304839
	5.608592621	0.4015336877	-0.00716812956	-3.515141092	0.09088222049
	-1.379570932	-0.5929067473	-0.03392636978	0.03236075467	0.0090668981
	0.02589890921	0.04895101136	0.07065556523	0.09304979254	0.1172597413
	0.1390429759	0.1096769237	-0.1564022088	0.2592482594	0.1316125577
	0.1045451005	0.1703439754	0.2750629696	0.2204081156	0.213859076
	0.4523514094	0.115050161	0.08358732469	-0.0301667103	-0.2085755267
	0.4482948812	-0.2088220127	0.006660535985	0.1325753085	0.09852128981
	0.06795172407	0.04441653465	0.01796908771	-0.01843314597	-0.05277225752
	0.01890491342	-0.0315776246	-0.03119594467	-0.02567086688	-0.02381314373
	-0.02410214848	-0.02542166589	-0.02729070931	-0.02948165656	-0.03186036673
	-0.03432076123	-0.03675994853	-0.0390665026	-0.04111488822	-0.042788146
	-0.04401655139	-0.04477453138	-0.04503391048	0.1961481838	0.1766442419
	0.01736761115	0.06951099823	0.1908626676	0.3329384068	0.2148645304
	0.1765962732	0.1894185994	0.313350002	0.1398449178	0.1036975925
	0.1767791113	0.1024771226	0.07579645868	0.2455249638	0.1362489162
	0.2049238675	0.1416564478	0.0620505895	0.01973526876	0.05570351389
	0.06135674668	0.01502563024	-0.05646267032	-0.067677006	-0.2349839939
	-0.004585517594	-0.3720952573	0.05074226744	0.03054537818	0.04830175121
	-0.02023888549	-0.05572127163	-0.08261216418	-0.1247832922	-0.1847869948
	-0.09521287722	-0.201554195	-0.1403485188	0.1249908432	0.07916360839
	-0.03968219029	0.0944787898	6.058442226	-0.9965476574	6.196627257
	0.2691576837	-2.935861751	0.02353150734	0.09192188629	0.05888248894
	-0.02188451089	0.01311492463	0.04569862718	0.07142268044	0.09676182607
	0.1257995174	0.1469531795	0.1662292074	0.2139609801	0.7274189394
	0.140524877	0.07312194813	0.191811304	0.5520614948	0.2310111221
	0.1735672927	0.1637749373	-0.1238713174	0.04713804036	0.1193589314
	0.5435872371	4.497383722	-0.9770772528	-0.07292764873	0.05462962647
	0.07205654141	0.06950731842	0.05225983929	0.03167088112	0.007727361936
	0.009986997786	0.1058856733	0.03154382971	-0.01144149055	-0.01857053661
	-0.02053604676	-0.02219105456	-0.02409731756	-0.02623598253	-0.0285334314
	-0.03091790294	-0.03331529525	-0.03564494802	-0.03781926492	-0.03974289623
	-0.04132695851	-0.04250711355	-0.04324085837	-0.04349117723	0.2273036452
	0.237462432	-0.05556186846	-0.1464757798	0.1116524495	0.2264516531
	0.2288268976	0.3590092387	0.2178818088	0.553478037	0.1252948079
	-0.01524570198	0.07212712015	0.07500406971	0.08337212319	0.01878800946
	-0.7994974734	0.1775410964	0.1264497553	-0.02090883674	0.01222512758
	-0.4628416464	0.01045137015	0.02028114006	-0.1091772394	-0.1988419456
	-0.1135925872	-0.02391530677	-0.05495463914	0.0009686685738	0.07504174359
	0.08336875223	-0.01652963571	-0.057077464	-0.07942731901	-0.1242853155
	-0.1299418514	0.005315776924	-0.190349553	-0.2472586791	0.04132551526
	0.06105892367	-0.05037558157	-0.4417940544	0.166680149	-1.078542241
	1.662441452	-4.979269836	3.06158746	2.751015004	0.2925884225
	0.02986538526	-0.1280412905	-0.004154456643	0.04266562591	0.07142909633
	0.09783437587	0.1353608415	0.1601839354	0.1704458953	0.2043726609
	0.2992839611	0.07887745776	0.04427822968	0.1626706999	0.2854724267
	0.1881356188	0.1096297131	0.01897190233	-0.7311094701	-0.08214248473
	0.1280051418	0.1612295088	1.41107506	-2.272204684	-0.2904889998
	0.01790749453	0.05754888983	0.06337765711	0.05413729107	0.04078979423
	0.02288672733	0.0246722399	0.06417578831	0.02860061687	-0.00345278265
	-0.01336245868	-0.01753542635	-0.02031013565	-0.02277929622	-0.02520266506
	-0.0276293963	-0.03004634744	-0.03241232161	-0.03466914039	-0.03675168123
	-0.03858836057	-0.04011028128	-0.04125956735	-0.04198394949	-0.04223253326
	0.2136900658	0.2189822264	0.1390105781	0.21137268	0.1625594654
	0.1974048925	0.2343024037	0.4782148878	0.2324018198	0.2230568022
	0.1456514875	0.02557855054	0.03262476425	0.04290058801	0.1190333632
	0.2384915442	0.7274245489	0.4433615625	0.1518975529	0.06850248413
	-0.04588306893	0.1002560794	0.08775349669	0.07036788983	0.04507370497
	0.04385396286	-0.05573091791	0.02585418928	0.06028012897	0.05146776813
	0.05860905136	0.0394771954	-0.03885025821	-0.07009368757	-0.09352536
	-0.1404380605	-0.1241420434	0.09629653916	-0.09270279343	-0.2587211412
	-0.1076230644	-0.04831798067	-0.05732699088	-0.09938398094	0.036060745
	0.3029195061	2.565525961	-23.29476849	5.156058554	3.824501148
	0.07797194236	0.03576781206	-0.3627756736	-0.02010624559	0.04383732827
	0.0714515881	0.09737069827	0.1609139195	0.2002956408	0.1755033316
	0.2298766694	0.1898982387	0.04229611327	0.01517541004	0.1622209937
	0.2631405188	0.1570074252	0.05757415288	0.06006850074	-0.0755699677
	-0.003613634071	0.1911685923	0.09149444588	0.2366011349	-0.3580469447
	0.1043781313	0.05139687914	0.05328113261	0.05585675497	0.05045497088
	0.04148542913	0.02841369643	0.02579444214	0.03604121852	0.01781588366
	-0.0008583607679	-0.01002305841	-0.01510306244	-0.01862681833	-0.02155896939
	-0.0242447568	-0.02680386328	-0.0292676156	-0.03162389071	-0.03383521811
	-0.03585633865	-0.03763556462	-0.03912091035	-0.04026251685	-0.0409991499
	-0.04125493646	0.2394454205	0.2174031365	0.1939590468	0.2357615892
	0.210445462	0.1952361893	0.2087381548	0.3262036136	0.1599386835
	0.1459628883	0.1138199983	0.06073348349	0.03444258951	0.01989259549
	0.05222598366	0.1154563805	-0.3034166903	0.2091659229	0.13036797
	0.05968817461	-0.4405521111	0.2284889257	0.1864446368	0.1138367863
	0.1170707104	0.2873128308	-0.1157818202	0.03943769656	0.08451790532
	0.08137191935	0.05431987858	0.01179368486	-0.05183811713	-0.08343676495
	-0.1138419961	-0.1857750881	-0.2157296171	-0.04429038714	-0.0542133289
	-0.1597913488	-0.1885581122	-0.1410446257	-0.1050107426	-0.08204925745
	0.002114946459	0.05542519824	-4.940312263	8.604207194	1.464936592
	2.53302873	0.179802215	0.116188515	0.2898598965	0.1133281513
	0.05538444653	0.06997239533	0.1097882802	0.3442632501	0.4167367907
	0.1700367915	0.1854149426	0.1474081408	-0.01852276162	-0.05210797832
	0.1616943858	0.4022610863	0.1670784297	0.0843669824	0.1968803312
	0.1686849716	0.1426523581	0.3375651597	0.07447795666	0.07644455085
	-0.08715904772	0.06818489731	0.04907914669	0.0474258837	0.04949736004
	0.04627141279	0.03908133382	0.02902301767	0.02409041526	0.02364904284
	0.01236961927	0.0001618032602	-0.007882461332	-0.0132481633	-0.01722486998
	-0.02050256556	-0.0234075409	-0.02608726848	-0.0286013578	-0.03096061048
	-0.03314613856	-0.03512881077	-0.03687394693	-0.03834638739	-0.03950790232
	-0.04028723603	-0.04056295623	0.2706745834	0.2310339596	0.2241991516
	0.2203648786	0.2084127878	0.1940170279	0.1818353037	0.185133499
	0.09445530959	0.0828268984	0.07074681013	0.07399859741	0.039834842
	-0.02186084965	-0.2886700553	0.358609546	0.1041767555	0.1088371544
	0.1532048117	0.1282520294	-0.2050384651	0.1336001849	0.1799159404
	0.1199637709	0.05987771696	0.1401591608	-0.7902315464	0.03349195212
	0.06762388745	0.09726567885	0.0316358169	-0.009755226295	-0.05924418489
	-0.09104617319	-0.1212244153	-0.2524953302	-0.3512095165	-0.2112524629
	-0.1034531497	-0.09435567863	-0.2024468406	-0.2072437584	-0.1791484426
	-0.1496987497	-0.03206654877	0.2116705183	0.7481208662	-3.963509457
	0.2090243124	0.0486712046	0.03924520192	0.03606330298	-0.5132661296
	0.04166054171	0.03896338491	0.05590658269	0.08709323581	0.1912440082
	1.205447602	0.2086538014	0.1511692957	0.1221153418	-0.1021966059
	-0.2523670575	0.09440666049	0.2642014225	0.1854827603	0.1751565076
	0.8460129436	0.2971556868	0.1686548201	0.1706126547	0.00410966433
	-0.006176286156	-0.03615881817	0.03178795605	0.0380582628	0.04148537053
	0.04457862524	0.04266731886	0.03626840874	0.0281374876	0.02240607533
	0.01822087258	0.009765553628	0.000651697839	-0.006504586363	-0.01190243757
	-0.01613534372	-0.01965249456	-0.02272559682	-0.02550475285	-0.02806481558
	-0.03043285156	-0.03260543999	-0.03456626633	-0.03629506371	-0.03777454485
	-0.03898369294	-0.03984288345	-0.04015799678	0.2476719393	0.2342648825
	0.2366964186	0.2444668367	0.2357140021	0.1982767332	0.1526221903
	0.08969675669	0.04047446456	0.05482797456	0.02020775821	0.06548895516
	0.05770338014	-0.005169876518	-0.09284929172	0.8067059548	0.1767997497
	0.1451678848	0.1663446418	0.1484100308	0.1510360048	0.1655589444
	0.3205237676	0.1207229043	-0.1367299315	0.52462341	-0.2945181417
	0.02895730524	0.07356191011	0.1899638931	-0.007388783084	-0.03391204541
	-0.07064307411	-0.09552647855	-0.1031400304	-0.2992646213	-0.4481308363
	-0.3560899916	-0.1747851843	-0.06838782977	-0.2682238194	-0.2351755384
	-0.2630323758	-0.2711378237	-0.09349423405	0.01428563547	0.0807144656
	0.9808970999	0.2313939489	-0.3079733142	-0.05116397707	0.03129571886
	-0.6010759356	-0.06751561367	0.01279827087	0.03607791054	0.04037014483
	-0.06383125133	-2.063527361	0.01041968564	0.1217477162	0.1353402292
	0.01693108987	-0.04947106376	0.1177456986	0.2286235723	0.2279753668
	0.606033285	-0.7011412017	0.04812163387	0.1831439893	0.08350123889
	-0.03768738632	-0.0656990325	-0.03543681894	0.01208236703	0.02941904963
	0.03697524251	0.04097835874	0.03967768102	0.03396634517	0.02713557227
	0.02126153519	0.01581256217	0.008558185298	0.0009351740809	-0.005642161726
	-0.01099440269	-0.01536323467	-0.01903335283	-0.02222327067	-0.02507553281
	-0.02767185508	-0.03004968739	-0.03221676996	-0.03416659256	-0.03589062888
	-0.03738889826	-0.0386607603	-0.03962481372	-0.04000430221	0.2412294085
	0.2330213573	0.2392734005	0.3387409407	0.3145572717	0.2106952064
	0.1380053485	0.0316436427	0.01609118367	0.09982807467	-0.03127368229
	0.04476897517	0.08173012111	0.06039537394	0.06265492975	-0.1174839417
	-1.329164574	0.05876947879	0.1614403561	0.1561125392	0.3734837884
	0.2173027052	0.4722301255	0.178704254	-0.01617272271	-0.3073960487
	0.2282138685	0.07631575055	0.06667483291	0.3582480643	-0.1183479412
	-0.05656864511	-0.07418209274	-0.08429190477	-0.02784573341	-0.3107295591
	-0.5079478795	-0.4684712223	-0.2374136056	-0.08715731803	-0.262909701
	-0.2325859327	-0.318206411	-0.3578871429	-0.1203528432	-0.02332467205
	0.05133712452	0.04824267278	0.08501191422	-0.08847467166	-0.00572541168
	-0.7249514752	1.37919994	0.08985831349	-0.0004608612432	0.02528448705
	0.05102466864	0.5104761163	-0.6271570167	0.129882865	0.1406916493
	0.1816184835	0.1181769758	0.08177192071	0.1462835205	0.2869824311
	0.2414461103	0.2921157078	-0.0808538038	0.1300342401	0.1894173795
	0.003746773793	-0.1450729258	-0.1734533548	-0.05463914546	-0.0003121412665
	0.02410870179	0.03418936339	0.0386145824	0.03758170133	0.03252214997
	0.0264864998	0.02063148865	0.01478794615	0.008040884388	0.001095522173
	-0.005165806865	-0.01047097872	-0.01490397369	-0.01865810259	-0.02191622169
	-0.02481289301	-0.02743227059	-0.02981744267	-0.03198273367	-0.03392789271
	-0.03565228376	-0.03716850662	-0.03849163371	-0.03954340017	-0.0399981822
	0.2400820421	0.2337733938	0.2481810405	0.4133769594	0.2990099235
	0.2249427678	0.1436001551	0.01474874977	-0.01344148062	0.1717050283
	-0.05585959404	0.03101235602	0.09608383818	0.1556239311	0.5045267343
	0.2310088182	1.398226029	0.2731264739	0.1721697285	0.1674371227
	0.3106825762	0.596086664	0.4797047801	0.2072926703	0.4726761461
	-0.7944089802	0.0002906086047	0.05325101075	-0.1489346456	0.2646438123
	-0.8862630659	-0.05876494731	-0.0701382137	-0.06131818177	0.07569743666
	-0.2910794195	-0.5274967795	-0.5187091549	-0.2754973851	-0.09901665675
	-0.3816488478	-0.2411989097	-0.3318255557	-0.4011906993	-0.1107900125
	-0.02233555552	0.1381408019	0.04471551891	0.05789544923	-0.03090933627
	0.1275665802	1.570278268	-1.041215393	-0.4603712757	-0.06911130905
	0.01802686075	0.06286046866	0.8022176826	0.6838374023	0.2159051207
	0.1524996603	0.2446533537	0.1695066536	0.1691722582	0.1292189553
	0.5406810334	0.2360357069	0.2171730979	-0.007230901011	0.1510448917
	0.1644021355	-0.09518641527	-0.8110814326	-0.6008090179	-0.08913940426
	-0.00637668898	0.0222796659	0.03328714337	0.03777532466	0.03684438025
	0.0320283441	0.02625359269	0.02041701791	0.01449764762	0.007893354159
	0.001144167408	-0.005015939349	-0.01030144093	-0.01475230098	-0.0185327346
	-0.02181307038	-0.02472455381	-0.02735181328	-0.02973969761	-0.03190470567
	-0.03384872531	-0.03557360043	-0.03709534063	-0.03843352442	-0.0395159831
	-0.0400361712	