3131	
	0.2227890151	0.2226750301	0.2223576578	0.2218257145	0.2210698069
	0.2200850519	0.2188724908	0.2174340718	0.2157686408	0.2138711862
	0.2117332272	0.2093430936	0.2066859593	0.2037439193	0.2004967841
	0.1969252617	0.1930210042	0.1888153573	0.1844532577	0.1803282415
	0.1770092336	0.1738303334	0.1668281039	0.1536893133	0.1425283809
	0.1423317036	0.1476465174	0.1502770133	0.1510496499	0.1521779631
	0.1537834263	0.1554639383	0.1569937266	0.1583090643	0.15942115
	0.1603702535	0.1612070857	0.1619857312	0.162760947	0.1635869646
	0.1645166673	0.1656007011	0.1668863842	0.1684164538	0.1702278056
	0.1723504393	0.1748067986	0.1776115603	0.1807717524	0.1842869755
	0.1881495794	0.1923448487	0.1968513948	0.2016419246	0.206684413
	0.2119435572	0.2173823209	0.2229633837	0.2286503634	0.2344087509
	0.2402065471	0.2460146337	0.2518069244	0.2575603502	0.2632547289
	0.2688725606	0.2743987828	0.2798205102	0.2851267756	0.2903082844
	0.2953571874	0.3002668767	0.3050318043	0.3096473238	0.314109553
	0.3184152552	0.3225617384	0.3265467688	0.3303684974	0.3340253981
	0.3375162149	0.3408399177	0.3439956644	0.3469827698	0.3498006787
	0.3524489432	0.3549272042	0.3572351751	0.3593726284	0.3613393842
	0.3631353005	0.3647602645	0.3662141851	0.3674969858	0.3686085968
	0.3695489452	0.3703179384	0.3709154278	0.3713410999	0.3715940058
	0.3716696747	0.222787363	0.2226799023	0.2223648809	0.2218348994
	0.2210798986	0.2200947112	0.2188814189	0.2174428622	0.2157781051
	0.2138820611	0.2117461675	0.2093587321	0.2067049378	0.2037668473
	0.2005240467	0.1969564728	0.1930535369	0.1888402034	0.1844426644
	0.1802021634	0.1765821845	0.1728073363	0.1648467606	0.1506283184
	0.1389585061	0.1392176153	0.1457617021	0.1494717976	0.1507447425
	0.1520690594	0.1537561085	0.1554663056	0.1570020054	0.1583132524
	0.1594173011	0.1603569006	0.1611837484	0.1619523285	0.1627175889
	0.1635339041	0.1644543193	0.1655296813	0.1668075396	0.168330864
	0.1701367438	0.1722552985	0.1747090069	0.17751252	0.1806728229
	0.1841894843	0.1880548229	0.1922540554	0.1967656546	0.2015621135
	0.2066111393	0.2118771446	0.2173228258	0.2229106365	0.2286040223
	0.2343683559	0.2401715699	0.2459845176	0.2517811151	0.2575383171
	0.2632359786	0.2688566446	0.2743853001	0.2798091071	0.2851171437
	0.2903001567	0.2953503342	0.3002611017	0.3050269401	0.3096432284
	0.3141061058	0.3184123543	0.3225592978	0.3265447157	0.3303667706
	0.334023946	0.337514994	0.3408388913	0.3439948017	0.3469820449
	0.3498000697	0.3524484318	0.354926775	0.3572348152	0.3593723269
	0.3613391321	0.3631350903	0.3647600901	0.3662140418	0.3674968703
	0.3686085076	0.3695488837	0.3703179128	0.3709154664	0.3713413171
	0.3715950463	0.3716764621	0.2227995828	0.2226961967	0.222386918
	0.2218631759	0.2211110792	0.2201242156	0.2189083125	0.2174691405
	0.2158063374	0.2139144992	0.211784781	0.2094054166	0.2067616221
	0.2038353757	0.2006055966	0.1970498682	0.1931507627	0.1889146698
	0.1844193653	0.1798904343	0.1755638433	0.1702924524	0.1595591928
	0.1419878689	0.1290431957	0.1308938982	0.1404854843	0.1469097013
	0.1497409235	0.1517485847	0.1536927577	0.1554838304	0.1570312689
	0.1583275209	0.1594063715	0.1603170401	0.1611137704	0.1618520784
	0.1625874181	0.1633745662	0.1642670447	0.1653163063	0.1665706056
	0.1680736258	0.1698630501	0.1719693608	0.1744151321	0.1772149197
	0.1803755669	0.1838965501	0.1877701107	0.1919812752	0.196508105
	0.2013224432	0.2063911817	0.2116778657	0.2171443805	0.2227524975
	0.2284651439	0.234247341	0.2400668186	0.2458943489	0.2517038583
	0.2574723753	0.2631798693	0.2688090209	0.2743449593	0.2797749894
	0.2850883247	0.2902758368	0.2953298265	0.3002438185	0.3050123809
	0.309630968	0.314095784	0.3184036663	0.3225519862	0.3265385633
	0.3303615942	0.3340195912	0.3375113308	0.3408358103	0.3439922107
	0.3469798664	0.3497982385	0.352446893	0.3549254825	0.3572337304
	0.3593714175	0.361338371	0.3631344551	0.3647595627	0.3662136078
	0.3674965195	0.3686082351	0.3695486927	0.3703178229	0.370915538
	0.3713417306	0.3715963586	0.3716800397	0.2228231938	0.2227239054
	0.2224244288	0.2219126996	0.2211659745	0.2201748021	0.2189530763
	0.2175122986	0.2158526524	0.2139678297	0.2118483897	0.2094824447
	0.2068553345	0.2039490546	0.2007417734	0.1972079895	0.1933208668
	0.1890607155	0.1844365152	0.1795055346	0.1741570771	0.166715587
	0.1522032601	0.1303095953	0.1158431163	0.1198575949	0.1334092853
	0.1434165458	0.1483901487	0.1513515921	0.1536450428	0.1555368843
	0.1570896835	0.1583551067	0.1593895774	0.1602510606	0.1609971929
	0.1616848458	0.1623701548	0.1631084972	0.1639541701	0.164959649
	0.166174403	0.1676433571	0.1694052313	0.1714911238	0.1739237298
	0.1767173792	0.1798786348	0.1834068346	0.1872941495	0.1915253416
	0.1960777987	0.2009222527	0.2060241893	0.2113456635	0.2168471765
	0.2224893477	0.2282342385	0.234046291	0.2398929082	0.2457447392
	0.2515757386	0.257363068	0.2630868942	0.2687301301	0.2742781487
	0.2797184955	0.2850406114	0.2902355768	0.2952958797	0.3002152106
	0.3049882824	0.3096106746	0.3140786991	0.3183892854	0.3225398831
	0.3265283786	0.3303530246	0.3340123814	0.3375052656	0.3408307085
	0.3439879199	0.3469762583	0.3497952051	0.3524443437	0.354923341
	0.3572319327	0.35936991	0.361337109	0.3631334016	0.3647586873
	0.3662128867	0.3674959354	0.3686077783	0.3695483652	0.3703176467
	0.3709155765	0.371342136	0.371597441	0.3716820717	0.2228559315
	0.2227617958	0.2224774328	0.2219860947	0.2212482775	0.2202479057
	0.2190151317	0.2175711612	0.2159158806	0.214040945	0.2119358706
	0.2095886272	0.2069848669	0.2041069208	0.2009326259	0.1974338681
	0.1935747366	0.1893089357	0.184572796	0.1792410107	0.1728259713
	0.1631794074	0.1452688482	0.1198571738	0.104171665	0.1099962457
	0.1269502477	0.1401910509	0.1471895762	0.1510668143	0.1536843015
	0.1556531933	0.1571882123	0.1584002803	0.1593684721	0.1601594164
	0.1608340156	0.1614503926	0.1620653444	0.1627349611	0.1635145888
	0.164458167	0.1656169528	0.1670377311	0.1687607811	0.1708180927
	0.1732324391	0.1760176681	0.1791798393	0.1827181382	0.1866247833
	0.1908842939	0.1954731413	0.2003604362	0.2055095875	0.2108804628
	0.2164315578	0.2221218474	0.227912179	0.233766199	0.2396508775
	0.2455367171	0.2513977365	0.2572113033	0.2629578769	0.2686207065
	0.2741855146	0.2796401885	0.2849744904	0.2901797942	0.2952488507
	0.3001755819	0.3049549027	0.3095825669	0.3140550361	0.3183693679
	0.3225231205	0.3265142727	0.3303411556	0.3340023954	0.3374968646
	0.3408236417	0.3439819762	0.34697126	0.3497910028	0.3524408118
	0.3549203739	0.3572294417	0.3593678209	0.3613353598	0.3631319408
	0.3647574728	0.366211885	0.3674951213	0.3686071364	0.3695478928
	0.3703173607	0.3709155259	0.3713424194	0.3715981934	0.3716832558
	0.2228948422	0.222806987	0.222543204	0.2220827466	0.2213591858
	0.2203429146	0.2190924265	0.2176436938	0.2159943299	0.2141323211
	0.2120456715	0.2097222695	0.2071483869	0.2043072324	0.2011772479
	0.1977294459	0.193922318	0.1896903105	0.184913394	0.1793233596
	0.1721669357	0.1611382916	0.1417216146	0.1152643203	0.09912075532
	0.105385786	0.1235857847	0.1384218061	0.1466210655	0.1510761908
	0.1538796148	0.1558596943	0.1573374209	0.1584670302	0.1593443916
	0.160042402	0.1606241202	0.1611483711	0.1616723823	0.1622529725
	0.1629467872	0.1638097095	0.1648954578	0.1662534401	0.1679261567
	0.1699468083	0.1723380815	0.1751128474	0.1782762807	0.1818274637
	0.1857589958	0.1900553485	0.1946918657	0.1996354373	0.2048465929
	0.2102822013	0.2158980589	0.2216509746	0.2275002345	0.2334084936
	0.2393422094	0.2452717429	0.2511712372	0.2570183596	0.2627939726
	0.2684817773	0.274067959	0.2795408528	0.2848906387	0.2901090699
	0.2951892354	0.3001253544	0.3049125998	0.309546948	0.3140250513
	0.3183441301	0.3225018808	0.3264963995	0.3303261167	0.3339897424
	0.3374862199	0.3408146874	0.3439744448	0.3469649264	0.3497856777
	0.3524363359	0.3549166136	0.3572262847	0.3593651729	0.3613331423
	0.3631300883	0.3647559315	0.3662106117	0.3674940829	0.3686063105
	0.3695472696	0.3703169469	0.3709153501	0.371342531	0.3715986294
	0.371683909	0.2229359857	0.2228543789	0.2226128212	0.2221902028
	0.2214877034	0.2204519541	0.2191797935	0.2177267062	0.2160858062
	0.2142400741	0.2121758468	0.2098811694	0.2073433591	0.2045472129
	0.2014731066	0.1980939219	0.1943686269	0.1902263621	0.1855228946
	0.179922979	0.1726017275	0.1615259434	0.1431919963	0.1188859193
	0.1034555532	0.1083315194	0.1247276811	0.1387969767	0.1469742334
	0.151494985	0.1542769652	0.156174764	0.1575443701	0.1585577583
	0.1593179025	0.1598999327	0.160367206	0.1607783353	0.1611905608
	0.1616613539	0.1622488899	0.1630115312	0.164006276	0.1652861435
	0.1668967499	0.1688729156	0.1712368662	0.1739995597	0.1771645999
	0.1807311483	0.1846929252	0.1890348592	0.1937309936	0.1987452413
	0.2040342399	0.2095508781	0.2152474623	0.2210780805	0.2270001195
	0.2329750776	0.2389688594	0.2449517274	0.2508980422	0.2567858912
	0.2625966702	0.2683146622	0.2739266376	0.279421491	0.2847899197
	0.2900241435	0.2951176647	0.3000650643	0.3048618284	0.3095042027
	0.3139890699	0.3183138464	0.3224763955	0.3264749542	0.3303080723
	0.3339745608	0.3374734479	0.3408039436	0.3439654082	0.3469573269
	0.3497792881	0.3524309653	0.3549121013	0.357222496	0.3593619949
	0.3613304803	0.3631278636	0.3647540793	0.366209079	0.3674928284
	0.3686053041	0.369546493	0.370316395	0.3709150308	0.3713424575
	0.3715987885	0.3716841911	0.222975122	0.2228975313	0.2226709761
	0.2222781437	0.2215998436	0.2205542338	0.2192678572	0.2178159552
	0.2161877921	0.2143620717	0.2123241216	0.2100626441	0.2075665138
	0.2048228888	0.201815554	0.1985224561	0.1949104839	0.1909211335
	0.1864249946	0.1810948724	0.1741877048	0.1642341115	0.1489183783
	0.1290642559	0.1155312014	0.1177623156	0.1298973548	0.1411970163
	0.1482486907	0.1523398829	0.1548874967	0.1566034034	0.1578105106
	0.1586723405	0.1592883944	0.1597313929	0.1600627673	0.1603397852
	0.1606191464	0.1609588219	0.1614187299	0.1620603204	0.1629448886
	0.1641303933	0.1656668555	0.1675913115	0.1699248017	0.172674601
	0.1758414738	0.1794251209	0.1834219066	0.1878182595	0.1925867813
	0.1976873688	0.2030714212	0.2086866242	0.2144808793	0.2204049663
	0.2264140579	0.2324683779	0.2385332917	0.2445790555	0.2505803832
	0.2565159347	0.2623677937	0.268120971	0.2737629552	0.2792833186
	0.284673378	0.2899259079	0.2950348991	0.2999953573	0.3048031354
	0.3094547935	0.3139474825	0.3182788466	0.3224469424	0.3264501708
	0.3302872197	0.3339570166	0.3374586885	0.3407915279	0.3439549653
	0.3469485446	0.349771904	0.3524247585	0.3549068864	0.3572181172
	0.3593583214	0.3613274027	0.3631252907	0.3647519354	0.3662073021
	0.3674913689	0.3686041238	0.3695455647	0.3703157019	0.3709145632
	0.3713422035	0.3715987109	0.3716841923	0.2230093983	0.2229319973
	0.2227058161	0.2223169805	0.2216538435	0.2206228983	0.2193459263
	0.217907267	0.2162978509	0.2144960968	0.2124879803	0.2102635934
	0.2078138917	0.2051290855	0.2021976759	0.1990055886	0.1955347455
	0.1917567559	0.1875954442	0.1827827741	0.1767018832	0.1685079776
	0.1568189471	0.1416515391	0.1304068487	0.1299270985	0.1371370549
	0.144869743	0.1502072901	0.1535407627	0.1556888064	0.1571366442
	0.1581310768	0.1588077654	0.1592539158	0.1595355978	0.1597101324
	0.1598322552	0.1599574985	0.1601441147	0.1604539569	0.1609522494
	0.1617058635	0.162779532	0.1642296406	0.1660964423	0.1683984965
	0.1711360317	0.1743045619	0.1779053848	0.1819405559	0.1863999807
	0.1912546454	0.1964588734	0.2019569524	0.2076898027	0.2135998577
	0.2196339818	0.225744864	0.2318914067	0.2380385214	0.2441566143
	0.250220938	0.2562109165	0.2621095028	0.2679026002	0.2735785603
	0.2791277569	0.2845422319	0.2898154027	0.2949418222	0.2999169827
	0.3047371551	0.3093992564	0.3139007413	0.318239512	0.3224138432
	0.3264223203	0.3302637869	0.3339373019	0.3374421031	0.3407775763
	0.3439432305	0.3469386759	0.3497636062	0.3524177837	0.3549010261
	0.3572131961	0.3593541926	0.361323943	0.3631223973	0.3647495225
	0.3662052993	0.3674897184	0.3686027797	0.3695444911	0.3703148711
	0.3709139517	0.3713417828	0.3715984323	0.3716839706	0.2230386365
	0.2229581804	0.2227200107	0.2223108065	0.2216466315	0.2206507485
	0.2194099579	0.2179984968	0.2164141185	0.2146400122	0.212664765
	0.2104805989	0.2080809718	0.2054596131	0.2026105696	0.1995295905
	0.1962183615	0.1926916624	0.1889577402	0.1848398386	0.1798215573
	0.1736724452	0.1654235901	0.1534641144	0.1438641466	0.1413221623
	0.1444650257	0.1489612669	0.152533414	0.1549830824	0.1566361729
	0.1577545512	0.1584958994	0.158958373	0.1592112799	0.1593108866
	0.1593085772	0.1592554555	0.1592052354	0.1592161701	0.1593521963
	0.1596830651	0.1602828213	0.161225549	0.1625771099	0.1643828573
	0.1666566804	0.1693852984	0.1725542763	0.1761688763	0.1802429085
	0.1847733208	0.1897290583	0.1950563501	0.2006896699	0.2065611485
	0.2126065252	0.2187681499	0.2249960411	0.2312478334	0.2374881638
	0.243687822	0.2498228457	0.2558736575	0.2618242916	0.2676617281
	0.2733753373	0.2789564249	0.2843978647	0.289693805	0.294839433
	0.2998307863	0.3046646023	0.3093381949	0.3138493556	0.3181962719
	0.3223774594	0.326391707	0.3302380302	0.3339156325	0.3374238734
	0.3407622416	0.3439303324	0.3469278288	0.3497544858	0.3524101173
	0.3548945844	0.3572077866	0.3593496536	0.3613201389	0.3631192146
	0.3647468666	0.3662030915	0.3674878937	0.3686012848	0.3695432823
	0.3703139114	0.3709132067	0.3713412133	0.3715979843	0.3716835678
	0.2230648345	0.2229800938	0.2227261833	0.2222900436	0.2216172807
	0.2206593364	0.2194662619	0.2180903568	0.216535487	0.2147918433
	0.2128517614	0.2107100476	0.2083628742	0.2058076315	0.2030440475
	0.2000778603	0.1969308521	0.1936628116	0.1903771915	0.1870190499
	0.183200484	0.179522846	0.1747957317	0.1635894065	0.154434016
	0.1504752729	0.1508419353	0.1529039203	0.1549629431	0.1565502164
	0.157676333	0.1584309309	0.1588911281	0.1591165506	0.1591563992
	0.1590553358	0.15885751	0.1586094666	0.1583624545	0.1581743676
	0.1581112825	0.1582482432	0.1586684167	0.1594588685	0.1607000253
	0.1624461514	0.16470299	0.1674311778	0.1705969793	0.1742148986
	0.1783225843	0.1829302126	0.1880033981	0.1934759664	0.1992685828
	0.2053019621	0.2115037741	0.2178113201	0.2241718969	0.2305420654
	0.2368864863	0.2431766592	0.2493897212	0.2555073768	0.2615149849
	0.2674008063	0.2731553966	0.2787711278	0.2842418138	0.28956242
	0.2947288366	0.2997377025	0.3045862659	0.3092722744	0.3137938863
	0.3181495987	0.3223381888	0.3263586661	0.3302102317	0.3338922456
	0.3374041991	0.3407456918	0.3439164122	0.3469161222	0.3497446427
	0.3524018433	0.354887632	0.3572019479	0.359344754	0.361316032
	0.3631157775	0.3647439965	0.3662007026	0.3674859144	0.3685996552
	0.3695419517	0.3703128354	0.3709123425	0.3713405147	0.3715973947
	0.371683017	0.2230905856	0.2230020377	0.2227351338	0.2222785733
	0.2216000423	0.2206733464	0.2195243272	0.2181848513	0.2166612872
	0.2149497466	0.2130462611	0.2109482663	0.2086546083	0.2061661304
	0.2034876571	0.2006332862	0.1976401406	0.1945996198	0.1916850288
	0.1889814889	0.1863956615	0.1861705693	0.1865475245	0.1724086535
	0.1623381551	0.1573966564	0.1560492876	0.1564492299	0.1573262411
	0.1581466772	0.1587580263	0.1591379007	0.1593012397	0.1592736663
	0.1590847695	0.158767061	0.1583567121	0.1578949809	0.1574300069
	0.1570188444	0.1567295912	0.156643249	0.1568543608	0.1574680132
	0.1585876245	0.1602843298	0.162550735	0.1652967417	0.1684504201
	0.1720472505	0.1761728139	0.1808607706	0.1860697316	0.1917135369
	0.1976931026	0.2039143742	0.2102954965	0.2167683517	0.2232776759
	0.2297793368	0.2362384631	0.2426276978	0.2489256672	0.2551156914
	0.2611847306	0.267122548	0.2729210606	0.2785738437	0.284075758
	0.2894226686	0.2946112338	0.2996387444	0.3045030003	0.3092022151
	0.3137349399	0.3181000031	0.3222964615	0.3263235593	0.3301806957
	0.3338673974	0.3373832957	0.3407281082	0.3439016227	0.3469036843
	0.3497341847	0.3523930523	0.3548802451	0.3571957441	0.3593395477
	0.3613116673	0.3631121236	0.3647409437	0.3661981588	0.3674838024
	0.3685979094	0.3695405158	0.3703116586	0.3709113763	0.3713397078
	0.3715966893	0.3716823468	0.2231179023	0.2230267485	0.2227516346
	0.2222839573	0.2216053887	0.2207029034	0.2195894425	0.2182832812
	0.2167908174	0.215111927	0.2132456064	0.2111916514	0.2089513227
	0.2065284248	0.2039317583	0.2011809444	0.1983205163	0.195450473
	0.1927580719	0.1904109215	0.1885770745	0.1902659351	0.1986016451
	0.179841526	0.168023878	0.1625314896	0.1602169533	0.1595377087
	0.1595318374	0.1597036964	0.1598377496	0.1598493129	0.1597108563
	0.1594210276	0.1589920065	0.158444563	0.1578066155	0.1571135822
	0.1564098237	0.1557508979	0.1552065075	0.1548639688	0.1548315434
	0.1552390388	0.1562266666	0.157899024	0.1602298535	0.1630302388
	0.1661517894	0.1696766027	0.173785785	0.1785523712	0.1839184987
	0.1897646846	0.1959633923	0.202401702	0.2089868763	0.2156453288
	0.2223197052	0.228965801	0.2355498285	0.2420461261	0.2484352796
	0.2547026105	0.2608369868	0.2668299125	0.2726748473	0.278366707
	0.2839015016	0.2892760738	0.2944879087	0.2995349941	0.3044157169
	0.3091287841	0.313673162	0.3180480287	0.3222527345	0.3262867713
	0.330149746	0.3338413602	0.3373613923	0.3407096835	0.3438861257
	0.3468906516	0.3497232264	0.3523838407	0.3548725047	0.3571892432
	0.3593340917	0.3613070926	0.363108293	0.3647377419	0.3661954886
	0.3674815817	0.3685960682	0.369538993	0.3703103989	0.3709103267
	0.3713388139	0.3715958924	0.3716815831	0.2231478737	0.2230553286
	0.2227762495	0.2223046825	0.2216304806	0.2207474437	0.2196623033
	0.218385657	0.2169231038	0.2152765838	0.2134472292	0.2114367807
	0.2092485169	0.2068885493	0.2043683225	0.2017099481	0.1989578441
	0.1962010983	0.193592787	0.1912806889	0.1893903306	0.1892723008
	0.1924225032	0.1814837877	0.1715138988	0.1662902625	0.1635439233
	0.1621901409	0.1615383914	0.1611762229	0.1608817972	0.1605428321
	0.1601061254	0.1595507156	0.1588743571	0.1580870741	0.1572085886
	0.1562680426	0.1553052855	0.1543734783	0.1535430675	0.1529074149
	0.1525903841	0.1527545798	0.1535985593	0.1552937075	0.1577925533
	0.160716704	0.1637654158	0.1671205325	0.1711498517	0.1759878168
	0.1815380936	0.1876251649	0.1940808883	0.2007689211	0.2075847431
	0.2144498007	0.2213055486	0.2281086221	0.2348271243	0.2414377671
	0.2479236472	0.2542725228	0.2604755035	0.2665260839	0.2724194494
	0.2781519887	0.2837209575	0.2891242454	0.2943602154	0.2994275907
	0.3043253738	0.3090527875	0.3136092309	0.3179942455	0.3222074876
	0.3262487054	0.3301177218	0.3338144194	0.3373387289	0.3406906196
	0.3438700911	0.3468771668	0.3497118881	0.3523743096	0.3548644957
	0.3571825165	0.3593284459	0.3613023584	0.3631043281	0.3647344266
	0.3661927219	0.367479278	0.368594154	0.3695374036	0.3703090757
	0.3709092137	0.3713378546	0.3715950274	0.3716807501	0.2231808062
	0.2230878133	0.2228077773	0.2223368605	0.2216695616	0.2208031124
	0.2197414207	0.2184910841	0.2170569076	0.2154419089	0.2136486885
	0.2116804972	0.2095421827	0.2072414791	0.2047912353	0.2022136549
	0.1995483788	0.1968653146	0.1942702248	0.1918581965	0.1896848231
	0.1881615756	0.1871655815	0.1804355945	0.1736185217	0.1690853676
	0.1662205837	0.1644551795	0.163333831	0.1625376651	0.1618661324
	0.1612008802	0.1604755996	0.1596562116	0.1587291249	0.1576948683
	0.1565652058	0.155362619	0.1541216143	0.1528917623	0.1517428093
	0.1507728493	0.1501217018	0.14999242	0.1506718453	0.1524594076
	0.1552995863	0.15846902	0.1613740305	0.1643924673	0.1682413146
	0.1731419262	0.1789144306	0.1852915024	0.1920490693	0.1990232721
	0.2060979835	0.213191042	0.2202441607	0.2272160589	0.234077738
	0.2408090861	0.2473963399	0.2538301744	0.2601042959	0.266214444
	0.2721577081	0.2779320735	0.2835361262	0.288968862	0.2942295633
	0.299317718	0.3042329658	0.3089750615	0.3135438493	0.3179392445
	0.3221612174	0.3262097794	0.3300849744	0.3337868703	0.337315554
	0.3406711256	0.3438536948	0.3468633778	0.3497002939	0.3523645634
	0.3548563058	0.3571756379	0.3593226724	0.3612975168	0.3631002728
	0.3647310349	0.3661898902	0.3674769183	0.3685921903	0.3695357692
	0.3703077097	0.3709080581	0.3713368515	0.3715941173	0.3716798713
	0.2232164844	0.2231236847	0.2228445944	0.2223768971	0.2217177369
	0.2208661272	0.2198247606	0.2185982431	0.2171908289	0.2156061167
	0.2138477042	0.2119199599	0.2098288685	0.2075831707	0.2051961536
	0.2026886437	0.2000938137	0.197462852	0.1948627032	0.1923452831
	0.1899219367	0.187653109	0.1851612266	0.1802759707	0.175206666
	0.1712583472	0.1684041991	0.1663869822	0.1649223517	0.1637748706
	0.1627752085	0.1618107787	0.1608106671	0.1597327951	0.1585549791
	0.1572695061	0.1558804751	0.1544033208	0.1528662591	0.1513137789
	0.1498128393	0.1484635201	0.1474187325	0.1469242096	0.1473859911
	0.1493247312	0.152729415	0.1563229324	0.1590009644	0.1614573145
	0.1650049809	0.1699760855	0.1760308973	0.1827621917	0.1898745553
	0.1971750071	0.2045379951	0.2118803122	0.2191460294	0.226297535
	0.2333099258	0.2401671837	0.2468593845	0.2533806366	0.2597276096
	0.2658985386	0.2718925831	0.2777094328	0.2833490737	0.2888116526
	0.2940974008	0.299206591	0.3041395134	0.3088964634	0.3134777374
	0.3178836307	0.3221144321	0.3261704204	0.3300518628	0.3337590151
	0.3372921216	0.340651415	0.3438371165	0.3468494357	0.349688571
	0.352354709	0.3548480251	0.3571686828	0.3593168346	0.3612926212
	0.3630961719	0.3647276047	0.3661870258	0.3674745303	0.3685902017
	0.3695341121	0.3703063221	0.370906881	0.3713358265	0.3715931847
	0.3716789698	0.2232543882	0.2231621794	0.2228851489	0.2224220176
	0.2217714702	0.2209335127	0.2199103658	0.218705684	0.2173234087
	0.2157674828	0.2140421808	0.212152664	0.2101056774	0.2079104755
	0.2055801363	0.2031334504	0.2005973156	0.1980081931	0.1954070685
	0.1928194188	0.1902355512	0.1876143631	0.1846742313	0.1806719761
	0.1765424426	0.173013196	0.1702106802	0.1680356998	0.1663165558
	0.1648839933	0.1636004035	0.1623643892	0.1611056289	0.1597777287
	0.1583521365	0.1568139974	0.1551600034	0.1533981213	0.1515492288
	0.1496510145	0.1477650499	0.1459891803	0.1444814927	0.1435175276
	0.1436272865	0.1456409886	0.1497024989	0.1538736719	0.156352392
	0.1581164283	0.1613183304	0.1664320685	0.1728697782	0.1800398531
	0.1875686047	0.1952382531	0.2029191467	0.2105310927	0.2180232916
	0.2253636859	0.2325328166	0.2395197722	0.2463192253	0.2529292599
	0.2593498753	0.2655820366	0.2716271168	0.277486595	0.283161906
	0.2886543753	0.2939651987	0.2990954425	0.3040460513	0.3088178624
	0.3134116249	0.3178280163	0.3220676461	0.3261310605	0.3300187504
	0.3337311592	0.3372686887	0.340631704	0.3438205378	0.3468354934
	0.349676848	0.3523448545	0.3548397442	0.3571617277	0.3593109968
	0.3612877256	0.3630920711	0.3647241745	0.3661841614	0.3674721423
	0.3685882131	0.3695324549	0.3703049344	0.3709057039	0.3713348015
	0.3715922521	0.3716780682	0.2232938358	0.2232024447	0.2229280744
	0.2224701361	0.2218282429	0.2210030024	0.2199965007	0.2188119686
	0.2174532034	0.2159243766	0.2142302218	0.2123764355	0.2103702219
	0.2082209911	0.2059412451	0.2035476221	0.2010617631	0.1985097214
	0.1959167759	0.1932945035	0.1906270632	0.1878609402	0.1848331957
	0.1813033783	0.1777095439	0.1744693846	0.1717229133	0.1694445846
	0.1675328025	0.1658673109	0.1643384302	0.1628574888	0.16135753
	0.1597902653	0.1581224219	0.1563328734	0.154411082	0.1523570843
	0.150183318	0.1479188788	0.1456172681	0.1433693089	0.1413251447
	0.1397498576	0.1392237024	0.1408554792	0.1450642609	0.1496336127
	0.1523367721	0.1538195782	0.1569508425	0.1624317438	0.1694172907
	0.1771347663	0.1851489917	0.1932319094	0.2012591839	0.2091592653
	0.2168898101	0.2244263795	0.2317563937	0.238875131	0.245782666
	0.2524816136	0.2589756525	0.2652686806	0.2713643933	0.2772661117
	0.2829767418	0.2884987952	0.2938344318	0.2989855078	0.3039536175
	0.3087401309	0.3133462434	0.3177730147	0.3220213739	0.3260921319
	0.3299860005	0.3337036082	0.3372455122	0.3406122088	0.3438041406
	0.3468217037	0.3496652533	0.352335108	0.3548315541	0.3571548489
	0.3593052232	0.3612828839	0.3630880157	0.3647207827	0.3661813296
	0.3674697825	0.3685862494	0.3695308205	0.3703035684	0.3709045482
	0.3713337983	0.371591342	0.3716771894	0.223334072	0.2232436117
	0.2229721778	0.2225196377	0.2218861849	0.2210728214	0.2200816469
	0.2189157314	0.2175788318	0.2160752849	0.2144101319	0.2125894094
	0.2106205549	0.2085128996	0.2062782103	0.2039311543	0.2014893138
	0.1989718302	0.1963950668	0.193764396	0.1910656793	0.1882586768
	0.1852618001	0.1820131468	0.1787427344	0.1756996177	0.1730002035
	0.1706497468	0.168588503	0.1667308732	0.1649899019	0.1632890444
	0.1615658382	0.1597715207	0.1578692197	0.1558321676	0.1536426823
	0.1512923821	0.1487841678	0.1461368672	0.1433938697	0.1406361571
	0.1379928955	0.1356459003	0.1340259544	0.1342708675	0.1371254746
	0.1411745788	0.1449699274	0.1476138597	0.1515799344	0.157897602
	0.1656748645	0.1740698853	0.1826420447	0.1911804146	0.1995794908
	0.2077831973	0.2157612004	0.2234987117	0.2309914572	0.2382420415
	0.2452567923	0.2520434088	0.258609561	0.2649622304	0.2711074924
	0.2770505211	0.2827956842	0.2883466617	0.2937065604	0.2988780114
	0.3038632425	0.3086641361	0.3132823189	0.3177192329	0.3219761242
	0.3260540619	0.3299539723	0.3336766639	0.3372228462	0.3405931429
	0.3437881046	0.3468082179	0.3496539142	0.3523255763	0.3548235447
	0.3571481219	0.3592995772	0.3612781495	0.3630840507	0.3647174674
	0.3661785629	0.3674674788	0.3685843351	0.3695292311	0.3703022453
	0.3709034352	0.371332839	0.371590477	0.3716763564	0.2233743193
	0.2232848296	0.2230164052	0.2225692153	0.2219438292	0.2211415228
	0.2201644691	0.2190157051	0.2176990033	0.2162188247	0.2145804114
	0.212789997	0.2108550949	0.2087848217	0.2065901855	0.2042841911
	0.2018814482	0.1993967041	0.1968415738	0.1942194903	0.1915211244
	0.1887227548	0.1857901961	0.1827240242	0.1796590034	0.1767500334
	0.1740854552	0.1716808566	0.1695006065	0.1674828271	0.1655581293
	0.163660488	0.1617320432	0.1597242517	0.1575973362	0.1553193088
	0.1528653576	0.1502181945	0.1473701299	0.1443282618	0.1411251143
	0.13783505	0.1345686042	0.1313332911	0.1280824231	0.1256701372
	0.1253943375	0.1277697755	0.1330733849	0.1387198517	0.1449646836
	0.1528076163	0.1616766489	0.1708863912	0.1800843029	0.1891141314
	0.1979051049	0.206423702	0.2146548173	0.2225949903	0.2302495722
	0.2376297013	0.2447488715	0.2516204032	0.2582562007	0.2646663984
	0.2708594399	0.2768423101	0.2826207901	0.2881996848	0.293583012
	0.2987741509	0.3037759388	0.3085907331	0.3132205648	0.3176672653
	0.3219323944	0.3260172681	0.3299230169	0.333650622	0.3372009391
	0.3405747154	0.3437726056	0.3467951837	0.3496429549	0.352316364
	0.3548158037	0.3571416206	0.3592941209	0.3612735747	0.36308022
	0.3647142654	0.3661758926	0.3674652581	0.3685824939	0.3695277083
	0.3703009856	0.3709023856	0.3713319451	0.3715896801	0.3716755927
	0.2234138093	0.2233252828	0.2230598133	0.2226177689	0.2219999683
	0.2212078859	0.2202437854	0.2191107299	0.2178125331	0.216353749
	0.2147397451	0.2129768515	0.211072556	0.209035697	0.2068765793
	0.2046068792	0.2022391117	0.1997853383	0.1972548668	0.1946513084
	0.1919706042	0.1892022971	0.1863377346	0.1833977068	0.1804687679
	0.1776513781	0.1750102267	0.1725621205	0.1702848175	0.1681322648
	0.1660481575	0.1639750515	0.1618592282	0.1596525743	0.1573127896
	0.1548029361	0.1520910532	0.1491504937	0.145961956	0.1425193567
	0.1388444227	0.1350165748	0.1311712182	0.1270740163	0.1217085655
	0.1154847615	0.1110194072	0.1115645284	0.1182224667	0.1275113279
	0.1372221892	0.1472624567	0.1575056407	0.1676473032	0.1775229595
	0.1870690574	0.1962643895	0.2051038732	0.2135897369	0.2217307471
	0.2295430232	0.2370476195	0.2442662275	0.2512182861	0.2579200573
	0.2643847778	0.2706231538	0.2766438736	0.2824540402	0.2880595114
	0.2934651616	0.2986750813	0.3036926882	0.3085207558	0.3131616725
	0.3176176853	0.3218906645	0.3259821538	0.3298934735	0.3336257677
	0.3371800311	0.3405571284	0.3437578135	0.3467827441	0.3496324956
	0.3523075722	0.3548084162	0.3571354164	0.3592889143	0.3612692098
	0.3630765659	0.3647112125	0.3661733488	0.367463146	0.3685807481
	0.3695262723	0.3702998088	0.3709014194	0.3713311382	0.3715889747
	0.3716749225	0.2234518026	0.2233642022	0.2231015516	0.2226643474
	0.2220535761	0.2212708585	0.2203185479	0.219199757	0.2179183489
	0.216478946	0.2148869877	0.2131488338	0.2112718871	0.2092646931
	0.2071369468	0.2048993038	0.2025628486	0.2001380694	0.1976333308
	0.1950532905	0.1923984397	0.1896674571	0.1868646595	0.184015607
	0.1811798898	0.1784251837	0.1757981701	0.173313245	0.1709552508
	0.1686884582	0.166466024	0.1642371868	0.1619516474	0.1595616474
	0.1570225474	0.1542926446	0.1513328335	0.148106737	0.1445824168
	0.140738576	0.1365838647	0.1322118093	0.1278717326	0.123160223
	0.1153098594	0.1039581706	0.09382977364	0.09200603319	0.1017104459
	0.1150835466	0.1288373088	0.1414974112	0.1532952723	0.1644361908
	0.1750143155	0.1850856423	0.1946883217	0.2038488378	0.2125868271
	0.2209228503	0.2288848006	0.2365054945	0.2438160867	0.2508425401
	0.2576053967	0.2641207665	0.27040139	0.2764574753	0.2822973099
	0.2879277029	0.2933543125	0.2985818929	0.3036144137	0.308454992
	0.3131062953	0.3175710359	0.3218513903	0.3259491031	0.3298656657
	0.3336023735	0.3371603513	0.3405405746	0.3437438905	0.3467710354
	0.349622651	0.3522992971	0.3548014631	0.3571295772	0.3592840144
	0.3612651026	0.3630731286	0.3647083423	0.3661709599	0.3674611667
	0.3685791185	0.3695249418	0.3702987327	0.3709005552	0.3713304396
	0.3715883851	0.3716743717	0.2234876007	0.2234008712	0.2231408527
	0.222708118	0.2221037651	0.2213295239	0.2203878288	0.2192818482
	0.2180154932	0.216593435	0.2150211487	0.2133049816	0.2114522233
	0.2094711411	0.2073709253	0.2051614711	0.2028529126	0.2004548635
	0.1979754577	0.1954206014	0.1927942679	0.1901009067	0.1873509642
	0.1845692908	0.1817990112	0.179087208	0.1764673372	0.1739502763
	0.1715243344	0.1691603676	0.1668181998	0.1644520752	0.1620143292
	0.1594573445	0.1567342252	0.1537986742	0.1506045302	0.1471054823
	0.1432559939	0.1390164852	0.1343730203	0.1294045041	0.1244336071
	0.1192505862	0.1088833974	0.09089145475	0.07181071235	0.06400637758
	0.08147921951	0.1017601732	0.1203501964	0.1358248103	0.1492133916
	0.1613501655	0.1726200491	0.1832066886	0.1932094288	0.20268553
	0.2116690636	0.220189831	0.2282886501	0.2360130649	0.2434053821
	0.250498278	0.257316148	0.2638774871	0.270196688	0.2762852103
	0.2821523416	0.2878057143	0.2932516782	0.2984955847	0.3035419225
	0.3083941186	0.3130550162	0.3175278173	0.3218149982	0.3259184768
	0.3298398977	0.3335806955	0.3371421154	0.3405252355	0.3437309892
	0.3467601861	0.349613529	0.3522916295	0.3547950207	0.3571241672
	0.359279475	0.3612612982	0.3630699458	0.3647056863	0.366168752
	0.3674593419	0.3685776235	0.3695237329	0.3702977729	0.3708998102
	0.3713298701	0.371587937	0.3716739688	0.2235205539	0.2234346313
	0.2231770285	0.2227483499	0.2221497641	0.2213830834	0.2204508126
	0.2193561742	0.2181031222	0.2166963611	0.2151413779	0.2134444842
	0.2116128485	0.209654491	0.2075781989	0.2053933143	0.2031093564
	0.2007354861	0.1982799389	0.1957497585	0.1931513809	0.19049266
	0.1877865752	0.1850555519	0.1823319451	0.1796493851	0.1770317186
	0.1744862856	0.1720028409	0.1695563358	0.167111176	0.1646252234
	0.1620527143	0.1593459258	0.1564557634	0.1533315512	0.1499203154
	0.1461659019	0.1420086163	0.1373874808	0.1322519495	0.1266021162
	0.1205575389	0.1137443844	0.1010941665	0.0763722878	0.04402455536
	0.02216855608	0.05601047551	0.08780360366	0.1123582578	0.1305961516
	0.1454400551	0.1584889551	0.1704018119	0.1814745404	0.1918604612
	0.2016426117	0.2108622907	0.2195525473	0.2277691837	0.2355798948
	0.2430404963	0.2501900494	0.2570557789	0.2636577098	0.2700113216
	0.276128971	0.2820207207	0.2876948767	0.2931583713	0.2984170603
	0.3034758807	0.3083386288	0.3130083133	0.3174884774	0.3217818804
	0.3258906088	0.3298164517	0.3335609714	0.3371255234	0.3405112792
	0.3437192512	0.346750315	0.3496052296	0.3522846536	0.3547891595
	0.3571192455	0.3592753458	0.3612578383	0.3630670522	0.3647032733
	0.366166749	0.3674576914	0.3685762794	0.3695226592	0.3702969422
	0.3708991987	0.3713294494	0.3715876585	0.3716737472	0.223550064
	0.2234648856	0.2232094694	0.222784407	0.222190907	0.2214308461
	0.2205067906	0.2194220126	0.2181805028	0.2167869879	0.2152469525
	0.2135666615	0.2117531681	0.2098142836	0.2077584819	0.2055947116
	0.2033321037	0.2009796085	0.1985456859	0.1960382908	0.1934654956
	0.1908370209	0.1881665577	0.1854738188	0.1827837698	0.1801209631
	0.1775022726	0.1749319053	0.1723999763	0.1698839038	0.167351161
	0.1647621324	0.1620723344	0.1592337231	0.1561950947	0.1529016986
	0.1492941988	0.1453071151	0.1408669408	0.1358904383	0.1302839834
	0.1239397996	0.1166617463	0.1074981846	0.09200346727	0.06249821157
	0.0096161036	-0.04318376232	0.02820283139	0.0752675017	0.1057923861
	0.1261791756	0.1421401133	0.1559416322	0.1684150506	0.1799279105
	0.1906728098	0.200750445	0.210196413	0.2190351142	0.227341895
	0.2352149829	0.2427269012	0.2499216137	0.2568271689	0.263463782
	0.2698472572	0.2759904205	0.2819038567	0.2875963833	0.2930753998
	0.298347165	0.3034169627	0.3082889948	0.3129666118	0.3174534227
	0.3217523944	0.3258658037	0.3297955844	0.3335434172	0.337110757
	0.3404988587	0.3437088049	0.3467415305	0.3495978439	0.3522784458
	0.3547839438	0.3571148662	0.3592716719	0.3612547605	0.3630644791
	0.3647011293	0.3661649721	0.3674562318	0.3685750991	0.369521731
	0.3702962491	0.3708987311	0.3713291954	0.3715875809	0.3716737484
	0.2235755815	0.223491101	0.223237647	0.2228157455	0.2222266268
	0.221472223	0.2205551567	0.219478745	0.2182470096	0.2168646915
	0.2153372653	0.213670948	0.2118726902	0.2099501332	0.2079115146
	0.2057655084	0.2035210054	0.201186877	0.1987718219	0.196284467
	0.1937339115	0.1911307988	0.188488671	0.1858247696	0.183158847
	0.1805091902	0.1778876184	0.1752957379	0.1727234861	0.1701497038
	0.1675438596	0.1648680322	0.1620785317	0.1591268472	0.1559598182
	0.1525190346	0.1487394727	0.1445473171	0.1398567304	0.1345647258
	0.128540533	0.1215919191	0.1133233383	0.1025441493	0.08562400107
	0.05522199943	-0.006174104073	-0.1289546164	0.004546786741	0.06751516447
	0.1015362828	0.1228228368	0.1394227364	0.1537730102	0.1667033496
	0.1785987369	0.1896742881	0.2000400749	0.2097058294	0.2186651439
	0.227022477	0.2349259375	0.2424686349	0.2496956833	0.2566324949
	0.2632975756	0.2697061257	0.2758709739	0.2818029688	0.2875112787
	0.293003659	0.2982866857	0.3033659169	0.3082459103	0.3129304169
	0.3174230451	0.3217268651	0.3258443338	0.3297775247	0.3335282256
	0.3370979783	0.3404881103	0.3436997651	0.3467339287	0.3495914528
	0.352273074	0.3547794308	0.357111077	0.3592684935	0.3612520982
	0.3630622543	0.3646992769	0.3661634393	0.3674549773	0.3685740926
	0.3695209543	0.3702956971	0.3708984117	0.3713291218	0.3715877399
	0.3716740305	0.2235965925	0.2235128115	0.2232611193	0.2228419158
	0.2222564533	0.2215067236	0.2205954046	0.2195258544	0.2183021209
	0.2169289544	0.2154118166	0.2137568806	0.2119710116	0.2100617187
	0.2080370653	0.2059055378	0.2036758827	0.2013569559	0.1989576618
	0.1964870914	0.1939549506	0.1913722619	0.1887520758	0.1861095837
	0.1834608304	0.1808197431	0.1781945042	0.1755846625	0.1729797552
	0.1703593972	0.1676943116	0.1649476677	0.1620762188	0.1590309242
	0.1557568955	0.1521925883	0.1482681633	0.1439028508	0.1390008581
	0.1334444034	0.1270789537	0.1196726149	0.110786828	0.09938770826
	0.08301316346	0.05698890443	0.01505843742	-0.03885992877	0.01727254454
	0.0678450849	0.09960781519	0.1204981967	0.1373126105	0.1520159841
	0.1652950792	0.1775094166	0.1888851523	0.1995377806	0.2094244013
	0.2184698411	0.2268238746	0.2347172781	0.2422675666	0.2495136646
	0.2564731504	0.2631604618	0.2695892122	0.2757717908	0.281719078
	0.2874404495	0.292943916	0.2982362996	0.3033233843	0.3082100058
	0.3129002291	0.3173977086	0.3217055795	0.3258264364	0.3297624714
	0.3335155633	0.3370873274	0.3404791518	0.3436922309	0.3467275932
	0.3495861263	0.3522685973	0.3547756699	0.3571079195	0.3592658452
	0.3612498804	0.3630604016	0.3646977355	0.366162166	0.3674539389
	0.3685732666	0.3695203311	0.3702952833	0.3708982359	0.3713292335
	0.3715881759	0.3716746837	0.2236125826	0.2235296262	0.2232795418
	0.222862565	0.2222800121	0.2215339535	0.220627125	0.2195629224
	0.2183454152	0.2169793598	0.2154702059	0.2138240898	0.2120478104
	0.2101487783	0.2081349343	0.2060146401	0.2037965574	0.201489553
	0.1991026876	0.1966453533	0.1941275906	0.1915605175	0.188956628
	0.1863295317	0.1836926784	0.1810570009	0.1784281265	0.1758040586
	0.173173896	0.170517641	0.1678067735	0.1650051311	0.1620696793
	0.1589508682	0.1555923831	0.1519301629	0.1478905616	0.1433874523
	0.1383178188	0.1325545955	0.1259330258	0.1182191911	0.1090303499
	0.09765091873	0.08271552427	0.06195739908	0.0342380327	0.01152962715
	0.03776581141	0.07199426445	0.09901751286	0.118975707	0.1357695255
	0.1506753832	0.1642036018	0.1766708225	0.1883112653	0.1992495903
	0.2093651278	0.2184606763	0.2267484799	0.2345874463	0.2421225184
	0.2493754728	0.2563497354	0.2630533284	0.2694974674	0.2756937788
	0.2816530059	0.2873846192	0.2928968003	0.2981965541	0.3032898428
	0.3081817058	0.3128764195	0.3173777114	0.3216887774	0.3258123094
	0.3297505898	0.3335055694	0.3370789212	0.3404720816	0.3436862848
	0.3467225933	0.3495819229	0.3522650646	0.3547727022	0.3571054281
	0.3592637559	0.3612481311	0.3630589407	0.3646965209	0.3661611642
	0.3674531248	0.3685726248	0.3695198588	0.3702949973	0.3708981853
	0.3713295168	0.3715889283	0.3716758678	0.2236229458	0.2235412573
	0.2232926868	0.2228774422	0.2222970232	0.2215536118	0.2206500035
	0.2195896267	0.2183765682	0.2170155884	0.215512127	0.2138722936
	0.2121028398	0.2102111086	0.2082049597	0.2060926767	0.2038828735
	0.201584434	0.1992065247	0.196758719	0.194251227	0.1916951408
	0.1891024831	0.1864857491	0.1838566702	0.1812242242	0.1785923462
	0.1759579674	0.1733098166	0.1706280691	0.1678846339	0.1650437317
	0.1620624075	0.1588906935	0.1554712121	0.1517380678	0.1476148854
	0.1430118145	0.1378211839	0.1319111407	0.1251156913	0.117217668
	0.1079197068	0.09680531482	0.08330167068	0.06672856193	0.04807129619
	0.03674597898	0.05126722978	0.07607816482	0.09902953484	0.1180574309
	0.1347333848	0.1497391919	0.1634306138	0.1760822054	0.1879373138
	0.1991382092	0.2094815563	0.2186026725	0.2267749033	0.2345251384
	0.2420286521	0.2492795785	0.2562621618	0.262976647	0.2694315418
	0.2756376079	0.2816053783	0.2873443473	0.2928628009	0.2981678692
	0.3032656421	0.3081612968	0.3128592427	0.317363276	0.3216766455
	0.3258021089	0.3297420108	0.3334983536	0.3370728521	0.3404669772
	0.3436819922	0.346718984	0.3495788888	0.3522625147	0.3547705603
	0.3571036302	0.3592622483	0.361246869	0.3630578871	0.3646956455
	0.366160443	0.3674525406	0.368572168	0.3695195312	0.3702948211
	0.3708982238	0.3713299222	0.3715900107	0.3716778998	0.2236267506
	0.2235476144	0.2233004742	0.2228863999	0.2223072982	0.2215654883
	0.2206638178	0.2196057392	0.2183953502	0.2170374141	0.2155373641
	0.2139012934	0.2121359253	0.2102485637	0.2082470222	0.2061395414
	0.2039347114	0.201641429	0.1992689212	0.1968268563	0.1943255194
	0.1917759529	0.1891898722	0.1865791116	0.1839544207	0.1813236711
	0.1786898317	0.1760492036	0.1733902738	0.1706932822	0.1679303531
	0.1650658995	0.1620569853	0.1588533698	0.15539702	0.1516209271
	0.1474470819	0.1427834634	0.1375198765	0.1315225074	0.1246274046
	0.116634926	0.1073144617	0.09644460663	0.08390329605	0.06983442885
	0.05596225245	0.04918071734	0.05905859676	0.07875979915	0.09921859264
	0.1175898706	0.1341447307	0.149189109	0.1629712932	0.1757348881
	0.1877300079	0.1991192567	0.2096475668	0.2187921895	0.2268492713
	0.2345082576	0.2419780245	0.2492234865	0.2562099074	0.2629305916
	0.2693918376	0.2756037321	0.2815766329	0.2873200305	0.2928422664
	0.2981505433	0.3032510276	0.3081489759	0.3128488717	0.3173545571
	0.3216693167	0.3257959468	0.3297368286	0.3334939951	0.3370691865
	0.3404638946	0.3436794002	0.3467168048	0.3495770571	0.3522609756
	0.3547692677	0.3571025453	0.3592613387	0.3612461078	0.3630572519
	0.3646951181	0.366160009	0.3674521898	0.3685718955	0.3695193402
	0.3702947312	0.3708982954	0.3713303358	0.3715913231	0.3716814774
	0.2236221218	0.2235491095	0.2233029996	0.222889384	0.2223107327
	0.2215694594	0.2206684358	0.2196111235	0.2184016243	0.2170447023
	0.2155457886	0.2139109707	0.2121469629	0.2102610559	0.2082610485
	0.2061551678	0.2039519965	0.2016604361	0.199289733	0.1968495849
	0.1943502975	0.1918028914	0.1892189759	0.1866101665	0.1839868934
	0.1813566698	0.1787221505	0.1760794287	0.1734169076	0.1707148425
	0.1679454224	0.1650731184	0.1620549959	0.1588407194	0.1553720345
	0.1515815588	0.1473907382	0.1427068352	0.1374188446	0.1313924079
	0.1244645771	0.1164422849	0.1071177952	0.09633170509	0.08410379066
	0.07084772065	0.05847257797	0.0529706617	0.0615952151	0.07969908831
	0.09933644005	0.1174605794	0.1339588613	0.1490096877	0.1628200504
	0.17561997	0.1876575268	0.1991045781	0.2097146406	0.2188953353
	0.2269021099	0.2345105576	0.2419621755	0.2492047305	0.2561923942
	0.2629151842	0.2693785668	0.2755924125	0.281567028	0.2873119055
	0.2928354055	0.2981447552	0.3032461465	0.308144862	0.3128454094
	0.3173516464	0.3216668705	0.3257938906	0.3297351	0.3334925419
	0.3370679649	0.3404628677	0.3436785372	0.3467160797	0.349576448
	0.3522604642	0.3547688385	0.3571021854	0.3592610372	0.3612458557
	0.3630570417	0.3646949437	0.3661598657	0.3674520743	0.3685718062
	0.3695192787	0.3702947056	0.370898334	0.371330553	0.3715923635
	0.3716882648	