3131	
	0.2193883655	0.2192695557	0.2189399863	0.2183932554	0.2176255137
	0.2166323169	0.2154079969	0.2139453717	0.2122354884	0.2102673463
	0.2080275953	0.2055002334	0.2026663664	0.1995041575	0.1959892285
	0.1920960283	0.1878012601	0.1830920587	0.1779868633	0.1725940752
	0.1672721246	0.1629234165	0.1609308474	0.1618297025	0.164439516
	0.1675815545	0.1708356308	0.173961836	0.1768304607	0.179397322
	0.1816641291	0.183654535	0.185402303	0.1869456721	0.1883248418
	0.1895810255	0.1907562491	0.1918934455	0.1930365844	0.1942306739
	0.1955215195	0.1969551619	0.1985769425	0.2004301912	0.2025545898
	0.2049843374	0.2077463184	0.2108585231	0.2143289741	0.2181553524
	0.2223253984	0.2268180259	0.2316049701	0.2366527237	0.2419245178
	0.2473821447	0.2529874977	0.2587037652	0.26449628	0.2703330566
	0.2761850729	0.2820263524	0.2878339052	0.2935875735	0.2992698191
	0.3048654825	0.310361532	0.315746818	0.3210118397	0.3261485305
	0.3311500636	0.3360106781	0.3407255259	0.3452905382	0.3497023086
	0.3539579928	0.3580552223	0.3619920302	0.3657667881	0.3693781522
	0.3728250173	0.3761064783	0.3792217968	0.3821703734	0.3849517243
	0.3875654609	0.3900112731	0.3922889151	0.3943981932	0.3963389554
	0.3981110828	0.3997144817	0.4011490767	0.402414804	0.4035116043
	0.4044394135	0.4051981459	0.4057876597	0.4062076485	0.4064571781
	0.4065318386	0.2193875414	0.2192749126	0.2189465142	0.2184004829
	0.2176335472	0.2166413785	0.2154183617	0.2139573614	0.2122494749
	0.2102837547	0.2080468998	0.2055229364	0.202692935	0.1995348668
	0.1960237911	0.1921327324	0.1878349723	0.1831096333	0.1779571284
	0.1724500149	0.1669012136	0.1622478338	0.1601163244	0.1612234974
	0.1641349395	0.1674536676	0.1707968433	0.1739639388	0.176847528
	0.1794168407	0.1816804072	0.1836650554	0.185405984	0.186942051
	0.1883136921	0.1895621817	0.190729538	0.1918586742	0.1929935616
	0.1941792533	0.195461659	0.1968869917	0.1985008341	0.2003468173
	0.2024649605	0.2048897999	0.2076485104	0.2107592796	0.2142301993
	0.2180588766	0.2222328469	0.2267307212	0.2315238784	0.2365784472
	0.2418573231	0.2473220154	0.2529341975	0.2586569015	0.264455361
	0.2702975387	0.2761543968	0.2819999694	0.2878112948	0.2935682539
	0.2992533525	0.3048514771	0.310349641	0.315736737	0.3210033039
	0.3261413108	0.3311439625	0.3360055261	0.3407211783	0.3452868714
	0.3496992174	0.353955388	0.3580530281	0.3619901826	0.3657652328
	0.3693768433	0.3728239162	0.3761055522	0.3792210181	0.3821697189
	0.3849511744	0.3875649991	0.3900108856	0.3922885903	0.3943979213
	0.3963387283	0.3981108937	0.3997143252	0.4011489486	0.4024147014
	0.4035115262	0.4044393615	0.4051981285	0.4057877048	0.4062078693
	0.4064582107	0.4065385403	0.2194027608	0.2192928246	0.218966273
	0.2184221291	0.2176575703	0.2166684672	0.2154493436	0.213993201
	0.212291287	0.2103328164	0.2081046443	0.2055908993	0.20277259
	0.199627211	0.1961283621	0.1922453052	0.1879421178	0.1831757286
	0.1778940369	0.1720563076	0.1658080662	0.1601487089	0.1575024509
	0.1592575882	0.163154158	0.1670510243	0.1706810892	0.1739738724
	0.1769012165	0.1794767255	0.1817298837	0.1836969053	0.1854171522
	0.186931251	0.1882802929	0.1895057065	0.1906494696	0.1917544248
	0.1928645409	0.1940250008	0.1952820229	0.1966823365	0.1982722526
	0.200096314	0.2021955657	0.2046055719	0.2073543965	0.2104608324
	0.2139331834	0.2177688316	0.2219546853	0.22646843	0.2312803595
	0.2363554965	0.2416557212	0.2471416901	0.2527744167	0.2585164665
	0.2643327792	0.2701911659	0.2760625456	0.2819209875	0.2877436167
	0.2935104321	0.2992040735	0.3048095655	0.3103140571	0.3157065696
	0.3209777597	0.3261197035	0.3311257011	0.3359901039	0.3407081618
	0.3452758912	0.349689959	0.3539475845	0.358046453	0.3619846442
	0.3657605688	0.3693729167	0.3728206111	0.3761027709	0.3792186782
	0.382167751	0.3849495199	0.3875636088	0.390009718	0.3922876106
	0.3943971003	0.3963380418	0.3981103217	0.3997138514	0.4011485602
	0.4024143896	0.4035112872	0.4044391993	0.4051980632	0.4057877968
	0.4062082971	0.4064595243	0.4065420881	0.219432046	0.219323603
	0.2189992484	0.2184580149	0.2176973304	0.2167132797	0.2155005892
	0.2140524818	0.2123604564	0.2104140056	0.2082002643	0.2057035761
	0.2029049457	0.1997812927	0.196304266	0.192437913	0.188133226
	0.1833145157	0.177848062	0.1714990185	0.1640662709	0.15650533
	0.1526831809	0.155552186	0.1613777797	0.1663883851	0.1705215171
	0.1740141817	0.1770033575	0.1795826045	0.1818150986	0.1837511805
	0.1854362742	0.1869135023	0.1882248184	0.1894117885	0.1905162576
	0.1915809117	0.1926496881	0.1937679677	0.1949824722	0.196340789
	0.1978904543	0.1996775592	0.201744904	0.2041298241	0.2068619236
	0.2099610498	0.2134358779	0.2172833999	0.2214894374	0.2260300764
	0.230873745	0.2359835776	0.2413197329	0.2468414329	0.2525085913
	0.2582830048	0.2641291357	0.2700145554	0.2759101239	0.2817899796
	0.2876314008	0.2934145894	0.2991224125	0.3047401285	0.3102551145
	0.3156566063	0.3209354584	0.3260839251	0.3310954654	0.3359645703
	0.340686612	0.3452577128	0.3496746313	0.3539346652	0.3580355672
	0.3619754743	0.3657528464	0.3693664147	0.3728151379	0.3760981648
	0.3792148027	0.3821644912	0.3849467789	0.387561305	0.3900077829
	0.3922859867	0.3943957393	0.3963369035	0.3981093728	0.3997130647
	0.4011479146	0.40241387	0.4035108857	0.4044389194	0.405197928
	0.4057878699	0.4062087298	0.4064606234	0.4065441235	0.219474301
	0.2193669899	0.2190451792	0.2185077871	0.217752396	0.2167753099
	0.2155715114	0.2141345245	0.2124562018	0.2105264382	0.2083327952
	0.2058599991	0.2030892293	0.1999969979	0.1965531042	0.1927162708
	0.1884236239	0.183563637	0.1779077325	0.1709724125	0.1620243737
	0.1516830224	0.1457199836	0.1499355395	0.1587262043	0.165520381
	0.1703781703	0.1741204433	0.1771715277	0.1797425813	0.181939622
	0.1838293772	0.1854639676	0.1868891148	0.1881475298	0.1892807375
	0.1903302687	0.1913385117	0.1923493064	0.1934082712	0.1945628069
	0.1958616971	0.1973542162	0.1990886824	0.2011104509	0.203459463
	0.2061676084	0.2092563105	0.2127348048	0.2165995047	0.2208346166
	0.2254138621	0.230302934	0.2354622243	0.2408494212	0.2464217123
	0.2521374741	0.2579574454	0.2638454481	0.2697687474	0.2756981474
	0.2816079057	0.2874755328	0.2932815282	0.2990090867	0.3046437999
	0.3101733679	0.3155873298	0.3208768175	0.3260343349	0.3310535631
	0.3359291884	0.3406567532	0.3452325272	0.3496533964	0.3539167675
	0.358020487	0.3619627714	0.3657421487	0.3693574076	0.3728075558
	0.3760917837	0.3792094337	0.3821599749	0.3849429812	0.387558113
	0.3900051016	0.3922837362	0.394393853	0.3963353255	0.3981080569
	0.3997119731	0.4011470174	0.4024131453	0.4035103207	0.4044385134
	0.4051976994	0.4057878688	0.4062090547	0.406461409	0.4065453343
	0.2195286953	0.2194224679	0.2191035899	0.2185709135	0.2178221545
	0.2168538514	0.2156612933	0.2142383827	0.2125774292	0.2106688634
	0.208500845	0.2060587079	0.2033241144	0.2002736235	0.1968759314
	0.1930858291	0.1888295052	0.1839662471	0.1781875932	0.1707872917
	0.1604850702	0.1472723577	0.1384912313	0.1436454312	0.1556779251
	0.1646540768	0.1703501432	0.1743376843	0.1774258972	0.1799655329
	0.1821071963	0.1839329673	0.1855007954	0.186858385	0.1880487405
	0.1891129818	0.1900920392	0.1910277956	0.1919638775	0.1929461415
	0.1940228155	0.1952442075	0.1966618628	0.1983270641	0.2002886242
	0.2025900603	0.2052664388	0.2083413942	0.2118249566	0.2157127352
	0.2199866859	0.224617261	0.2295664131	0.2347908357	0.2402449362
	0.2458832462	0.2516621733	0.2575411338	0.2634831758	0.2694552227
	0.275428054	0.281376119	0.2872772575	0.2931123736	0.298865099
	0.3045214643	0.3100695914	0.3154994124	0.3208024175	0.3259714322
	0.3310004223	0.3358843238	0.3406188967	0.3452005991	0.3496264789
	0.353894082	0.3580013737	0.361946672	0.3657285909	0.3693459927
	0.3727979471	0.376083697	0.3792026295	0.3821542513	0.3849381682
	0.3875540674	0.3900017031	0.3922808838	0.3943914618	0.3963333247
	0.3981063877	0.3997105874	0.4011458766	0.4024122202	0.4035095922
	0.4044379745	0.405197359	0.405787757	0.4062092224	0.4064618942
	0.406546033	0.2195944344	0.2194893591	0.2191738272	0.2186466919
	0.2179058177	0.2169480037	0.2157688954	0.2143628494	0.2127227352
	0.2108396583	0.2087025673	0.206297676	0.2036075462	0.2006094789
	0.197272354	0.193549692	0.1893628976	0.18455793	0.1787912206
	0.1712626829	0.1604391334	0.1457888049	0.1348621649	0.1397791866
	0.1536697035	0.1642486979	0.1705781609	0.1747131716	0.1777849425
	0.1802590434	0.1823207375	0.1840629131	0.1855470351	0.1868214921
	0.1879287802	0.1889090707	0.1898023025	0.1906495729	0.1914941212
	0.1923819916	0.1933623475	0.1944873304	0.1958113084	0.1973893398
	0.1992747344	0.2015157488	0.2041517258	0.2072093148	0.2106996438
	0.2146172349	0.2189409999	0.2236370126	0.2286622906	0.2339687337
	0.2395065814	0.2452270659	0.2510842096	0.2570358769	0.2630442531
	0.2690759264	0.2751017191	0.2810963754	0.2870381828	0.2929085737
	0.2986917369	0.3043742548	0.309944774	0.3153937118	0.3207129987
	0.3258958529	0.3309365872	0.3358304411	0.3405734384	0.3451622648
	0.3495941643	0.3538668504	0.357978432	0.3619273489	0.3657123193
	0.3693322934	0.3727864157	0.3760739924	0.3791944641	0.3821473827
	0.3849323923	0.3875492125	0.3899976247	0.3922774604	0.3943885917
	0.3963309227	0.3981043831	0.3997089218	0.4011445029	0.4024111018
	0.4035087029	0.4044372994	0.4051968959	0.4057875161	0.4062092188
	0.4064621172	0.4065463763	0.2196706734	0.2195668593	0.2192550865
	0.2187342633	0.218002431	0.2170566816	0.2158930664	0.2145064677
	0.2128904157	0.2110368297	0.2089356459	0.2065742567	0.2039366023
	0.2010015598	0.1977397805	0.1941068399	0.190027072	0.1853530543
	0.1797631162	0.1725335136	0.1623206057	0.1485849178	0.1376562618
	0.141148466	0.1542122068	0.1648130473	0.1712001695	0.1752852614
	0.1782612458	0.1806274556	0.1825813943	0.184219215	0.1856024665
	0.1867784089	0.18778797	0.1886696876	0.1894620282	0.1902049532
	0.1909410749	0.1917165114	0.1925814132	0.1935900315	0.19480012
	0.1962714085	0.1980629198	0.2002290746	0.2028148902	0.2058510807
	0.2093502763	0.2133055445	0.2176917268	0.2224691188	0.2275883473
	0.2329952443	0.2386349054	0.2444546031	0.2504055894	0.2564440017
	0.2625311323	0.2686332969	0.2747214746	0.2807708432	0.2867602841
	0.2926719002	0.2984905703	0.3042035491	0.3098001156	0.315271267
	0.3206094559	0.3258083648	0.3308627144	0.3357681004	0.3405208547
	0.3451179291	0.3495567957	0.3538353635	0.3579519077	0.3619050102
	0.3656935094	0.3693164579	0.3727730868	0.3760627754	0.3791850263
	0.382139444	0.3849257166	0.3875436012	0.3899929106	0.3922735033
	0.3943852738	0.3963281455	0.3981020643	0.3997069936	0.4011429098
	0.4024097996	0.4035076582	0.4044364889	0.4051963061	0.4057871404
	0.406209048	0.4064621169	0.4065464527	0.2197564878	0.2196540531
	0.219346432	0.2188326274	0.2181108867	0.2171786285	0.2160323567
	0.2146675462	0.2130784808	0.2112580258	0.2091972979	0.2068851634
	0.2043074237	0.2014453752	0.198273027	0.1947512313	0.1908143625
	0.1863387015	0.1810685568	0.174472295	0.1656688255	0.154508749
	0.1455771108	0.1474281276	0.1574841756	0.1664892471	0.1722673149
	0.1760688129	0.1788579322	0.1810703849	0.1828878487	0.1844005815
	0.1856662234	0.1867288455	0.1876266175	0.1883956782	0.1890724765
	0.1896954235	0.1903061943	0.1909507884	0.1916803167	0.1925513579
	0.1936256087	0.1949684541	0.1966460636	0.1987207962	0.2012451631
	0.2042553534	0.2077660552	0.211768386	0.2162317478	0.2211088462
	0.2263421119	0.2318698108	0.2376308229	0.2435678015	0.2496288982
	0.2557684261	0.2619468351	0.2681303005	0.2742901292	0.2804021146
	0.2864459084	0.2924044476	0.2982634475	0.3040109643	0.3096370211
	0.3151332913	0.3204928325	0.3257098617	0.3307795675	0.3356979519
	0.3404616986	0.3450680613	0.349514771	0.353799958	0.3579220857
	0.3618798964	0.3656723645	0.3692986578	0.3727581048	0.3760501678
	0.3791744189	0.3821305216	0.3849182138	0.3875372947	0.3899876125
	0.3922690557	0.3943815443	0.3963250231	0.3980994563	0.3997048231
	0.4011411134	0.402408326	0.4035064665	0.404435548	0.4051955922
	0.4057866333	0.4062087227	0.406461928	0.4065463186	0.2198508665
	0.2197499242	0.2194468131	0.2189406578	0.2182299388	0.2173124324
	0.2161851375	0.2148441797	0.2132846786	0.2115005626	0.2094843
	0.2072264953	0.2047152373	0.2019349705	0.1988643715	0.1954720418
	0.1917072522	0.1874796447	0.182617443	0.1768052094	0.1696272421
	0.1613225749	0.1549327731	0.1556346765	0.1622546935	0.1689494863
	0.1737067072	0.1770449307	0.1795660726	0.1815818973	0.1832359908
	0.1846042908	0.1857367402	0.1866722415	0.1874450387	0.1880880958
	0.1886352664	0.1891229431	0.1895914766	0.1900864586	0.1906598263
	0.1913706075	0.1922849604	0.1934749856	0.1950156902	0.1969796087
	0.1994291625	0.2024079618	0.2059335368	0.2099943645	0.2145525277
	0.2195507426	0.224920971	0.2305921464	0.2364957731	0.2425692569
	0.2487574127	0.2550127432	0.2612950103	0.2675704684	0.2738109905
	0.2799932157	0.2860977771	0.2921086312	0.2980124906	0.3037983497
	0.3094570919	0.3149811648	0.3203643129	0.3256013565	0.3306880101
	0.335620731	0.3403965945	0.345013191	0.3494685388	0.3537610134
	0.3578892869	0.3618522786	0.3656491132	0.3692790858	0.3727416326
	0.3760363067	0.3791627574	0.3821207128	0.3849099659	0.3875303618
	0.3899817882	0.3922641662	0.3943774438	0.3963215894	0.3980965873
	0.3997024335	0.4011391326	0.4024066957	0.4035051395	0.4044344854
	0.4051947614	0.4057860041	0.4062082593	0.4064615802	0.406546014
	0.2199527155	0.2198533668	0.2195550792	0.2190571184	0.2183582201
	0.2174565449	0.2163496215	0.2150342745	0.2135065263	0.211761462
	0.2097930396	0.2075938078	0.2051544673	0.202463133	0.1995040066
	0.1962548258	0.1926817816	0.1887296292	0.1843056162	0.1792715068
	0.1735353334	0.1675253997	0.1631557243	0.1632024417	0.1671395741
	0.171707742	0.1753730976	0.1781660845	0.1803651154	0.1821507634
	0.1836190748	0.1848262765	0.1858118076	0.186607814	0.1872436092
	0.1877482646	0.1881524588	0.1884900539	0.1887996065	0.1891258912
	0.1895213901	0.1900475539	0.1907754208	0.1917849079	0.1931618378
	0.1949917623	0.1973502848	0.2002911946	0.2038360057	0.2079695554
	0.2126439503	0.2177886732	0.2233223273	0.2291624394	0.2352319201
	0.2414623885	0.2477952337	0.2541813161	0.2605799977	0.2669579362
	0.2732878858	0.2795476157	0.2857189863	0.2917871821	0.297740087
	0.3035677779	0.3092621172	0.3148164249	0.3202252132	0.325483973
	0.3305889995	0.3355372509	0.3403262327	0.3449539029	0.3494185939
	0.3537189481	0.3578538646	0.3618224552	0.3656240075	0.3692579545
	0.3727238492	0.3760213431	0.3791501688	0.3821101246	0.3849010627
	0.3875228783	0.3899755012	0.3922588882	0.3943730172	0.396317882
	0.3980934885	0.3996998506	0.4011369886	0.4024049263	0.4035036911
	0.4044333129	0.4051938251	0.4057852656	0.4062076764	0.4064611003
	0.4065455709	0.2200608668	0.2199631969	0.2196699948	0.2191806803
	0.2184942608	0.2176093018	0.2165238884	0.2152355798	0.2137413488
	0.2120375042	0.2101195861	0.207982222	0.2056189168	0.2030217295
	0.2001807374	0.1970831072	0.1937115102	0.1900419417	0.1860437619
	0.1816974233	0.1770843117	0.1726527919	0.1695745807	0.1692546855
	0.1714429546	0.1744177089	0.1771252539	0.1793735143	0.1812272789
	0.1827619646	0.1840283515	0.1850614252	0.1858887294	0.1865346551
	0.1870228412	0.1873778566	0.1876266503	0.1878000048	0.1879341225
	0.1880724065	0.1882674058	0.1885827406	0.1890945547	0.1898916408
	0.1910729004	0.1927405243	0.194987807	0.1978827437	0.2014525488
	0.2056769168	0.2104941064	0.2158158927	0.2215438245	0.2275816247
	0.2338424066	0.2402516439	0.2467474375	0.253279382	0.2598068939
	0.2662974819	0.2727251812	0.279069232	0.285313004	0.2914431398
	0.2974488799	0.3033215332	0.3090540619	0.3146407551	0.3200769717
	0.3253589363	0.3304835771	0.3354483956	0.3402513622	0.3448908313
	0.3493654727	0.3536742154	0.3578162017	0.3617907491	0.3655973196
	0.3692354935	0.372704948	0.37600544	0.3791367904	0.3820988725
	0.3848916016	0.387514926	0.3899688204	0.3922532794	0.3943683128
	0.3963139414	0.3980901937	0.3996971029	0.4011347049	0.4024030374
	0.4035021381	0.4044320451	0.4051927972	0.4057844335	0.4062069934
	0.4064605125	0.4065450163	0.2201740898	0.220078166	0.2197902549
	0.2193099386	0.2186365078	0.2177689461	0.2167059121	0.2154457208
	0.2139863233	0.212325287	0.210459779	0.2083865585	0.2061019907
	0.2036021046	0.200882743	0.1979399193	0.194770711	0.1913757738
	0.1877671536	0.1839926765	0.1802031666	0.1767857791	0.1744561233
	0.1739191	0.1750439576	0.1769233682	0.1788634819	0.1806131021
	0.1821233054	0.1833988585	0.1844539882	0.1853040117	0.1859645503
	0.1864518665	0.1867834786	0.1869789791	0.1870610727	0.1870568838
	0.1869996019	0.1869305302	0.1869015487	0.1869778641	0.1872406094
	0.1877883106	0.1887354318	0.1902053959	0.1923155197	0.1951540716
	0.1987566461	0.2030954348	0.2080890184	0.2136251731	0.2195836671
	0.2258517407	0.232331666	0.2389427395	0.2456202449	0.2523131615
	0.258981618	0.2655945598	0.2721277944	0.2785624306	0.2848836629
	0.29107984	0.2971417538	0.3030620976	0.3088350527	0.3144559721
	0.3199211358	0.3252275621	0.3303728596	0.3353551116	0.3401727843
	0.3448246537	0.3493097476	0.3536272986	0.3577767059	0.3617575043
	0.3655693396	0.3692119471	0.3726851351	0.3759887707	0.3791227682
	0.3820870795	0.3848816859	0.3875065918	0.3899618188	0.3922474012
	0.3943633822	0.3963098109	0.3980867393	0.3996942205	0.4011323072
	0.4024010504	0.4035004989	0.4044306988	0.4051916938	0.405783525
	0.4062062298	0.4064598395	0.4065443744	0.2202911046	0.2201969749
	0.2199145008	0.219443431	0.2187833454	0.2179336519	0.2168935896
	0.2156622362	0.2142385273	0.2126212926	0.2108093217	0.2088014819
	0.2065969278	0.2041954731	0.2015982626	0.1988090072	0.1958363395
	0.1926985463	0.1894336255	0.1861210323	0.1829244269	0.1801497561
	0.1782416506	0.177566096	0.1780454126	0.1791846528	0.1805294655
	0.181842591	0.183026674	0.1840451531	0.1848860114	0.1855481775
	0.1860363137	0.1863587105	0.1865265991	0.1865542611	0.1864596911
	0.1862657516	0.1860018567	0.1857062787	0.1854291666	0.1852362657
	0.185213018	0.1854680561	0.1861338983	0.1873609422	0.1892995704
	0.1920677985	0.1957139575	0.2001988478	0.2054122787	0.2112090196
	0.2174410704	0.2239763935	0.2307058036	0.2375429355	0.2444212019
	0.2512899686	0.2581109705	0.2648553271	0.271501201	0.2780320195
	0.2844351464	0.2907008983	0.2968218172	0.3027921326	0.3086073616
	0.3142640102	0.3197593493	0.3250912447	0.3302580282	0.3352583983
	0.3400913437	0.3447560836	0.3492520211	0.3535787061	0.357735806
	0.3617230824	0.3655403722	0.3691875721	0.3726646265	0.3759715173
	0.3791082555	0.3820748745	0.3848714242	0.387497967	0.3899545731
	0.392241318	0.3943582796	0.3963055358	0.3980831633	0.3996912356
	0.4011298224	0.4023989885	0.4034987937	0.4044292921	0.4051905326
	0.4057825583	0.4062054058	0.4064591034	0.406543668	0.2204105961
	0.2203182887	0.2200413361	0.2195796554	0.2189331157	0.2181015489
	0.2170847708	0.215882615	0.2144949876	0.2129219541	0.2111638776
	0.2092216424	0.2070970175	0.2047932598	0.2023161274	0.1996756079
	0.1968889135	0.1939857548	0.1910177008	0.1880742827	0.1853068326
	0.1829479867	0.1812816739	0.1805094924	0.1805806977	0.1812094087
	0.1820932998	0.1830321071	0.1839155519	0.1846862416	0.1853150756
	0.1857883627	0.1861013089	0.1862547574	0.1862537114	0.1861069328
	0.1858272922	0.1854327671	0.1849481301	0.1844074685	0.1838577414
	0.1833635538	0.1830130959	0.1829245094	0.1832503746	0.1841749986
	0.1858949543	0.1885733793	0.1922787444	0.196953706	0.2024445821
	0.208560034	0.2151168934	0.221961354	0.2289730494	0.2360613391
	0.2431593644	0.2502183112	0.2572026806	0.2640866577	0.2708514285
	0.2774832332	0.2839719687	0.2903101876	0.2964923802	0.3025144592
	0.3083733869	0.3140669049	0.319593337	0.324951444	0.3301403172
	0.3351592985	0.340007921	0.3446858642	0.3491929198	0.353528966
	0.3576939471	0.3616878583	0.3655107331	0.3691626344	0.3726436462
	0.3759538683	0.3790934109	0.3820623909	0.3848609288	0.3874891459
	0.3899471628	0.3922350967	0.3943530609	0.3963011633	0.3980795054
	0.3996881816	0.4011272788	0.402396876	0.4034970438	0.4044278446
	0.4051893323	0.4057815524	0.4062045413	0.4064583253	0.4065429191
	0.2205312287	0.2204407514	0.2201693435	0.2197170883	0.2190841399
	0.2182707466	0.2172772886	0.2161043346	0.2147527289	0.21322372
	0.2115191588	0.2096418016	0.2075957831	0.205387363	0.2030261177
	0.2005268492	0.1979126471	0.1952197482	0.1925050136	0.1898564705
	0.1874047121	0.1853245317	0.1838030416	0.182958384	0.1827556756
	0.183019066	0.1835417366	0.1841619286	0.1847731445	0.1853098789
	0.1857329815	0.1860196428	0.1861572776	0.1861400102	0.1859668336
	0.1856408861	0.1851695512	0.1845652913	0.1838472791	0.1830440345
	0.182197411	0.1813683763	0.1806449951	0.180152557	0.1800641955
	0.1806058807	0.1820396625	0.1845997706	0.188387973	0.1933164042
	0.1991631573	0.2056715236	0.2126145266	0.219815314	0.227144282
	0.2345092248	0.2418454729	0.249107974	0.2562654336	0.2632961393
	0.2701850378	0.2769217057	0.2834989451	0.2899118095	0.2961569279
	0.3022320329	0.3081356314	0.313866773	0.3194248876	0.3248096705
	0.3300210014	0.3350588875	0.3399234227	0.3446147594	0.3491330876
	0.3534786209	0.3576515862	0.3616522167	0.3654807464	0.3691374067
	0.3726224238	0.3759360169	0.3790783969	0.3820497655	0.3848503145
	0.3874802253	0.389939669	0.3922288053	0.3943477836	0.3962967416
	0.3980758061	0.3996850926	0.4011247056	0.4023947379	0.4034952714
	0.4044263765	0.4051881123	0.4057805269	0.4062036566	0.4064575263
	0.4065421489	0.2206516611	0.2205630017	0.2202971009	0.219854203
	0.2192347388	0.2184393591	0.2174689873	0.2163248957	0.2150088182
	0.2135231133	0.2118710045	0.2100569386	0.2080871219	0.2059703334
	0.2037191599	0.2013518642	0.1988951697	0.1963882727	0.193888231
	0.1914761096	0.1892610005	0.1873744357	0.1859436933	0.185041915
	0.1846441995	0.1846357957	0.184870636	0.1852198493	0.1855872392
	0.1859063692	0.1861329519	0.1862379471	0.1862025607	0.1860149946
	0.1856685458	0.185160707	0.1844930671	0.1836719549	0.1827099216
	0.1816283306	0.1804615299	0.1792633541	0.1781170055	0.1771495592
	0.1765516652	0.176598084	0.1776448271	0.180042834	0.183951559
	0.1892287274	0.1955412015	0.2025385438	0.2099411349	0.2175508244
	0.2252336111	0.2329003488	0.2404920994	0.2479700683	0.2553088698
	0.2624920465	0.2695090857	0.2763534313	0.2830211539	0.2895100591
	0.2958190883	0.3019479156	0.3078966777	0.3136657919	0.3192558362
	0.32466747	0.3299013828	0.3349582617	0.3398387722	0.3445435466
	0.3490731787	0.3534282214	0.3576091868	0.3616165478	0.3654507403
	0.3691121652	0.3726011916	0.3759181586	0.3790633781	0.3820371367
	0.3848396978	0.387471303	0.3899321739	0.3922225131	0.3943425056
	0.3962923194	0.3980721064	0.3996820035	0.4011221322	0.4023925997
	0.4034934988	0.4044249082	0.4051868923	0.4057795013	0.4062027718
	0.4064567274	0.4065413788	0.2207705606	0.2206836878	0.2204231971
	0.2199894871	0.2193832525	0.2186055274	0.2176577501	0.2165418554
	0.2152604065	0.2138167822	0.2122154456	0.2104623306	0.2085654033
	0.2065354773	0.2043873952	0.2021417169	0.1998270583	0.1974831471
	0.1951643678	0.1929428087	0.1909082704	0.1891605204	0.1877887254
	0.1868402789	0.1862966912	0.1860790106	0.186080702	0.1861989657
	0.1863494534	0.1864684505	0.1865097123	0.1864401676	0.1862361808
	0.1858808071	0.1853620073	0.1846716734	0.1838053556	0.1827626724
	0.1815485208	0.180175375	0.1786672286	0.1770661649	0.1754433056
	0.1739173427	0.1726861814	0.1720759604	0.1725783628	0.1747439173
	0.1788365978	0.1846115903	0.1915477224	0.1991597163	0.2071093896
	0.2151854235	0.2232589827	0.2312512242	0.2391137393	0.2468170335
	0.2543435453	0.261683287	0.2688310685	0.2757847105	0.2825438879
	0.2891093818	0.2954825953	0.3016652441	0.3076591612	0.313466176
	0.3190880439	0.3245264072	0.3297827767	0.3348585271	0.3397548993
	0.3444730079	0.349013851	0.3533783207	0.357567214	0.3615812429
	0.3654210439	0.3690871869	0.3725801825	0.3759004892	0.379048519
	0.3820246429	0.384829195	0.3874624768	0.3899247599	0.3922162892
	0.3943372851	0.3962879455	0.3980684476	0.3996789488	0.4011195881
	0.4023904868	0.4034917487	0.4044234606	0.4051856919	0.4057784953
	0.4062019073	0.4064559492	0.4065406298	0.2208866179	0.2208014815
	0.2205462476	0.2201214593	0.2195280592	0.2187674411	0.217841524
	0.2167528569	0.2155047631	0.2141015427	0.2125487544	0.2108536098
	0.2090255258	0.2070768963	0.2050241573	0.2028892219	0.2007013235
	0.1984991794	0.1963330826	0.1942659309	0.1923712692	0.1907255949
	0.1893930323	0.1884054115	0.1877483942	0.1873650312	0.1871751645
	0.1870960182	0.1870544459	0.1869910161	0.186859435	0.1866241735
	0.1862578644	0.1857391186	0.1850509363	0.1841797113	0.1831147886
	0.1818485853	0.1803773754	0.1787029848	0.1768358923	0.1748007207
	0.1726462716	0.170465521	0.1684398418	0.1669356952	0.1666394646
	0.1684553145	0.1728437606	0.1793576951	0.1871489424	0.1955404406
	0.2041398502	0.2127429286	0.221242746	0.2295813025	0.2377268167
	0.2456625719	0.2533808449	0.2608793147	0.268158843	0.2752220812
	0.2820725953	0.2887143238	0.295151247	0.3013871948	0.3074257407
	0.3132701528	0.3189233779	0.3243880479	0.3296664973	0.3347607868
	0.3396727303	0.3444039212	0.348955758	0.3533294682	0.3575261298
	0.3615466902	0.3653919837	0.3690627461	0.3725596273	0.3758832027
	0.3790339828	0.3820124212	0.3848189215	0.3874538436	0.3899175083
	0.3922102018	0.3943321795	0.3962836684	0.3980648701	0.3996759628
	0.4011171026	0.4023884244	0.4034900432	0.4044220536	0.4051845305
	0.4057775285	0.4062010831	0.406455213	0.4065399233	0.2209985601
	0.2209150929	0.2206649095	0.2202486859	0.2196675934	0.2189233583
	0.2180183423	0.2169556548	0.2157393053	0.2143744111	0.2128674807
	0.2112267976	0.2094629407	0.2075894799	0.2056238912	0.2035887145
	0.2015129207	0.1994333229	0.197395603	0.1954541129	0.1936691157
	0.1920999724	0.1907938552	0.1897727052	0.1890248877	0.188507534
	0.1881585033	0.187910195	0.1876992022	0.1874707709	0.1871795963
	0.1867887551	0.1862680098	0.1855921366	0.1847395513	0.183691307
	0.1824304759	0.1809419177	0.1792124799	0.1772317318	0.1749934455
	0.1724983037	0.1697594104	0.1668170823	0.1637893649	0.1610397534
	0.1595259967	0.1607928457	0.1656790543	0.1733276054	0.1823141202
	0.1916985264	0.2010641354	0.2102547863	0.2192120688	0.2279129944
	0.2363495665	0.2445214988	0.2524328408	0.260090007	0.2675005242
	0.274672235	0.2816128112	0.2883294756	0.2948288593	0.3011169453
	0.3071990668	0.3130799359	0.3187636891	0.3242539415	0.3295538421
	0.3346661285	0.3395931776	0.3443370522	0.3488995425	0.3532822036
	0.3574863873	0.3615132705	0.3653638797	0.3690391117	0.3725397519
	0.3758664892	0.3790199293	0.3820006059	0.3848089901	0.3874454982
	0.3899104988	0.392204318	0.3943272449	0.396279535	0.3980614137
	0.3996730791	0.4011147038	0.4023864367	0.4034884035	0.4044207069
	0.4051834269	0.4057766198	0.4062003194	0.4064545399	0.4065392813
	0.221105164	0.2210232827	0.2207778949	0.2203697949	0.2198003616
	0.2190716234	0.2181863437	0.2171481368	0.2159616215	0.2146326284
	0.2131684737	0.2115783207	0.2098736503	0.2080688648	0.2061820396
	0.20423581	0.2022583201	0.200284037	0.1983540395	0.1965151267
	0.1948168793	0.1933059335	0.1920176709	0.1909674643	0.1901454452
	0.1895180591	0.189035724	0.188642282	0.1882824291	0.1879058772
	0.1874687864	0.1869335195	0.1862676141	0.1854425326	0.1844324764
	0.1832133769	0.1817620849	0.1800557359	0.1780712256	0.1757846412
	0.1731702714	0.1701983862	0.1668307872	0.1630176124	0.1587330371
	0.1542307716	0.1508201811	0.1512022682	0.1569449129	0.166364124
	0.1770318253	0.1876736663	0.1979288481	0.2077612359	0.2171990341
	0.2262714434	0.2350017564	0.243409496	0.2515120921	0.2593255072
	0.2668643613	0.2741419189	0.2811700796	0.2879594102	0.2945192154
	0.3008576341	0.3069817486	0.3128976984	0.3186107902	0.3241256018
	0.3294460772	0.3345756118	0.3395171287	0.3442731448	0.3488458285
	0.3532370504	0.3574484261	0.3614813528	0.3653370418	0.3690165443
	0.3725207753	0.3758505325	0.3790065129	0.3819893269	0.3847995099
	0.3874375324	0.3899038084	0.3921987024	0.3943225357	0.396275591
	0.3980581165	0.3996703296	0.401112419	0.4023845469	0.4034868498
	0.4044194387	0.4051823986	0.4057757874	0.4061996362	0.4064539519
	0.4065387265	0.2212052671	0.2211248747	0.2208839842	0.2204834911
	0.2199249575	0.2192106828	0.2183437902	0.2173283414	0.2161694892
	0.2148736763	0.2134488939	0.211905011	0.2102541868	0.208511375
	0.2066949152	0.2048271741	0.2029351446	0.2010508097	0.1992109432
	0.1974558697	0.1958266505	0.1943603878	0.1930840657	0.1920085259
	0.1911250524	0.1904064147	0.1898119307	0.1892940586	0.1888040601
	0.188295623	0.1877265025	0.1870587552	0.1862581702	0.1852933387
	0.1841346175	0.1827530994	0.1811196034	0.1792036091	0.1769719239
	0.1743865628	0.1714005626	0.1679486582	0.1639262842	0.1591492816
	0.1533312388	0.1464122403	0.1400883896	0.1390502922	0.1462311925
	0.1583610666	0.1713466815	0.1835418609	0.1947996801	0.2053118087
	0.2152401903	0.2246839659	0.2337042231	0.2423427616	0.2506313871
	0.2585960329	0.2662585942	0.2736378262	0.2807498686	0.2876086157
	0.2942260137	0.300612318	0.3067763197	0.312725545	0.318466433
	0.3240044894	0.3293444217	0.3344902558	0.3394454363	0.3442129129
	0.3487952142	0.3531945104	0.3574126671	0.3614512906	0.3653117666
	0.3689952928	0.3725029066	0.3758355085	0.3789938815	0.3819787083
	0.3847905852	0.3874300336	0.3898975106	0.3921934167	0.3943181037
	0.3962718798	0.3980550149	0.3996677448	0.4011102736	0.4023827765
	0.4034854008	0.4044182657	0.4051814619	0.4057750487	0.4061990531
	0.4064534718	0.4065382832	0.2212977781	0.2212187665	0.2209820379
	0.2205885675	0.2200400752	0.2193390991	0.2184890798	0.2174944715
	0.216360887	0.2150952867	0.2137062156	0.2122040962	0.2106015794
	0.2089139508	0.2071595731	0.2053603158	0.2035418736	0.2017338033
	0.1999690167	0.1982824012	0.196708259	0.195276492	0.1940079857
	0.1929103564	0.191975635	0.1911809698	0.1904920666	0.1898678675
	0.1892648616	0.1886401245	0.1879529404	0.1871652833	0.1862415441
	0.1851478263	0.1838510156	0.1823177184	0.1805130576	0.1783991884
	0.1759331592	0.1730631787	0.1697208957	0.1658035424	0.1611308232
	0.1553472994	0.1477812067	0.1377729084	0.1272966719	0.1240897361
	0.1334694993	0.1494427401	0.1654251617	0.1794330793	0.191763948
	0.202964388	0.2133752969	0.2231790944	0.2324782161	0.2413375671
	0.2498034372	0.2579116598	0.2656912954	0.2731664779	0.2803574807
	0.2872814262	0.2939528122	0.3003839291	0.3065852034	0.3125654841
	0.3183322857	0.3238919926	0.3292500331	0.3344110266	0.3393789078
	0.3441570322	0.3487482653	0.3531550574	0.3573795076	0.361423417
	0.3652883339	0.3689755922	0.3724863432	0.3758215827	0.3789821741
	0.381968867	0.3847823141	0.3874230844	0.3898916746	0.392188519
	0.3943139974	0.396268442	0.398052143	0.3996653531	0.4011082913
	0.4023811453	0.4034840729	0.4044172026	0.4051806308	0.4057744191
	0.4061985895	0.4064531239	0.4065379785	0.2213816848	0.2213039389
	0.2210710075	0.2206839182	0.2201445211	0.2194555622	0.2186207593
	0.217644905	0.2165340036	0.2152954456	0.2139382227	0.2124731815
	0.2109133147	0.2092740759	0.2075736903	0.2058334083	0.2040776069
	0.2023335948	0.2006309241	0.1989999901	0.1974697575	0.19606466
	0.1948010885	0.1936843078	0.1927068253	0.1918488634	0.1910807521
	0.1903663073	0.1896661224	0.1889400712	0.1881487988	0.1872543044
	0.1862198433	0.1850093721	0.1835866882	0.181914331	0.179952205
	0.1776557328	0.1749730172	0.1718396857	0.1681679341	0.163820391
	0.1585438944	0.1518060906	0.1424957626	0.1291359567	0.1136327503
	0.1074605389	0.1196399939	0.140259804	0.159634736	0.1755425277
	0.1889280443	0.2007818677	0.2116450844	0.2217852293	0.2313445846
	0.2404097469	0.2490405419	0.2572820901	0.2651702049	0.2727341017
	0.2799979605	0.2869819512	0.2937029743	0.3001752311	0.3064106787
	0.3124194003	0.3182099108	0.3237894096	0.3291639921	0.3343388253
	0.3393182955	0.3441061315	0.348705508	0.3531191322	0.3573493171
	0.3613980418	0.3652670036	0.3689576606	0.372471268	0.375808909
	0.3789715198	0.3819599114	0.3847747878	0.3874167612	0.3898863646
	0.392184063	0.3943102619	0.3962653153	0.398049532	0.3996631805
	0.4011064934	0.4023796705	0.4034828805	0.4044162611	0.4051799165
	0.4057739117	0.4061982639	0.4064529347	0.4065378441	0.2214560597
	0.2213794641	0.2211499463	0.2207685485	0.2202372246	0.2195589001
	0.2187375324	0.2177782026	0.2166872421	0.2154723932	0.2141430004
	0.212710228	0.2111872946	0.2095897065	0.2079354574	0.2062451388
	0.2045418782	0.2028509859	0.2011991674	0.1996131642	0.1981177541
	0.1967332117	0.1954725855	0.1943393992	0.1933264563	0.1924161541
	0.1915821836	0.1907920111	0.1900094111	0.1891965093	0.1883151019
	0.1873272518	0.186195284	0.1848813217	0.1833464687	0.1815496754
	0.1794462278	0.1769856314	0.1741082763	0.1707393046	0.1667754379
	0.1620530557	0.1562653162	0.1487500728	0.1380676319	0.1220618957
	0.1021479218	0.09263977874	0.1073514739	0.1321765995	0.1545590082
	0.1721143999	0.1864052524	0.1988257713	0.2100880981	0.2205290208
	0.2303228863	0.2395741669	0.2483542472	0.2567164213	0.2647025653
	0.2723465101	0.2796760042	0.2867140062	0.2934796151	0.2999887778
	0.306254847	0.3122890282	0.318100744	0.3236979318	0.329087289
	0.3342744768	0.3392642876	0.3440607856	0.3486674228	0.353087137
	0.3573224323	0.3613754474	0.3652480124	0.3689416965	0.3724578479
	0.3757976273	0.3789620362	0.3819519401	0.384768089	0.3874111335
	0.3898816391	0.3921800977	0.3943069382	0.396262534	0.3980472103
	0.3996612502	0.4011048988	0.4023783673	0.4034818351	0.4044154501
	0.4051793263	0.4057735358	0.4061980929	0.4064529343	0.4065379204
	0.2215200595	0.2214445128	0.2212180195	0.2208415857	0.2203172472
	0.2196480865	0.2188382673	0.2178931126	0.2168192223	0.21562462
	0.2143189237	0.2129135289	0.2114217946	0.2098592063	0.2082434845
	0.206594584	0.204934511	0.2032868652	0.2016760049	0.200125755
	0.1986576454	0.1972888017	0.1960297842	0.1948828196	0.1938408883
	0.1928879283	0.1920000686	0.1911474881	0.1902963883	0.1894106633
	0.1884530423	0.1873856546	0.1861700645	0.1847668587	0.1831348534
	0.1812299333	0.1790034556	0.1763999776	0.1733536851	0.1697818907
	0.1655711919	0.160544043	0.1543721911	0.1463573279	0.1350052091
	0.1180919139	0.09677295818	0.0850708511	0.1002217422	0.1268802493
	0.1508281391	0.1693773768	0.1842923512	0.1971475349	0.208737163
	0.2194337534	0.2294305465	0.2388442317	0.2477550296	0.2562229283
	0.2642949662	0.2720089865	0.279395873	0.2864810466	0.2932855498
	0.2998268729	0.3061196004	0.3121759272	0.3180060744	0.3236186272
	0.3290208111	0.3342187193	0.3392174994	0.3440215079	0.3486344391
	0.3530594309	0.357299154	0.3613558856	0.3652315715	0.3689278771
	0.3724462314	0.3757878623	0.378953828	0.3819450412	0.3847622917
	0.3874062634	0.3898775498	0.3921766667	0.3943040626	0.3962601281
	0.398045203	0.3996595827	0.4011035238	0.4023772479	0.4034809451
	0.4044147745	0.4051788628	0.4057732946	0.4061980891	0.406453157
	0.4065382635	0.2215729152	0.2214983608	0.2212745164	0.2209022894
	0.2203837906	0.2197222478	0.2189220018	0.2179885747	0.2169287807
	0.215750863	0.214464645	0.2130816862	0.2116154255	0.2100812881
	0.2084967216	0.2068811106	0.2052555078	0.2036421087	0.2020633996
	0.2005409372	0.1990937821	0.1977367102	0.1964784474	0.1953202613
	0.1942552324	0.1932683811	0.1923375853	0.1914350081	0.1905286628
	0.1895837909	0.1885638479	0.1874310162	0.1861462492	0.1846688847
	0.1829558645	0.1809605611	0.1786311409	0.1759082483	0.1727214506
	0.1689829796	0.1645748239	0.1593183702	0.152898172	0.1446790889
	0.1333960598	0.1174010622	0.09826446646	0.08775393404	0.1003645856
	0.1252737825	0.1487660524	0.1674471467	0.1826426794	0.1957803533
	0.207616502	0.2185181085	0.2286822127	0.2382314921	0.2472520314
	0.2558088754	0.2639532051	0.2717261802	0.2791613141	0.2862861068
	0.2931232472	0.2996915332	0.306006593	0.3120814587	0.3179270259
	0.3235524262	0.3289653303	0.3341721947	0.3391784654	0.3439887445
	0.3486069291	0.3530363251	0.3572797426	0.3613395748	0.3652178638
	0.3689163559	0.3724365472	0.3757797222	0.3789469858	0.3819392908
	0.3847574596	0.3874022043	0.3898741418	0.3921738074	0.3943016666
	0.396258124	0.3980435314	0.3996581953	0.4011023818	0.402376322
	0.403480216	0.4044142351	0.4051785221	0.4057731826	0.4061982566
	0.4064536421	0.406538962	0.2216138991	0.2215404011	0.2213188663
	0.2209500611	0.2204362034	0.2197806676	0.2189879467	0.218063721
	0.2170149695	0.2158500989	0.2145790817	0.2132135885	0.2117670991
	0.2102549655	0.2086943937	0.2071042967	0.2055049672	0.2039175092
	0.2023629858	0.2008612622	0.199429589	0.1980810434	0.196823037
	0.1956561465	0.1945735048	0.1935608751	0.1925973568	0.1916565195
	0.1907076807	0.1897170668	0.1886486702	0.1874647098	0.1861256678
	0.1845899145	0.182812936	0.1807461571	0.1783353024	0.1755181194
	0.1722210236	0.1683535219	0.1637973717	0.1583824397	0.1518297276
	0.1436283387	0.1328833787	0.1187374187	0.1032032667	0.09540179388
	0.1053154408	0.1265318647	0.1481358607	0.1662666369	0.1814526082
	0.1947358224	0.2067406593	0.217795652	0.2280894198	0.2377453942
	0.2468528664	0.255480365	0.263682171	0.2715020169	0.2789754907
	0.2861317465	0.2929947873	0.2995844562	0.3059172157	0.312006766
	0.3178645412	0.3235001087	0.3289214931	0.3341354401	0.3391476327
	0.3439628681	0.3485852042	0.3530180799	0.3572644159	0.3613266971
	0.3652070421	0.3689072609	0.3724289029	0.3757732969	0.3789415855
	0.3819347523	0.3847536462	0.3873990011	0.3898714525	0.3921715514
	0.3942997763	0.3962565431	0.3980422135	0.3996571023	0.4011014836
	0.4023755966	0.4034796504	0.4044138288	0.4051782933	0.4057731813
	0.4061985814	0.4064544276	0.4065401727	0.2216422361	0.2215701744
	0.2213506617	0.2209844542	0.2204739852	0.2198227898	0.2190354877
	0.2181178773	0.2170770544	0.2159215394	0.2146614049	0.2133083924
	0.2118759996	0.2103795124	0.208835949	0.207263872	0.2056830222
	0.2041137264	0.2025760491	0.2010886862	0.1996676514	0.1983248734
	0.19706688	0.1958937811	0.1947987346	0.193767985	0.1927814352
	0.19181359	0.1908346442	0.1898114927	0.1887084953	0.1874878923
	0.1861098305	0.1845319914	0.1827088228	0.1805903671	0.1781206374
	0.1752354191	0.1718591852	0.16790034	0.1632427602	0.157728592
	0.1511217376	0.143042968	0.1329499153	0.120643199	0.1083422172
	0.1029342287	0.1110377319	0.1288477813	0.1483130145	0.1656485033
	0.1806737214	0.1940078477	0.2061157634	0.2172751712	0.227660598
	0.2373931819	0.2465635015	0.2552422285	0.2634857523	0.271339624
	0.278840924	0.2860200051	0.2929018263	0.2995069924	0.3058525735
	0.311952757	0.3178193687	0.323462293	0.3288898118	0.334108881
	0.3391253555	0.3439441738	0.3485695105	0.3530049011	0.357253346
	0.3613173967	0.3651992271	0.3689006933	0.3724233831	0.3757686578
	0.3789376866	0.3819314758	0.3847508934	0.387396689	0.3898695116
	0.3921699234	0.3942984124	0.3962554027	0.3980412631	0.3996563146
	0.4011008373	0.4023750764	0.4034792486	0.4044135486	0.4051781578
	0.4057732543	0.4061990139	0.4064555266	0.406542208	0.2216568719
	0.2215874662	0.221369692	0.2210051789	0.2204967875	0.2198482193
	0.2190641867	0.2181505625	0.217114513	0.2159646251	0.2147110296
	0.2133655068	0.2119415606	0.2104544319	0.2089210203	0.2073596731
	0.2057897967	0.2042312528	0.2027035144	0.2012245909	0.199809776
	0.1984703335	0.1972122816	0.1960354605	0.1949330379	0.1938915286
	0.1928912915	0.191907366	0.1909104513	0.1898678301	0.1887440752
	0.1875014377	0.1860998633	0.1844966205	0.1826455358	0.1804958254
	0.1779904905	0.1750641856	0.1716403499	0.1676270857	0.1629105219
	0.1573428586	0.150720896	0.1427612515	0.133160253	0.1221173075
	0.1118936918	0.107974148	0.1151012964	0.1307383563	0.1486789592
	0.1653825039	0.1802431639	0.1935819743	0.2057425737	0.2169616624
	0.2274013471	0.2371799226	0.2463882032	0.2550979548	0.2633667697
	0.2712412752	0.2787594477	0.2859523655	0.2928455679	0.2994601224
	0.3058134687	0.3119200901	0.3177920506	0.323439427	0.3288706575
	0.3340928253	0.3391118897	0.3439328749	0.3485600261	0.3529969373
	0.3572466572	0.3613117777	0.365194506	0.3688967262	0.3724200493
	0.3757658562	0.3789353323	0.3819294977	0.3847492317	0.3873952936
	0.3898683403	0.3921689411	0.3942975897	0.396254715	0.3980406902
	0.3996558401	0.4011004484	0.4023747643	0.4034790094	0.4044133863
	0.4051780925	0.4057733461	0.4061994416	0.40645684	0.4065457558
	0.2216558555	0.221592614	0.2213759738	0.2210120951	0.2205044088
	0.2198567208	0.2190737809	0.2181614882	0.2171270323	0.2159790224
	0.2147276079	0.2133845817	0.211963449	0.2104794346	0.2089493981
	0.2073916136	0.205825376	0.2042703919	0.2027459388	0.2012697993
	0.199857031	0.19851868	0.1972605981	0.1960825367	0.1949776663
	0.1939325887	0.1929278107	0.1919385453	0.1909356566	0.1898865539
	0.1887558802	0.1875058895	0.1860964603	0.1844847234	0.1826242973
	0.1804641219	0.1779468575	0.175006774	0.171566946	0.1675353283
	0.1627987117	0.1572125983	0.1505853837	0.1426692933	0.1332500056
	0.1226649539	0.1131577195	0.1097143169	0.1165106244	0.1314249969
	0.1488476917	0.1653228168	0.1801135568	0.1934455173	0.2056199667
	0.216857528	0.2273148188	0.2371085975	0.246329526	0.25504965
	0.2633269324	0.2712083497	0.2787321748	0.285929728	0.2928267426
	0.2994444414	0.3058003879	0.3119091647	0.3177829157	0.3234317822
	0.3288642549	0.3340874596	0.3391073904	0.3439291006	0.3485568588
	0.3529942785	0.3572444249	0.361309903	0.3651929315	0.3688954037
	0.3724189386	0.3757649233	0.3789345488	0.3819288398	0.3847486794
	0.3873948301	0.3898679517	0.3921686154	0.3942973172	0.3962544875
	0.3980405008	0.3996556834	0.4011003202	0.4023746617	0.4034789312
	0.4044133343	0.405178075	0.4057733912	0.4061996625	0.4064578727
	0.4065524574	