3131	
	0.1802905694	0.180155175	0.1797757615	0.1791444054	0.1782547632
	0.1770987969	0.1756660187	0.1739430429	0.171913139	0.169555738
	0.1668459091	0.163753874	0.1602447004	0.156278439	0.1518111666
	0.1467977913	0.1411987745	0.1349990844	0.1282759878	0.1214433875
	0.1158503597	0.1140549272	0.1177166799	0.1251402882	0.1335300636
	0.1415415292	0.1489060485	0.1556521647	0.1618432413	0.1675385262
	0.1727929533	0.1776581227	0.1821823102	0.1864105133	0.1903848298
	0.1941450918	0.1977296108	0.2011759179	0.2045214146	0.2078038658
	0.211061671	0.2143338516	0.2176596937	0.2210780049	0.2246259816
	0.2283377444	0.2322426765	0.2363637775	0.2407162869	0.2453068208
	0.2501331833	0.2551848853	0.2604442703	0.2658880504	0.2714890173
	0.2772177153	0.283043922	0.2889378466	0.2948710214	0.3008169011
	0.3067512144	0.3126521177	0.3185002042	0.3242784126	0.3299718737
	0.3355677223	0.3410548938	0.3464239213	0.3516667407	0.3567765094
	0.3617474414	0.3665746599	0.3712540663	0.3757822266	0.3801562712
	0.3843738098	0.3884328569	0.3923317687	0.3960691892	0.399644004
	0.4030553011	0.4063023378	0.4093845121	0.4123013395	0.4150524323
	0.4176374827	0.4200562481	0.4223085394	0.4243942101	0.4263131478
	0.4280652662	0.429650499	0.4310687933	0.432320104	0.4334043871
	0.4343215906	0.4350716394	0.4356544004	0.4360695756	0.4363162454
	0.4363900529	0.1802952058	0.1801661665	0.179788203	0.1791580035
	0.1782698258	0.1771157705	0.1756854314	0.1739655034	0.1719393431
	0.1695864673	0.1668820068	0.1637961644	0.1602937784	0.1563341628
	0.1518714621	0.1468558519	0.141236565	0.1349729666	0.1280900693
	0.1209291437	0.1148672252	0.1128128443	0.1167728988	0.1247207222
	0.1334350036	0.141567143	0.1489632465	0.1557123016	0.1618976667
	0.1675846532	0.1728302448	0.1776868011	0.1822028449	0.1864233898
	0.1903904464	0.1941437202	0.1977213905	0.2011608705	0.204499472
	0.2077749106	0.2110255886	0.2142905935	0.2176093483	0.2210208691
	0.2245626218	0.2282690326	0.2321697876	0.2362881396	0.2406394869
	0.2452304805	0.2500588292	0.2551138365	0.2603775637	0.2658264081
	0.2714328537	0.2771671726	0.2829989218	0.2888981468	0.2948362691
	0.3007866788	0.3067250761	0.3126296154	0.3184809063	0.3242619157
	0.3299578089	0.3355557576	0.3410447343	0.3464153081	0.3516594478
	0.3567703411	0.3617422291	0.3665702587	0.3712503526	0.3757790946
	0.3801536313	0.3843715855	0.3884309834	0.3923301913	0.3960678616
	0.399642887	0.4030543615	0.4063015477	0.409383848	0.4123007816
	0.4150519638	0.4176370895	0.4200559185	0.4223082634	0.4243939794
	0.4263129555	0.4280651067	0.4296503677	0.4310686867	0.4323200199
	0.4334043248	0.4343215524	0.4350716339	0.4356544557	0.4360698039
	0.4363172755	0.4363966851	0.1803269943	0.1802009442	0.1798256374
	0.179198688	0.1783148542	0.1771665033	0.1757434532	0.1740326389
	0.1720176811	0.1696783652	0.1669900339	0.1639228958	0.1604412506
	0.1565025497	0.1520559349	0.1470390869	0.141370652	0.1349364026
	0.1275985748	0.1194442249	0.1118916833	0.1089908589	0.113914651
	0.1235016952	0.1331775837	0.1416517907	0.1491360886	0.1558928539
	0.1620609117	0.1677228997	0.172941915	0.177772611	0.1822642417
	0.1864618527	0.1904071796	0.1941395389	0.1976967072	0.2011157392
	0.2044336733	0.2076880729	0.2109173449	0.2141607721	0.2174581878
	0.2208492376	0.2243722049	0.2280624471	0.2319505765	0.2360606217
	0.2404084689	0.2450008759	0.2498352583	0.2549002849	0.2601771539
	0.2656413042	0.2712642856	0.2770155482	0.2828639853	0.2887791518
	0.2947321405	0.3006961509	0.3066468009	0.3125622424	0.3184231368
	0.3242125371	0.3299157131	0.3355199487	0.3410143288	0.3463895295
	0.3516376196	0.3567518774	0.3617266251	0.3665570813	0.3712392313
	0.3757697137	0.3801457218	0.3843649194	0.3884253671	0.3923254609
	0.3960638784	0.3996395338	0.4030515396	0.4062991734	0.409381851
	0.4122991025	0.4150505526	0.4176359042	0.4200549238	0.4223074297
	0.4243932818	0.4263123734	0.4280646232	0.4296499691	0.4310683625
	0.4323197632	0.4334041333	0.4343214314	0.4350716046	0.4356545786
	0.4360702565	0.4363186021	0.4364002194	0.1803837399	0.1802596311
	0.1798878478	0.1792660582	0.1783893498	0.1772504142	0.1758394153
	0.1741436835	0.1721472879	0.1698304873	0.167169037	0.1641332915
	0.1606869532	0.1567850365	0.1523698214	0.1473613726	0.1416338905
	0.1349612141	0.1269391782	0.1171816873	0.1070423381	0.1025555951
	0.1091977307	0.121679517	0.1329117368	0.1418663869	0.1494512565
	0.1562033525	0.1623361574	0.1679540003	0.1731277576	0.177915041
	0.1823659646	0.1865254624	0.1904347309	0.1941323964	0.1976555403
	0.2010406033	0.2043241533	0.2075434851	0.2107369998	0.2139442955
	0.2172058881	0.2205624844	0.2240537613	0.2277166763	0.2315834445
	0.2356794449	0.2400214144	0.2446162966	0.2494609947	0.2545430733
	0.2598422376	0.2653322797	0.2709831578	0.2767629314	0.2826393828
	0.2885812533	0.2945590979	0.3005458103	0.3065168829	0.312450474
	0.3183273397	0.3241306824	0.3298459511	0.3354606194	0.3409639615
	0.3463468334	0.3516014709	0.3567213034	0.3617007883	0.3665352634
	0.3712208183	0.3757541822	0.3801326267	0.3843538824	0.3884160679
	0.3923176281	0.3960572825	0.3996339809	0.4030468658	0.4062952406
	0.4093785427	0.4122963205	0.4150482142	0.4176339399	0.420053275
	0.4223060473	0.4243921249	0.4263114078	0.4280638207	0.4296493069
	0.4310678232	0.4323193347	0.4334038106	0.43432122	0.4350715292
	0.4356547039	0.4360707335	0.4363197357	0.4364022775	0.1804640181
	0.1803416475	0.1799742348	0.1793593938	0.1784924734	0.1773665373
	0.1759722065	0.1742973613	0.1723267137	0.1700412305	0.1674173529
	0.1644258835	0.1610302296	0.157183199	0.152820175	0.1478427184
	0.1420767018	0.1351685242	0.1263874615	0.1146862153	0.1011065324
	0.09424386681	0.1031831364	0.1196672154	0.1328608053	0.1422999558
	0.1499407329	0.1566552662	0.1627271336	0.1682785661	0.173387168
	0.178113123	0.1825070705	0.1866134681	0.1904726005	0.1941220467
	0.1975978686	0.2009356134	0.20417116	0.2073413965	0.2104846854
	0.2136410433	0.2168519365	0.2201595822	0.2236056722	0.2272295087
	0.231065681	0.2351415835	0.2394752288	0.2440738373	0.2489335413
	0.2540402565	0.2593714778	0.2648985858	0.2705892344	0.2764094966
	0.2823255891	0.2883051248	0.294317928	0.3003364903	0.3063361541
	0.3122951078	0.3181942578	0.3240170293	0.3297491307	0.3353783086
	0.3408941053	0.3462876317	0.351551358	0.3566789259	0.3616649818
	0.36650503	0.3711953054	0.3757326634	0.3801144842	0.3843385921
	0.3884031853	0.3923067771	0.396048145	0.3996262881	0.4030403909
	0.4062897921	0.4093739591	0.4122924659	0.4150449741	0.4176312178
	0.4200509899	0.4223041314	0.4243905212	0.4263100689	0.4280627075
	0.4296483877	0.4310670733	0.4323187364	0.4334033547	0.434320909
	0.4350713839	0.4356547762	0.4360711231	0.4363205776	0.4364035386
	0.1805665541	0.1804460283	0.1800838534	0.1794776542	0.1786230479
	0.1775135279	0.1761402805	0.1744918905	0.1725539166	0.1703082994
	0.1677325158	0.1647982921	0.1614694315	0.1576976403	0.1534134074
	0.1485038879	0.1427557932	0.1357088041	0.1263440912	0.1129626352
	0.09605160225	0.08643152399	0.09742924326	0.1180886003	0.1332271693
	0.1430172802	0.1506279092	0.1572574769	0.1632364363	0.1686963747
	0.1737188227	0.1783652873	0.1826861465	0.1867247854	0.1905200857
	0.1941081603	0.1975236891	0.2008010183	0.2039750904	0.2070822165
	0.210160655	0.2132509172	0.2163956761	0.2196391287	0.2230256674
	0.226597795	0.2303933894	0.2344426678	0.2387654393	0.2433693105
	0.2482493217	0.2533890764	0.2587630091	0.264339209	0.2700822363
	0.2759555434	0.2819233205	0.2879517528	0.2940097663	0.3000693825
	0.3061057955	0.3120972705	0.3180249368	0.3238725282	0.3296261032
	0.335273769	0.3408054199	0.3462124979	0.3514877768	0.3566251716
	0.3616195713	0.3664666934	0.3711629588	0.3757053836	0.3800914867
	0.3843192112	0.3883868572	0.3922930245	0.3960365644	0.3996165387
	0.4030321849	0.406282887	0.4093681502	0.4122875807	0.4150408675
	0.4176277677	0.4200480936	0.4223017027	0.424388488	0.4263083711
	0.4280612953	0.4296472206	0.431066119	0.4323179714	0.4334027646
	0.4343204907	0.4350711497	0.4356547589	0.4360713756	0.4363211401
	0.4364043109	0.1806899951	0.1805715301	0.1802154562	0.1796194933
	0.1787795697	0.1776896752	0.1763416683	0.1747249913	0.1728262598
	0.1706286767	0.1681111655	0.1652469967	0.1620013856	0.1583267795
	0.1541525008	0.1493597361	0.1437172578	0.136715897	0.1272059394
	0.1131598213	0.09454731419	0.08286236822	0.09442527446	0.1176495314
	0.1340924299	0.1440250172	0.151518626	0.1580132766	0.1638641789
	0.1692057045	0.1741203548	0.1786692106	0.1829012463	0.1868579769
	0.1905762848	0.1940903407	0.197433045	0.2006372035	0.2037365398
	0.2067665762	0.2097653553	0.2127739157	0.2158363717	0.2189993879
	0.2223108237	0.2258173905	0.2295613753	0.2335768346	0.2378860383
	0.2424971149	0.2474035938	0.2525859276	0.2580144472	0.2636529119
	0.2694618967	0.2754015544	0.2814335881	0.287522481	0.2936361311
	0.2997460614	0.3058273544	0.3118584282	0.3178207303	0.323698405
	0.329477962	0.3351479652	0.3406987488	0.3461221645	0.3514113597
	0.3565605839	0.3615650221	0.3664206509	0.3711241167	0.3756726302
	0.3800638779	0.3842959464	0.3883672584	0.392276518	0.3960226656
	0.3996048381	0.403022337	0.4062746002	0.409361179	0.4122817182
	0.4150359393	0.4176236272	0.4200446177	0.4222987878	0.4243860475
	0.4263063326	0.4280595989	0.4296458171	0.4310649693	0.4323170453
	0.4334020415	0.4343199607	0.4350708146	0.4356546324	0.4360714762
	0.4363214601	0.4364047484	0.1808328305	0.1807166718	0.1803675273
	0.1797832816	0.1789602273	0.1778929211	0.1765739976	0.1749939041
	0.1731405206	0.1709986092	0.1685489819	0.1657671549	0.1626209599
	0.1590658437	0.1550346253	0.1504131858	0.1449794378	0.1382506236
	0.1291599078	0.1158528244	0.09816692537	0.08630449081	0.09640121433
	0.1190067662	0.1354742641	0.1452987606	0.1526073252	0.1589205971
	0.1646073465	0.1698028479	0.174588087	0.1790216906	0.1831498405
	0.1870112419	0.1906401073	0.194068149	0.1973260611	0.2004447392
	0.2034563658	0.2063954094	0.2092995215	0.2122102379	0.2151733051
	0.218238352	0.221457566	0.2248830753	0.2285629846	0.2325365091
	0.2368292557	0.2414500448	0.2463903292	0.2516263128	0.257122908
	0.2628382924	0.2687280387	0.2747482759	0.2808577693	0.2870190685
	0.2931989672	0.2993685142	0.3055027637	0.3115803979	0.3175833052
	0.3234961617	0.3293060424	0.3350020716	0.3405751159	0.3460175186
	0.3513228713	0.3564858191	0.3615018955	0.3663673813	0.3710791865
	0.3756347493	0.3800319514	0.3842690463	0.3883445991	0.3922574355
	0.3960065986	0.3995913129	0.4030109538	0.4062650219	0.4093531215
	0.4122749421	0.4150302432	0.4176188415	0.4200405999	0.4222954183
	0.424383226	0.4263039754	0.4280576364	0.4296441919	0.4310636349
	0.4323159653	0.4334011891	0.4343193182	0.4350703734	0.4356543902
	0.4360714277	0.4363215751	0.4364049374	0.1809933695	0.1808797588
	0.180538312	0.1799671306	0.1791629243	0.1781208849	0.1768345192
	0.1752954162	0.1734929154	0.1714136219	0.1690406698	0.1663525217
	0.1633208393	0.1599063328	0.1560498934	0.1516521691	0.1465244279
	0.1402729457	0.1320779609	0.1206302397	0.1060403923	0.0960857465
	0.1035903136	0.1225214538	0.1374717799	0.1468490383	0.1538911939
	0.1599737255	0.1654595669	0.1704818071	0.1751168601	0.1794185714
	0.183428796	0.1871824233	0.1907102959	0.1940411358	0.1972029872
	0.200224439	0.2031357657	0.2059700526	0.2087643006	0.21156042
	0.2144059054	0.2173538321	0.2204616767	0.2237884476	0.2273898743
	0.2313120907	0.2355852301	0.2402190216	0.2452020487	0.2505047886
	0.25608504	0.2618938692	0.2678806823	0.2739968221	0.280197698
	0.2864437605	0.2927006978	0.2989391774	0.3051343642	0.3112653603
	0.3173146478	0.3232675777	0.3291119185	0.3348374673	0.3404357208
	0.345899597	0.3512232033	0.3564016413	0.3614308442	0.3663074406
	0.3710286411	0.3755921421	0.379996047	0.3842387985	0.3883191228
	0.3922359825	0.3959885371	0.3995761096	0.4029981588	0.4062542561
	0.4093440653	0.4122673263	0.4150238413	0.4176134628	0.4200360842
	0.422291631	0.4243800544	0.426301325	0.4280554287	0.4296423619
	0.4310621293	0.4323147415	0.4334002137	0.4343185663	0.435069827
	0.4356540341	0.4360712413	0.4363215177	0.4364049322	0.1811697445
	0.1810589037	0.1807258433	0.1801689203	0.1793853082	0.1783708943
	0.1771201421	0.1756259021	0.1738791435	0.1718685652	0.1695800067
	0.1669954939	0.1640915677	0.1608360888	0.1571816063	0.1530507069
	0.148302876	0.1426638739	0.1356161963	0.1264715884	0.1157139086
	0.1086789121	0.1137967208	0.1278143089	0.1401695353	0.1487142733
	0.1553690256	0.1611625477	0.1664107207	0.1712341243	0.1756999734
	0.1798547367	0.1837343929	0.1873690351	0.1907854602	0.1940088812
	0.1970642481	0.1999774251	0.2027763658	0.2054923649	0.2081614037
	0.2108255126	0.2135339265	0.2163435891	0.2193183165	0.2225257776
	0.2260316841	0.2298914957	0.2341415325	0.238792712	0.2438295993
	0.2492149017	0.2548970794	0.2608182027	0.2669201859	0.2731488091
	0.2794557764	0.2857993743	0.2921442852	0.2984609757	0.304724929
	0.3109158716	0.3170170679	0.3230147093	0.3288974003	0.3346557318
	0.3402819321	0.3457695796	0.3511133685	0.3563089166	0.3613526069
	0.3662414574	0.3709730142	0.3755452614	0.3799565484	0.3842055276
	0.3882911037	0.3922123906	0.3959686765	0.399559393	0.4029840912
	0.40624242	0.4093341091	0.4122589539	0.4150168034	0.4176075499
	0.4200311199	0.4222874673	0.4243765671	0.4262984103	0.4280529996
	0.4296403465	0.4310604682	0.432313386	0.4333991245	0.4343177118
	0.4350691809	0.4356535715	0.436070932	0.4363213162	0.4364047714
	0.1813599249	0.181252048	0.1809279689	0.1803863286	0.1796248019
	0.1786400214	0.1774274763	0.1759813744	0.1742944509	0.1723576968
	0.1701599549	0.1676872805	0.1649218482	0.1618399212	0.1584077873
	0.1545732433	0.1502479251	0.1452754467	0.1394042535	0.1324266912
	0.1250415522	0.1206810041	0.1241706896	0.1338510011	0.143424188
	0.1508803589	0.157023285	0.1624692807	0.167446469	0.1720488914
	0.1763292602	0.1803241814	0.1840623851	0.187568314	0.1908641224
	0.1939710409	0.1969104971	0.1997051999	0.2023803209	0.2049648667
	0.2074932912	0.2100073075	0.2125576848	0.2152055209	0.2180220672
	0.2210858085	0.2244755589	0.2282594777	0.2324824623	0.2371569773
	0.2422618484	0.2477491167	0.2535549388	0.259610063	0.2658474323
	0.2722065224	0.2786351086	0.2850893965	0.2915332974	0.2979373647
	0.3042776869	0.3105348753	0.3166932016	0.3227398869	0.3286645274
	0.3344586368	0.3401152797	0.3456287811	0.3509944927	0.3562086061
	0.361268002	0.3661701273	0.3709128959	0.3754946071	0.3799138785
	0.3841695912	0.3882608437	0.3921869149	0.3959472319	0.3995413447
	0.4029689037	0.4062296424	0.4093233614	0.4122499162	0.4150092065
	0.4176011672	0.4200257612	0.4222829726	0.4243728023	0.4262952629
	0.4280503757	0.4296381677	0.4310586694	0.4323119132	0.4333979331
	0.4343167643	0.4350684443	0.4356530137	0.4360705163	0.4363209954
	0.4364044847	0.1815617381	0.181456986	0.1811423793	0.1806168623
	0.1798786386	0.1789251237	0.1777528818	0.1763575461	0.1747337118
	0.1728747939	0.1707728281	0.1684181735	0.1657990323	0.1629005928
	0.1597033904	0.1561801109	0.1522899746	0.147973095	0.1431677093
	0.1379507713	0.1330406523	0.1305650975	0.1330677137	0.1396760383
	0.1469204799	0.1532535111	0.1588111257	0.1638671854	0.1685484564
	0.1729130629	0.1769953152	0.1808201636	0.1844081027	0.1877772912
	0.1909447733	0.1939273966	0.1967426713	0.1994097177	0.2019504187
	0.2043908941	0.2067633914	0.2091086204	0.211478378	0.2139379312
	0.2165670075	0.2194574768	0.2227054325	0.2263965901	0.2305879761
	0.2352940607	0.2404852592	0.2460987366	0.2520543468	0.2582686632
	0.2646640693	0.2711731223	0.2777396569	0.2843180926	0.2908719784
	0.2973723721	0.3037963438	0.3101257099	0.3163460112	0.3224457092
	0.3284155612	0.334248137	0.3399374451	0.3454786422	0.3508678061
	0.3561017578	0.3611779203	0.366094206	0.3708489268	0.3754407212
	0.3798684958	0.3841313765	0.3882286701	0.3921598313	0.3959244362
	0.3995221608	0.4029527619	0.4062160626	0.4093119394	0.4122403118
	0.4150011334	0.4175943847	0.4200200667	0.4222781962	0.4243688011
	0.4262919173	0.4280475856	0.4296358492	0.4310567525	0.4323103395
	0.4333966532	0.4343157358	0.435067629	0.4356523741	0.4360700116
	0.4363205776	0.4364040972	0.1817728938	0.1816713914	0.1813666368
	0.1808578897	0.1801439001	0.1792228886	0.1780925238	0.176749901
	0.1751915228	0.1734132876	0.1714104944	0.169177879	0.1667097021
	0.1639999235	0.1610425304	0.1578322496	0.1543667127	0.1506548216
	0.1467494046	0.142856757	0.1396008189	0.138279506	0.140188193
	0.1448425125	0.1503777201	0.155709893	0.1606746456	0.1653234971
	0.1696955641	0.1738121095	0.1776878645	0.1813354243	0.1847665883
	0.1879928821	0.1910259345	0.1938779048	0.1965620415	0.1990934517
	0.2014901837	0.2037747641	0.2059763515	0.2081336415	0.2102985054
	0.2125399142	0.2149468444	0.2176275077	0.2207009194	0.2242775424
	0.2284320063	0.2331813539	0.2384832882	0.2442538202	0.2503910628
	0.2567939785	0.2633728181	0.2700528911	0.2767744194	0.2834906241
	0.2901653197	0.2967706364	0.3032851002	0.3096921122	0.3159787795
	0.3221350345	0.3281529729	0.3340263583	0.3397502493	0.3453207177
	0.350734633	0.3559894972	0.3610833169	0.3660145029	0.3707817917
	0.375384183	0.3798208894	0.3840912967	0.3881949313	0.3921314337
	0.3959005371	0.3995020501	0.4029358414	0.4062018286	0.4092999678
	0.4122302457	0.4149926726	0.4175872765	0.4200140988	0.4222731903
	0.4243646074	0.4262884103	0.4280446599	0.4296334167	0.4310547392
	0.4323086829	0.4333953004	0.4343146404	0.4350667488	0.4356516677
	0.4360694355	0.4363200834	0.4364036312	0.1819910096	0.1818928443
	0.1815982058	0.1811066751	0.1804175555	0.1795298805	0.1784424306
	0.1771537688	0.175662305	0.1739664074	0.1720645946	0.1699558636
	0.1676402514	0.1651198057	0.1624002913	0.1594943187	0.1564275269
	0.1532521314	0.1500789268	0.1471497801	0.1449605199	0.1443042957
	0.1458424638	0.1492930069	0.1536385599	0.1581455281	0.1625565774
	0.166804305	0.1708657652	0.1747308817	0.1783962236	0.1818624499
	0.1851327555	0.1882119837	0.1911062208	0.193822742	0.1963702539
	0.1987594499	0.2010039712	0.2031219407	0.2051383168	0.2070883592
	0.2090224228	0.2110119067	0.2131551357	0.2155798175	0.2184355452
	0.2218685138	0.2259797375	0.230789478	0.2362355173	0.2422031103
	0.2485612063	0.2551871813	0.2619778615	0.2688515247	0.2757456256
	0.2826131677	0.2894191258	0.2961374377	0.3027486599	0.3092382139
	0.3155951004	0.3218109665	0.3278794289	0.333795582	0.3395556386
	0.3451566641	0.3505963802	0.3558730173	0.360985202	0.3659318726
	0.3707122132	0.3753256026	0.3797715745	0.3840497863	0.3881599937
	0.3921020309	0.3958757949	0.3994812318	0.402918327	0.4061870959
	0.4092875775	0.412219828	0.4149839164	0.4175799203	0.4200079228
	0.4222680098	0.4243602673	0.4262847805	0.4280416312	0.4296308974
	0.4310526521	0.432306963	0.4333938916	0.4343134935	0.4350658186
	0.4356509105	0.4360688058	0.4363195327	0.4364031074	0.1822136397
	0.1821188602	0.1818344843	0.1813604133	0.1806965018	0.179842589
	0.1787985539	0.1775644026	0.1761404075	0.1745273271	0.1727267549
	0.1707416793	0.168577396	0.1662430089	0.163753942	0.1611362178
	0.1584339581	0.1557229831	0.1531357658	0.1509034666	0.1494030768
	0.1491273444	0.1504238365	0.1531215248	0.1566428074	0.1604914249
	0.1644096046	0.1682785158	0.1720378749	0.1756544761	0.1791097689
	0.1823937451	0.1855015507	0.1884315721	0.1911843978	0.193762338
	0.1961693542	0.1984113689	0.2004970394	0.2024391874	0.2042572247
	0.2059810602	0.2076570661	0.2093564861	0.2111856737	0.2132946212
	0.2158738482	0.219122629	0.2231830744	0.2280792358	0.2337163979
	0.2399340017	0.2465617592	0.2534512291	0.260485324	0.2675764641
	0.2746609407	0.2816930295	0.2886400692	0.2954787171	0.3021922286
	0.308768529	0.3151988602	0.3214768346	0.3275977712	0.3335582278
	0.3393556681	0.3449882241	0.350454524	0.3557535669	0.3608846313
	0.3658472068	0.3706409437	0.3752656148	0.3797210865	0.3840072965
	0.3881242376	0.3920719435	0.3958504793	0.3994599332	0.4029004099
	0.4061720256	0.4092749039	0.4122091726	0.4149749608	0.4175723968
	0.4200016065	0.4222627115	0.4243558285	0.4262810678	0.4280385328
	0.4296283194	0.4310505154	0.4323052002	0.4333924448	0.4343123118
	0.4350648548	0.435650119	0.4360681403	0.4363189446	0.4364025453
	0.1824383021	0.1823469187	0.1820728343	0.1816162648	0.1809776037
	0.1801574764	0.1791568273	0.1779770534	0.1766202067	0.1750893006
	0.173388779	0.1715252407	0.1695085717	0.1673537315	0.1650835888
	0.1627334374	0.1603581821	0.1580436358	0.155923414	0.1541999794
	0.1531549284	0.1531026453	0.1542343549	0.1564420987	0.1593803773
	0.1627078015	0.1661985911	0.1697199078	0.1731927802	0.1765689424
	0.1798183534	0.1829220828	0.185868105	0.1886487908	0.1912594279
	0.193697394	0.1959617902	0.1980534776	0.1999755832	0.2017346847
	0.2033430893	0.2048228957	0.2062128821	0.2075795342	0.2090331757
	0.2107471334	0.2129665752	0.2159721955	0.2199729723	0.2249967376
	0.2308934614	0.2374326333	0.244391334	0.2515916497	0.2589038527
	0.2662372588	0.2735296671	0.280738741	0.287835725	0.2948010768
	0.3016214977	0.3082879304	0.3147942127	0.3211361692	0.3273109943
	0.3333168313	0.339152483	0.3448172109	0.3503105953	0.3556324383
	0.3607826949	0.3657614247	0.3705687583	0.3752048729	0.3796699755
	0.383964291	0.3880880534	0.3920415	0.3958248672	0.3994383873
	0.4028822862	0.4061567825	0.4092620858	0.4121983962	0.4149659038
	0.4175647884	0.419995219	0.4222573537	0.4243513397	0.4262773133
	0.4280353993	0.4296257118	0.4310483534	0.4323034157	0.4333909789
	0.4343111124	0.4350638739	0.4356493103	0.4360674569	0.4363183378
	0.4364019643	0.1826625076	0.1825744927	0.1823106135	0.1818713894
	0.1812577331	0.1804710239	0.1795132224	0.1783870414	0.1770961976
	0.1756457819	0.174042809	0.1722970386	0.1704222107	0.1684379118
	0.1663723848	0.1642667116	0.1621808779	0.1602021077	0.1584549577
	0.1571094671	0.1563755302	0.1564602581	0.1574747039	0.1593478252
	0.1618611899	0.1647741494	0.1678991748	0.171107639	0.1743140798
	0.177461759	0.1805126251	0.1834407087	0.1862278595	0.1888610212
	0.1913304999	0.1936288792	0.1957503844	0.1976906185	0.1994467119
	0.2010180815	0.202408239	0.2036284858	0.204705006	0.2056919551
	0.2066945973	0.2079058545	0.2096428137	0.2123153729	0.2162464689
	0.2214657108	0.227724921	0.2346843025	0.2420513596	0.2496175797
	0.2572452947	0.2648459413	0.2723629199	0.2797601223	0.2870145752
	0.294111758	0.3010426106	0.3078016132	0.3143855437	0.3207926692
	0.3270222158	0.3330740198	0.3389482967	0.3446454886	0.3501661643
	0.3555109538	0.3606805061	0.3656754637	0.370496446	0.375144041
	0.3796188007	0.3839212402	0.3880518371	0.3920110338	0.395799239
	0.3994168299	0.4028641544	0.4061415337	0.4092492636	0.4121876169
	0.4149568448	0.4175571786	0.4199888304	0.4222519951	0.4243468504
	0.4262735584	0.4280322656	0.4296231041	0.4310461914	0.4323016311
	0.433389513	0.4343099129	0.435062893	0.4356485016	0.4360667735
	0.4363177309	0.4364013833	0.1828837873	0.1827990766	0.182545205
	0.1821229802	0.1815338069	0.180779776	0.1798638015	0.1787898191
	0.1775630724	0.1761905243	0.1746814492	0.1730482904	0.171307902
	0.169483344	0.1676064413	0.1657213362	0.1638891705	0.1621936474
	0.1607461599	0.1596867373	0.1591728987	0.1593457291	0.1602733635
	0.1619070323	0.1641011517	0.1666814778	0.1694953507	0.1724258738
	0.1753882555	0.1783220794	0.1811842314	0.1839434878	0.1865766597
	0.1890659319	0.1913970384	0.1935580047	0.1955382729	0.1973281177
	0.1989183498	0.2003004422	0.2014674434	0.2024164944	0.2031546975
	0.2037122403	0.2041717782	0.2047309833	0.2057978704	0.2079940277
	0.211845455	0.2173760028	0.2241569494	0.2316746621	0.2395479227
	0.2475431082	0.25552545	0.2634173735	0.2711737484	0.2787682922
	0.2861859723	0.2934185871	0.300462108	0.3073150444	0.3139774261
	0.3204501632	0.3267346443	0.3328324841	0.338745367	0.3444749531
	0.3500228234	0.3553904511	0.3605791895	0.365590269	0.3704248015
	0.3750837872	0.3795681241	0.3838786167	0.3880159862	0.3919808791
	0.3957738758	0.3993954975	0.4028462134	0.4061264463	0.4092365779
	0.4121769529	0.4149478832	0.4175496508	0.419982511	0.4222466947
	0.42434241	0.4262698446	0.4280291665	0.4296205255	0.4310440542
	0.432299868	0.4333880661	0.434308731	0.435061929	0.43564771
	0.436066108	0.4363171427	0.4364008213	0.1830997191	0.1830182136
	0.1827740464	0.1823682945	0.1818028215	0.1810803799	0.1802047639
	0.1791810264	0.1780157862	0.1767176576	0.1752978533	0.1737710281
	0.1721564557	0.1704796522	0.168774564	0.1670863865	0.1654749055
	0.1640178107	0.1628125207	0.1619735132	0.1616203873	0.1618524028
	0.1627135285	0.1641688707	0.1661166803	0.1684273788	0.1709771931
	0.1736630365	0.1764045367	0.1791407923	0.1818259188	0.1844249899
	0.1869108121	0.1892615025	0.191458693	0.1934861724	0.1953288087
	0.1969716363	0.1983990402	0.1995940435	0.2005378419	0.2012100493
	0.2015909877	0.2016703039	0.2014769731	0.2011754043	0.2012777837
	0.2027607025	0.206525258	0.2125687357	0.2201220932	0.2283926937
	0.2368946205	0.2453889578	0.2537648359	0.2619695056	0.2699771611
	0.2777756043	0.2853600492	0.2927298885	0.2998868496	0.3068338963
	0.3135745648	0.3201125643	0.3264515412	0.3325949471	0.3385459707
	0.34430751	0.349882169	0.355272269	0.3604798678	0.3655067831
	0.3703546161	0.3750247765	0.379518504	0.3838368898	0.387980895
	0.3919513675	0.3957490563	0.3993746244	0.4028286601	0.4061116861
	0.4092241681	0.4121665213	0.4149391172	0.4175422877	0.4199763301
	0.4222415107	0.4243380675	0.426266213	0.4280261365	0.4296180053
	0.4310419665	0.4322981476	0.433386657	0.4343075839	0.4350609987
	0.4356469526	0.4360654782	0.4363165919	0.4364002973	0.1833079538
	0.1832295221	0.1829946574	0.1826046836	0.1820618858	0.181369622
	0.1805324866	0.1795565369	0.1784496082	0.1772217432	0.1758857784
	0.1744581374	0.1729598943	0.1714181706	0.169867906	0.1683539594
	0.166933296	0.1656766267	0.1646682027	0.1640016165	0.1637689668
	0.1640421942	0.164850928	0.1661692028	0.1679228819	0.1700130978
	0.1723390409	0.1748109827	0.1773545978	0.1799104492	0.1824315446
	0.1848805217	0.1872271074	0.1894460252	0.1915153079	0.1934149028
	0.1951254315	0.1966269623	0.1978976391	0.198911976	0.1996385594
	0.2000367872	0.2000523127	0.1996130518	0.1986443627	0.1971960939
	0.1958711842	0.1962437559	0.1999203978	0.2068247996	0.2155433383
	0.2248374015	0.234116889	0.243184456	0.2519893411	0.2605234568
	0.2687900083	0.2767954849	0.2845475689	0.2920543576	0.299323913
	0.3063639661	0.3131817332	0.3197838185	0.3261761793	0.3323641304
	0.3383523756	0.3441450522	0.3497457833	0.355157731	0.3603836498
	0.365425935	0.3702866692	0.3749676625	0.3794704892	0.3837965203
	0.3879469507	0.3919228242	0.3957250538	0.3993544405	0.4028116877
	0.4060974153	0.4092121704	0.4121564367	0.4149306431	0.4175351701
	0.4199703556	0.4222365001	0.4243338705	0.4262627037	0.4280232092
	0.4296155716	0.4310399523	0.4322964905	0.4333853037	0.4343064882
	0.4350601182	0.435646246	0.436064902	0.4363160976	0.4363998312
	0.1835062383	0.1834307193	0.1832046648	0.1828296201	0.1823082504
	0.1816444599	0.1808435592	0.1799124949	0.1788601601	0.1776978096
	0.1764396094	0.175103355	0.1737113932	0.1722917716	0.1708795988
	0.1695185033	0.1682618996	0.1671734574	0.1663257485	0.1657956497
	0.1656551773	0.1659578907	0.1667244757	0.167934889	0.1695331048
	0.1714418199	0.1735781436	0.1758642273	0.1782321874	0.18062511
	0.1829960247	0.1853061136	0.1875228147	0.1896180859	0.1915668765
	0.193345746	0.1949315115	0.19629975	0.197422898	0.198267514
	0.1987898779	0.1989281815	0.1985875281	0.1976116621	0.1957524168
	0.192795494	0.1893492792	0.1879616012	0.191549266	0.1998815604
	0.2103547716	0.2210314567	0.2312581861	0.2409695597	0.2502305469
	0.2591033012	0.2676306693	0.2758421555	0.2837597063	0.2914008968
	0.2987804701	0.3059110824	0.3128036999	0.3194678484	0.3259117982
	0.3321427183	0.3381668116	0.3439894362	0.3496152144	0.3550481303
	0.3602916164	0.3653486298	0.3702217186	0.3749130805	0.3794246128
	0.3837579555	0.3879145288	0.3918955644	0.3957021332	0.3993351679
	0.402795483	0.4060837909	0.4092007168	0.41214681	0.4149225542
	0.4175283763	0.4199646532	0.422231718	0.4243298653	0.4262593553
	0.428020417	0.4296132517	0.4310380345	0.432294916	0.4333840233
	0.4343054593	0.4350593027	0.4356456062	0.4360643971	0.4363156797
	0.4363994436	0.1836924379	0.1836196441	0.1834018261	0.1830407222
	0.1825393337	0.1819020493	0.181134812	0.1802453433	0.1792434415
	0.1781413709	0.1769543617	0.1757012382	0.1744051894	0.1730946726
	0.1718043984	0.1705762524	0.1694598603	0.1685122855	0.1677960998
	0.1673749491	0.1673060536	0.1676302701	0.168362453	0.1694865944
	0.1709589557	0.1727176581	0.1746936809	0.1768192833	0.1790327498
	0.1812801481	0.1835152395	0.1856984743	0.1877956519	0.1897765313
	0.1916134867	0.1932801852	0.1947501805	0.1959952265	0.1969829573
	0.1976732558	0.1980118554	0.1979176865	0.1972549781	0.1957684075
	0.1929599918	0.1881252826	0.1816517938	0.177535009	0.1809819153
	0.1915400707	0.2045591809	0.2170455532	0.2283877224	0.2387963053
	0.248525377	0.2577354217	0.2665185033	0.2749302324	0.2830077674
	0.2907784179	0.2982636452	0.3054810007	0.3124451516	0.3191684929
	0.3256615575	0.3319333209	0.3379914414	0.3438424582	0.3494919573
	0.3549447132	0.3602048085	0.3652757372	0.3701604922	0.3748616402
	0.3793813854	0.3837216237	0.3878839884	0.3918698898	0.3956805476
	0.3993170196	0.4027802246	0.406070963	0.4091899334	0.4121377469
	0.4149149393	0.417521981	0.4199592855	0.4222272169	0.424326096
	0.4262562047	0.4280177908	0.4296110713	0.4310362345	0.4322934424
	0.4333828313	0.4343045114	0.4350585658	0.4356450482	0.4360639813
	0.4363153587	0.4363991567	0.183864555	0.1837942766	0.183584051
	0.1832357764	0.1827527447	0.1821397679	0.1814033388	0.1805518445
	0.1795958454	0.1785484318	0.1774256658	0.1762471155	0.1750364746
	0.1738222393	0.1726383668	0.171524766	0.1705273533	0.1696972676
	0.169088714	0.1687549328	0.168742149	0.1690822395	0.169786113
	0.1708405724	0.1722104432	0.1738450475	0.1756860621	0.1776741205
	0.1797530727	0.1818720422	0.1839859176	0.1860549248	0.1880437423
	0.1899204272	0.1916552648	0.1932195445	0.1945841697	0.1957178976
	0.1965847993	0.1971400914	0.1973223803	0.1970372405	0.196117381
	0.194215621	0.190541906	0.1836578175	0.1733223593	0.1653228394
	0.1683801906	0.1819581928	0.1983442166	0.2130333631	0.2256073938
	0.2367284481	0.2469146313	0.2564473155	0.2654730508	0.2740742143
	0.2823028577	0.2901956206	0.2977803621	0.3050792938	0.3121106112
	0.3188894461	0.3254284891	0.3317384365	0.3378283304	0.3437058304
	0.3493774347	0.3548486638	0.3601242132	0.3652080815	0.370103679
	0.3748139181	0.37934129	0.3836879295	0.387855669	0.3918460849
	0.395660536	0.3993001959	0.402766081	0.406059073	0.409179939
	0.4121293474	0.4149078823	0.4175160544	0.4199543115	0.4222230464
	0.4243226038	0.4262532865	0.4280153594	0.4296090542	0.4310345722
	0.4322920861	0.4333817415	0.4343036564	0.4350579194	0.4356445854
	0.4360636717	0.4363151571	0.4363989958	0.184020746	0.1839527564
	0.1837494205	0.1834127573	0.1829463029	0.1823552336	0.1816465138
	0.1808290939	0.1799141655	0.1789154822	0.1778497415	0.1767370264
	0.1756012842	0.1744708023	0.1733785954	0.1723625619	0.1714651825
	0.1707324524	0.170211698	0.1699480173	0.1699794105	0.1703312936
	0.1710118259	0.1720098013	0.1732961358	0.1748283758	0.176556428
	0.1784277359	0.1803909785	0.1823981742	0.1844055104	0.1863733216
	0.1882655635	0.1900490155	0.1916923244	0.1931649124	0.1944356763
	0.1954712952	0.1962337439	0.1966761438	0.1967348597	0.1963120763
	0.1952302849	0.193093395	0.1888705051	0.1802867383	0.1659906139
	0.1533488727	0.1553947372	0.1721250018	0.1922366314	0.2092622402
	0.2230517638	0.2348374285	0.2454399934	0.2552658232	0.2645130263
	0.2732878975	0.2816555261	0.2896607638	0.2973371884	0.3047112417
	0.311804357	0.3186341957	0.3252154502	0.331560415	0.3376794177
	0.3435811574	0.3492729777	0.3547610889	0.3600507521	0.3651464315
	0.370051921	0.3747704509	0.3793047757	0.383657249	0.3878298858
	0.3918244143	0.3956423201	0.3992848831	0.4027532084	0.4060482522
	0.4091708437	0.412121704	0.4149014607	0.4175106618	0.4199497859
	0.4222192521	0.4243194272	0.4262506326	0.4280131492	0.4296072224
	0.4310330653	0.4322908614	0.4333807655	0.4343029042	0.4350573727
	0.435644229	0.4360634851	0.4363150996	0.4363989905	0.1841593332
	0.1840933974	0.1838962044	0.1835698452	0.1831180552	0.1825463206
	0.1818620053	0.1810745286	0.1801955965	0.1792394849	0.178223365
	0.1771676578	0.1760963885	0.17503749	0.174022973	0.1730888298
	0.1722744899	0.1716216037	0.1711719329	0.1709642442	0.1710303678
	0.1713910173	0.1720523958	0.1730047235	0.1742233033	0.1756717579
	0.1773062988	0.1790798191	0.180945062	0.1828566452	0.1847720704
	0.1866519773	0.1884598942	0.1901616745	0.1917247295	0.1931170927
	0.1943062811	0.1952578148	0.1959330898	0.1962859176	0.1962560562
	0.1957548343	0.1946249636	0.1924984854	0.1882769327	0.1790566068
	0.1621047971	0.1453288855	0.1454907208	0.1641003391	0.1871535174
	0.2060988886	0.2208713501	0.2331929447	0.2441394529	0.2542149369
	0.2636552217	0.2725837863	0.2810754205	0.2891814473	0.296940189
	0.3043817267	0.3115303454	0.3184059647	0.3250250778	0.3314014223
	0.337546488	0.3434699143	0.3491798082	0.3546830029	0.3599852693
	0.3650914903	0.3700058051	0.3747317289	0.3792722525	0.3836299257
	0.3878069264	0.3918051189	0.3956261021	0.3992712508	0.4027417492
	0.40603862	0.409162748	0.4121149009	0.4148957454	0.4175058625
	0.4199457585	0.4222158758	0.4243166009	0.4262482719	0.4280111842
	0.4296055955	0.4310317298	0.4322897806	0.4333799124	0.4343022612
	0.4350569311	0.4356439865	0.4360634365	0.4363152143	0.4363991793
	0.1842788111	0.1842147012	0.1840228776	0.1837054424	0.1832662904
	0.1827111715	0.1820477841	0.1812859315	0.1804377303	0.1795178593
	0.1785438333	0.1775362813	0.1765191935	0.1755200855	0.1745699968
	0.1737032101	0.1729565485	0.172368091	0.1719751808	0.1718117137
	0.1719049058	0.1722720347	0.1729178969	0.1738337376	0.1749980348
	0.1763788971	0.1779373251	0.1796304957	0.1814144751	0.1832461138
	0.1850841378	0.1868895853	0.1886257652	0.1902578879	0.1917524735
	0.1930765912	0.1941969349	0.195078683	0.1956840059	0.1959699278
	0.1958848428	0.1953613112	0.1942931084	0.1924260735	0.1888331299
	0.180482284	0.1634456175	0.1446083704	0.142319924	0.1602597287
	0.1841161901	0.2039014546	0.2191929533	0.2318485429	0.2430418914
	0.2533136079	0.2629135203	0.2719725899	0.2805709972	0.2887644258
	0.2965947959	0.3040951394	0.3112921402	0.3182076572	0.3248597468
	0.3312634072	0.3374311456	0.3433734253	0.3490990222	0.354615315
	0.3599285204	0.3650438873	0.3699658559	0.3746981901	0.3792440866
	0.3836062658	0.3877870473	0.3917884137	0.3956120623	0.3992594502
	0.4027318304	0.406030283	0.4091557412	0.412109013	0.4148907993
	0.4175017093	0.4199422735	0.4222129545	0.4243141559	0.4262462302
	0.4280094856	0.4296041904	0.4310305789	0.4322888536	0.4333791887
	0.4343017307	0.4350565957	0.4356438599	0.4360635369	0.4363155342
	0.4363996166	0.1843778415	0.184315369	0.1841281379	0.1838181878
	0.1833895512	0.1828482065	0.1822021298	0.1814614319	0.180638549
	0.1797484624	0.1788089288	0.1778406938	0.1768676531	0.1759169047
	0.1750186188	0.1742056263	0.1735126144	0.1729748225	0.172626175
	0.1724968911	0.1726107804	0.1729826279	0.1736162209	0.1745035359
	0.1756253345	0.1769530017	0.178451114	0.1800801332	0.1817987539
	0.1835656596	0.1853406416	0.1870851526	0.1887624178	0.190337223
	0.1917754793	0.1930436395	0.194108019	0.194934075	0.1954857343
	0.1957250125	0.1956125762	0.195110464	0.1941841421	0.1927515136
	0.1902446446	0.1840427663	0.1696169903	0.1515169457	0.1469429845
	0.1616405085	0.1836298745	0.2028349601	0.2180682731	0.2308270132
	0.2421626151	0.2525742048	0.2622982616	0.2714628999	0.2801493227
	0.2884154707	0.2963057066	0.3038553	0.3110928514	0.3180418101
	0.3247215324	0.3311480717	0.3373347905	0.3432928451	0.3490315746
	0.3545588165	0.3598811626	0.365004169	0.369932529	0.3746702149
	0.3792205958	0.383586535	0.387770471	0.391774485	0.3956003569
	0.3992496123	0.4027235617	0.4060233334	0.4091499007	0.4121041055
	0.4148866769	0.417498248	0.4199393693	0.4222105202	0.4243121187
	0.4262445296	0.4280080713	0.4296030218	0.4310296236	0.4322880879
	0.4333785982	0.4343013121	0.4350563612	0.4356438424	0.4360637892
	0.4363160966	0.4364003888	0.1844552238	0.1843943179	0.1842109254
	0.1839069714	0.1834866433	0.18295613	0.1823236342	0.181599505
	0.1807964173	0.179929571	0.1790168862	0.1780791667	0.177140194
	0.176226697	0.1753681275	0.1745961594	0.1739438234	0.173444206
	0.1731286928	0.1730248244	0.1731539693	0.1735291498	0.1741534447
	0.1750193395	0.1761091989	0.1773967349	0.1788491067	0.180429197
	0.1820976834	0.1838146721	0.185540816	0.1872379419	0.1888692695
	0.1903993202	0.1917936152	0.1930182526	0.194039473	0.1948233719
	0.1953360982	0.19554535	0.1954252493	0.1949694877	0.1942192414
	0.1932742745	0.1919797486	0.1884216046	0.1781266872	0.162918386
	0.1568215677	0.1669692266	0.1852351362	0.2027412266	0.2174435173
	0.2301139303	0.2415020775	0.2520022637	0.2618161555	0.2710611117
	0.27981599	0.2881392889	0.2960768112	0.3036653973	0.3109350851
	0.317910553	0.3246121772	0.3310568451	0.3372585977	0.3432291422
	0.3489782658	0.3545141704	0.3598437461	0.3649727932	0.3699062056
	0.3746481211	0.3792020455	0.3835709554	0.3877573833	0.3917634885
	0.3955911162	0.3992418464	0.4027170349	0.4060178481	0.4091452911
	0.4121002324	0.4148834237	0.4174955166	0.4199370777	0.4222085996
	0.4243105117	0.4262431884	0.4280069565	0.4296021015	0.4310288728
	0.432287489	0.4333781418	0.4343010008	0.4350562157	0.4356439145
	0.4360641786	0.4363169384	0.4364016498	0.1845098089	0.1844507153
	0.1842704494	0.1839709458	0.1835566428	0.1830339346	0.182411203
	0.1816989689	0.1809100737	0.1800598642	0.1791663641	0.1782504014
	0.1773356552	0.1764485674	0.1756180559	0.174874956	0.1742511197
	0.1737781272	0.1734856141	0.1733992999	0.1735389134	0.1739163039
	0.1745340802	0.175385063	0.1764526768	0.1777121864	0.1791324951
	0.1806781446	0.1823111944	0.1839927626	0.185684133	0.187347426
	0.1889458887	0.1904438914	0.1918067248	0.1930003097	0.1939909681
	0.1947455152	0.1952322239	0.1954239744	0.195306865	0.1949020787
	0.19431437	0.1937911628	0.193517958	0.1922610169	0.1859721723
	0.1742776656	0.1675385561	0.1734564789	0.1877232338	0.2031949017
	0.2171786179	0.2296653423	0.2410490731	0.2515978021	0.2614707926
	0.2707715936	0.2795751465	0.2879394973	0.2959111501	0.3035279449
	0.3108209042	0.317815575	0.3245330643	0.3309908618	0.3372034997
	0.3431830851	0.3489397302	0.354481902	0.3598167067	0.3649501219
	0.3698871872	0.3746321601	0.3791886457	0.3835597023	0.3877479308
	0.3917555471	0.3955844433	0.3992362388	0.4027123224	0.4060138878
	0.4091419634	0.4120974366	0.4148810755	0.4174935453	0.419935424
	0.4222072138	0.4243093523	0.426242221	0.4280061528	0.4296014385
	0.4310283329	0.4322870601	0.4333778188	0.4343007891	0.4350561401
	0.4356440397	0.4360646556	0.4363180718	0.4364037078	0.1845402667
	0.1844840801	0.1843062253	0.1840095343	0.1835988973	0.1830809027
	0.1824640554	0.1817589824	0.1809786231	0.1801384093	0.1792564216
	0.1783534955	0.1774532404	0.1765819171	0.1757681155	0.1750421631
	0.1744352074	0.1739779379	0.1736989648	0.173622951	0.1737686807
	0.1741473316	0.174761244	0.1756034287	0.1766579146	0.1779008566
	0.1793021656	0.1808273513	0.1824392881	0.1840996987	0.1857702513
	0.1874132521	0.1889919779	0.1904707234	0.1918146622	0.1929896419
	0.193962095	0.194699391	0.1951713308	0.1953544344	0.1952430548
	0.1948767452	0.1944004994	0.1941492279	0.1945090263	0.1947033851
	0.1911370474	0.1821442982	0.1753289464	0.1784338955	0.1898010116
	0.2037087584	0.2171082904	0.2294273206	0.2407875484	0.2513578359
	0.2612635955	0.2705970348	0.2794296028	0.2878186376	0.2958108959
	0.303444753	0.3107518004	0.3177580998	0.3244851968	0.3309509445
	0.3371701727	0.3431552305	0.3489164276	0.3544623916	0.3598003599
	0.3649364174	0.369875692	0.3746225139	0.3791805481	0.3835529028
	0.3877422199	0.3917507495	0.3955804125	0.3992328519	0.4027094765
	0.4060114966	0.4091399543	0.412095749	0.4148796583	0.4174923558
	0.4199344263	0.4222063779	0.4243086532	0.4262416379	0.4280056685
	0.4296010393	0.4310280083	0.4322868031	0.4333776271	0.4343006681
	0.4350561107	0.4356441626	0.4360651082	0.4363193984	0.436407242
	0.1845444624	0.184494595	0.1843181064	0.1840224243	0.1836130231
	0.1830966055	0.1824817239	0.1817790417	0.181001531	0.1801646513
	0.1792865011	0.1783879175	0.1774924851	0.1766264032	0.1758181506
	0.1750978853	0.1744965204	0.1740444505	0.1737699484	0.1736973303
	0.1738450721	0.1742241328	0.1748367653	0.1756760418	0.1767261878
	0.1779636481	0.1793586633	0.180877061	0.1824819849	0.1841353589
	0.1857989801	0.1874352183	0.1890073624	0.1904796848	0.191817324
	0.1929861107	0.1939525298	0.1946841705	0.1951514267	0.1953322247
	0.1952240526	0.1948729272	0.1944351905	0.1942617021	0.1947772969
	0.1953921538	0.1928355889	0.1849824035	0.1782311389	0.1803049152
	0.1905964687	0.2039288809	0.2171083589	0.2293582614	0.2407043798
	0.2512792189	0.2611948864	0.2705388431	0.2793809706	0.2877782127
	0.2957773497	0.3034169131	0.3107286757	0.3177388683	0.3244691821
	0.3309375917	0.3371590262	0.343145916	0.3489086367	0.3544558698
	0.3597948967	0.3649318384	0.3698718521	0.3746192925	0.3791778447
	0.3835506335	0.3877403146	0.3917491496	0.3955790689	0.3992317236
	0.4027085289	0.4060107009	0.4091392862	0.4120951882	0.4148791878
	0.4174919612	0.4199340956	0.4222061012	0.424308422	0.4262414453
	0.4280055087	0.4296009078	0.4310279016	0.4322867189	0.4333775648
	0.4343006298	0.4350561052	0.4356442178	0.4360653364	0.4363204285
	0.4364138742	