3131	
	0.1813562117	0.1812190188	0.1808342058	0.1801938966	0.1792918678
	0.1781203535	0.1766694238	0.1749267654	0.1728776135	0.1705048941
	0.1677897666	0.1647129339	0.1612573714	0.1574136443	0.15319001
	0.1486319775	0.1438626357	0.1391686109	0.1351487518	0.1327812199
	0.1329969575	0.1358854253	0.1406517786	0.1463411752	0.1522928774
	0.1581506655	0.1637454922	0.1690064698	0.1739125534	0.1784679193
	0.182689161	0.1865985001	0.1902202481	0.1935790971	0.1966994551
	0.1996053792	0.202320852	0.2048702576	0.2072789738	0.2095740302
	0.2117847854	0.2139435705	0.2160862199	0.2182523743	0.2204854001
	0.2228317407	0.2253395186	0.2280562839	0.2310259715	0.2342853822
	0.2378607669	0.2417652367	0.2459976148	0.2505429951	0.2553748091
	0.2604578614	0.2657516777	0.271213614	0.2768013828	0.2824748674
	0.2881972551	0.2939356061	0.2996610064	0.3053484421	0.3109765091
	0.3165270415	0.3219847156	0.3273366627	0.3325721118	0.3376820697
	0.3426590418	0.3474967921	0.3521901384	0.3567347802	0.3611271525
	0.3653643048	0.369443799	0.3733636238	0.3771221241	0.3807179408
	0.3841499615	0.3874172784	0.3905191541	0.3934549916	0.3962243105
	0.398826726	0.401261932	0.4035296863	0.4056297985	0.4075621197
	0.4093265336	0.4109229487	0.4123512917	0.4136115004	0.414703517
	0.4156272782	0.4163826998	0.4169696409	0.4173877969	0.4176362377
	0.4177105728	0.1813615325	0.1812306894	0.1808473173	0.1802081423
	0.1793075277	0.1781378206	0.1766891305	0.174949152	0.1729030839
	0.1705337234	0.167821914	0.164747661	0.1612924695	0.1574438677
	0.1532039366	0.1486060513	0.1437518364	0.1389009157	0.1346545749
	0.1320891266	0.132288809	0.1353508685	0.1403384056	0.1461940654
	0.1522427746	0.1581494809	0.1637661286	0.169034949	0.1739419774
	0.1784950208	0.1827124959	0.1866175188	0.190234814	0.1935892351
	0.1967052176	0.1996067739	0.2023178018	0.2048625773	0.2072663584
	0.2095560504	0.2117608941	0.2139131236	0.2160485178	0.2182067322
	0.2204312526	0.2227687792	0.2252678485	0.2279765705	0.2309395279
	0.234194151	0.2377671687	0.2416719037	0.2459070762	0.2504573988
	0.2552957436	0.2603862982	0.2656880164	0.2711577895	0.2767529966
	0.2824333127	0.2881618204	0.2939055519	0.299635616	0.3053270519
	0.3109585235	0.3165119376	0.3219720413	0.3273260315	0.3325631957
	0.3376745919	0.3426527696	0.3474915302	0.3521857233	0.3567310747
	0.361124042	0.3653616933	0.3694416061	0.3733617822	0.3771205774
	0.3807166417	0.3841488703	0.387416362	0.3905183845	0.3934543454
	0.3962237681	0.3988262709	0.4012615504	0.4035293665	0.4056295309
	0.4075618963	0.4093263478	0.4109227951	0.4123511661	0.4136114
	0.4147034406	0.4156272277	0.4163826836	0.4169696869	0.4173880177
	0.4176372668	0.417717246	0.1813953663	0.1812675057	0.1808867671
	0.1802507804	0.1793543676	0.1781900697	0.176748097	0.1750161753
	0.1729794121	0.17062026	0.1679186972	0.1648528069	0.1614000228
	0.157539393	0.1532554183	0.1485455981	0.1434438102	0.1381142685
	0.1331446925	0.1299235636	0.1300624788	0.1336881796	0.1393803283
	0.1457525713	0.152096347	0.1581494382	0.1638304075	0.1691217896
	0.1740309965	0.1785766719	0.1827826242	0.186674587	0.1902784803
	0.1936196138	0.1967224891	0.1996109747	0.202308708	0.2048396383
	0.2072286599	0.2095023024	0.2116894477	0.2138220305	0.2159356531
	0.218070003	0.2202689116	0.2225798423	0.2250525771	0.2277369267
	0.2306794571	0.2339195372	0.2374853724	0.241390939	0.2456346352
	0.2501999919	0.2550581578	0.2601714321	0.2654970284	0.270990436
	0.2766080353	0.282308885	0.2880557636	0.2938156284	0.2995596647
	0.3052630765	0.3109047357	0.3164667693	0.3219341383	0.3272942367
	0.332536528	0.3376522237	0.3426340049	0.3474757854	0.3521725093
	0.3567199821	0.3611147282	0.3653538714	0.3694350359	0.3733562626
	0.3771159397	0.3807127447	0.3841455956	0.3874136101	0.3905160721
	0.3934524026	0.3962221361	0.3988249005	0.4012604003	0.4035284021
	0.4056287233	0.4075612214	0.4093257856	0.4109223297	0.4123507849
	0.4136110944	0.4147032069	0.41562707	0.416382622	0.4169697816
	0.4173884466	0.4176385774	0.417720781	0.1814555231	0.1813295969
	0.1809523522	0.1803214395	0.1794319452	0.1782766212	0.1768458321
	0.1751273766	0.1731062625	0.1707644738	0.1680807527	0.1650303767
	0.1615847477	0.1577101228	0.1533637086	0.1484844373	0.1429859748
	0.136837702	0.1305430894	0.1260516679	0.1260643218	0.1307818875
	0.1377818741	0.1450589736	0.1518907963	0.158174216	0.1639515238
	0.1692738204	0.1741829276	0.1787143485	0.1829000987	0.1867698285
	0.1903512054	0.1936701675	0.1967512566	0.1996180639	0.2022937729
	0.2048017759	0.2071663513	0.2094133904	0.2115711594	0.2136710685
	0.2157483899	0.2178428214	0.2199987275	0.2222648159	0.2246929561
	0.2273358636	0.2302435454	0.233458774	0.2370123664	0.240919452
	0.2451778435	0.2497689712	0.2546609542	0.2598128147	0.2651787883
	0.2707119997	0.276367175	0.2821023739	0.2878799031	0.2936666269
	0.2994338837	0.3051571712	0.3108157202	0.3163920328	0.3218714305
	0.3272416379	0.332492412	0.3376152198	0.3426029616	0.3474497368
	0.3521506466	0.3567016282	0.3610993162	0.3653409271	0.3694241621
	0.3733471266	0.3771082628	0.3807062933	0.3841401736	0.3874090533
	0.3905122426	0.3934491846	0.3962194326	0.39882263	0.4012584943
	0.4035268036	0.4056273843	0.407560102	0.409324853	0.4109215571
	0.4123501514	0.4136105851	0.4147028143	0.4156267977	0.4163824931
	0.4169698597	0.4173888822	0.4176396764	0.4177228121	0.1815405834
	0.1814163917	0.1810434939	0.180419444	0.1795395074	0.1783966655
	0.1769814993	0.1752819544	0.1732830012	0.1709661692	0.1683088635
	0.1652831976	0.161853605	0.1579712171	0.153559825	0.1484823472
	0.1424808436	0.1352013797	0.1269055785	0.1203375864	0.1200943723
	0.1265793496	0.1356145662	0.144204192	0.1516911829	0.1582618711
	0.1641497807	0.1695012716	0.1744026258	0.1789101383	0.1830656404
	0.1869033423	0.1904528624	0.1937407556	0.1967914809	0.1996281688
	0.2022733277	0.2047495468	0.2070802231	0.2092903303	0.211407237
	0.213461565	0.2154880491	0.2175263078	0.2196213551	0.2218235753
	0.224187774	0.2267708797	0.229628013	0.2328070994	0.2363429545
	0.2402524668	0.2445325161	0.2491612897	0.2541023152	0.2593097436
	0.2647334774	0.2703232803	0.2760315887	0.28181513	0.2876356258
	0.2934598795	0.2992594981	0.3050104299	0.3106924341	0.316288553
	0.3217846216	0.327168831	0.3324313501	0.3375640026	0.3425599936
	0.3474136809	0.3521203833	0.3566762204	0.36107798	0.365323006
	0.3694091066	0.3733344765	0.3770976323	0.3806973591	0.3841326647
	0.3874027422	0.3905069383	0.3934447271	0.3962156874	0.3988194843
	0.4012558536	0.4035245885	0.4056255286	0.4075585504	0.4093235598
	0.410920485	0.412349271	0.4136098748	0.4147022617	0.4156264023
	0.4163822734	0.4169698657	0.4173892125	0.4176404651	0.417724024
	0.1816492753	0.1815269325	0.1811592703	0.1805438063	0.1796759826
	0.1785490515	0.1771538935	0.1754787164	0.1735085979	0.17122479
	0.1686035773	0.165614182	0.1622144131	0.1583406207	0.1538828572
	0.1486231673	0.1421046544	0.1335443431	0.1227476153	0.1133054509
	0.1125404895	0.1213973679	0.1331359892	0.1433596774	0.1515943731
	0.1584627431	0.1644502983	0.169816251	0.1746955966	0.1791662498
	0.1832798722	0.1870750594	0.190583162	0.1938311203	0.1968430733
	0.1996414475	0.2022478249	0.2046837267	0.2069713871	0.2091345624
	0.2111994086	0.2131954431	0.2151565784	0.2171221632	0.2191378657
	0.2212560886	0.2235354137	0.2260384296	0.2288273659	0.2319575048
	0.2354694616	0.2393826632	0.2436925622	0.2483725942	0.253379726
	0.2586613358	0.2641614761	0.2698255178	0.2756030172	0.2814491154
	0.2873249203	0.2931972783	0.2990382362	0.3048243875	0.3105362142
	0.3161574788	0.3216746897	0.3270766433	0.3323540388	0.3374991567
	0.342505591	0.3473680281	0.3520820628	0.3566440464	0.36105096
	0.3653003095	0.3693900381	0.3733184535	0.3770841668	0.3806860417
	0.3841231522	0.3873947466	0.3905002181	0.3934390793	0.3962109419
	0.3988154982	0.4012525071	0.4035217812	0.4056231764	0.4075565833
	0.4093219196	0.4109191242	0.4123481515	0.4136089681	0.4147015489
	0.4156258769	0.4163819446	0.4169697637	0.4173893881	0.4176409564
	0.4177247278	0.1817802431	0.1816599783	0.1812984537	0.180693234
	0.1798399791	0.1787322777	0.177361417	0.1757160243	0.1737815119
	0.1715391911	0.1689647563	0.16602544	0.1626740865	0.1588355561
	0.1543730796	0.1490025717	0.1420952777	0.1324556126	0.1193165028
	0.1068070139	0.1051167888	0.1163368132	0.13092275	0.1427988014
	0.1517250576	0.1588337681	0.1648792964	0.1702306504	0.1750668677
	0.1794844118	0.183542999	0.1872845722	0.1907415605	0.1939408361
	0.1969058664	0.1996580725	0.202217828	0.2046053051	0.2068412788
	0.2089479662	0.2109499572	0.2128752837	0.2147566513	0.2166328079
	0.2185499134	0.2205625791	0.2227339498	0.2251338802	0.2278341603
	0.2309003258	0.234381252	0.2382999564	0.2426497201	0.2473971323
	0.2524900164	0.2578666437	0.2634635016	0.2692205194	0.2750838692
	0.2810069748	0.2869504215	0.2928813	0.2987723395	0.3046010216
	0.3103487746	0.3160002776	0.3215428803	0.3269661258	0.3322613619
	0.3374214234	0.3424403746	0.3473132978	0.3520361198	0.3566054697
	0.3610185606	0.3652730925	0.3693671702	0.3732992368	0.3770680162
	0.3806724668	0.3841117416	0.3873851551	0.3904921561	0.3934323037
	0.3962052484	0.3988107157	0.4012484917	0.4035184124	0.4056203534
	0.4075542219	0.4093199499	0.4109174885	0.4123468036	0.4136078717
	0.4147006786	0.4156252182	0.4163814955	0.4169695349	0.4173893949
	0.4176411883	0.4177250794	0.1819319638	0.1818140409	0.181459539
	0.1808661422	0.1800297887	0.1789444872	0.1776020588	0.1759917439
	0.1740995844	0.1719074184	0.1693911358	0.1665173899	0.1632367932
	0.1594684786	0.1550622347	0.1497020003	0.1426774224	0.1325775441
	0.118222793	0.1037138065	0.1008593988	0.1133284664	0.1298534782
	0.1428638279	0.1522145155	0.1594278786	0.1654590571	0.1707537074
	0.1755197703	0.1798652474	0.1838544817	0.1875309615	0.1909271673
	0.194069259	0.1969795845	0.1996782105	0.2021839985	0.2045154781
	0.2066916582	0.2087328748	0.2106617586	0.212504401	0.2142917922
	0.2160615646	0.2178599677	0.2197437631	0.2217813008	0.2240514546
	0.2266386414	0.2296225969	0.233063968	0.236990844	0.2413931597
	0.2462276267	0.2514294315	0.2569248267	0.2626408019	0.2685108309
	0.2744773519	0.2804921244	0.2865154643	0.292515034	0.2984645738
	0.3043427522	0.3101321998	0.3158187256	0.321390696	0.3268385438
	0.3321543809	0.337331692	0.3423650887	0.3472501127	0.3519830751
	0.3565609261	0.3609811467	0.3652416603	0.3693407587	0.3732770405
	0.3770493603	0.3806567852	0.3840985594	0.387374074	0.3904828415
	0.3934244749	0.3961986698	0.3988051892	0.4012438515	0.4035145192
	0.4056170905	0.4075514919	0.4093176716	0.4109155951	0.4123452403
	0.4136065952	0.414699656	0.4156244268	0.4163809223	0.4169691737
	0.4173892368	0.4176411995	0.4177251668	0.1821027206	0.1819874051
	0.181640767	0.1810606698	0.1802433967	0.1791834692	0.1778733837
	0.176303209	0.1744599543	0.1723265338	0.1698799711	0.1670880419
	0.1639024373	0.16024357	0.1559641984	0.1507590716	0.1439554185
	0.1342249668	0.1203693973	0.1059824082	0.1023602529	0.1142062946
	0.1307481863	0.1438423854	0.153159594	0.1602797893	0.1662024859
	0.1713896761	0.1760548462	0.1803077299	0.1842127556	0.1878126491
	0.1911386653	0.1942154817	0.1970638163	0.1997020044	0.2021470812
	0.2044156377	0.2065246064	0.2084920869	0.2103383203	0.2120869252
	0.2137665256	0.2154128912	0.2170716264	0.2188011897	0.2206754661
	0.222784164	0.2252281914	0.2281070279	0.2314983189	0.2354373905
	0.2399088914	0.2448551078	0.2501937509	0.2558353977	0.261695419
	0.2676999576	0.2737876323	0.279908856	0.2860241438	0.2921022106
	0.2981182372	0.3040524379	0.3098889346	0.3156148954	0.3212198836
	0.3266953636	0.3320343245	0.3372309903	0.3422805927	0.3471791913
	0.3519235297	0.3565109183	0.3609391388	0.3652063653	0.3693110986
	0.3732521122	0.3770284065	0.3806391709	0.3840837517	0.3873616257
	0.3904723772	0.3934156794	0.3961912784	0.3987989798	0.4012386375
	0.4035101442	0.4056134234	0.407548423	0.4093151095	0.4109134639
	0.4123434776	0.4136051505	0.4146984893	0.4156235075	0.4163802273
	0.4169686832	0.4173889264	0.4176410243	0.4177250459	0.1822906024
	0.1821781442	0.1818401456	0.1812746983	0.1804784965	0.1794466701
	0.1781725341	0.1766472078	0.1748590165	0.1727925187	0.1704268383
	0.1677326016	0.1646658577	0.1611549906	0.1570706159	0.1521545469
	0.1458658448	0.1371931368	0.1252881446	0.1130387618	0.1095418515
	0.1192695226	0.1338066714	0.1458040062	0.1545793635	0.1613937291
	0.1671090398	0.1721362113	0.1766691108	0.1808088174	0.1846150415
	0.1881272973	0.1913742564	0.1943783021	0.1971579938	0.1997295554
	0.2021078873	0.2043073565	0.2063425154	0.2082288692	0.2099838126
	0.2116278856	0.213186542	0.2146926625	0.2161900242	0.2177377212
	0.2194148938	0.2213237321	0.2235864723	0.2263303491	0.2296581164
	0.2336156239	0.2381788855	0.243268701	0.2487784835	0.2545985753
	0.2606305375	0.2667926406	0.2730200264	0.2792624523	0.2854813758
	0.2916472256	0.2977371628	0.3037333667	0.3096217695	0.315391139
	0.3210324169	0.3265382376	0.331902574	0.3371204726	0.3421878509
	0.3471013395	0.3518581571	0.3564560098	0.3608930087	0.3651676024
	0.369278521	0.3732247293	0.3770053876	0.3806198191	0.3840674824
	0.3873479479	0.3904608788	0.3934060142	0.3961831558	0.3987921558
	0.4012329071	0.4035053355	0.4056093923	0.4075450487	0.4093122913
	0.4109111177	0.412341534	0.4136035523	0.4146971898	0.4156224688
	0.4163794176	0.4169680726	0.4173884799	0.4176406923	0.4177247568
	0.182493515	0.182384139	0.1820554721	0.1815058741	0.1807325118
	0.1797312134	0.1784962493	0.1770199982	0.1752924287	0.1733002705
	0.1710256219	0.1684434674	0.1655169204	0.1621874245	0.1583534375
	0.1538238767	0.1482289742	0.1409489818	0.1316178036	0.122449046
	0.1197816212	0.1269625301	0.1384141911	0.1485424237	0.1564022328
	0.1627404819	0.1681638238	0.1729839771	0.177355846	0.1813633355
	0.1850572804	0.1884717727	0.1916316412	0.1945562093	0.197261379
	0.1997609075	0.2020672765	0.2041923662	0.2061480678	0.2079469464
	0.2096030848	0.2111332825	0.2125588694	0.2139084963	0.2152223542
	0.2165582064	0.2179990572	0.219660529	0.2216920712	0.2242605625
	0.2275070075	0.2314929564	0.2361797461	0.2414553634	0.2471791854
	0.253215778	0.2594509368	0.2657951897	0.2721812117	0.2785593052
	0.284892951	0.2911551558	0.297325712	0.3033892383	0.3093338186
	0.3151500655	0.3208304765	0.3263689859	0.3317606479	0.3370014058
	0.3420879209	0.3470174408	0.3517876961	0.3563968186	0.3608432736
	0.365125805	0.369243389	0.3731951962	0.3769805589	0.3805989443
	0.3840499313	0.3873331916	0.390448473	0.3933955859	0.3961743915
	0.3987847922	0.4012267233	0.4035001459	0.4056050413	0.4075414061
	0.4093092478	0.4109085822	0.4123394305	0.4136018177	0.4146957715
	0.4156213224	0.4163785041	0.4169673545	0.4173879156	0.4176402299
	0.4177243308	0.1827091991	0.1826030991	0.1822843577	0.1817516356
	0.1810026247	0.1800339314	0.1788409004	0.1774173502	0.1757551703
	0.1738436941	0.1716686829	0.1692105889	0.1664413899	0.1633184421
	0.1597720883	0.1556815496	0.1508386599	0.1449587872	0.138063151
	0.1318021363	0.1301370711	0.135161266	0.1435899891	0.1516980858
	0.1584978465	0.1642662357	0.1693403186	0.173917583	0.1781049532
	0.1819641239	0.1855341999	0.1888421795	0.1919080348	0.194747389
	0.1973730609	0.1997960362	0.2020261352	0.2040725289	0.2059442031
	0.2076504712	0.2092016561	0.2106101319	0.2118920312	0.2130701106
	0.2141785161	0.2152704207	0.2164293702	0.2177835706	0.2195163324
	0.2218522623	0.2249929021	0.229023962	0.2338807145	0.2393995922
	0.2453919766	0.2516903153	0.2581635661	0.2647158712	0.2712794526
	0.2778070274	0.2842655753	0.2906317589	0.2968887545	0.3030241364
	0.3090284905	0.3148945135	0.3206164242	0.3261895741	0.331610183
	0.3368751544	0.3419819412	0.3469284458	0.3517129412	0.3563340093
	0.36079049	0.3650814392	0.3692060934	0.3731638408	0.3769541956
	0.3805767773	0.3840312924	0.3873175197	0.3904352967	0.3933845092
	0.3961650818	0.3987769701	0.401220154	0.4034946325	0.4056004184
	0.407537535	0.4093060123	0.410905885	0.4123371902	0.4135999659
	0.4146942505	0.4156200826	0.4163775007	0.4169665444	0.4173872527
	0.4176396611	0.4177237947	0.1829352533	0.1828325876	0.182524255
	0.182009243	0.1812858105	0.1803514056	0.1792025417	0.1778346161
	0.1762416453	0.1744158716	0.1723471663	0.1700220815	0.1674222604
	0.1645216324	0.1612814425	0.1576427366	0.1535234765	0.1488667505
	0.1439069432	0.1398406027	0.1389840571	0.1424974961	0.148577084
	0.1549422125	0.1607282838	0.1659075893	0.1706053556	0.1749174615
	0.1789037449	0.1826024015	0.1860394955	0.1892339545	0.1922002181
	0.1949497484	0.1974919613	0.1998348383	0.2019853539	0.2039497998
	0.2057340685	0.2073439676	0.2087856677	0.2100664621	0.2111961581
	0.2121896791	0.2130718923	0.2138863705	0.2147106796	0.2156807599
	0.2170199067	0.2190385437	0.2220383101	0.2261434088	0.2312407019
	0.2370831844	0.2434143895	0.250028346	0.2567782573	0.2635653404
	0.2703248211	0.2770145388	0.2836068834	0.2900834505	0.2964316312
	0.3026424876	0.3087094491	0.3146275163	0.3203927743	0.3260020891
	0.3314529145	0.3367431629	0.3418711164	0.3468353604	0.3516347332
	0.3562682856	0.3607352472	0.3650349989	0.3691670485	0.3731310106
	0.3769265893	0.3805535629	0.3840117713	0.3873011048	0.3904214949
	0.3933729061	0.3961553291	0.3987687754	0.4012132716	0.4034888559
	0.4055955743	0.407533478	0.4093026205	0.4109030561	0.4123348381
	0.4135980181	0.4146926451	0.4156187656	0.4163764233	0.4169656591
	0.4173865104	0.4176390083	0.4177231726	0.1831691604	0.1830700481
	0.1827724883	0.1822758124	0.1815788768	0.1806800156	0.1795769747
	0.1782668202	0.1767458188	0.1750092848	0.1730513917	0.1708649531
	0.1684411901	0.1657695551	0.1628379964	0.159635557	0.1561655994
	0.1524995072	0.1489441121	0.1463443497	0.1460193181	0.1485727529
	0.1530384242	0.1580693318	0.1629828005	0.1676043784	0.1719241799
	0.1759620435	0.1797379558	0.1832682686	0.1865660951	0.1896420119
	0.1925046172	0.1951609569	0.1976168493	0.1998771258	0.2019457998
	0.2038261806	0.2055209508	0.2070322438	0.2083617854	0.209511237
	0.2104830124	0.2112821288	0.2119202221	0.2124240867	0.2128537597
	0.213339882	0.2141474967	0.2157170383	0.2185235511	0.222754869
	0.2282040797	0.2344852992	0.241246772	0.2482401934	0.255308581
	0.2623570909	0.2693293827	0.2761921095	0.2829254118	0.2895172512
	0.2959600949	0.3022490066	0.3083805656	0.3143522616	0.3201621593
	0.3258087113	0.3312906526	0.3366069381	0.3417567027	0.3467392337
	0.3515539494	0.3562003816	0.3606781604	0.3649869999	0.3691266868
	0.3730970687	0.3768980449	0.3805295573	0.3839915831	0.3872841277
	0.3904072195	0.3933609041	0.3961452408	0.3987602982	0.4012061515
	0.4034828795	0.4055905624	0.40752928	0.40929911	0.4109001269
	0.4123324008	0.413595997	0.4146909751	0.4156173896	0.4163752891
	0.4169647166	0.4173857086	0.4176382932	0.4177224869	0.1834083157
	0.1833128349	0.1830262853	0.182548353	0.181878508	0.1810159944
	0.1799598213	0.1787087616	0.1772613719	0.1756160611	0.1737712635
	0.1717258196	0.1694797708	0.1670359752	0.1644034644	0.161604886
	0.1586943941	0.1558017734	0.1532273949	0.1515586063	0.1515505761
	0.1535134872	0.1569241742	0.1609855338	0.165186225	0.1693063618
	0.1732641543	0.1770296867	0.1805927541	0.1839512521	0.1871064611
	0.1900609152	0.1928174015	0.1953784983	0.1977463625	0.1999226216
	0.2019082891	0.2037036642	0.2053081905	0.2067202695	0.2079370399
	0.208954178	0.2097658654	0.2103652807	0.2107464824	0.210910028
	0.2108795806	0.2107517574	0.2108209096	0.2117267143	0.2142583508
	0.218712882	0.2246953872	0.2315834669	0.2388946243	0.2463421193
	0.2537728205	0.2611078705	0.2683073078	0.2753513297	0.2822305176
	0.288940695	0.2954802261	0.3018486239	0.3080458598	0.314072044
	0.3199272923	0.3256116841	0.331125259	0.3364680288	0.3416399916
	0.3466411445	0.3514714923	0.3561310535	0.3606198632	0.3649379738
	0.3690854545	0.3730623898	0.3768688771	0.3805050249	0.38397095
	0.3872667752	0.3903926274	0.3933486353	0.3961349276	0.3987516318
	0.4011988721	0.403476769	0.4055854377	0.4075249871	0.4092955197
	0.4108971303	0.4123299062	0.4135939264	0.4146892614	0.4156159735
	0.4163741165	0.4169637357	0.4173848671	0.4176375369	0.4177217593
	0.1836500573	0.1835582435	0.1832828119	0.1828238054	0.1821813114
	0.1813554862	0.180346601	0.179155123	0.1777818598	0.1762282164
	0.174496655	0.1725915169	0.1705204925	0.1682972502	0.1659461869
	0.1635111934	0.161072219	0.1587760395	0.156884248	0.155804363
	0.1559806186	0.1575764102	0.1602983382	0.1636620956	0.1672924644
	0.170974735	0.1745967866	0.1781000784	0.1814535983	0.1846408142
	0.1876528934	0.1904850575	0.1931345902	0.1955997301	0.1978790315
	0.1999709555	0.2018735554	0.2035841722	0.2050990781	0.2064130186
	0.2075185995	0.2084054593	0.2090591567	0.2094596847	0.2095795564
	0.2093821161	0.2088266392	0.2079191842	0.2069338851	0.206813764
	0.2089378132	0.2137980912	0.2206147509	0.228357049	0.2363724689
	0.244358641	0.2521949907	0.2598379803	0.2672748507	0.274504978
	0.2815322274	0.2883616933	0.294998322	0.3014463986	0.3077094322
	0.3137902125	0.3196909264	0.3254132822	0.3309586208	0.3363280058
	0.341522294	0.3465421888	0.3513882795	0.3560610702	0.3605610008
	0.364888462	0.3690438064	0.3730273558	0.3768394069	0.3804802354
	0.3839500988	0.3872492379	0.3903778789	0.3933362342	0.3961245028
	0.3987428711	0.4011915133	0.4034705917	0.4055802566	0.4075206468
	0.4092918893	0.4108940999	0.4123273828	0.4135918309	0.4146875256
	0.4156145373	0.4163729247	0.4169627354	0.4173840056	0.41763676
	0.4177210109	0.1838916973	0.1838035434	0.1835392064	0.183099082
	0.1824838649	0.1816946067	0.180732809	0.1796005766	0.1783008634
	0.1768378746	0.1752177312	0.17344957	0.1715473715	0.1695329869
	0.1674411222	0.1653274652	0.1632816212	0.1614460643	0.1600365799
	0.1593386424	0.1596241853	0.1609835741	0.163243986	0.1660994715
	0.1692750644	0.172580982	0.175898443	0.1791550762	0.1823068671
	0.1853267733	0.1881977989	0.1909088327	0.1934521572	0.1958219437
	0.1980133073	0.2000216635	0.2018422194	0.2034694887	0.2048967397
	0.2061152831	0.2071134772	0.2078752621	0.2083778677	0.2085879358
	0.2084542417	0.2078930031	0.2067630426	0.2048800451	0.2023639844
	0.200598857	0.2020898796	0.2076930459	0.2158404746	0.2247962713
	0.233710089	0.2423253747	0.2506057286	0.2585713266	0.266250126
	0.2736667535	0.2808410038	0.2877883522	0.2945207581	0.3010474159
	0.3073753877	0.3135101136	0.3194558108	0.3252157782	0.3307926251
	0.3361884414	0.3414049232	0.3464434656	0.351305232	0.3559912043
	0.3605022217	0.3648390095	0.3690022004	0.3729923516	0.3768099579
	0.380455461	0.3839292582	0.3872317081	0.3903631358	0.3933238369
	0.3961140806	0.3987341123	0.4011841559	0.4034644154	0.4055750763
	0.407516307	0.4092882593	0.4108910698	0.4123248596	0.4135897355
	0.41468579	0.4156131011	0.4163717328	0.4169617351	0.4173831442
	0.4176359831	0.4177202624	0.1841305532	0.1840460094	0.1837926148
	0.1833711058	0.1827827638	0.1820295001	0.1811139901	0.1800398826
	0.1788121219	0.1774374509	0.175925197	0.1742885075	0.1725462836
	0.1707261741	0.1688691156	0.1670359639	0.1653165009	0.1638396777
	0.1627792456	0.1623386043	0.1626918254	0.163891927	0.1658314034
	0.1683084893	0.1711197848	0.1741048862	0.1771502496	0.1801790838
	0.1831402567	0.1859996148	0.1887339127	0.1913267837	0.1937661282
	0.1960424223	0.1981475888	0.2000741878	0.2018147596	0.2033611944
	0.2047040187	0.2058314712	0.2067281896	0.2073731976	0.2077365647
	0.2077732292	0.2074097943	0.2065119532	0.2048036427	0.2017596301
	0.1970479832	0.1926109742	0.1930687597	0.1999937727	0.2102559554
	0.2209223589	0.2309619471	0.2402921	0.2490427336	0.2573350492
	0.2652526075	0.272850849	0.2801674252	0.2872287432	0.2940538276
	0.3006566735	0.3070477545	0.3132350318	0.3192246474	0.325021409
	0.3306291326	0.3360508887	0.3412891786	0.3463460642	0.3512232639
	0.3559222236	0.3604441713	0.3647901586	0.3689610925	0.372957761
	0.3767808527	0.380430973	0.3839086566	0.387214378	0.3903485597
	0.3933115794	0.3961037754	0.3987254515	0.4011768805	0.4034583078
	0.4055699536	0.4075120155	0.40928467	0.4108880739	0.4123223655
	0.4135876653	0.4146840765	0.4156116852	0.4163705604	0.4169607543
	0.4173823027	0.4176352268	0.4177195349	0.1843639785	0.1842829544
	0.1840402249	0.1836368498	0.1830746658	0.1823563943	0.1814858068
	0.1804679754	0.1793096451	0.1780197932	0.1766104674	0.1750980401
	0.1735050679	0.1718629916	0.1702159117	0.1686255266	0.1671767824
	0.1659823571	0.1651810455	0.1649207929	0.1653180565	0.166405832
	0.1681135395	0.1703024247	0.1728197647	0.1755325691	0.1783375831
	0.181159095	0.1839429768	0.1866506913	0.1892544597	0.1917337224
	0.1940726626	0.1962584933	0.1982802489	0.2001278786	0.2017914885
	0.2032606087	0.2045233647	0.2055654094	0.2063684006	0.2069076485
	0.2071481442	0.2070369701	0.2064858336	0.2053210922	0.2031242116
	0.1988619765	0.1912136601	0.18258018	0.1812767506	0.1903563244
	0.2038358211	0.2168258983	0.2282195879	0.2383251109	0.2475502283
	0.2561585155	0.2643022854	0.2720713526	0.2795217845	0.2866906383
	0.2936035648	0.3002789619	0.3067304012	0.312968131	0.3190000472
	0.3248323431	0.3304699528	0.335916862	0.3411763302	0.346251051
	0.3511432715	0.3558548819	0.3603874838	0.3647424431	0.368920932
	0.3729239619	0.3767524097	0.3804070394	0.3838885195	0.3871974371
	0.39033431	0.3932995957	0.3960937	0.3987169835	0.401169767
	0.403452336	0.4055649449	0.4075078198	0.4092811611	0.4108851459
	0.4123199291	0.4135856448	0.4146824069	0.4156103095	0.4163694265
	0.416959812	0.417381501	0.4176345118	0.4177188493	0.1845893935
	0.1845117597	0.1842792995	0.1838933732	0.1833563334	0.18267165
	0.1818440988	0.1808800362	0.1797877989	0.1785782815	0.177265769
	0.1758691272	0.1744134739	0.1729324535	0.1714711611	0.1700895276
	0.1688654208	0.167895622	0.1672911346	0.1671619485	0.1675892005
	0.1685945315	0.1701292371	0.1720941494	0.1743725643	0.1768548396
	0.1794494067	0.1820845318	0.1847057929	0.1872723264	0.1897532605
	0.1921248174	0.1943681194	0.1964675724	0.19840966	0.2001820005
	0.2017725363	0.2031687433	0.2043567433	0.2053201735	0.2060386016
	0.2064851273	0.2066224485	0.2063955601	0.2057146265	0.2043985996
	0.2019425648	0.1967431648	0.1858030575	0.1712754504	0.166964193
	0.1789549769	0.1968350537	0.2127251136	0.2256234613	0.236506865
	0.2461767247	0.2550714896	0.2634184586	0.271341499	0.2789136295
	0.2861812249	0.2931755646	0.2999187471	0.3064269576	0.3127123983
	0.31878449	0.3246506508	0.3303168199	0.3357878179	0.3410676031
	0.3461594573	0.3510661236	0.3557899111	0.3603327756	0.3646963823
	0.3688821565	0.3728913229	0.3767249391	0.3803839213	0.3838690667
	0.3871810708	0.3903205426	0.393288017	0.3960839647	0.3987088012
	0.4011628933	0.4034465656	0.4055601052	0.407503766	0.4092777716
	0.4108823186	0.4123175782	0.4135836978	0.4146808021	0.415608993
	0.4163683493	0.4169589269	0.417380759	0.4176338592	0.4177182273
	0.184804313	0.1847299041	0.1845072073	0.1841378558	0.1836246718
	0.1829718049	0.1821849333	0.1812715503	0.1802413693	0.17910689
	0.1778841836	0.1765939642	0.1752630132	0.1739259874	0.1726275373
	0.1714244124	0.1703867717	0.1695971871	0.1691450236	0.1691138555
	0.1695622803	0.1705051236	0.171907249	0.1736952858	0.1757783673
	0.1780658959	0.1804775922	0.1829469725	0.185420963	0.1878578407
	0.1902247876	0.1924956518	0.1946491069	0.1966672012	0.1985342174
	0.2002357417	0.2017578444	0.2030862766	0.2042055787	0.2050979761
	0.2057418869	0.206109794	0.2061650968	0.2058571397	0.2051108004
	0.2037845117	0.2014184562	0.1960504639	0.1826481442	0.1616000332
	0.152655709	0.1673024707	0.1900609223	0.2090206066	0.2233638336
	0.234929787	0.2449703942	0.2541014182	0.2626182262	0.2706728299
	0.2783512868	0.2857068271	0.2927748132	0.299580063	0.3061407431
	0.3124705953	0.318580288	0.3244782762	0.3301713724	0.3356651386
	0.3409641641	0.346072268	0.3509926514	0.3557280127	0.3602806387
	0.3646524756	0.3688451867	0.3728601987	0.3766987398	0.3803618707
	0.3838505104	0.3871654574	0.3903074078	0.3932769698	0.396074676
	0.3987009939	0.4011563346	0.4034410597	0.4055554877	0.4074998987
	0.4092745388	0.4108796233	0.4123153392	0.413581847	0.4146792819
	0.4156077536	0.4163673463	0.416958117	0.4173800962	0.4176332906
	0.4177176914	0.1850063732	0.1849349912	0.184721452	0.1843676292
	0.1838767638	0.183253611	0.1825046461	0.18163835	0.1806656029
	0.1796002172	0.1784596477	0.177265915	0.1760467621	0.1748370142
	0.173679998	0.1726286628	0.1717457055	0.1711015746	0.1707689393
	0.1708126694	0.1712764449	0.1721707845	0.1734693241	0.1751160608
	0.1770388659	0.1791623353	0.1814163012	0.1837398377	0.1860821114
	0.1884015244	0.1906641812	0.1928422558	0.1949125158	0.1968550759
	0.1986523614	0.2002882285	0.2017471721	0.2030135492	0.2040707366
	0.2049001294	0.2054798763	0.20578328	0.2057769969	0.2054198664
	0.2046639459	0.2034454877	0.2014917802	0.196954315	0.1833876174
	0.1579718843	0.1435982378	0.1587232447	0.1849811567	0.206273667
	0.2216535001	0.2336812153	0.2439719111	0.2532700698	0.26191486
	0.2700743718	0.2778414269	0.285272665	0.2924055478	0.2992664248
	0.3058747099	0.3122452173	0.318389557	0.3243170148	0.3300351343
	0.335550117	0.340867109	0.3459904114	0.3509236404	0.3556698509
	0.3602316342	0.3646111967	0.3688104226	0.3728309268	0.3766740965
	0.3803411274	0.3838330526	0.3871507674	0.3902950491	0.3932665748
	0.3960659353	0.3986936471	0.4011501627	0.4034358786	0.4055511427
	0.4074962603	0.4092714983	0.4108770899	0.4123132372	0.4135801135
	0.4146778643	0.4156066078	0.4163664333	0.4169573993	0.4173795322
	0.4176328284	0.4177172656	0.1851933554	0.1851247744	0.1849196987
	0.1845802051	0.184109899	0.1835140661	0.1827998736	0.1819766449
	0.1810562302	0.1800534914	0.1789869223	0.1778794135	0.1767591487
	0.1756605631	0.174625192	0.1737020709	0.1729471193	0.1724207239
	0.1721827195	0.172284522	0.1727596278	0.1736157136	0.1748322901
	0.1763653692	0.1781565539	0.1801424123	0.1822614534	0.1844580758
	0.1866840699	0.1888985724	0.1910672363	0.1931611168	0.19515554
	0.1970290699	0.1987625991	0.2003385453	0.2017401149	0.2029505852
	0.2039525523	0.2047270914	0.2052528075	0.2055048958	0.2054548633
	0.2050732821	0.2043420445	0.2032793528	0.201842885	0.1987010613
	0.1874948846	0.162512248	0.1445250996	0.1569113608	0.1831978277
	0.2050150607	0.2206610248	0.2328202329	0.2432059928	0.2525901914
	0.2613163719	0.2695519771	0.2773887409	0.2848826856	0.2920711612
	0.2989807707	0.3056314041	0.3120384656	0.318214194	0.3241684961
	0.3299095004	0.3354439439	0.3407774521	0.3459147495	0.3508598222
	0.3556160455	0.3601862869	0.3645729893	0.3687782392	0.3728038235
	0.376651276	0.3803219165	0.3838168832	0.3871371605	0.3902836009
	0.3932569453	0.396057838	0.3986868411	0.401144445	0.403431079
	0.4055471181	0.4074928906	0.4092686833	0.4108747461	0.4123112953
	0.4135785164	0.4146765657	0.4156055697	0.416365624	0.416956789
	0.417379086	0.4176324966	0.4177169767	0.1853632064	0.1852971784
	0.1850997977	0.1847733001	0.1843216001	0.1837504395	0.1830675764
	0.1822830409	0.1814094743	0.1804625587	0.1794615426	0.178429851
	0.177395744	0.1763929346	0.1754609913	0.1746452297	0.1739956616
	0.1735644808	0.1734016767	0.1735488663	0.1740324227	0.1748580824
	0.1760094015	0.177450881	0.179134268	0.1810054876	0.1830102863
	0.1850978718	0.1872227098	0.1893450004	0.1914303692	0.1934491753
	0.1953756862	0.1971872508	0.1988635246	0.2003857581	0.2017361347
	0.2028971341	0.2038508981	0.2045785867	0.2050597759	0.2052721705
	0.2051926164	0.2048025807	0.2041066407	0.2031744404	0.2021124661
	0.2001505076	0.192318903	0.1722461824	0.1547821607	0.1627349092
	0.1852860997	0.2054222244	0.22042707	0.2323550212	0.2426745975
	0.2520632086	0.2608246546	0.2691079785	0.2769957928	0.2845394941
	0.2917741658	0.2987254387	0.3054129479	0.3118522323	0.3180558639
	0.3240341706	0.3297957255	0.3353476984	0.3406961173	0.3458460708
	0.3508018678	0.3555671665	0.3601450799	0.3645382624	0.3687489822
	0.3727791812	0.3766305251	0.3803044461	0.3838021777	0.3871247847
	0.3902731881	0.3932481864	0.3960504726	0.3986806501	0.4011392441
	0.4034267132	0.4055434575	0.4074898264	0.4092661246	0.4108726173
	0.4123095343	0.4135770729	0.4146753999	0.4156046511	0.4163649294
	0.4169562989	0.4173787758	0.4176323216	0.4177168561	0.1855140547
	0.1854503187	0.1852598063	0.1849448586	0.1845096441	0.1839602918
	0.1833050565	0.1825545508	0.1817220486	0.1808238588	0.1798797584
	0.1789134612	0.1779530703	0.177031418	0.1761861307	0.1754591762
	0.1748955759	0.1745409602	0.1744377921	0.1746204968	0.1751103786
	0.1759118175	0.1770112107	0.1783791433	0.1799748885	0.1817516246
	0.1836610014	0.185656392	0.1876947795	0.1897375533	0.1917505731
	0.1937038092	0.1955707761	0.1973278926	0.1989538393	0.2004289431
	0.2017345997	0.2028527313	0.2037652821	0.204453779	0.2048990628
	0.2050815429	0.2049830431	0.2045932974	0.2039285554	0.2030704806
	0.2021570963	0.2007761001	0.1956932952	0.1820311162	0.1686706512
	0.1730715522	0.1901481992	0.2071421419	0.220826494	0.2322350725
	0.2423553081	0.2516789461	0.2604355037	0.2687412648	0.2766630883
	0.2842444028	0.2915162235	0.2985021826	0.3052210457	0.3116880996
	0.3179159949	0.3239153037	0.3296949164	0.3352623399	0.3406239309
	0.3457850831	0.3507503813	0.355523728	0.3601084497	0.3645073862
	0.3687229651	0.3727572647	0.3766120677	0.3802889053	0.3837890955
	0.3871137745	0.3902639239	0.3932403933	0.3960439193	0.3986751416
	0.4011346167	0.4034228291	0.4055402011	0.407487101	0.4092638496
	0.4108707261	0.4123079726	0.4135757976	0.4146743781	0.4156038603
	0.4163643566	0.416955938	0.417378618	0.4176323331	0.4177169437
	0.1856442203	0.1855825182	0.185398009	0.1850930717	0.1846720806
	0.1841414905	0.1835099684	0.1827885976	0.1819911478	0.1811343948
	0.1802384712	0.1793272115	0.1784284335	0.1775740593	0.176799933
	0.1761451407	0.1756506112	0.1753568096	0.1753004913	0.1755107972
	0.1760053956	0.1767877048	0.1778461385	0.1791556682	0.1806811411
	0.1823812944	0.1842124857	0.1861315677	0.1880977566	0.1900736135
	0.1920253684	0.1939228124	0.195738943	0.1974494855	0.1990323711
	0.2004672163	0.2017348303	0.2028167695	0.2036949631	0.2043514668
	0.2047684817	0.2049290041	0.2048190551	0.2044338473	0.2037926887
	0.2029648519	0.2020541383	0.2008216524	0.1974307431	0.1891125085
	0.1808297503	0.1836088848	0.1958307181	0.2094899728	0.2216192011
	0.2323659242	0.2422063677	0.2514176883	0.2601396005	0.2684478017
	0.2763893658	0.283997597	0.2912982394	0.298312223	0.3050570097
	0.3115473515	0.3177957815	0.3238129739	0.3296080282	0.3351887032
	0.3405616156	0.3457324084	0.3507058954	0.3554861843	0.360076783
	0.3644806888	0.3687004657	0.3727383094	0.3765961026	0.380275462
	0.3837777783	0.3871042493	0.3902559089	0.393233651	0.3960382495
	0.3986703759	0.4011306132	0.4034194688	0.4055373841	0.4074847439
	0.4092618829	0.4108690927	0.4123066262	0.4135747024	0.4146735085
	0.4156032021	0.416363908	0.4169557095	0.4173786251	0.4176325652
	0.4177172955	0.1857522121	0.1856923221	0.185512937	0.1852163958
	0.1848072462	0.1842922216	0.1836803258	0.1829830141	0.182214434
	0.1813917001	0.1805351732	0.1796687044	0.1788197799	0.1780194762
	0.1773021016	0.1767043723	0.1762639722	0.1760174011	0.1759971567
	0.1762285333	0.1767265999	0.1774940934	0.1785208557	0.1797850047
	0.1812554682	0.1828951627	0.1846640963	0.1865219177	0.1884297188
	0.190351117	0.192252753	0.1941043706	0.1958786259	0.1975507422
	0.1990980928	0.2004997649	0.2017361471	0.2027885741	0.2036390714
	0.2042702767	0.2046656892	0.2048105811	0.2046943086	0.2043155544
	0.2036927789	0.202877789	0.2019349	0.2007235396	0.1983285411
	0.1935931998	0.1893900001	0.1918806239	0.2008439431	0.2118308399
	0.2225501679	0.2326375868	0.2421761837	0.2512539642	0.2599242537
	0.2682215155	0.2761720715	0.2837983986	0.2911205099	0.2981563296
	0.3049218051	0.3114309961	0.3176961946	0.3237280759	0.3295358632
	0.3351274955	0.3405097876	0.3456885787	0.3506688666	0.3554549258
	0.3600504121	0.3644584526	0.3686817238	0.3727225181	0.3765828014
	0.3802642612	0.3837683485	0.3870963124	0.3902492303	0.3932280328
	0.396033525	0.3986664047	0.4011272773	0.403416669	0.4055350373
	0.4074827805	0.4092602454	0.4108677337	0.4123055081	0.4135737966
	0.4146727965	0.4156026772	0.4163635795	0.4169556077	0.4173788009
	0.4176330567	0.4177179994	0.1858367015	0.1857785166	0.1856033916
	0.1853135682	0.1849137766	0.1844109972	0.1838145048	0.183136038
	0.1823900218	0.1815938068	0.1807678928	0.1799360937	0.1791255798
	0.1783667131	0.1776925675	0.1771380174	0.1767382936	0.1765269707
	0.1765334725	0.1767803677	0.1772809077	0.1780373554	0.1790405444
	0.180270797	0.1816999447	0.1832939377	0.1850154971	0.186826406
	0.188689236	0.1905684785	0.192431157	0.1942470375	0.1959885613
	0.1976306035	0.1991501385	0.2005258766	0.2017379186	0.2027674774
	0.2035967227	0.2042088378	0.2045884407	0.2047226583	0.2046033868
	0.2042316163	0.2036245315	0.2028219906	0.2018691455	0.2007062929
	0.1989680642	0.1964087927	0.1948267348	0.1975074422	0.2046086284
	0.2137864719	0.2234213441	0.2329497503	0.2422131685	0.2511608826
	0.2597755036	0.2680553851	0.2760079512	0.2836455933	0.2909829047
	0.298034923	0.3048161052	0.3113397949	0.3176179958	0.3236613258
	0.329479072	0.3350792947	0.3404689527	0.3456540328	0.3506396727
	0.355430276	0.3600296131	0.3644409125	0.3686669385	0.3727100596
	0.3765723069	0.3802554236	0.383760908	0.3870900498	0.3902439606
	0.3932235998	0.3960297972	0.3986632714	0.4011246454	0.4034144601
	0.405533186	0.407481232	0.4092589544	0.4108666632	0.4123046288
	0.4135730871	0.4146722444	0.4156022822	0.4163633602	0.4169556141
	0.4173791313	0.4176338456	0.4177192115	0.1858964379	0.1858401653
	0.1856684721	0.1853836215	0.1849906137	0.1844966604	0.1839112445
	0.1832463072	0.1825164631	0.1817392169	0.180935147	0.1801280146
	0.1793447349	0.1786151311	0.1779713774	0.1774470369	0.1770756283
	0.1768887195	0.1769136593	0.1771712002	0.1776733939	0.1784221918
	0.1794090782	0.1806158322	0.182016225	0.1835782632	0.1852665381
	0.1870443328	0.1888752831	0.1907245303	0.1925594026	0.1943497129
	0.1960677763	0.1976882415	0.1991878184	0.2005449669	0.2017396041
	0.2027528843	0.2035671183	0.2041659287	0.2045347895	0.204662197
	0.204541858	0.2041763779	0.2035824909	0.2027950222	0.201857606
	0.2007784388	0.1994960851	0.1981861122	0.1980785471	0.2009876199
	0.20711807	0.2152052464	0.2241076714	0.2332246963	0.2422729722
	0.2511139797	0.2596801845	0.2679425669	0.2758936716	0.2835377782
	0.2908850628	0.2979481836	0.3047403518	0.3112742958	0.3175617538
	0.3236132694	0.3294381558	0.3350445493	0.3404395057	0.3456291137
	0.3506186099	0.3554124887	0.3600146028	0.364428253	0.3686562667
	0.372701067	0.3765647317	0.3802490443	0.3837555373	0.3870855294
	0.3902401568	0.3932204001	0.3960271067	0.3986610101	0.401122746
	0.4034128663	0.4055318503	0.4074801151	0.4092580235	0.4108658918
	0.4123039962	0.4135725784	0.4146718523	0.4156020102	0.4163632315
	0.4169556923	0.4173795671	0.4176349447	0.4177212427	0.185930018
	0.1858767116	0.185707614	0.1854258922	0.1850370094	0.1845483864
	0.1839696465	0.1833128537	0.1825927338	0.181826878	0.1810359039
	0.1802435306	0.1794765087	0.1787643277	0.1781386155	0.1776321512
	0.1772774425	0.1771048862	0.1771406321	0.177404392	0.1779075348
	0.1786518347	0.1796291452	0.1808220753	0.1822055095	0.1837486452
	0.1854171689	0.1871752532	0.1889871744	0.1908184729	0.1926366718
	0.1944116245	0.196115581	0.1977230634	0.1992106307	0.2005566009
	0.2017407899	0.2027443284	0.2035496276	0.2041405941	0.2045032389
	0.2046269014	0.2045063886	0.2041453271	0.2035605966	0.2027860035
	0.2018699952	0.2008656709	0.1998596439	0.1991910429	0.1998059981
	0.2028584653	0.2085345016	0.2160537154	0.2245411307	0.2334098811
	0.2423225452	0.2510940762	0.2596276568	0.2678773966	0.2758263918
	0.2834736854	0.2908265741	0.2978961546	0.3046948128	0.3112348636
	0.317527861	0.3235842894	0.3294134696	0.335023579	0.3404217289
	0.3456140677	0.3506058907	0.3554017467	0.3600055375	0.3644206073
	0.3686498214	0.3726956359	0.3765601569	0.3802451919	0.3837522942
	0.3870828	0.3902378604	0.3932184687	0.3960254828	0.3986596454
	0.4011216	0.4034119048	0.4055310447	0.4074794416	0.4092574624
	0.4108654272	0.4123036156	0.4135722732	0.4146716189	0.4156018527
	0.4163631701	0.4169557871	0.4173799961	0.4176362553	0.4177247778
	0.1859352632	0.1858882925	0.1857206226	0.1854400155	0.1850525221
	0.1845656822	0.1839891727	0.1833350991	0.1826182239	0.1818561663
	0.1810695553	0.1802820947	0.1795204782	0.1788140823	0.1781943518
	0.1776938051	0.1773446157	0.1771767953	0.1772161016	0.1774819075
	0.1779853602	0.1787281761	0.1797023284	0.1808906957	0.1822685254
	0.1838054049	0.1854673812	0.1872189219	0.1890245167	0.1908498405
	0.1926624835	0.1944323146	0.1961315637	0.1977347124	0.1992182708
	0.200560511	0.2017412166	0.2027415129	0.203543848	0.2041322282
	0.2044928516	0.2046153507	0.2044949168	0.204135547	0.2035542425
	0.2027847155	0.2018776645	0.2009014182	0.1999867849	0.1995149519
	0.2003460669	0.2034473891	0.2089929091	0.2163375503	0.2246906667
	0.233475979	0.2423419193	0.2510891043	0.2596110663	0.2678561631
	0.2758042166	0.2834524421	0.2908071287	0.2978788254	0.3046796281
	0.3112217059	0.3175165466	0.3235746124	0.3294052252	0.3350165751
	0.3404157916	0.3456090428	0.3506016433	0.3553981601	0.3600025114
	0.3644180556	0.368647671	0.3726938245	0.3765586316	0.380243908
	0.3837512139	0.3870818913	0.3902370963	0.3932178264	0.3960249432
	0.3986591923	0.4011212198	0.403411586	0.4055307779	0.4074792187
	0.409257277	0.4108652738	0.4123034901	0.4135721729	0.4146715426
	0.4156018023	0.4163631539	0.4169558331	0.417380217	0.4176372844
	0.4177314509	