3131	
	0.3466422064	0.346546149	0.3462840605	0.345851443	0.3452473591
	0.3444715253	0.343523842	0.3424042886	0.3411128924	0.3396497205
	0.3380148792	0.3362085179	0.3342308363	0.3320820939	0.3297626221
	0.3272728397	0.3246132708	0.3217845676	0.3187875375	0.3156231762
	0.3122927079	0.3087976344	0.3051397949	0.3013214397	0.2973453205
	0.2932148017	0.2889339992	0.2845079515	0.2799428342	0.2752462268
	0.2704274464	0.2654979647	0.2604719263	0.2553667903	0.2502041173
	0.2450105176	0.2398187703	0.2346690956	0.2296105264	0.2247022538
	0.2200147264	0.2156301531	0.2116419172	0.2081523093	0.2052680049
	0.2030929865	0.2017192166	0.2012162855	0.2016221698	0.2029375951
	0.2051257938	0.2081177877	0.2118215553	0.2161325507	0.22094329
	0.2261506597	0.2316605848	0.237390359	0.243269235	0.2492378946
	0.2552473103	0.2612573603	0.267235424	0.2731550832	0.2789949846
	0.2847378779	0.2903698216	0.2958795358	0.3012578816	0.3064974434
	0.3115921951	0.3165372336	0.3213285661	0.3259629395	0.330437703
	0.3347506979	0.3389001682	0.342884688	0.3467031023	0.3503544788
	0.3538380679	0.3571532703	0.3602996098	0.3632767109	0.3660842806
	0.3687220925	0.3711899742	0.3734877965	0.3756154642	0.3775729086
	0.3793600804	0.3809769448	0.3824234754	0.3836996492	0.3848054404
	0.385740812	0.3865057004	0.38709998	0.3875233553	0.3877748948
	0.3878501621	0.3466351706	0.3465448988	0.3462836306	0.3458511778
	0.3452471364	0.3444713092	0.343523616	0.3424040417	0.3411126151
	0.3396494036	0.3380145126	0.3362080903	0.3342303346	0.3320815028
	0.3297619235	0.3272720122	0.3246122889	0.3217834007	0.3187861489
	0.315621522	0.3122907352	0.3087952792	0.3051369799	0.3013180709
	0.2973412835	0.2932099568	0.288928175	0.2845009377	0.2799343713
	0.2752359941	0.2704150469	0.2654829063	0.2604535991	0.2553444403
	0.2501768164	0.2449771326	0.2397779342	0.2346191899	0.2295496851
	0.2246284084	0.2199257147	0.2155239178	0.2115168147	0.2080075239
	0.205104022	0.2029120114	0.2015253709	0.2010154081	0.2014211515
	0.2027433755	0.2049443323	0.2079533409	0.2116764296	0.2160072794
	0.2208370593	0.2260617992	0.2315869985	0.2373298456	0.2432196925
	0.2491974314	0.25521429	0.2612304044	0.2672133927	0.2731370454
	0.2789801856	0.2847257089	0.2903597923	0.2958712516	0.3012510245
	0.3064917563	0.31158747	0.3165333016	0.3213252895	0.3259602057
	0.3304354196	0.3347487891	0.3388985713	0.3428833512	0.3467019828
	0.3503535408	0.3538372819	0.3571526116	0.3602990577	0.3632762483
	0.3660838931	0.3687217682	0.3711897031	0.3734875702	0.3756152758
	0.3775727523	0.3793599516	0.3809768398	0.3824233915	0.3836995848
	0.3848053956	0.3857407895	0.3865057095	0.3871000497	0.3875236005
	0.3877759568	0.3878569344	0.3466309727	0.3465429737	0.3462825839
	0.3458504297	0.3452464849	0.3444706712	0.3435229469	0.3424033099
	0.3411117931	0.3396484636	0.3380134247	0.3362068206	0.3342288442
	0.3320797458	0.3297598461	0.3272695502	0.3246093659	0.3217799256
	0.3187820124	0.3156165928	0.3122848551	0.3087882573	0.3051285852
	0.3013080229	0.2973292407	0.2931955022	0.2889107978	0.2844800099
	0.2799091191	0.2752054611	0.2703780489	0.2654379751	0.2603989149
	0.2552777518	0.2500953506	0.2448775	0.2396560406	0.2344701777
	0.2293679397	0.2244076833	0.2196594485	0.2152058233	0.211141804
	0.2075729697	0.2046112169	0.2023674902	0.2009415669	0.2004100866
	0.2008153682	0.2021583484	0.2043982238	0.2074590228	0.2112407569
	0.215631691	0.2205189272	0.2257959464	0.2313670146	0.2371490478
	0.2430717323	0.2490766168	0.2551157096	0.2611499302	0.2671476159
	0.2730831846	0.2789359883	0.2846893586	0.2903298267	0.2958464936
	0.3012305256	0.3064747504	0.3115733365	0.3165215364	0.3213154819
	0.3259520196	0.3304285796	0.3347430685	0.3388937831	0.3428793408
	0.346698622	0.3503507234	0.3538349192	0.3571506298	0.3602973954
	0.3632748541	0.3660827242	0.3687207887	0.3711888831	0.3734868849
	0.3756147043	0.3775722776	0.3793595598	0.3809765198	0.3824231351
	0.3836993871	0.3848052561	0.3857407154	0.3865057236	0.3871002151
	0.3875240992	0.3877773449	0.3878605723	0.3466279429	0.3465408857
	0.3462811333	0.3458492729	0.3452454351	0.3444696277	0.3435218463
	0.3424021033	0.3411104363	0.3396469114	0.3380116278	0.3362047232
	0.3342263817	0.3320768428	0.3297564132	0.3272654816	0.3246045354
	0.3217741825	0.3187751761	0.3156084463	0.3122751374	0.3087766533
	0.3051147135	0.3012914208	0.2973093449	0.2931716252	0.2888820976
	0.2844454519	0.2798674283	0.2751550622	0.2703169908	0.2653638385
	0.2603086992	0.2551677415	0.2499609628	0.2447131207	0.2394548697
	0.2342241155	0.229067575	0.2240424724	0.2192182086	0.214677686
	0.2105177565	0.2068480116	0.2037869333	0.2014544809	0.1999607847
	0.1993920073	0.1997964268	0.201175296	0.2034822988	0.2066319959
	0.2105137989	0.2150066238	0.2199907224	0.2253554161	0.2310030663
	0.2368502858	0.2428274384	0.2488772503	0.2549530826	0.2610171875
	0.2670391136	0.2729943271	0.278863059	0.2846293632	0.2902803563
	0.2958056097	0.301196666	0.3064466531	0.3115499794	0.3165020887
	0.3212992664	0.3259384824	0.3304172661	0.3347336046	0.3388858603
	0.3428727038	0.3466930592	0.3503460589	0.3538310067	0.3571473476
	0.3602946417	0.3632725441	0.366080787	0.368719165	0.3711875235
	0.3734857481	0.3756137561	0.3775714896	0.3793589089	0.3809759876
	0.3824227078	0.3836990561	0.3848050193	0.385740581	0.3865057194
	0.3871004091	0.3875246473	0.3877785596	0.3878627285	0.3466253893
	0.3465387466	0.3462794049	0.3458477759	0.3452440239	0.3444682019
	0.3435203319	0.3424004382	0.3411085614	0.339644765	0.3380091423
	0.3362018217	0.334222975	0.3320728264	0.3297516638	0.3272598527
	0.3245978527	0.3217662375	0.3187657194	0.3155971784	0.3122616977
	0.308760607	0.3050955345	0.301268471	0.2972818483	0.2931386347
	0.2888424538	0.2843977311	0.2798098766	0.2750855127	0.2702327597
	0.2652615967	0.2601843144	0.25501609	0.2497757112	0.2444864878
	0.2391773901	0.2338844504	0.2286524479	0.2235368549	0.2186059346
	0.213942718	0.2096463278	0.2058317498	0.2026267591	0.2001645145
	0.1985707968	0.1979465655	0.1983495614	0.1997815929	0.2021876385
	0.2054674982	0.2094944598	0.2141336703	0.2192556775	0.2247442061
	0.2304992988	0.2364374746	0.2424903027	0.2486023319	0.2547289219
	0.2608342459	0.2668895712	0.2728718357	0.2787624956	0.2845466061
	0.2902120919	0.2957491727	0.3011499083	0.3064078393	0.3115177032
	0.3164752068	0.321276846	0.3259197605	0.3304016161	0.3347205107
	0.3388748965	0.3428635178	0.3466853586	0.3503396009	0.3538255892
	0.3571428021	0.3602908277	0.3632693442	0.3660781031	0.3687169152
	0.3711856394	0.3734841725	0.3756124416	0.3775703968	0.3793580058
	0.3809752484	0.382422113	0.3836985927	0.3848046821	0.3857403765
	0.3865056719	0.3871005746	0.38752513	0.3877794998	0.3878640948
	0.3466230075	0.3465365578	0.3462774646	0.3458459922	0.3452422882
	0.344466421	0.3435184267	0.3423983364	0.3411061909	0.3396420494
	0.3380059965	0.3361981488	0.3342186623	0.3320677419	0.3297456514
	0.3272527274	0.324589394	0.3217561822	0.3187537522	0.3155829212
	0.3122446955	0.3087403112	0.305071282	0.3012394581	0.297247098
	0.2930969555	0.2887923883	0.2843374906	0.2797372585	0.2749977965
	0.2701265764	0.2651327649	0.2600276394	0.2548251197	0.2495424491
	0.2442010713	0.2388277573	0.2334560445	0.2281280541	0.222896724
	0.2178284305	0.2130058077	0.2085302742	0.2045232709	0.2011245447
	0.1984851904	0.1967532453	0.1960515488	0.1964522702	0.1979581785
	0.2005010704	0.203958802	0.208181519	0.2130154973	0.2183187188
	0.2239682112	0.229861703	0.2359161936	0.2420652503	0.2482560599
	0.2544467239	0.2606039724	0.2667013163	0.272717589	0.2786358098
	0.2844423022	0.290126011	0.2956779702	0.3010908888	0.3063588246
	0.311476927	0.3164412324	0.3212485007	0.3258960837	0.3303818188
	0.3347039427	0.3388610209	0.3428518899	0.3466756094	0.3503314236
	0.3538187285	0.357137045	0.3602859965	0.3632652904	0.3660747027
	0.3687140645	0.3711832516	0.3734821755	0.3756107751	0.3775690111
	0.3793568598	0.3809743093	0.3824213554	0.3836979986	0.3848042424
	0.3857400926	0.3865055606	0.3871006731	0.3875254958	0.387780177
	0.3878649843	0.3466206554	0.3465342987	0.346275346	0.3458439617
	0.3452402621	0.3444643139	0.3435161571	0.3423958241	0.3411033528
	0.3396387956	0.338002226	0.3361937457	0.3342134921	0.3320616464
	0.329738444	0.3272441865	0.3245792558	0.3217441319	0.3187394131
	0.3155658413	0.3122243317	0.3087160089	0.3050422506	0.3012047403
	0.2972055306	0.293047122	0.2887325569	0.2842655379	0.2796505714
	0.274893149	0.2699999739	0.264979248	0.2598410402	0.2545977627
	0.2492647926	0.2438612934	0.2384113057	0.2329452011	0.2275016123
	0.2221299589	0.2168936524	0.2118739281	0.2071739302	0.2029220434
	0.1992724394	0.1963995116	0.1944820697	0.1936748498	0.1940719405
	0.1956777887	0.198404326	0.2020971553	0.2065740003	0.2116563309
	0.2171868893	0.2230355211	0.2290982929	0.2352937718	0.2415586645
	0.2478438215	0.2541109419	0.260329999	0.2664772863	0.2725339514
	0.2784849004	0.2843179769	0.2900233399	0.2955929905	0.3010204063
	0.3063002565	0.3114281777	0.3164005957	0.3212145825	0.3258677412
	0.3303581124	0.3346840976	0.3388443965	0.3428379553	0.3466639239
	0.3503216206	0.3538105025	0.3571301413	0.3602802023	0.3632604281
	0.3660706236	0.3687106444	0.3711803868	0.3734797791	0.375608775
	0.3775673472	0.379355483	0.3809731796	0.3824204415	0.3836972773
	0.3848036993	0.3857397233	0.386505372	0.3871006837	0.3875257284
	0.3877806278	0.387865553	0.3466182649	0.3465319518	0.3462730685
	0.3458417151	0.345237977	0.3444619106	0.3435135525	0.3423929318
	0.3411000803	0.3396350407	0.3379978731	0.3361886618	0.3342075221
	0.3320546083	0.3297301226	0.3272343266	0.3245675536	0.3217302249
	0.3187228678	0.315546138	0.3122008462	0.3086879899	0.3050087914
	0.3011647437	0.2971576657	0.2929897689	0.2886637382	0.2841828309
	0.279550998	0.274773035	0.2698547707	0.2648033076	0.2596273314
	0.2543375179	0.2489470765	0.2434724885	0.2379345276	0.2323596832
	0.2267821547	0.2212466295	0.2158120725	0.2105566821	0.2055838816
	0.2010285072	0.1970609597	0.1938848275	0.1917208952	0.1907705798
	0.1911618023	0.1929020019	0.1958726925	0.1998717112	0.2046717373
	0.2100626503	0.2158699192	0.2219568009	0.2282193177	0.2345793799
	0.2409784041	0.2473721694	0.2537269444	0.2600166761	0.2662209836
	0.2723237332	0.2783120208	0.2841754377	0.2899055316	0.2954954047
	0.3009394076	0.3062329033	0.3113720808	0.3163538076	0.3211755102
	0.3258350774	0.330330781	0.3346612101	0.3388252178	0.3428218755
	0.3466504365	0.3503103037	0.3538010046	0.357122169	0.3602735105
	0.3632548119	0.3660659115	0.3687066932	0.3711770766	0.3734770098
	0.3756064631	0.3775654234	0.3793538901	0.3809718709	0.3824193797
	0.3836964341	0.3848030547	0.385739266	0.386505099	0.387100598
	0.3875258293	0.3877808889	0.3878658875	0.3466158038	0.3465295078
	0.3462706459	0.3458392778	0.3452354621	0.3444592415	0.3435106446
	0.3423896934	0.3410964107	0.3396308269	0.3379929866	0.3361829539
	0.3342008193	0.3320467065	0.3297207809	0.327223259	0.3245544202
	0.32171462	0.3187043066	0.3155240399	0.3121745145	0.3086565866
	0.3049713064	0.3011199563	0.2971040969	0.2929256212	0.2885868202
	0.2840904615	0.2794398855	0.274639122	0.2696930379	0.264607522
	0.2593897278	0.2540483951	0.2485942935	0.2430408459	0.2374050314
	0.2317087124	0.2259806071	0.2202592165	0.2145971084	0.2090669943
	0.20376988	0.1988449359	0.1944791237	0.1909111788	0.1884187095
	0.187272453	0.1876540287	0.1895763302	0.1928729085	0.1972694883
	0.202476234	0.2082441504	0.2143809581	0.2207457416	0.2272374884
	0.2337841101	0.2403337996	0.2468487767	0.2533009546	0.2596690096
	0.2659364179	0.2720901415	0.278119737	0.2840167415	0.2897742393
	0.2953865457	0.3008489714	0.3061576409	0.3113093502	0.3163014521
	0.3211317632	0.325798487	0.3303001502	0.3346355498	0.3388037083
	0.3428038364	0.3466353018	0.3502976019	0.3537903425	0.3571132179
	0.360265996	0.3632485044	0.3660606189	0.3687022547	0.3711733577
	0.3734738981	0.3756038649	0.3775632607	0.3793520981	0.3809703968
	0.3824181805	0.3836954762	0.3848023126	0.3857387218	0.3865047407
	0.3871004161	0.3875258083	0.3877809922	0.3878660417	0.3466132594
	0.3465269648	0.3462680915	0.3458366727	0.3452327454	0.3444563376
	0.3435074671	0.3423861459	0.3410923853	0.3396262015	0.337987621
	0.3361766856	0.3341934583	0.3320380294	0.3297105236	0.3272111085
	0.3245400042	0.3216974948	0.3186839423	0.3154998025	0.3121456437
	0.3086221693	0.304930243	0.3010709203	0.2970454831	0.2928554822
	0.2885027857	0.2839896367	0.2793187213	0.2744932506	0.2695170607
	0.2643947386	0.2591317866	0.2537348462	0.2482120164	0.2425733276
	0.2368314692	0.2310029335	0.2251098374	0.2191828192	0.2132655948
	0.2074219506	0.2017460527	0.1963766908	0.1915147339	0.1874387614
	0.1845027258	0.183082499	0.1834479588	0.1856221285	0.1893599909
	0.1942754964	0.1999919955	0.2062150576	0.2127374791	0.2194195589
	0.2261681921	0.2329210225	0.2396356133	0.2462823605	0.2528399645
	0.2592925801	0.2656280359	0.271836721	0.2779108798	0.2838441559
	0.2896312856	0.2952678841	0.3007502886	0.3060754378	0.3112407765
	0.3162441769	0.3210838737	0.3257584085	0.3302665826	0.3346074169
	0.3387801174	0.3427840454	0.3466186926	0.3502836594	0.3537786363
	0.3571033887	0.3602577431	0.3632415761	0.3660548047	0.3686973782
	0.3711692714	0.3734704786	0.375601009	0.3775608826	0.3793501265
	0.3809687729	0.3824168563	0.3836944129	0.3848014796	0.385738095
	0.3865043007	0.3871001437	0.3875256787	0.3877809647	0.387866053
	0.3466106307	0.3465243276	0.3462654198	0.3458339224	0.3452298548
	0.3444532305	0.3435040552	0.3423823288	0.341088049	0.3396212158
	0.3379818358	0.3361699264	0.334185521	0.3320286736	0.3296994655
	0.3271980115	0.3245244682	0.3216790435	0.3186620074	0.3154737043
	0.3121145686	0.3085851408	0.3048860876	0.3010182239	0.2969825382
	0.2927802208	0.288412696	0.2838816573	0.2791891068	0.2743373998
	0.2693292959	0.2641680195	0.2588573398	0.2534016818	0.2478062991
	0.2420775578	0.2362234258	0.2302543278	0.2241846449	0.2180353131
	0.2118382559	0.2056437672	0.1995324742	0.1936340646	0.1881550374
	0.1834142537	0.1798668553	0.1780520742	0.1783903144	0.1809236347
	0.1852728199	0.1908734192	0.1972286365	0.2039959021	0.2109623443
	0.2179994958	0.2250296524	0.2320051277	0.2388959442	0.2456825636
	0.2523516197	0.2588934415	0.2653006357	0.2715672844	0.2776884899
	0.2836601153	0.2894786282	0.2951410013	0.3006446423	0.3059873392
	0.3111672142	0.3161826831	0.321032419	0.3257153186	0.3302304728
	0.3345771389	0.3387547172	0.3427627289	0.3466007978	0.3502686337
	0.353766018	0.3570927916	0.360248844	0.3632341043	0.3660485335
	0.3686921178	0.3711648628	0.3734667888	0.3755979268	0.3775583152
	0.3793479969	0.3809670169	0.3824154213	0.3836932556	0.3848005646
	0.3857373929	0.3865037857	0.3870997901	0.3875254555	0.3877808297
	0.3878659499	0.3466079239	0.3465216056	0.3462626467	0.3458310492
	0.345226818	0.3444499526	0.3435004458	0.3423782839	0.3410834495
	0.3396159249	0.337975695	0.3361627513	0.3341770954	0.3320187433
	0.3296877299	0.3271841145	0.3245079869	0.3216594746	0.3186387508
	0.3154460436	0.3120816468	0.3085459313	0.3048393583	0.3009624931
	0.2969160201	0.2927007578	0.2883176734	0.2837678964	0.2790527288
	0.2741736515	0.2691323247	0.2639305817	0.2585704167	0.2530539748
	0.247383557	0.2415616794	0.2355912575	0.2294760557	0.2232216566
	0.2168374052	0.2103401095	0.2037608408	0.19715716	0.19063504
	0.1843883661	0.1787662484	0.1743543169	0.1719516226	0.1722438398
	0.175308816	0.1805291609	0.1870478708	0.1942042958	0.2016158684
	0.2090849847	0.2165112543	0.2238429769	0.2310532703	0.2381280602
	0.2450597864	0.2518440709	0.2584779969	0.264959268	0.2712858345
	0.2774557563	0.283467174	0.2893183234	0.2950075609	0.3005333847
	0.3058944489	0.311089568	0.3161177147	0.3209780126	0.3256697248
	0.3301922415	0.3345450654	0.3387277987	0.3427401296	0.3465818199
	0.3502526942	0.3537526291	0.357081545	0.3602393977	0.3632261719
	0.366041875	0.3686865318	0.3711601808	0.3734628696	0.3755946524
	0.377555587	0.3793457326	0.3809651482	0.3824138913	0.3836920171
	0.3847995782	0.3857366248	0.3865032053	0.3870993666	0.387525154
	0.3877806077	0.3878657559	0.3466051499	0.3465188121	0.3462597902
	0.3458280766	0.3452236634	0.3444465371	0.3434966769	0.3423740547
	0.3410786369	0.3396103867	0.3379692662	0.3361552394	0.3341682749
	0.3320083485	0.3296754472	0.3271695725	0.3244907447	0.3216390079
	0.3186144352	0.3154171345	0.3120472548	0.3085049925	0.3047905983
	0.3009043825	0.2968467198	0.2926180515	0.288218883	0.283649776
	0.2789113299	0.2740041512	0.2689288031	0.2636857316	0.2582751603
	0.2526969502	0.2469504254	0.2410341754	0.2349458752	0.2286822107
	0.2222390936	0.2156125165	0.2088007015	0.2018087735	0.1946585207
	0.1874095073	0.1802082635	0.1734020689	0.167736043	0.1644295536
	0.1646451409	0.1685267841	0.1750237497	0.1827906092	0.1909512096
	0.1991157967	0.2071425672	0.2149852356	0.2226320186	0.2300838739
	0.2373461378	0.2444249599	0.2513257896	0.2580528547	0.2646091238
	0.2709964786	0.2772159509	0.2832679554	0.2891524876	0.2948692793
	0.3004179147	0.3057979119	0.3110087785	0.3160500472	0.3209212958
	0.3256221588	0.3301523303	0.3345115638	0.3386996683	0.3427165032
	0.3465619727	0.3502360195	0.3537386192	0.3570697742	0.3602295095
	0.3632178671	0.3660349027	0.3686806819	0.371155277	0.3734587643
	0.375591222	0.377552728	0.3793433587	0.3809631874	0.3824122835
	0.3836907119	0.3847985329	0.3857358021	0.3865025707	0.387098886
	0.3875247901	0.3877803178	0.3878654916	0.3466023232	0.3465159627
	0.3462568698	0.3458250286	0.34522042	0.3444430179	0.3434927877
	0.3423696864	0.3410736633	0.3396046617	0.3379626199	0.3361474735
	0.3341591567	0.3319976043	0.3296627537	0.3271545471	0.3244729336
	0.3216178722	0.3185893335	0.3153873029	0.3120117823	0.3084627915
	0.3047403681	0.300844566	0.2967754496	0.2925330835	0.2881175147
	0.2835287433	0.278766678	0.273831069	0.2687214099	0.2634367977
	0.2579757358	0.2523358647	0.2465135991	0.2405036566	0.2342984668
	0.2278874722	0.2212563704	0.2143864159	0.2072540222	0.1998311727
	0.1920882247	0.1840057713	0.1756235158	0.1672143156	0.1596998052
	0.1549814559	0.1550747536	0.1602403547	0.1686409044	0.1781155741
	0.1875245552	0.1965517256	0.2051808817	0.2134564128	0.2214229608
	0.2291165098	0.2365648958	0.2437892586	0.2508053497	0.257624664
	0.2642554129	0.2707033369	0.2769723603	0.2830651009	0.2889832575
	0.2947278952	0.3002996539	0.3056988957	0.3109258084	0.3159804764
	0.3208629285	0.3255731686	0.3301111957	0.3344770148	0.3386706437
	0.3426921154	0.3465414783	0.3502187959	0.3537241442	0.3570576101
	0.3602192888	0.3632092816	0.3660276939	0.3686746328	0.3711502056
	0.3734545181	0.3755876733	0.3775497698	0.3793409017	0.3809611568
	0.3824106165	0.3836893558	0.3847974424	0.3857349372	0.3865018946
	0.387098362	0.3875243794	0.3877799777	0.3878651756	0.3465994602
	0.3465130752	0.3462539062	0.34582193	0.3452171172	0.3444394294
	0.3434888182	0.3423652252	0.3410685823	0.3395988121	0.3379558288
	0.3361395386	0.3341498411	0.331986629	0.3296497895	0.3271392045
	0.3244547513	0.3215963025	0.3185637256	0.3153568828	0.3119756281
	0.3084198048	0.3046892384	0.3007837281	0.2967030319	0.2924468445
	0.2880147648	0.2834062481	0.2786205368	0.2736565608	0.2685127955
	0.2631870607	0.2576762387	0.2519758797	0.2460796572	0.2399786182
	0.2336601617	0.2271066484	0.2202934989	0.2131865197	0.2057379191
	0.1978798919	0.1895141693	0.1805003131	0.1706806306	0.1601193074
	0.1499023	0.1430155517	0.1429302189	0.1500940875	0.1613087506
	0.1730905571	0.1840152659	0.1939983247	0.2032544595	0.2119636051
	0.220243538	0.2281712609	0.2357991198	0.2431637554	0.2502911802
	0.2571999378	0.2639032348	0.270410449	0.276728216	0.2828612177
	0.2888127513	0.2945851397	0.3001800242	0.3055985728	0.3108416275
	0.3159098072	0.3208035799	0.3255233122	0.3300693031	0.3344418074
	0.3386410504	0.3426672386	0.3465205652	0.3502012146	0.3537093646
	0.3570451871	0.3602088486	0.3632005103	0.366020328	0.3686684511
	0.3711450225	0.3734501779	0.3755840455	0.3775467453	0.3793383889
	0.3809590791	0.3824089097	0.3836879652	0.3847963212	0.3857340438
	0.3865011903	0.3870978087	0.3875239374	0.3877796045	0.3878648256
	0.3465965789	0.3465101686	0.346250921	0.3458188063	0.3452137849
	0.3444358065	0.3434848089	0.3423607182	0.3410634484	0.3395929015
	0.3379489669	0.3361315218	0.3341404303	0.3319755432	0.3296366973
	0.327123714	0.3244363985	0.3215745373	0.3185378953	0.3153262118
	0.3119391948	0.3083765127	0.3046377827	0.3007225548	0.2966302883
	0.2923603202	0.2879118188	0.2832837201	0.2784746367	0.2734827303
	0.2683055317	0.2629396873	0.2573806014	0.2516219322	0.24565488
	0.2394671776	0.2330416493	0.2263541199	0.2193702881	0.212040794
	0.2042927909	0.1960141869	0.1870226751	0.1770108865	0.1655073221
	0.1521684226	0.1381997149	0.1282172188	0.1279119087	0.1379816322
	0.1531371921	0.1678916199	0.1805647902	0.1915504552	0.2014251664
	0.2105479027	0.2191218273	0.227267877	0.2350630869	0.2425590316
	0.2497912985	0.2567848679	0.2635574498	0.2701216812	0.276486628
	0.2826588292	0.2886430316	0.2944427082	0.3000604255	0.3054981033
	0.3107572	0.3158388427	0.3207439203	0.3254731495	0.3300271212
	0.334406334	0.3386112174	0.3426421487	0.3464994646	0.3501834701
	0.3536944437	0.3570326423	0.3601983039	0.3631916498	0.3660128861
	0.3686622048	0.3711397847	0.3734457915	0.3755803788	0.377543688
	0.3793358485	0.3809569781	0.3824071829	0.3836865574	0.3847951846
	0.3857331361	0.3865004719	0.3870972408	0.3875234799	0.3877792148
	0.3878644589	0.3465936979	0.3465072622	0.3462479361	0.3458156829
	0.3452104531	0.3444321843	0.3434808006	0.3423562126	0.3410583165
	0.3395869937	0.3379421091	0.3361235106	0.3341310275	0.3319644686
	0.3296236207	0.3271082455	0.3244180768	0.3215528159	0.3185121266
	0.3152956278	0.3119028841	0.3083333935	0.3045865708	0.300661725
	0.296558029	0.2922744784	0.287809835	0.2831625484	0.2783306483
	0.2733115944	0.2681020658	0.2626976662	0.2570925061	0.2512786104
	0.2452450685	0.2389768046	0.2324527693	0.2256432081	0.218505361
	0.2109762397	0.2029593776	0.1942980829	0.1847179273	0.1737092072
	0.1603766568	0.1437610997	0.1251604119	0.1113920719	0.1108901431
	0.1245926149	0.1446451961	0.1628658435	0.1773725532	0.1893195112
	0.1997583802	0.2092500756	0.2180846179	0.2264247563	0.2343699237
	0.2419847649	0.2493130405	0.2563851448	0.2632225543	0.2698406395
	0.2762505212	0.2824603293	0.2884760705	0.2943022337	0.299942215
	0.3053986187	0.3106734712	0.3157683739	0.3206846123	0.3254232362
	0.3299851162	0.3343709861	0.3385814734	0.342617122	0.3464784089
	0.3501657573	0.3536795453	0.3570201135	0.3601877706	0.3631827973
	0.3660054499	0.3686559626	0.3711345497	0.3734414071	0.3755767135
	0.3775406316	0.3793333088	0.3809548776	0.3824054565	0.3836851499
	0.3847940483	0.3857322285	0.3864997536	0.387096673	0.3875230225
	0.3877788252	0.3878640923	0.3465908357	0.3465043755	0.3462449735
	0.3458125855	0.3452071519	0.3444285979	0.3434768341	0.3423517556
	0.3410532415	0.3395811525	0.3379353297	0.3361155923	0.3341217351
	0.3319535261	0.3296107027	0.3270929681	0.3243999863	0.3215313756
	0.3184867011	0.3152654647	0.3118670924	0.3082909178	0.3045361614
	0.3006019026	0.2964870428	0.2921902573	0.2877099296	0.2830440628
	0.2781901589	0.2731450524	0.2679046793	0.262463753	0.2568153072
	0.2509500417	0.2448553769	0.2385140656	0.2319021078	0.2249855176
	0.2177150576	0.2100170289	0.2017755897	0.1927952385	0.1827153621
	0.1708213233	0.1557558236	0.1358615543	0.1126019661	0.0952618354
	0.09464752395	0.1118638401	0.1369089163	0.1585375675	0.1746771697
	0.1874206299	0.1983162912	0.2081070578	0.2171554767	0.2256578363
	0.2337309471	0.2414493257	0.2488628062	0.2560057915	0.2629025705
	0.2695705928	0.2760225815	0.282267942	0.2883137197	0.2941652637
	0.2998266895	0.3053012074	0.3105913558	0.3156991699	0.3206263032
	0.3253741171	0.3299437467	0.3343361498	0.3385521434	0.3425924319
	0.3464576283	0.3501482701	0.3536648324	0.3570077378	0.3601773639
	0.3631740498	0.3659981009	0.3686497929	0.3711293751	0.3734370729
	0.3755730901	0.3775376101	0.3793307982	0.3809528015	0.3824037508
	0.3836837601	0.3847929277	0.3857313356	0.3864990497	0.38709612
	0.3875225807	0.3877784521	0.3878637425	0.3465880101	0.3465015274
	0.3462420546	0.3458095394	0.3452039111	0.3444250822	0.3434729497
	0.3423473941	0.3410482774	0.3395754409	0.3379287023	0.336107853
	0.3341126545	0.3319428348	0.3295980838	0.327078048	0.3243823237
	0.3215104492	0.3184618945	0.3152360492	0.3118322064	0.3082495436
	0.3044870968	0.3005437292	0.2964180888	0.2921085544	0.2876131638
	0.2829295179	0.278054652	0.2729848604	0.2677154542	0.2622404246
	0.2565519668	0.2506397989	0.2444901719	0.2380844013	0.2313966332
	0.2243903184	0.2170123413	0.2091824833	0.2007726069	0.1915611194
	0.1811257449	0.1685968262	0.1522551826	0.1299141224	0.1033199536
	0.08370601816	0.08294129615	0.1024489271	0.1313047256	0.1554697797
	0.1726970831	0.1859508108	0.1971492938	0.2071480345	0.2163527697
	0.2249795249	0.2331550607	0.2409594223	0.2484458427	0.2556510259
	0.262600955	0.2693144106	0.2758052111	0.2820836885	0.2881576853
	0.2940332406	0.2997150694	0.3052069021	0.3105117276	0.3156319699
	0.3205696177	0.3253263201	0.3299034585	0.3343022012	0.3385235448
	0.3425683463	0.3464373483	0.3501311985	0.3536504653	0.3569956502
	0.3601671975	0.3631655029	0.3659909194	0.3686437632	0.3711243175
	0.3734328365	0.3755695483	0.3775346569	0.3793283447	0.3809507734
	0.3824020856	0.3836824052	0.384791838	0.3857304714	0.386498374
	0.3870955963	0.3875221702	0.3877781123	0.3878634267	0.3465852378
	0.3464987356	0.3462392001	0.3458065694	0.3452007599	0.3444216714
	0.3434691874	0.3423431741	0.3410434776	0.3395699207	0.3379222988
	0.3361003768	0.3341038843	0.331932511	0.3295859012	0.327063647
	0.3243652802	0.3214902626	0.3184379739	0.3152076969	0.3117985993
	0.3082097113	0.3044398966	0.3004878174	0.2963518882	0.2920302177
	0.2875205329	0.28282008	0.277925492	0.2728326114	0.2675362484
	0.2620298457	0.2563050089	0.2503508341	0.2441529301	0.2376919617
	0.2309414172	0.2238640481	0.2164058665	0.2084852192	0.1999708961
	0.1906336335	0.1800307717	0.1672391762	0.15042055	0.1272548
	0.09970742056	0.07951912436	0.07838183239	0.09849019989	0.1289371109
	0.1540298973	0.1715574958	0.1849676815	0.1962883386	0.206391037
	0.2156879844	0.2243978298	0.2326482823	0.2405198332	0.248066086
	0.2553241633	0.2623205348	0.2690745187	0.2756004962	0.2819093633
	0.2880095089	0.2939074866	0.2996084865	0.3051166695	0.3104354105
	0.3155674751	0.3205151517	0.3252803507	0.3298646801	0.3342695032
	0.3384959844	0.3425451243	0.3464177879	0.3501147274	0.3536365998
	0.3569839819	0.3601573819	0.3631572496	0.3659839838	0.3686379393
	0.3711194321	0.3734287443	0.3755661271	0.3775318045	0.3793259755
	0.3809488159	0.3824004802	0.3836811018	0.3847907939	0.3857296495
	0.3864977401	0.3870951161	0.3875218067	0.3877778227	0.3878631627
	0.3465825329	0.3464960157	0.3462364295	0.3458036993	0.3451977273
	0.3444183992	0.3434655858	0.3423391401	0.3410388935	0.3395646514
	0.3379161886	0.3360932449	0.3340955196	0.3319226664	0.3295742864
	0.3270499204	0.3243490392	0.3214710324	0.3184151949	0.3151807094
	0.3117666266	0.3081718397	0.3043950533	0.3004347452	0.2962891179
	0.2919560377	0.2874329577	0.2827168172	0.2778039123	0.2726897224
	0.2673686793	0.2618338497	0.2560764945	0.2500854426	0.2438461834
	0.2373395157	0.2305394741	0.2234100107	0.2158993765	0.2079298552
	0.199377172	0.19002509	0.1794588546	0.1668249788	0.1504639671
	0.1283759863	0.1025008391	0.08340068433	0.08194655146	0.1010845894
	0.1302622644	0.1542702585	0.1712681821	0.1844829281	0.1957411028
	0.2058408364	0.2151646665	0.2239158271	0.2322134723	0.240133263
	0.2477260798	0.255027567	0.2620634762	0.2688528772	0.2754101903
	0.2817465202	0.2878705557	0.293789193	0.2995079739	0.3050314017
	0.3103631717	0.3155063427	0.3204634666	0.3252366874	0.3298278183
	0.3342384012	0.3384697551	0.3425230139	0.3463991569	0.350099034
	0.3536233855	0.3569728591	0.3601480236	0.3631493796	0.3659773694
	0.3686323846	0.3711147724	0.3734248409	0.3755628639	0.3775290842
	0.3793237168	0.3809469512	0.382398953	0.3836798653	0.384789809
	0.3857288825	0.3864971605	0.3870946932	0.3875215057	0.3877776011
	0.387862969	0.3465799064	0.3464933808	0.3462337605	0.3458009525
	0.3451948413	0.3444152985	0.3434621828	0.3423353354	0.3410345747
	0.3395596903	0.3379104381	0.3360865345	0.334087651	0.3319134075
	0.3295633648	0.3270370158	0.3243337745	0.3214529637	0.3183937992
	0.3151553714	0.311736623	0.3081363219	0.3043530275	0.300385051
	0.296230405	0.2918867422	0.2873512778	0.2826206928	0.2776910089
	0.272557428	0.2672141193	0.2616539347	0.2558680188	0.2498452625
	0.2435715196	0.2370284489	0.2301917469	0.2230283276	0.2154915632
	0.2075126291	0.1989833233	0.1897189474	0.1793743145	0.1672660767
	0.152139901	0.1326398315	0.1105414185	0.09419846271	0.09294207117
	0.1096465204	0.1347770247	0.155960808	0.1717589199	0.1844681176
	0.1954914405	0.2054883055	0.2147781434	0.2235315675	0.2318503107
	0.2398003433	0.2474269829	0.254762655	0.2618312872	0.26865098
	0.2752357116	0.2815964672	0.2877420088	0.293679414	0.2994144611
	0.3049519106	0.3102957155	0.3154491806	0.3204150847	0.3251957775
	0.3297932549	0.3342092203	0.3384451332	0.3425022496	0.3463816538
	0.3500842862	0.3536109643	0.3569624019	0.3601392237	0.3631419782
	0.3659711482	0.3686271597	0.371110389	0.373421169	0.3755597944
	0.3775265259	0.3793215936	0.3809451997	0.3823975212	0.3836787103
	0.3847888956	0.3857281815	0.3864966464	0.3870943402	0.387521283
	0.3877774665	0.3878628664	0.3465773644	0.3464908403	0.3462312091
	0.3457983512	0.3451921296	0.3444124014	0.3434590147	0.3423318012
	0.341030568	0.3395550912	0.3379051095	0.3360803183	0.3340803635
	0.331904834	0.3295532537	0.3270250714	0.3243196491	0.3214362481
	0.3183740122	0.3151319478	0.3117088996	0.308103522	0.3043142443
	0.3003392294	0.2961763226	0.291822991	0.2872762481	0.2825325616
	0.2775877386	0.2724367807	0.2670736992	0.2614912737	0.2556807315
	0.2496313091	0.2433296378	0.2367588518	0.2298972463	0.2227161605
	0.2151764386	0.2072220673	0.1987677742	0.1896731082	0.1796871984
	0.1683444557	0.15487261	0.1386359494	0.1212699964	0.1087927041
	0.1081751956	0.1213834147	0.1410372127	0.1586807578	0.1728968873
	0.1848538341	0.1954994422	0.2053111063	0.2145161022	0.2232384587
	0.2315555393	0.2395197859	0.2471686667	0.2545299615	0.2616248565
	0.2684698781	0.2750781551	0.2814602732	0.2876248709	0.293579066
	0.2993287699	0.3048789237	0.3102336798	0.3153965434	0.3203704854
	0.3251580331	0.3297613432	0.3341822621	0.3384223757	0.3424830497
	0.3463654641	0.3500706412	0.3535994693	0.3569527224	0.360131077
	0.3631351253	0.3659653875	0.3686223212	0.3711063296	0.3734177685
	0.3755569521	0.3775241574	0.3793196288	0.3809435807	0.3823962004
	0.3836776495	0.3847880644	0.385727556	0.3864962072	0.3870940686
	0.3875211539	0.3877774395	0.3878628781	0.3465749057	0.3464883988
	0.3462287895	0.3457959177	0.3451896198	0.3444097393	0.3434561166
	0.3423285764	0.3410269175	0.3395509043	0.3379002608	0.3360746637
	0.3340737358	0.3318970382	0.3295440614	0.3270142145	0.3243068126
	0.3214210618	0.3183560413	0.3151106819	0.311683741	0.3080737723
	0.3042790905	0.3002977282	0.2961273864	0.2917653739	0.2872085362
	0.2824531701	0.2774949208	0.2723286577	0.2669483222	0.261346739
	0.2555153775	0.2494440415	0.2431204561	0.2365296923	0.2296533316
	0.2224681815	0.2149441649	0.2070405719	0.198698887	0.1898283823
	0.1802780286	0.1697941363	0.1580284475	0.1449162132	0.1319458192
	0.1231928248	0.1231671959	0.1328634961	0.1475361369	0.1619350637
	0.1744609552	0.185523283	0.1957037431	0.20527609	0.2143600549
	0.2230261029	0.2313234501	0.2392886773	0.2469498963	0.25432925
	0.2614445234	0.2683102224	0.2749383188	0.2813387823	0.2875199715
	0.2934889299	0.2992516155	0.3048130834	0.3101776332	0.3153489296
	0.3203301022	0.3251238289	0.3297324053	0.3341578027	0.3384017182
	0.342465615	0.3463507582	0.3500582436	0.3535890229	0.3569439245
	0.3601236712	0.3631288949	0.3659601496	0.3686179215	0.3711026383
	0.3734146764	0.3755543678	0.3775220045	0.3793178438	0.3809421116
	0.3823950048	0.3836766941	0.3847873241	0.3857270131	0.3864958499
	0.3870938874	0.3875211335	0.3877775433	0.3878630328	0.3465725175
	0.3464860545	0.3462265149	0.3457936748	0.3451873397	0.3444073428
	0.3434535215	0.3423256974	0.3410236636	0.3395471756	0.3378959449
	0.336069632	0.3340678394	0.3318901038	0.3295358862	0.3270045607
	0.3242954009	0.3214075643	0.3183400732	0.3150917924	0.3116614029
	0.3080473708	0.3042479114	0.3002609461	0.2960840529	0.2917144088
	0.2871487227	0.2823831579	0.2774132434	0.272233772	0.2668386844
	0.2612209375	0.2553723549	0.2492834562	0.2429432613	0.2363390567
	0.229456103	0.2222772313	0.2147822062	0.2069465731	0.1987393705
	0.1901186093	0.1810240077	0.1713752594	0.1611278517	0.1505566519
	0.1409390471	0.1349309829	0.1352236041	0.1423002535	0.1534223719
	0.1652168661	0.1761563838	0.1863297556	0.1960311737	0.2053438508
	0.214287581	0.2228814924	0.2311465655	0.2391028836	0.2467685788
	0.2541596681	0.2612901754	0.2681723248	0.2748167409	0.2812326355
	0.2874279795	0.293409658	0.2991836086	0.3047549465	0.3101280743
	0.3153067796	0.3202943203	0.3250934994	0.3297067298	0.33413609
	0.3383833728	0.3424501265	0.3463376902	0.3500472243	0.3535797362
	0.356936102	0.3601170856	0.363123354	0.365955491	0.3686140082
	0.371099355	0.3734119262	0.3755520694	0.3775200903	0.3793162577
	0.3809408077	0.3823939465	0.3836758533	0.3847866812	0.3857265571
	0.3864955779	0.3870938024	0.3875212349	0.3877778048	0.3878633677
	0.3465701677	0.3464837977	0.3462243991	0.3457916478	0.3451853183
	0.3444052421	0.3434512608	0.3423231976	0.341020843	0.3395439464
	0.3378922089	0.3360652776	0.3340627378	0.3318841051	0.3295288153
	0.3269962121	0.324285534	0.3213958965	0.3183262733	0.3150754727
	0.3116421106	0.3080245792	0.3042210097	0.3002292303	0.2960467177
	0.2916705414	0.2870973019	0.2823230618	0.2773432711	0.2721526883
	0.2667453017	0.2611142546	0.2552517861	0.2491492005	0.242796889
	0.2361844369	0.229300866	0.2221350827	0.214676625	0.2069168284
	0.1988505882	0.190479208	0.1818165215	0.172907864	0.1638955555
	0.1552070677	0.1478851913	0.1436530639	0.1441135058	0.1495391635
	0.1582950213	0.1680879706	0.1777213825	0.187141525	0.1964117676
	0.2054743707	0.2142749161	0.222790379	0.2310164256	0.2389575246
	0.2466220568	0.2540199311	0.2611613629	0.2680562305	0.274713745
	0.2811422991	0.2873494198	0.2933417827	0.2991252599	0.3047049861
	0.3100854314	0.3152704747	0.3202634751	0.325067337	0.3296845699
	0.334117342	0.3383675267	0.3424367441	0.3463263965	0.3500376992
	0.3535717074	0.3569293382	0.3601113907	0.3631185622	0.3659514619
	0.3686106236	0.3710965153	0.3734095477	0.375550082	0.3775184355
	0.3793148874	0.3809396826	0.3823930358	0.3836751343	0.3847861399
	0.385726189	0.3864953901	0.3870938136	0.3875214681	0.387778256
	0.3878639368	0.3465677877	0.3464816109	0.3462224612	0.3457898672
	0.3451835867	0.3444034668	0.3434493634	0.3423211067	0.341018488
	0.3395412525	0.3378890938	0.3360616478	0.3340584859	0.3318791063
	0.3295229238	0.3269892572	0.3242773155	0.3213861798	0.3183147835
	0.3150618885	0.3116260573	0.3080056211	0.304198643	0.300202876
	0.2960157152	0.2916341457	0.2870546848	0.2822733216	0.2772854558
	0.272085841	0.2666685397	0.261026903	0.2551535955	0.2490406954
	0.2426799184	0.2360630389	0.229182621	0.2220332273	0.2146133618
	0.206928532	0.1989960506	0.1908527371	0.1825682244	0.1742710919
	0.1662053495	0.158842675	0.153021405	0.1498948414	0.1504528931
	0.1548392095	0.1619867592	0.1703379236	0.1790229472	0.1878730965
	0.1967892782	0.2056315084	0.2142992692	0.2227386008	0.2309243874
	0.238847468	0.2465074184	0.253908519	0.2610574255	0.2679617971
	0.2746294899	0.2810680953	0.2872846916	0.2932857277	0.2990769861
	0.3046635944	0.310050063	0.3152403367	0.3202378513	0.3250455908
	0.3296661423	0.3341017457	0.3383543405	0.3424256052	0.3463169942
	0.3500297681	0.3535650212	0.356923705	0.3601066474	0.3631145707
	0.3659481057	0.3686078043	0.3710941498	0.3734075665	0.3755484267
	0.3775170577	0.3793137471	0.3809387475	0.382392281	0.3836745423
	0.3847857015	0.3857259061	0.3864952796	0.3870939128	0.3875218343
	0.3877789336	0.3878648267	0.3465652357	0.3464794735	0.3462207348
	0.3457883728	0.3451821789	0.3444020457	0.3434478556	0.3423194507
	0.3410166258	0.3395391241	0.3378866336	0.336058782	0.3340551295
	0.3318751608	0.3295182743	0.3269837692	0.3242708314	0.3213785149
	0.3183057217	0.3150511772	0.3116134024	0.3079906811	0.3041810237
	0.300182125	0.2959913184	0.2916055251	0.2870212015	0.2822342856
	0.2772401478	0.2720335527	0.2666086442	0.260958972	0.2550775884
	0.2489572604	0.242590867	0.2359720869	0.2290965385	0.2219636148
	0.2145793771	0.2069610423	0.199143868	0.1911916877	0.1832132618
	0.1753884586	0.1680106477	0.1615469948	0.1566812231	0.1542269884
	0.1548229506	0.1585238536	0.1645972377	0.1719879836	0.1800356257
	0.1884788386	0.1971223864	0.2057851696	0.2143404948	0.2227132067
	0.2308623569	0.2387678027	0.2464218022	0.2538238714	0.2609776161
	0.2678887752	0.2745640204	0.2810102336	0.2872340881	0.2932418192
	0.2990391161	0.3046310856	0.3100222596	0.3152166278	0.320217682
	0.3250284659	0.3296516252	0.3340894555	0.3383439469	0.3424168237
	0.3463095806	0.3500235137	0.3535597482	0.356919262	0.3601029061
	0.3631114224	0.3659454585	0.3686055805	0.3710922841	0.373406004
	0.3755471215	0.3775159715	0.3793128486	0.3809380116	0.3823916886
	0.3836740806	0.3847853656	0.3857257024	0.3864952328	0.3870940787
	0.3875223174	0.3877798741	0.3878661933	0.3465622071	0.3464773868
	0.3462192856	0.3457872179	0.3451811316	0.3444010057	0.3434467597
	0.3423182509	0.3410152786	0.3395375853	0.3378848556	0.3360567112
	0.3340527047	0.3318723108	0.3295149161	0.3269798059	0.3242661493
	0.321372981	0.3182991804	0.3150434467	0.3116042711	0.3079799037
	0.3041683174	0.3001671658	0.2959737388	0.2915849134	0.2869971045
	0.2822062171	0.277207606	0.2719960522	0.2665657713	0.2609104753
	0.2550235252	0.248898229	0.2425283711	0.2359091018	0.229038385
	0.221919295	0.2145635911	0.206997176	0.199268273	0.1914594195
	0.1837046294	0.176213088	0.1692992121	0.1634111766	0.1591276619
	0.1570646936	0.1576622544	0.1609260952	0.1663299694	0.1731246961
	0.1807644492	0.1889317879	0.1973812736	0.2059118427	0.2143821396
	0.2227033229	0.2308234049	0.2387142535	0.246362671	0.2537645674
	0.2609212177	0.2678368823	0.2745173144	0.2809688413	0.2871978148
	0.2932102974	0.299011898	0.3046076998	0.3100022448	0.3151995512
	0.3202031486	0.325016122	0.3296411582	0.3340805923	0.3383364502
	0.342410489	0.3463042322	0.3500190014	0.3535559438	0.3569160564
	0.3601002068	0.363109151	0.3659435486	0.3686039762	0.3710909383
	0.373404877	0.3755461802	0.3775151885	0.3793122013	0.380937482
	0.3823912632	0.3836737509	0.3847851297	0.3857255688	0.386495229
	0.3870942731	0.3875228658	0.387781089	0.3878683497	0.3465580098
	0.3464754624	0.3462182398	0.3457864709	0.3451804817	0.3444003698
	0.3434460936	0.3423175233	0.3410144623	0.3395366535	0.3378837793
	0.336055458	0.3340512374	0.3318705865	0.3295128847	0.3269774089
	0.324263318	0.3213696352	0.3182952261	0.3150387744	0.3115987532
	0.3079733926	0.3041606428	0.300158133	0.2959631272	0.2915724766
	0.2869825719	0.2821892998	0.2771880079	0.2719734908	0.2665400123
	0.2608813906	0.254991185	0.2488630484	0.2424913386	0.2358721346
	0.2290048737	0.2218949302	0.2145575967	0.207024099	0.1993504594
	0.1916301255	0.1840110965	0.1767172736	0.1700706293	0.1645030219
	0.1605327705	0.1586725737	0.1592617786	0.1622851833	0.1673279177
	0.1737980995	0.1812072102	0.1892123556	0.1975450336	0.205994636
	0.2144120732	0.2227007741	0.2308022457	0.2386835198	0.2463280407
	0.2537294763	0.2608876418	0.267805867	0.2744893245	0.2809439888
	0.2871760058	0.2931913259	0.2989955041	0.3045936061	0.3099901773
	0.3151892517	0.3201943808	0.3250086736	0.3296348416	0.334075243
	0.3383319255	0.3424066656	0.3463010041	0.350016278	0.3535536478
	0.356914122	0.3600985781	0.3631077807	0.3659423967	0.3686030088
	0.3710901269	0.3734041978	0.3755456131	0.3775147169	0.3793118116
	0.3809371635	0.3823910078	0.3836735539	0.3847849908	0.385725495
	0.3864952434	0.3870944386	0.3875233647	0.3877824773	0.3878719877
	0.3465509741	0.3464742124	0.3462178103	0.3457862061	0.3451802595
	0.3444001545	0.3434458686	0.3423172778	0.3410141871	0.3395363394
	0.3378834167	0.3360550359	0.3340507435	0.3318700064	0.3295122017
	0.3269766033	0.324262367	0.3213685119	0.3182938991	0.315037207
	0.3115969029	0.30797121	0.3041580711	0.3001551074	0.295959574
	0.2915683138	0.2869777096	0.282183642	0.2771814569	0.2719659537
	0.2665314137	0.2608716914	0.2549804147	0.2488513547	0.2424790655
	0.2358599428	0.228993925	0.2218871662	0.2145561507	0.207033887
	0.1993789823	0.1916884426	0.1841147109	0.1768861361	0.1703265049
	0.1648616972	0.1609905238	0.1591934773	0.1597791078	0.1627267972
	0.167656361	0.1740231484	0.1813565344	0.1893074841	0.1976009863
	0.2060233332	0.2144228707	0.2227004974	0.2307955748	0.2386735215
	0.2463166512	0.2537178723	0.2608765038	0.267795558	0.2744800088
	0.2809357099	0.2871687364	0.2931849997	0.298990036	0.3045889045
	0.3099861515	0.3151858158	0.3201914561	0.3250061895	0.3296327355
	0.3340734599	0.3383304178	0.3424053922	0.3462999295	0.350015372
	0.3535528844	0.3569134793	0.3600980375	0.3631073262	0.365942015
	0.3686026886	0.3710898587	0.3734039735	0.3755454261	0.3775145616
	0.3793116835	0.380937059	0.3823909243	0.3836734898	0.3847849462
	0.3857254727	0.3864952526	0.3870945085	0.3875236099	0.3877835393
	0.38787876	