3131	
	0.3092052461	0.3091081415	0.308843321	0.3084062599	0.3077960729
	0.3070125659	0.3060557622	0.3049257991	0.3036229019	0.3021473815
	0.3004996404	0.2986801872	0.2966896536	0.2945288183	0.2921986357
	0.2897002707	0.287035142	0.2842049737	0.2812118589	0.2780583369
	0.2747474876	0.2712830467	0.2676695474	0.2639124961	0.2600185873
	0.2559959725	0.2518545928	0.2476065933	0.243266839	0.2388535562
	0.2343891259	0.2299010589	0.2254231774	0.2209970198	0.2166734576
	0.2125144653	0.2085948942	0.2050039614	0.2018459574	0.1992394071
	0.1973136421	0.1962015835	0.196027753	0.1968914714	0.1988471659
	0.2018864911	0.2059293471	0.2108304466	0.2164027846	0.2224508001
	0.2288005988	0.2353173866	0.2419083966	0.2485159916	0.2551071036
	0.2616633561	0.2681737684	0.2746302281	0.2810251372	0.2873504767
	0.2935976587	0.2997577382	0.3058217322	0.3117809203	0.3176270744
	0.3233526101	0.3289506664	0.3344151311	0.3397406269	0.3449224717
	0.3499566248	0.3548396249	0.3595685266	0.3641408388	0.3685544662
	0.3728076555	0.3768989478	0.3808271354	0.384591224	0.3881904002
	0.3916240028	0.3948914982	0.3979924595	0.4009265483	0.4036934993
	0.4062931073	0.4087252158	0.4109897077	0.4130864968	0.4150155213
	0.4167767373	0.4183701138	0.4197956274	0.4210532572	0.4221429793
	0.4230647582	0.4238185315	0.4244041759	0.4248214001	0.4250692858
	0.4251434603	0.3091979559	0.309106722	0.3088427274	0.308405822
	0.3077956616	0.3070121392	0.306055297	0.3049252771	0.3036223054
	0.3021466912	0.3004988351	0.298679242	0.2966885394	0.2945275009
	0.2921970742	0.2896984167	0.2870329372	0.2842023484	0.2812087293
	0.2780546018	0.2747430247	0.2712777076	0.2676631518	0.2639048239
	0.2600093695	0.255984879	0.2518412174	0.2475904352	0.24324728
	0.2388298324	0.2343602947	0.229865961	0.2253803957	0.2209448407
	0.2166098427	0.2124370502	0.2085010404	0.2048908988	0.2017110672
	0.1990806962	0.1971304404	0.1959954278	0.1958032876	0.1966570036
	0.1986143522	0.2016686888	0.205738689	0.2106746422	0.2162832941
	0.2223634254	0.2287379408	0.2352715938	0.2418729853	0.2484864873
	0.2550808726	0.2616391025	0.2681510127	0.2746089066	0.2810053453
	0.2873323284	0.2935812241	0.2997430258	0.305808694	0.311769465
	0.3176170828	0.323343948	0.3289431948	0.3344087134	0.3397351335
	0.3449177833	0.3499526331	0.3548362332	0.3595656497	0.3641384021
	0.3685524048	0.3728059135	0.376897477	0.3808258946	0.384590178
	0.388189519	0.3916232608	0.3948908739	0.3979919346	0.4009261072
	0.4036931291	0.4062927968	0.4087249558	0.4109894904	0.4130863157
	0.415015371	0.4167766134	0.4183700128	0.4197955468	0.4210531955
	0.4221429366	0.4230647373	0.4238185416	0.4244042456	0.4248216426
	0.4250703332	0.4251501349	0.3091932514	0.309104318	0.3088411949
	0.3084045583	0.3077944464	0.3070108716	0.3060539128	0.304923723
	0.3036205287	0.3021446352	0.3004964357	0.2986764251	0.2966852183
	0.294523573	0.292192418	0.2896928868	0.28702636	0.2841945157
	0.2811993904	0.2780434549	0.2747297044	0.2712617711	0.2676440609
	0.263881922	0.2599818536	0.2559517641	0.2518012919	0.2475422053
	0.2431889009	0.2387590247	0.2342742446	0.229761205	0.2252526972
	0.2207890687	0.216419882	0.2122057883	0.2082205086	0.2045526817
	0.2013071308	0.1986047994	0.196580239	0.1953751881	0.1951267238
	0.1959491526	0.1979108214	0.2010106994	0.2051639127	0.2102069412
	0.21592681	0.2221045625	0.2285533755	0.2351370213	0.2417686923
	0.2483991243	0.2550027533	0.2615665599	0.2680827781	0.2745448983
	0.28094591	0.2872778358	0.2935318933	0.299698882	0.3057695885
	0.311735119	0.3175871338	0.3233179896	0.3289208073	0.3343894854
	0.3397186759	0.344903737	0.3499406732	0.35482607	0.3595570276
	0.3641310975	0.3685462237	0.3728006883	0.3768930636	0.3808221696
	0.3845870361	0.3881868705	0.3916210295	0.394888995	0.3979903534
	0.4009247775	0.4036920116	0.4062918587	0.4087241692	0.4109888321
	0.4130857663	0.4150149143	0.4167762363	0.4183697049	0.4197953002
	0.4210530058	0.4221428036	0.423064668	0.4238185588	0.4244044116
	0.4248221369	0.4250717038	0.4251537224	0.3091894426	0.3091014542
	0.3088389447	0.3084025495	0.3077924644	0.3070087864	0.3060516292
	0.304921156	0.3036175928	0.302141237	0.3004924694	0.2986717684
	0.2966797279	0.2945170795	0.29218472	0.2896837446	0.2870154868
	0.2841815672	0.2811839531	0.2780250299	0.2747076889	0.2712354346
	0.2676125152	0.2638440846	0.2599364006	0.255897072	0.251735364
	0.2474625799	0.2430925375	0.238642165	0.2341322453	0.2295883446
	0.225041963	0.2205319454	0.2161061816	0.2118235967	0.2077563734
	0.2039922314	0.2006363855	0.1978124754	0.1956612879	0.194335523
	0.1939884192	0.1947542951	0.1967209596	0.1998985839	0.2041968256
	0.2094271614	0.2153402033	0.2216847664	0.2282575479	0.2349221752
	0.2416012399	0.2482572029	0.254874347	0.2614463204	0.2679691531
	0.2744381014	0.2808467055	0.2871869219	0.2934496578	0.2996253609
	0.3057045173	0.3116780146	0.317537376	0.3232748885	0.3288836547
	0.3343575899	0.3396913855	0.3448804517	0.3499208513	0.3548092289
	0.3595427421	0.3641189962	0.3685359842	0.3727920326	0.3768857527
	0.380815999	0.3845818312	0.3881824826	0.3916173324	0.3948858816
	0.3979877329	0.4009225733	0.4036901589	0.406290303	0.4087228646
	0.41098774	0.4130848545	0.4150141561	0.4167756099	0.4183691928
	0.4197948894	0.4210526883	0.4221425775	0.4230645419	0.4238185601
	0.4244046077	0.4248226816	0.4250729051	0.4251558515	0.3091858352
	0.3090982522	0.3088361135	0.3083998746	0.3077897632	0.3070059188
	0.3060484772	0.3049176077	0.3036135317	0.3021365351	0.300486981
	0.2986653244	0.2966721302	0.2945080938	0.2921740684	0.2896710954
	0.2870004435	0.2841636547	0.2811626	0.2779995479	0.2746772462
	0.2711990235	0.2675689117	0.263791797	0.2598736059	0.2558215349
	0.2516443363	0.2473526738	0.2429595679	0.2384809558	0.2339363949
	0.2293499509	0.2247513151	0.2201772053	0.2156731068	0.2112953998
	0.207113885	0.2032146299	0.1997028739	0.1967053829	0.1943710542
	0.1928677078	0.1923719775	0.1930486369	0.1950169608	0.1983073095
	0.2028230425	0.2083359887	0.2145371844	0.2211240253	0.2278698831
	0.2346420314	0.2413803392	0.2480661001	0.2546981248	0.2612792018
	0.2678101729	0.2742882841	0.280707495	0.2870594511	0.2933345061
	0.2995225594	0.3056136569	0.3115983786	0.3174680614	0.3232149037
	0.3288319899	0.3343132655	0.3396534819	0.344848126	0.3498933442
	0.3547858656	0.3595229293	0.3641022161	0.3685217883	0.3727800339
	0.3768756194	0.3808074468	0.3845746177	0.3881764017	0.3916122088
	0.3948815668	0.3979841013	0.4009195184	0.4036875911	0.4062881466
	0.4087210561	0.4109862258	0.4130835901	0.4150131044	0.4167747404
	0.4183684813	0.4197943174	0.4210522434	0.4221422553	0.423064349
	0.423818521	0.4244047776	0.4248231636	0.4250738377	0.4251572039
	0.3091821312	0.3090947249	0.3088327799	0.3083966005	0.3077863942
	0.3070023119	0.3060444978	0.3049131207	0.3036083926	0.3021305831
	0.3004800324	0.2986571658	0.296662511	0.2944967181	0.2921605845
	0.2896550843	0.2869814045	0.2841409875	0.2811355836	0.2779673136
	0.2746387455	0.2711529867	0.2675137973	0.2637257277	0.2597942886
	0.2557261601	0.2515294509	0.2472140214	0.2427918901	0.2382777444
	0.2336895909	0.2290495847	0.2243850938	0.2197300692	0.2151268083
	0.2106282139	0.2063006471	0.2022274311	0.1985129173	0.1952866956
	0.1927068492	0.190959959	0.1902537654	0.1907964142	0.1927557417
	0.1961975666	0.2010207738	0.2069369841	0.213542581	0.2204560873
	0.2274214415	0.2343192638	0.241119867	0.2478330011	0.2544770813
	0.2610659751	0.267605648	0.274094995	0.2805278937	0.2868952215
	0.2931864293	0.2993906274	0.3054972692	0.3114965409	0.317379553
	0.3231384048	0.3287661716	0.3342568489	0.3396052738	0.3448070378
	0.349858399	0.3547561976	0.3594977788	0.3640809218	0.3685037777
	0.3727648141	0.3768627676	0.3807966017	0.3845654713	0.3881686918
	0.3916057131	0.3948760968	0.3979794973	0.4009156457	0.4036843359
	0.4062854129	0.4087187631	0.410984306	0.4130819866	0.4150117703
	0.4167736369	0.4183675771	0.4197935885	0.4210516729	0.4221418346
	0.4230640802	0.423818421	0.4244048835	0.4248235321	0.4250745127
	0.425158088	0.3091782009	0.3090908657	0.3088289932	0.3083927838
	0.3077824098	0.3069980151	0.3060397408	0.3049077479	0.3036022342
	0.3021234482	0.3004717018	0.2986473844	0.2966509789	0.2944830811
	0.2921444219	0.289635895	0.2869585897	0.28411383	0.2811032221
	0.2779287116	0.2745926523	0.2710978892	0.2674478599	0.2636467171
	0.259699479	0.2556122139	0.2513922682	0.247048551	0.2425918902
	0.2380354859	0.2333954891	0.2286917535	0.2239488206	0.2191972257
	0.2144752454	0.2098312478	0.2053268471	0.2010410834	0.1970757854
	0.1935620173	0.1906668261	0.188598051	0.1876022873	0.1879470157
	0.1898736186	0.1935100158	0.1987586337	0.2052404669	0.2124003395
	0.2197361874	0.226959679	0.2339860789	0.240838001	0.2475664136
	0.2542141997	0.2608069742	0.2673549352	0.2738574523	0.2803073288
	0.2866939621	0.2930054346	0.2992297852	0.3053557176	0.3113729477
	0.3172723333	0.323045878	0.3286866679	0.3341887771	0.33954716
	0.3447575451	0.3498163328	0.3547205032	0.3594675331	0.3640553229
	0.3684821329	0.372746528	0.3768473298	0.3807835767	0.3845544879
	0.3881594346	0.3915979145	0.39486953	0.3979739706	0.4009109969
	0.4036804283	0.4062821314	0.4087160107	0.4109820012	0.4130800615
	0.4150101681	0.4167723108	0.4183664892	0.4197927089	0.4210509799
	0.4221413147	0.4230637294	0.4238182466	0.4244049043	0.4248237709
	0.425074966	0.4251586574	0.3091739917	0.3090866742	0.3088247908
	0.3083884751	0.3077778632	0.3069930826	0.306034263	0.3049015515
	0.3035951266	0.3021152109	0.3004620828	0.29863609	0.2966376638
	0.294467337	0.2921257643	0.289613747	0.286932262	0.2840824977
	0.2810658954	0.2778842002	0.2745395211	0.2710344038	0.2673719184
	0.2635557646	0.2595904005	0.2554811991	0.2512346404	0.2468585508
	0.2423624024	0.2377576947	0.2330584477	0.2282818519	0.223449142
	0.2185867935	0.213728193	0.2089160004	0.2042055127	0.1996694391
	0.1954045597	0.1915406423	0.188251477	0.1857664212	0.1843775225
	0.1844306136	0.1862773509	0.1901549656	0.1959915503	0.203270706
	0.2111880384	0.2190543259	0.2265559248	0.2336866569	0.2405571139
	0.2472753257	0.2539116747	0.2605015885	0.2670566673	0.2735744285
	0.2800450103	0.2864553428	0.292791569	0.2990403493	0.3051894894
	0.3112281789	0.3171470174	0.3229379344	0.3285940614	0.3341095895
	0.3394796302	0.3447000854	0.3497675321	0.3546791204	0.3594324858
	0.3640256732	0.3684570723	0.3727253624	0.3768294658	0.3807685077
	0.3845417831	0.3881487281	0.3915888959	0.3948619367	0.3979675803
	0.4009056222	0.4036759107	0.4062783376	0.4087128285	0.4109793365
	0.4130778353	0.4150083148	0.416770776	0.4183652284	0.4197916868
	0.4210501692	0.4221406968	0.4230632938	0.4238179909	0.4244048317
	0.4248238814	0.4250752339	0.4251589974	0.3091694908	0.3090821605
	0.3088202079	0.3083837224	0.3077728085	0.3069875729	0.306028128
	0.3048946021	0.3035871498	0.3021059634	0.3004512831	0.2986234091
	0.2966227151	0.2944496634	0.2921048233	0.2895888926	0.2869027237
	0.2840473534	0.2810240399	0.2778343054	0.2744799877	0.270963301
	0.2672869091	0.263454012	0.25946845	0.2553348303	0.2510586789
	0.2466466297	0.242106659	0.2374483848	0.2326834572	0.2278260828
	0.2228937484	0.217908253	0.2128972161	0.2078963296	0.202952762
	0.1981303161	0.1935171696	0.1892372005	0.1854657944	0.1824500841
	0.1805304877	0.1801517514	0.1818291146	0.1859935134	0.1926524343
	0.2010783849	0.2100423715	0.2185572998	0.2263164532	0.2334799186
	0.2403030243	0.2469677954	0.253569839	0.260147649	0.2667084699
	0.2732441554	0.2797399262	0.2861790059	0.2925449594	0.2988227687
	0.3049992246	0.3110629683	0.3170043665	0.3228153192	0.3284890543
	0.3340199314	0.3394032658	0.3446351756	0.3497124515	0.354632446
	0.3593929808	0.363992269	0.3684288501	0.372701535	0.3768093609
	0.3807515527	0.3845274911	0.3881366861	0.3915787538	0.3948533983
	0.3979603954	0.4008995794	0.403670832	0.4062740726	0.4087092512
	0.4109763407	0.4130753323	0.4150062303	0.4167690488	0.4183638078
	0.4197905319	0.4210492479	0.4221399849	0.4230627743	0.4238176527
	0.4244046659	0.4248238731	0.4250753475	0.4251591609	0.3091647073
	0.3090773454	0.3088152813	0.3083785742	0.3077673018	0.3069815482
	0.3060214051	0.3048869778	0.3035783931	0.3020958089	0.300439423
	0.2986094835	0.2966063005	0.2944302591	0.2920818353	0.2895616145
	0.2868703127	0.2840088023	0.2809781423	0.2777796134	0.2744147597
	0.2708854375	0.2671938722	0.2633427256	0.2593351748	0.2551750044
	0.250866718	0.2464156706	0.2418282328	0.2371119978	0.2322760538
	0.2273313562	0.2222912636	0.2171723387	0.2119955924	0.2067884613
	0.2015879997	0.1964460476	0.1914375455	0.1866737002	0.1823222972
	0.1786378653	0.1760036544	0.1749804196	0.1763214904	0.180802436
	0.1886333953	0.1987590629	0.2092007871	0.2184828475	0.2263972045
	0.2334415368	0.2401028306	0.2466486801	0.2531857573	0.2597407539
	0.2663067149	0.2728642836	0.2793908843	0.2858646293	0.2922658725
	0.298577673	0.304785751	0.3108782291	0.3168453044	0.3226789209
	0.328372474	0.3339205554	0.3393187404	0.3445634112	0.3496516124
	0.3545809329	0.3593494094	0.363955447	0.3683977548	0.3726752921
	0.3767872251	0.38073289	0.3845117633	0.3881234367	0.3915675966
	0.3948440066	0.3979524933	0.400892934	0.403665247	0.4062693828
	0.4087053175	0.4109730464	0.4130725795	0.4150039374	0.4167671476
	0.4183622423	0.4197892561	0.4210482248	0.4221391851	0.4230621749
	0.4238172352	0.4244044121	0.4248237589	0.4250753333	0.4251591848
	0.3091596643	0.3090722582	0.3088100511	0.3083730809	0.3077614015
	0.3069750747	0.3060141688	0.3048787631	0.3035689536	0.3020848603
	0.3004266346	0.2985944685	0.2965886034	0.2944093417	0.2920570596
	0.2895322215	0.2868353982	0.2839672865	0.2809287333	0.2777207626
	0.2743446068	0.2708017434	0.2670939349	0.2632232764	0.2591922469
	0.2550037688	0.2506612738	0.2461687783	0.2415309712	0.236753321
	0.2318422164	0.2268051648	0.2216510987	0.2163908802	0.2110381631
	0.205610901	0.2001339962	0.1946439317	0.1891967853	0.1838819188
	0.1788451203	0.1743277392	0.1707336815	0.1687411521	0.1694374111
	0.1742089306	0.1837400979	0.1964686208	0.2090578005	0.2192044061
	0.2270185738	0.233662202	0.23997995	0.2463161512	0.2527515104
	0.2592736269	0.2658463833	0.2724319386	0.2789966193	0.2855120299
	0.2919547974	0.2983059331	0.3045501264	0.3106750804	0.3166709344
	0.3225297818	0.3282452775	0.3338123236	0.3392268196	0.3444854646
	0.3495856007	0.3545250885	0.3593022085	0.3639155818	0.3683641066
	0.3726469069	0.3767632908	0.380712717	0.3844947668	0.3881091215
	0.391555544	0.3948338627	0.3979439592	0.4008857579	0.4036592165
	0.4062643191	0.4087010702	0.4109694894	0.4130696069	0.4150014607
	0.4167650931	0.4183605487	0.4197878729	0.4210471106	0.4221383059
	0.4230615026	0.4238167451	0.4244040793	0.4248235535	0.4250752141
	0.4251590969	0.3091543942	0.309066935	0.3088045614	0.3083672949
	0.3077551687	0.3069682218	0.3060064981	0.3048700486	0.3035589356
	0.3020732386	0.3004130597	0.2985785308	0.296569821	0.2943871452
	0.292030774	0.289501045	0.2867983759	0.2839232795	0.2808763805
	0.2776584346	0.2742703498	0.2707132091	0.2669882956	0.2630971182
	0.2590414366	0.2548232866	0.2504450004	0.2459092236	0.241218924
	0.2363773941	0.2313882494	0.2262554351	0.220983269	0.2155765838
	0.2100410921	0.2043842109	0.1986167804	0.1927564571	0.1868341537
	0.1809059712	0.1750752931	0.1695354219	0.164659662	0.1612045293
	0.1606932962	0.1655756189	0.1775795252	0.1943884739	0.2101993503
	0.2212631533	0.2284659723	0.2342353242	0.2399442041	0.2459567088
	0.2522523378	0.2587356792	0.2653211378	0.2719439208	0.2785559854
	0.2851213138	0.2916125517	0.2980087324	0.3042936844	0.310454876
	0.3164825556	0.322369106	0.3281085557	0.3336962081	0.3391283594
	0.3444020831	0.349515064	0.354465471	0.3592518574	0.3638730835
	0.3683282554	0.3726166768	0.3767378106	0.3806912478	0.3844766831
	0.3880938941	0.3915427257	0.394823076	0.3979348856	0.4008781288
	0.4036528058	0.4062589365	0.4086965557	0.4109657085	0.413066447
	0.4149988275	0.4167629077	0.4183587456	0.4197863975	0.4210459177
	0.4221373576	0.4230607664	0.4238161915	0.4244036786	0.4248232718
	0.4250750101	0.4251589202	0.3091489359	0.3090614171	0.3087988598
	0.3083612716	0.3077486667	0.306961062	0.3059984758	0.3048609292
	0.3035484491	0.302061072	0.3003988483	0.2985618471	0.2965501621
	0.2943639169	0.2920032725	0.2894684349	0.2867596633	0.2838772801
	0.280821681	0.2775933458	0.2741928491	0.270620871	0.2668782057
	0.2629657661	0.2588845841	0.2546358009	0.2502206436	0.2456403834
	0.2408962662	0.2359894087	0.2309206506	0.2256903568	0.2202981725
	0.2147427517	0.209021521	0.2031306155	0.1970652656	0.1908211493
	0.1843976436	0.1778046908	0.1710770734	0.1643076539	0.1577432515
	0.152096476	0.1493849931	0.1538323024	0.169309027	0.192491862
	0.2132693105	0.2253010507	0.2310378949	0.2352214403	0.2399743936
	0.2455388498	0.2516650814	0.258113045	0.264723726	0.2713970934
	0.2780682458	0.2846930714	0.2912404083	0.2976876454	0.3040180819
	0.310219232	0.316281678	0.3221982668	0.327963535	0.33357329
	0.3390243039	0.3443140849	0.3494407079	0.3544026861	0.3591988742
	0.3638283938	0.3682905769	0.3725849211	0.3767110552	0.3806687118
	0.3844577062	0.3880779184	0.3915292801	0.3948117632	0.3979253708
	0.4008701297	0.4036460848	0.4062532938	0.4086918232	0.4109617451
	0.4130631344	0.4149960664	0.4167606154	0.4183568529	0.4197848466
	0.42104466	0.4221363521	0.4230599771	0.4238155852	0.4244032222
	0.4248229292	0.4250747397	0.4251586747	0.3091433328	0.3090557502
	0.3087929969	0.3083550683	0.3077419611	0.3069536702	0.3059901878
	0.304851504	0.3035376088	0.3020484942	0.300384157	0.2985446018
	0.2965298443	0.2943399146	0.2919748613	0.2894347554	0.2867196943
	0.2838298063	0.280765254	0.2775262373	0.2741129938	0.2705257976
	0.2667649515	0.2628307735	0.2587235708	0.2544435984	0.2499909939
	0.2453656795	0.2405672174	0.2355946025	0.2304459702	0.2251181927
	0.219606335	0.2139029391	0.2079971125	0.2018734126	0.1955105412
	0.1888798706	0.1819437393	0.1746531656	0.1669446027	0.1587412404
	0.150011093	0.1411641095	0.1346256206	0.1373642573	0.1572281515
	0.1898415776	0.2183269961	0.2316939607	0.2348686329	0.23657263
	0.2399924725	0.2450067372	0.2509577974	0.2573894528	0.2640468304
	0.2707889829	0.2775334549	0.2842286107	0.290840233	0.2973447184
	0.3037253442	0.3099700505	0.3160700334	0.3220188101	0.3278115765
	0.3334447564	0.3389156808	0.3442223553	0.3493632913	0.3543373822
	0.3591438113	0.3637819826	0.3682514701	0.372551978	0.3766833109
	0.380645351	0.3844380404	0.3880613668	0.3915153528	0.3948000473
	0.3979155182	0.4008618477	0.4036391268	0.4062474524	0.4086869243
	0.4109576424	0.4130597052	0.414993208	0.4167582417	0.4183548919
	0.4197832379	0.4210433527	0.4221353025	0.4230591468	0.4238149385
	0.4244027236	0.424822541	0.4250744203	0.4251583788	0.3091376319
	0.3090499826	0.3087870253	0.3083487443	0.3077351194	0.3069461235
	0.3059817224	0.3048418748	0.3035265327	0.3020356428	0.3003691473
	0.2985269848	0.296509092	0.294315404	0.2919458554	0.2894003808
	0.2866789144	0.2837813889	0.2807077329	0.277457866	0.2740316897
	0.2704290743	0.2666498372	0.2626937101	0.2585602911	0.2542489729
	0.2497588398	0.2450885177	0.2402359613	0.2351981507	0.2299706639
	0.2245470772	0.218918129	0.2130705584	0.2069854916	0.2006361851
	0.1939847873	0.1869774228	0.1795359602	0.1715424316	0.1628069858
	0.1530064166	0.1416296683	0.1283639263	0.1156935902	0.1143897832
	0.1386689165	0.183510964	0.2234349883	0.2396657762	0.2395583916
	0.2380135498	0.2398355175	0.2442775078	0.250091884	0.2565483083
	0.2632844298	0.270118577	0.2769529082	0.2837302074	0.2904146219
	0.2969825424	0.3034179027	0.309709537	0.3158495818	0.3218324541
	0.3276541727	0.3333118951	0.3388035957	0.3441278396	0.3492836204
	0.3542702453	0.3590872512	0.3637343437	0.3682113531	0.3725182009
	0.3766548764	0.3806214177	0.3844178988	0.388044419	0.3915010951
	0.3947880555	0.3979054353	0.400853373	0.4036320076	0.4062414763
	0.4086819127	0.4109534455	0.4130561973	0.4149902838	0.4167558129
	0.4183528846	0.41978159	0.4210420116	0.422134223	0.4230582887
	0.4238142643	0.4244021964	0.4248221222	0.4250740685	0.4251580498
	0.309131882	0.3090441647	0.3087809997	0.3083423604	0.3077282101
	0.3069385	0.3059731695	0.3048321453	0.3035153413	0.3020226584
	0.3003539837	0.2985091897	0.2964881335	0.294290655	0.2919165748
	0.289365691	0.2866377751	0.2837325651	0.2806497578	0.2773889951
	0.273949848	0.2703317907	0.2665341668	0.2625561399	0.258396625
	0.2540541907	0.2495269225	0.2448122287	0.2399065674	0.2348050604
	0.2295009471	0.223984811	0.2182434797	0.2122584503	0.2060036074
	0.1994418403	0.192519821	0.185159379	0.1772418179	0.1685760617
	0.1588282003	0.1473663755	0.1330036142	0.1142068276	0.0929186035
	0.08449977892	0.1115640397	0.1689646857	0.2236683189	0.246266883
	0.2437339156	0.2389335979	0.2392466252	0.2432486067	0.2490282147
	0.255576188	0.2624336118	0.2693872442	0.2763296081	0.2832013396
	0.2899670185	0.2966043097	0.3030986188	0.3094402076	0.3156225094
	0.3216410836	0.3274929396	0.333176086	0.3386892239	0.3440315364
	0.349202542	0.3542019925	0.3590298007	0.36368599	0.3681706588
	0.3724839555	0.37662606	0.3805971718	0.3843975004	0.3880272596
	0.3914866625	0.3947759188	0.397895232	0.4008447984	0.4036248053
	0.4062354309	0.4086768434	0.4109492004	0.4130526492	0.414987326
	0.4167533561	0.4183508538	0.4197799223	0.4210406535	0.4221331283
	0.4230574164	0.4238135762	0.4244016548	0.4248216882	0.4250737007
	0.4251577043	0.3091261328	0.3090383476	0.3087749749	0.3083359777
	0.3077213024	0.3069308788	0.3059646197	0.3048224201	0.303504156
	0.3020096825	0.300338832	0.2984914113	0.2964671985	0.2942659392
	0.291887341	0.2893310673	0.2865967289	0.2836838728	0.2805919677
	0.2773203854	0.2738683742	0.2702350258	0.2664192276	0.2624196007
	0.2582344124	0.2538614577	0.2492978944	0.2445400134	0.2395829178
	0.2344200709	0.229042656	0.2234386633	0.217591575	0.2114784471
	0.2050670581	0.1983115395	0.1911453576	0.183469209	0.175128049
	0.1658625408	0.1551968889	0.1421744845	0.1248376487	0.100099928
	0.06876366492	0.05086326308	0.07794658924	0.1444344635	0.2138468751
	0.2469403848	0.245093423	0.2384412701	0.2379205082	0.2418217616
	0.2477378466	0.2544674428	0.2614965722	0.2685996218	0.2756686655
	0.2826468691	0.2895017916	0.2962138423	0.3027707895	0.3091648835
	0.3153912183	0.3214467376	0.3273296046	0.3330387903	0.3385737996
	0.3439344878	0.3491209355	0.3541333654	0.3589720847	0.363637448
	0.3681298312	0.3724496155	0.3765971766	0.3805728783	0.3843770682
	0.3880100762	0.391472213	0.3947637701	0.3978850203	0.4008362176
	0.4036175986	0.4062293824	0.4086717718	0.4109449538	0.4130491
	0.4149843674	0.4167508987	0.4183488226	0.4197782542	0.4210392951
	0.4221320335	0.4230565441	0.4238128881	0.4244011132	0.4248212542
	0.4250733328	0.4251573588	0.3091204342	0.3090325824	0.3087690062
	0.3083296573	0.3077144654	0.3069233386	0.3059561633	0.3048128035
	0.3034930976	0.3019968561	0.3003238574	0.2984738438	0.296446516
	0.2942415269	0.2918584737	0.2892968881	0.2865562244	0.2836358436
	0.280534994	0.2772527857	0.273788158	0.2701398362	0.2663062754
	0.2622855853	0.2580754296	0.2536728903	0.2490742814	0.2442748943
	0.2392686429	0.2340475662	0.2286011251	0.2229151941	0.2169705996
	0.2107409621	0.2041894361	0.1972636153	0.1898871561	0.1819449719
	0.1732544588	0.1635033152	0.1521024205	0.1378269023	0.1180551263
	0.08826523791	0.04785022146	0.02031559566	0.04482667909	0.1150105265
	0.1942552422	0.238755154	0.2415233571	0.2357286436	0.23562475
	0.2399427904	0.2462152903	0.2532288275	0.2604823164	0.2677642643
	0.2749775444	0.2820731254	0.2890242538	0.2958155839	0.3024381287
	0.3088866697	0.3151583063	0.3212515911	0.3271659897	0.3329015354
	0.3384586043	0.343837769	0.3490397035	0.3540651218	0.3589147401
	0.3635892528	0.3680893196	0.3724155586	0.3765685437	0.3805488042
	0.3843568268	0.3879930576	0.3914579051	0.3947517427	0.397874912
	0.400827725	0.4036104668	0.4062233973	0.4086667539	0.4109407524
	0.4130455889	0.4149814409	0.4167484683	0.4183468142	0.4197766055
	0.4210379535	0.4221309536	0.4230556857	0.4238122137	0.4244005859
	0.4248208353	0.4250729809	0.4251570297	0.3091148348	0.3090269194
	0.3087631478	0.3083234598	0.3077077675	0.3069159573	0.3059478899
	0.3048033987	0.303482286	0.3019843186	0.3003092229	0.2984566785
	0.296426311	0.2942176837	0.2918302867	0.2892635248	0.2865167011
	0.2835889981	0.2804794527	0.2771869258	0.2737100629	0.2700472441
	0.2661965194	0.2621555243	0.2579213688	0.2534904896	0.2488584509
	0.2440196748	0.2389670677	0.2336915027	0.2281810857	0.2224201072
	0.2163875143	0.2100546428	0.2033817602	0.1963126032	0.1887652881
	0.1806160524	0.1716673427	0.161578361	0.1496998288	0.134667738
	0.1135217531	0.08096085089	0.03516821412	0.0002254374587	0.01976519904
	0.08872982965	0.1708730032	0.22300956	0.2326677348	0.230611663
	0.2323499041	0.237640814	0.2444889424	0.2518823907	0.2594074602
	0.2668938314	0.2742660678	0.2814878601	0.2885406065	0.2954145484
	0.3021047236	0.3086089184	0.314926536	0.321057929	0.3270039905
	0.3327658976	0.3383449511	0.3437424759	0.3489597614	0.3539980277
	0.3588584079	0.3635419415	0.3680495745	0.3723821628	0.3765404782
	0.3805252156	0.3843369995	0.3879763915	0.3914438965	0.3947399691
	0.3978650186	0.400819414	0.4036034881	0.4062175414	0.4086618447
	0.4109366424	0.4130421545	0.4149785788	0.4167460919	0.4183448513
	0.4197749955	0.4210366452	0.4221299034	0.4230548549	0.4238115666
	0.424400087	0.4248204468	0.4250726613	0.4251567336	0.3091093813
	0.3090214067	0.3087574522	0.3083174442	0.3077012758	0.3069088115
	0.3059398871	0.3047943067	0.3034718378	0.301972206	0.3002950875
	0.298440102	0.2964068031	0.2941946682	0.2918030854	0.2892313377
	0.2864785849	0.2835438395	0.2804259385	0.2771235079	0.2736349178
	0.2699582268	0.2660911108	0.2620307718	0.2577738203	0.2533161206
	0.2486525867	0.2437769073	0.2386811722	0.2333553562	0.2277865939
	0.2219581465	0.2158478981	0.2094261206	0.2026520591	0.1954685147
	0.1877928018	0.1795005477	0.170393954	0.1601331894	0.1480751496
	0.1328836659	0.1116974579	0.07939412539	0.03360445539	-0.004600603431
	0.007774435887	0.07094697403	0.1498183446	0.2039761423	0.2203769288
	0.2237890602	0.2283744422	0.2350398144	0.2426221527	0.2504649447
	0.258295662	0.2660046775	0.2735461385	0.2809000567	0.2880578069
	0.295016225	0.3017749637	0.3083351752	0.314698793	0.320868114
	0.3268455503	0.3326334812	0.3382341685	0.3436497112	0.3488820269
	0.3539328477	0.3588037263	0.3634960474	0.3680110419	0.3723498013
	0.3765132932	0.3805023749	0.3843178064	0.3879602624	0.3914303421
	0.3947285792	0.3978554491	0.4008113761	0.4035967396	0.4062118791
	0.4086570983	0.4109326691	0.4130388349	0.4149758128	0.4167437962
	0.4183429561	0.4197734428	0.4210353863	0.422128897	0.4230540649
	0.4238109598	0.4243996302	0.424820104	0.4250723907	0.425156488
	0.3091041171	0.3090160897	0.3087519699	0.3083116675	0.3076950553
	0.3069019756	0.30593224	0.3047856251	0.3034618662	0.3019606496
	0.3002816045	0.2984242938	0.2963882033	0.2941727291	0.2917771626
	0.2892006727	0.2864422837	0.283500849	0.2803750188	0.2770632002
	0.2735635087	0.2698737074	0.2659911314	0.2619125926	0.2576342585
	0.2531514962	0.2484586699	0.2435488723	0.2384135657	0.2330420916
	0.2274209911	0.221533042	0.2153558689	0.2088598854	0.2020051597
	0.1947364593	0.186975013	0.178603859	0.1694394887	0.1591717341
	0.1472265046	0.1324471553	0.1124514748	0.08313124329	0.04247823948
	0.006454767944	0.01160592045	0.06459870683	0.1349384626	0.1863247842
	0.2076579621	0.2165292913	0.2241695682	0.2323278737	0.2407022962
	0.2490236819	0.2571756376	0.2651158532	0.2728311913	0.2803196069
	0.2875833652	0.2946264429	0.3014534474	0.308069112	0.3144780367
	0.3206845484	0.3266926306	0.3325058955	0.3381275818	0.3435605702
	0.3488074073	0.3538703353	0.3587513223	0.3634520932	0.367974158
	0.3723188388	0.3764872935	0.3804805373	0.3842994614	0.3879448496
	0.3914173924	0.3947176993	0.3978463093	0.4008037001	0.4035902957
	0.4062064729	0.408652567	0.4109288764	0.4130356666	0.4149731736
	0.4167416065	0.41834115	0.4197719653	0.4210341919	0.4221279476
	0.4230533279	0.4238104056	0.4243992291	0.424819822	0.4250721864
	0.425156311	0.3090990808	0.3090110095	0.308746748	0.3083061847
	0.3076891691	0.3068955213	0.3059250304	0.3047774478	0.3034524791
	0.3019497746	0.3002689199	0.298409425	0.2963707124	0.2941521024
	0.2917527965	0.2891718573	0.2864081834	0.2834604811	0.2803272279
	0.2770066305	0.2734965717	0.2697945468	0.2658975852	0.2618021529
	0.2575040317	0.252998166	0.2482784683	0.2433375673	0.238166477
	0.232754155	0.2270868995	0.2211475099	0.2149140902	0.2083582984
	0.2014427074	0.1941166741	0.1863095509	0.1779187903	0.1687874021
	0.1586575926	0.1470694701	0.1331407001	0.1151668669	0.09044284471
	0.0579956744	0.02892770716	0.02991955075	0.0705315383	0.1282810782
	0.1734826756	0.1970999244	0.210022529	0.2202029241	0.2296997545
	0.2388222431	0.2476092872	0.256078226	0.2642477025	0.2721354555
	0.2797568914	0.2871250888	0.2942512069	0.3011448707	0.3078144482
	0.3142672425	0.3205096314	0.3265471789	0.3323847296	0.3380264939
	0.3434761247	0.3487367875	0.3538112231	0.358701804	0.3634105844
	0.3679393441	0.3722896266	0.3764627726	0.3804599482	0.3842821698
	0.3879303251	0.3914051913	0.39470745	0.3978377005	0.400796471
	0.4035842276	0.4062013826	0.4086483009	0.410925306	0.4130326845
	0.4149706902	0.4167395473	0.418339453	0.4197705797	0.421033076
	0.4221270671	0.4230526547	0.4238099149	0.4243988958	0.4248196162
	0.4250720669	0.4251562228	0.3090943044	0.309006202	0.3087418303
	0.3083010478	0.3076836774	0.3068895172	0.305918336	0.3047698634
	0.3034437784	0.301939699	0.300257171	0.2983956561	0.2963545185
	0.2941330092	0.2917302473	0.2891451976	0.2863766442	0.283423159
	0.2802830629	0.276954381	0.273434787	0.2697215372	0.2658113909
	0.2617005128	0.2573843549	0.2528575102	0.248113532	0.2431447061
	0.2379417603	0.2324934886	0.2267862526	0.2208033069	0.2145238618
	0.207921744	0.2009634193	0.1936049579	0.1857871453	0.1774271023
	0.1684028369	0.158522685	0.1474623362	0.1346403693	0.1190339629
	0.09925735653	0.07544811046	0.05519283499	0.05571272829	0.0851725204
	0.1291750254	0.1664597355	0.1898123747	0.2049049511	0.2167821204
	0.2273068493	0.2370627901	0.2462689763	0.2550332986	0.2634203499
	0.2714731501	0.2792223196	0.286690802	0.2938965167	0.3008539054
	0.3075748657	0.3140693406	0.3203457141	0.3264110939	0.3322715259
	0.3379321639	0.3433974074	0.3486710173	0.3537562126	0.3586557519
	0.3633720028	0.3679070007	0.3722624985	0.3764400089	0.3804408401
	0.384266126	0.3879168517	0.3913938751	0.3946979455	0.3978297184
	0.4007897689	0.4035786024	0.4061966642	0.408644347	0.4109219973
	0.4130299215	0.41496839	0.416737641	0.4183378839	0.4197693013
	0.421032051	0.4221262661	0.4230520545	0.4238094967	0.4243986415
	0.4248195016	0.4250720524	0.4251562463	0.3090898107	0.309001696
	0.3087372564	0.3082963067	0.3076786381	0.3068840284	0.3059122302
	0.3047629548	0.303435859	0.3019305322	0.3002464849	0.2983831353
	0.2963397955	0.2941156537	0.2917097547	0.2891209755	0.2863479972
	0.2833892712	0.2802429787	0.2769069832	0.2733787736	0.2696553966
	0.2657333769	0.2616086214	0.2572763057	0.252730738	0.2479651956
	0.2429717277	0.2377409139	0.2322615667	0.2265203568	0.2205013327
	0.2141852885	0.2075489048	0.2005635395	0.1931934473	0.1853930122
	0.1771021486	0.1682380866	0.1586798021	0.1482383028	0.1366068526
	0.1233226805	0.10797252	0.0914367893	0.078943892	0.08075077257
	0.1020558466	0.1343122229	0.163945597	0.1854877884	0.2012360075
	0.2140215426	0.2252369978	0.2354825134	0.2450415297	0.2540672548
	0.2626523722	0.2708577388	0.2787258869	0.2862880694	0.2935681855
	0.300585075	0.3073539215	0.3138871528	0.3201950519	0.3262861907
	0.3321677539	0.3378457874	0.3433253952	0.3486108985	0.3537059642
	0.3586137116	0.3633368002	0.3678775028	0.3722377662	0.3764192621
	0.3804234298	0.384251511	0.3879045805	0.3913835705	0.3946892919
	0.3978224518	0.4007836682	0.4035734825	0.4061923701	0.4086407489
	0.4109189869	0.4130274081	0.4149662982	0.4167359085	0.4183364595
	0.4197681438	0.4210311278	0.4221255528	0.423051534	0.4238091577
	0.4243984751	0.4248194928	0.4250721656	0.4251564095	0.3090856087
	0.308997512	0.308733063	0.3082920092	0.3076741064	0.3068791165
	0.3059067809	0.3047567983	0.3034288075	0.3019223738	0.300236977
	0.2983719975	0.2963267011	0.2941002208	0.2916915358	0.2890994457
	0.2863225412	0.2833591678	0.2802073845	0.2768649141	0.2733290854
	0.2695967648	0.2656642775	0.2615273141	0.2571808239	0.2526188898
	0.2478345859	0.2428198129	0.2375651113	0.2320594485	0.226289979
	0.2202417728	0.2138975099	0.2072371333	0.2002374476	0.1928716345
	0.1851086122	0.1769120617	0.1682387115	0.1590351338	0.1492326466
	0.1387456721	0.1275096643	0.1157040552	0.1045163397	0.09755346281
	0.100667058	0.1166116277	0.1404110891	0.1639370743	0.1832314751
	0.1987657344	0.2118995911	0.2235213076	0.2341159949	0.2439551158
	0.2532015225	0.2619598587	0.2703013426	0.2782767994	0.2859239473
	0.293271671	0.3003426368	0.3071549626	0.3137233302	0.3200597591
	0.3261741663	0.3320747831	0.3377684755	0.3432609942	0.3485571727
	0.3536610871	0.3585761853	0.3633053918	0.3678511945	0.3722157156
	0.3764007702	0.3804079154	0.3842384904	0.3878936499	0.391374393
	0.3946815859	0.3978159816	0.4007782367	0.4035689247	0.4061885478
	0.4086375465	0.4109163078	0.4130251718	0.4149644377	0.4167343686
	0.4183351951	0.4197671191	0.4210303154	0.4221249336	0.4230510975
	0.4238089013	0.4243984021	0.4248196029	0.4250724331	0.4251567491
	0.3090816849	0.3089936598	0.3087292845	0.308288203	0.3076701361
	0.3068748389	0.3059020505	0.3047514628	0.3034227014	0.3019153126
	0.3002287502	0.2983623623	0.2963153751	0.2940868744	0.2916757828
	0.2890808339	0.2863005405	0.283333158	0.280176641	0.276828593
	0.2732862076	0.2695462002	0.2656047301	0.2614573113	0.257098712
	0.2525228427	0.2477226339	0.2426899066	0.2374152397	0.2318878432
	0.226095453	0.2200242687	0.2136589723	0.2069828861	0.1999783567
	0.1926275048	0.1849135432	0.1768229769	0.1683491711	0.1594982196
	0.1502995816	0.1408297468	0.1312766532	0.1221218333	0.1145672528
	0.111092169	0.1149885416	0.1275436995	0.1458106955	0.1649771143
	0.1822217582	0.1971786267	0.210330207	0.2221522956	0.2329775688
	0.2430275312	0.2524521046	0.2613559329	0.2698143627	0.2778831963
	0.2856047833	0.2930119294	0.3001304748	0.306981048	0.313580295
	0.319941765	0.3260765657	0.331993858	0.337701236	0.3432050238
	0.3485105093	0.3536221305	0.358543625	0.3632781508	0.3678283848
	0.372196603	0.3763847462	0.3803944746	0.384227212	0.3878841835
	0.391366446	0.3946749138	0.3978103802	0.400773535	0.4035649796
	0.4061852397	0.4086347752	0.4109139896	0.4130232371	0.4149628287
	0.4167330377	0.4183341038	0.4197662371	0.4210296206	0.4221244124
	0.4230507457	0.4238087263	0.4243984224	0.4248198414	0.4250728861
	0.4251573182	0.3090779868	0.3089901387	0.3087259583	0.3082849382
	0.3076667795	0.306871249	0.3058980948	0.3047470088	0.3034176086
	0.3019094258	0.3002218935	0.2983543332	0.2963059385	0.2940757559
	0.2916626617	0.2890653343	0.2862822224	0.2833115071	0.2801510573
	0.2767983787	0.2732505543	0.2695041774	0.2655552741	0.2613992185
	0.2570306389	0.2524433177	0.2476300897	0.2425827444	0.2372919451
	0.2317471827	0.2259367958	0.2198481026	0.21346772	0.2067821825
	0.1997790372	0.1924486825	0.1847873602	0.1768019219	0.1685173338
	0.1599885132	0.1513195289	0.1426969588	0.1344534549	0.1271930325
	0.1220002072	0.1205895999	0.1248335127	0.135265959	0.150063553
	0.1662860815	0.1818936933	0.1962018685	0.2092104056	0.2211016073
	0.2320672747	0.2422679774	0.2518299577	0.2608506959	0.269405314
	0.2775519781	0.2853360695	0.2927932992	0.2999520098	0.3068348791
	0.3134601881	0.3198427737	0.3259947524	0.3319260748	0.3376449545
	0.3431582034	0.3484714951	0.3535895748	0.3585164254	0.3632554025
	0.3678093426	0.3721806514	0.3763713753	0.3803832612	0.3842178043
	0.3878762884	0.3913598189	0.3946693506	0.3978057101	0.4007696154
	0.4035616911	0.4061824823	0.4086324656	0.4109120579	0.4130216253
	0.4149614887	0.4167319299	0.4183331967	0.4197655061	0.4210290486
	0.4221239906	0.4230504762	0.4238086258	0.4243985278	0.4248202095
	0.4250735608	0.425158202	0.3090743842	0.3089869419	0.3087231331
	0.308282271	0.3076640885	0.3068683954	0.3058949623	0.3047434877
	0.3034135859	0.3019047779	0.300216481	0.2983479963	0.2962984917
	0.2940669831	0.29165231	0.2890531079	0.2862677754	0.2832944352
	0.2801308892	0.2767745671	0.2732224666	0.2694710861	0.2655163505
	0.2613535279	0.2569771433	0.2523808886	0.2475575382	0.2424988799
	0.2371956777	0.2316376956	0.2258138248	0.219712382	0.2133216834
	0.2066310532	0.1996325096	0.1923234938	0.1847111824	0.1768191752
	0.1686976978	0.1604389541	0.1522000679	0.1442374808	0.1369588675
	0.1309979864	0.1272945104	0.1270666081	0.1314196046	0.1405314924
	0.153195059	0.1674940444	0.1818953236	0.1956286931	0.2084443396
	0.220333321	0.2313768813	0.2416795162	0.2513418886	0.2604514821
	0.2690808326	0.2772887316	0.2851223493	0.2926194135	0.2998101262
	0.3067187417	0.3133648231	0.319764229	0.3259298806	0.3318723607
	0.3376003794	0.3431211396	0.3484406242	0.353563824	0.3584949182
	0.3632374202	0.3677942937	0.3721680476	0.3763608126	0.3803744045
	0.3842103748	0.3878700542	0.3913545866	0.3946649587	0.3978020238
	0.4007665218	0.4035590958	0.4061803065	0.4086306432	0.410910534
	0.4130203539	0.414960432	0.416731057	0.4183324827	0.4197649323
	0.4210286025	0.4221236676	0.4230502826	0.4238085862	0.4243986974
	0.4248206912	0.4250744931	0.4251595542	0.3090705789	0.3089840818
	0.3087208874	0.308280268	0.3076621142	0.3068663207	0.3058926932
	0.3047409412	0.3034106786	0.3019014199	0.3002125715	0.2983434196
	0.296293114	0.2940606484	0.2916448361	0.2890442817	0.2862573476
	0.2832821147	0.2801163372	0.2767573903	0.2732022106	0.2694472301
	0.2654883015	0.2613206196	0.2569386385	0.2523359905	0.2475054151
	0.2424387113	0.2371267351	0.2315594762	0.2257262676	0.2196162111
	0.2132189447	0.2065259459	0.19953266	0.1922418812	0.184669009
	0.1768500423	0.1688534638	0.1607974277	0.1528737766	0.1453800315
	0.138758606	0.1336355757	0.1308298496	0.1312567907	0.1356190566
	0.1439349442	0.1553287092	0.1684299351	0.1820147658	0.1953131453
	0.2079538223	0.219812845	0.2308949832	0.2412615728	0.2509916622
	0.2601632894	0.2688458006	0.277097726	0.2849671683	0.2924931418
	0.2997071173	0.3066344592	0.3132956493	0.3197072848	0.3258828724
	0.3318334557	0.3375681073	0.3430943158	0.3484182898	0.3535451994
	0.358479367	0.3632244207	0.367783417	0.3721589398	0.3763531811
	0.3803680063	0.3842050085	0.3878655519	0.3913508083	0.3946617877
	0.3977993625	0.4007642886	0.4035572226	0.4061787363	0.4086293282
	0.4109094345	0.413019437	0.4149596702	0.416730428	0.4183319687
	0.4197645202	0.421028284	0.4221234409	0.4230501561	0.4238085872
	0.4243988933	0.4248212357	0.4250756943	0.4251616831	0.3090658764
	0.3089816801	0.3087193576	0.3082790078	0.3076609037	0.3068650595
	0.305891318	0.3047393996	0.3034089196	0.3018993887	0.3002102071
	0.2983406521	0.2962898626	0.2940568188	0.2916403182	0.289038947
	0.2862510456	0.2832746699	0.2801075454	0.2767470145	0.2731899775
	0.2694328263	0.2654713712	0.2613007636	0.2569154163	0.2523089279
	0.2474740203	0.2424025048	0.2370853005	0.2315125453	0.2256738567
	0.219558837	0.2131579618	0.2064640662	0.199474745	0.1921961324
	0.1846487189	0.1768760957	0.1689577362	0.1610269976	0.1532951528
	0.1460808059	0.1398401956	0.1351851137	0.1328581046	0.1336129584
	0.1379591043	0.1458485857	0.1565685635	0.1690148024	0.1821291089
	0.1951597535	0.2076822684	0.2195124438	0.2306108523	0.2410121001
	0.2507810765	0.259989256	0.2687035232	0.2769819523	0.2848730563
	0.2924165528	0.299644646	0.3065833581	0.3132537224	0.3196727823
	0.3258543999	0.3318098988	0.3375485726	0.3430780835	0.3484047777
	0.3535339343	0.3584699628	0.3632165612	0.3677768422	0.3721534353
	0.3763485695	0.3803641408	0.384201767	0.3878628327	0.3913485269
	0.3946598733	0.3977977561	0.400762941	0.4035560925	0.4061777891
	0.4086285353	0.4109087718	0.4130188844	0.4149592112	0.4167300493
	0.4183316596	0.4197642728	0.4210280938	0.4221233074	0.4230500865
	0.4238086042	0.424399059	0.4248217299	0.4250770647	0.4251652705
	0.3090585866	0.3089802614	0.308718765	0.3082785711	0.307660494
	0.306864635	0.3058908558	0.3047388819	0.3034083289	0.3018987069
	0.3002094135	0.2983397235	0.2962887719	0.2940555344	0.2916388035
	0.2890371588	0.2862489337	0.2832721757	0.2801046006	0.2767435399
	0.273185882	0.2694280052	0.2654657059	0.2612941211	0.2569076501
	0.2522998807	0.2474635294	0.2423904124	0.2370714714	0.2314968957
	0.225656401	0.2195397613	0.2131377388	0.2064436314	0.1994557651
	0.1921814058	0.1846427608	0.1768859645	0.1689941353	0.1611055974
	0.1534378206	0.1463158295	0.1401994224	0.1356944054	0.1335177989
	0.134372999	0.1387119648	0.1464681959	0.1569773112	0.1692147987
	0.1821749394	0.1951149666	0.2075957569	0.2194144158	0.2305170482
	0.2409291995	0.2507108317	0.2599310756	0.2686559004	0.2769431765
	0.2848415277	0.292390894	0.2996237193	0.3065662436	0.3132396839
	0.3196612328	0.3258448715	0.3318020179	0.3375420392	0.3430726562
	0.3484002614	0.3535301702	0.3584668217	0.3632139371	0.3677746478
	0.3721515989	0.3763470318	0.3803628526	0.3842006874	0.3878619276
	0.3913477681	0.3946592371	0.3977972228	0.4007624939	0.403555718
	0.4061774756	0.4086282731	0.4109085529	0.4130187022	0.4149590602
	0.4167299248	0.4183315583	0.419764192	0.4210280319	0.4221232646
	0.4230500655	0.4238086142	0.4243991288	0.4248219723	0.4250781121
	0.4251719451	