3131	
	0.3045106806	0.3044132845	0.3041476329	0.3037091826	0.303097028
	0.3023109484	0.3013509316	0.3002170696	0.2989095316	0.2974285585
	0.2957744689	0.293947669	0.2919486677	0.2897780966	0.2874367338
	0.284925534	0.2822456646	0.2793985502	0.2763859269	0.273209908
	0.2698730656	0.2663785294	0.2627301103	0.2589324513	0.2549912167
	0.250913326	0.2467072471	0.2423833616	0.2379544226	0.2334361247
	0.2288478135	0.2242133585	0.2195622168	0.2149306986	0.21036343
	0.2059149583	0.2016513714	0.1976516798	0.1940085369	0.19082766
	0.1882251129	0.1863215376	0.1852326796	0.1850563658	0.185857571
	0.1876550245	0.1904139809	0.1940490015	0.1984373275	0.2034389206
	0.2089162622	0.2147479907	0.2208345483	0.2270976711	0.2334767734
	0.2399246439	0.2464037294	0.2528833909	0.2593380533	0.2657460134
	0.2720886758	0.2783500419	0.284516343	0.2905757517	0.2965181395
	0.3023348633	0.3080185749	0.3135630492	0.3189630313	0.3242140997
	0.3293125469	0.3342552738	0.3390396992	0.34366368	0.3481254443
	0.3524235327	0.3565567486	0.3605241164	0.364324845	0.3679582977
	0.371423966	0.3747214477	0.3778504288	0.3808106671	0.3836019797
	0.3862242313	0.388677325	0.390961194	0.393075795	0.3950211022
	0.3967971021	0.3984037895	0.3998411621	0.4011092173	0.4022079455
	0.4031373232	0.4038972976	0.4044877518	0.4049083986	0.4051583166
	0.4052331013	0.3045034213	0.304411907	0.3041470849	0.3037087938
	0.3030966708	0.3023105822	0.3013505352	0.3002166268	0.2989090268
	0.2974279757	0.2957737896	0.2939468722	0.2919477289	0.2897769868
	0.2874354186	0.2849239722	0.2822438069	0.2793963374	0.2763832878
	0.2732067564	0.2698692971	0.2663740171	0.2627246995	0.2589259528
	0.2549833982	0.2509039017	0.2466958639	0.2423695828	0.2379377066
	0.2334158001	0.2288230486	0.2241831268	0.2195252592	0.2148854879
	0.210308144	0.2058474771	0.2015693204	0.1975525497	0.1938899216
	0.1906876482	0.1880628498	0.186137912	0.185030988	0.1848426799
	0.1856404646	0.1874444303	0.1902193152	0.1938771702	0.198291475
	0.2033184922	0.2088181872	0.2146681937	0.220769093	0.2270433201
	0.2334310948	0.2398858896	0.2463706499	0.2528550697	0.259313787
	0.2657252354	0.2720709107	0.2783348804	0.2845034279	0.29056477
	0.296508817	0.3023269608	0.3080118845	0.3135573911	0.3189582506
	0.3242100635	0.3293091415	0.3342524024	0.3390372791	0.3436616413
	0.3481237275	0.3524220875	0.3565555325	0.3605230934	0.3643239848
	0.3679575746	0.3714233584	0.3747209374	0.3778500005	0.3808103079
	0.3836016787	0.3862239795	0.3886771146	0.3909610187	0.3930756495
	0.3950209821	0.396797004	0.3984037105	0.3998411005	0.401109172
	0.4022079172	0.4031373151	0.4038973193	0.4044878327	0.4049086529
	0.4051593817	0.4052398378	0.3044988396	0.3044096318	0.3041456886
	0.3037076769	0.3030956171	0.3023094955	0.3013493567	0.3002153093
	0.2989075248	0.2974262405	0.2957717669	0.2939444993	0.2919449323
	0.2897736799	0.2874314983	0.2849193157	0.2822382671	0.2793897376
	0.2763754149	0.2731973534	0.2698580523	0.2663605519	0.2627085521
	0.2589065585	0.2549600642	0.2508757752	0.246661892	0.2423284626
	0.2378878231	0.2333551499	0.2287491492	0.224092912	0.2194149653
	0.2147505424	0.2101430814	0.2056459216	0.2013241025	0.1972560535
	0.1935347809	0.1902679167	0.1875757009	0.185585755	0.1844235657
	0.1841983055	0.1849852981	0.186809003	0.1896326641	0.1933605138
	0.1978542234	0.2029585069	0.208525645	0.214430405	0.2205740258
	0.2268812232	0.233294728	0.239770089	0.2462717371	0.2527703455
	0.2592411737	0.2656630516	0.2720177405	0.2782895018	0.2844647726
	0.290531901	0.2964809135	0.3023033063	0.3079918565	0.3135404513
	0.3189439355	0.3241979755	0.3292989405	0.3342437984	0.3390300255
	0.3436555284	0.3481185778	0.3524177505	0.356551881	0.3605200199
	0.3643213984	0.3679553988	0.3714215286	0.3747193992	0.377848708
	0.3808092226	0.3836007681	0.3862232164	0.3886764762	0.3909604859
	0.3930752064	0.3950206157	0.3967967038	0.3984034683	0.3998409104
	0.4011090312	0.4022078269	0.4031372839	0.4038973712	0.4044880315
	0.4049091804	0.4051607912	0.4052434814	0.3044952409	0.304406983
	0.3041436644	0.3037059113	0.3030939023	0.3023077096	0.3013474133
	0.3002131337	0.2989050431	0.2974233729	0.2957684238	0.293940577
	0.2919403096	0.2897682134	0.2874250181	0.2849116186	0.28222911
	0.2793788287	0.2763624027	0.2731818133	0.26983947	0.2663383028
	0.2626818749	0.2588745224	0.2549215274	0.2508293325	0.2466058092
	0.2422605935	0.2378055067	0.2332550844	0.2286272397	0.2239440944
	0.2192330114	0.2145278655	0.2098705778	0.2053129146	0.2009184972
	0.1967648628	0.1929452353	0.1895693861	0.1867625751	0.184661154
	0.1834032	0.1831130216	0.1838802238	0.1857375973	0.188646087
	0.1924958416	0.1971269582	0.2023633131	0.2080439847	0.214039572
	0.220253278	0.2266142461	0.2330696804	0.2395786475	0.246108007
	0.2526299917	0.2591208344	0.2655599825	0.2719296139	0.2782142977
	0.2844007206	0.2904774456	0.2964346914	0.3022641277	0.3079586881
	0.3135123997	0.3189202318	0.3241779603	0.3292820501	0.3342295524
	0.339018015	0.3436454066	0.3481100503	0.3524105683	0.3565458335
	0.360514929	0.364317114	0.3679517941	0.3714184966	0.3747168499
	0.3778465655	0.3808074231	0.383599258	0.3862219505	0.3886754168
	0.3909596014	0.3930744706	0.395020007	0.3967962046	0.3984030649
	0.399840593	0.4011087945	0.4022076717	0.4031372208	0.4038974297
	0.4044882813	0.4049097781	0.4051620485	0.4052456732	0.3044919274
	0.3044040802	0.3041411465	0.3037035732	0.3030915713	0.3023052565
	0.3013447324	0.3002101274	0.298901611	0.2974194059	0.2957637982
	0.2939351498	0.2919339132	0.2897606499	0.2874160522	0.2849009698
	0.2822164426	0.2793637395	0.2763444066	0.2731603244	0.2698137793
	0.2663075491	0.2626450092	0.2588302631	0.2548683028	0.2507652094
	0.2465284023	0.2421669509	0.2376919682	0.233117105	0.2284591771
	0.2237389577	0.2189821792	0.214220794	0.209494544	0.204852881
	0.2003572426	0.1960836066	0.1921250702	0.1885938908	0.1856219176
	0.183357658	0.1819575478	0.1815689498	0.1823042331	0.1842103648
	0.1872456289	0.1912780328	0.1961129455	0.2015413217	0.2073830159
	0.2135044218	0.2198135639	0.2262471569	0.2327592303	0.2393138379
	0.2458811003	0.2524352628	0.2589537841	0.2654168848	0.2718072722
	0.2781099174	0.2843118417	0.2904019031	0.2963705866	0.3022098038
	0.3079127066	0.3134735181	0.3188873811	0.3241502244	0.3292586465
	0.3342098141	0.339001375	0.3436313835	0.3480982364	0.3524006182
	0.3565374552	0.360507876	0.3643111781	0.3679467996	0.3714142954
	0.3747133173	0.3778435964	0.380804929	0.3835971647	0.3862201956
	0.3886739479	0.3909583749	0.39307345	0.3950191622	0.3967955113
	0.3984025039	0.3998401503	0.4011084616	0.4022074475	0.4031371149
	0.4038974695	0.4044885247	0.4049103312	0.4051630529	0.4052470998
	0.3044885973	0.3044009327	0.3041382104	0.3037007259	0.3030886713
	0.3023021747	0.30134135	0.3002063268	0.2988972686	0.2974143848
	0.2957579426	0.2939282791	0.2919258157	0.2897510754	0.2874047035
	0.2848874925	0.2822004126	0.279344648	0.2763216414	0.2731331469
	0.2697812958	0.2662686752	0.262598425	0.2587743566	0.2548010992
	0.2506842807	0.2464307535	0.2420488772	0.2375488741	0.2329432809
	0.2282475249	0.223480663	0.2186663341	0.2138339909	0.209020488
	0.2042721194	0.1996471864	0.1952191295	0.1910801152	0.1873446445
	0.1841521342	0.1816664005	0.180068602	0.1795391101	0.1802249552
	0.1821965196	0.1854100938	0.1897005022	0.1948191638	0.2005071131
	0.20655853	0.2128382128	0.2192645892	0.2257865749	0.2323678015
	0.2389786845	0.2455932003	0.2521878443	0.2587414031	0.2652349356
	0.2716517414	0.2779772628	0.2841989295	0.2903059694	0.2962892063
	0.3021408615	0.3078543673	0.3134241981	0.3188457191	0.3241150548
	0.3292289741	0.3341847914	0.3389802818	0.3436136088	0.3480832624
	0.352388007	0.3565268365	0.3604989371	0.3643036549	0.3679404695
	0.3714089707	0.3747088399	0.377839833	0.3808017677	0.3835945113
	0.3862179709	0.3886720857	0.3909568196	0.3930721555	0.3950180904
	0.396794631	0.3984017905	0.3998395852	0.4011080329	0.4022071508
	0.4031369562	0.403897469	0.4044887228	0.4049107878	0.4051638149
	0.4052480713	0.3044851163	0.3043975299	0.3041349008	0.3036974215
	0.3030852496	0.3022985079	0.301337309	0.3002017776	0.298892066
	0.2974083666	0.2957509231	0.2939200425	0.2919161088	0.2897395989
	0.2873911019	0.284871342	0.2821812065	0.2793217786	0.2762943778
	0.2731006082	0.2697424169	0.2662221649	0.2625427131	0.2587075271
	0.2547208068	0.2505876442	0.2463142215	0.2419080573	0.237378318
	0.2327362148	0.2279955153	0.2231732099	0.2182903918	0.2133734281
	0.2084555334	0.2035788889	0.1987974824	0.1941808457	0.1898187881
	0.1858269413	0.1823522681	0.1795763373	0.1777118655	0.176985009
	0.1775948448	0.1796503852	0.183108878	0.1877561704	0.1932597576
	0.1992852067	0.2055948308	0.2120598581	0.2186192899	0.2252408408
	0.2319007565	0.2385767925	0.2452469199	0.2518897856	0.2584854006
	0.2650156137	0.2714643224	0.277817483	0.284062997	0.290190533
	0.2961913255	0.3020579732	0.3077842507	0.3133649385	0.3187956729
	0.324072816	0.3291933434	0.3341547481	0.3389549593	0.343592272
	0.348065289	0.3523728705	0.3565140921	0.3604882089	0.3642946261
	0.3679328726	0.3714025805	0.3747034664	0.3778353165	0.3807979737
	0.3835913266	0.3862153007	0.3886698503	0.3909549525	0.3930706012
	0.3950168029	0.3967935728	0.3984009314	0.3998389023	0.40110751
	0.4022067796	0.4031367371	0.4038974136	0.4044888535	0.4049111309
	0.4051643698	0.4052487417	0.304481427	0.3043938661	0.3041312502
	0.3036937049	0.3030813533	0.3022943033	0.3013326586	0.3001965327
	0.2988860627	0.2974014194	0.2957428188	0.2939105329	0.2919049023
	0.2897263507	0.2873754027	0.2848527042	0.2821590471	0.279295399
	0.2762629387	0.2730630987	0.2696976161	0.266168594	0.2624785758
	0.2586306344	0.2546284818	0.2504766021	0.2461804166	0.2417464888
	0.2371827837	0.2324989993	0.2277069984	0.2228213821	0.2178602661
	0.2128463511	0.2078084251	0.2027834938	0.1978198136	0.1929811746
	0.1883528071	0.1840491337	0.1802230206	0.1770746894	0.1748551441
	0.1738527458	0.1743447397	0.1765045232	0.1802981607	0.1854393626
	0.1914623864	0.1979165913	0.2045287256	0.211195446	0.2178940079
	0.2246197346	0.2313640768	0.2381121158	0.2448451608	0.2515434245
	0.2581877769	0.2647606809	0.2712465812	0.2776319687	0.2839052723
	0.2900566715	0.2960778834	0.3019619527	0.3077030582	0.3132963415
	0.3187377577	0.3240239475	0.3291521283	0.334120002	0.3389256768
	0.3435676013	0.3480445091	0.3523553718	0.3564993595	0.3604758078
	0.3642841897	0.3679240916	0.3713951943	0.3746972555	0.3778300961
	0.3807935883	0.3835876456	0.3862122142	0.3886672663	0.3909527939
	0.3930688039	0.3950153136	0.3967923477	0.3983999352	0.3998381073
	0.4011068959	0.4022063335	0.4031364537	0.403897295	0.4044889072
	0.4049113605	0.4051647529	0.4052491959	0.3044775106	0.3043899458
	0.3041272873	0.3036896176	0.3030770293	0.3022896115	0.3013274531
	0.3001906525	0.2988793266	0.2973936213	0.2957337208	0.2938998572
	0.2918923223	0.2897114807	0.2873577847	0.2848317926	0.2821341903
	0.2792658169	0.2762276947	0.273021066	0.2696474353	0.2661086208
	0.2624068156	0.2585446598	0.2545253286	0.2503526377	0.2460311724
	0.241566446	0.2369651005	0.2322351619	0.2273863779	0.2224306747
	0.2173827952	0.2122612171	0.207089506	0.2018983464	0.1967286159
	0.1916360314	0.1866980667	0.1820239393	0.177768253	0.1741477552
	0.1714568698	0.170066812	0.170373016	0.1726577294	0.1769139625
	0.1827491826	0.1894796307	0.1964697681	0.2034155306	0.2102800591
	0.2171084057	0.2239339292	0.2307638939	0.2375886628	0.2443909561
	0.2511513104	0.2578507885	0.2644721671	0.2710003423	0.2774223475
	0.2837271947	0.2899056468	0.2959499784	0.3018537502	0.3076116078
	0.3132191085	0.3186725728	0.3239689599	0.329105763	0.3340809214
	0.3388927465	0.3435398609	0.3480211461	0.3523356995	0.3564827982
	0.3604618682	0.364272459	0.367914222	0.3713868927	0.3746902749
	0.3778242288	0.3807886595	0.3835835083	0.386208745	0.3886643618
	0.3909503674	0.393066783	0.3950136384	0.3967909686	0.3983988119
	0.3998372077	0.4011061954	0.4022058144	0.4031361049	0.4038971104
	0.4044888825	0.4049114849	0.4051649946	0.4052494861	0.3044733697
	0.304385783	0.3041230423	0.303685201	0.3030723258	0.3022844857
	0.3013217519	0.300184203	0.2988719332	0.2973850597	0.2957237307
	0.2938881348	0.2918785105	0.2896951569	0.2873384478	0.2848088461
	0.2821069222	0.2792333755	0.2761890588	0.2729750083	0.2695924772
	0.2660429766	0.2623283224	0.2584506898	0.2544126788	0.2502173893
	0.2458685121	0.2413704374	0.2367283899	0.2319486001	0.2270385322
	0.2220072022	0.2168656403	0.2116275962	0.2063106475	0.200937978
	0.1955412613	0.1901653284	0.1848756515	0.1797701268	0.1749971715
	0.1707824236	0.1674640027	0.1655204546	0.165527491	0.1679539853
	0.1728588199	0.1796943191	0.1874083957	0.195058544	0.2023373967
	0.2093594225	0.2162847357	0.2231940194	0.2301058397	0.2370101539
	0.2438873133	0.2507161408	0.2574769256	0.2641523629	0.2707276848
	0.2771904806	0.28353041	0.2897389001	0.2958088627	0.3017344469
	0.3075108285	0.3131340344	0.3186007962	0.3239084304	0.3290547378
	0.3340379219	0.3388565205	0.3435093485	0.3479954516	0.3523140662
	0.3564645874	0.3604465412	0.3642595615	0.3679033711	0.3713777659
	0.3746826008	0.3778177787	0.3807832412	0.3835789601	0.3862049313
	0.3886611686	0.3909476995	0.3930645607	0.3950117955	0.3967894503
	0.3983975733	0.3998362126	0.401105415	0.4022052266	0.403135693
	0.4038968615	0.4044887833	0.4049115159	0.4051651201	0.4052496479
	0.3044690205	0.3043813999	0.3041185479	0.303680497	0.3030672923
	0.3022789823	0.301315618	0.3001772562	0.2988639649	0.2973758296
	0.2957129599	0.2938754969	0.2918636214	0.289677563	0.2873176107
	0.2847841255	0.2820775549	0.2791984491	0.2761474809	0.2729254675
	0.2695333964	0.2659724542	0.2622440593	0.2583498988	0.2542919691
	0.2500726215	0.2456946124	0.2411611593	0.2364760068	0.2316435058
	0.2266687205	0.2215575845	0.2163171524	0.2109560279	0.2054851167
	0.1999189678	0.194278149	0.1885934149	0.182912923	0.1773146083
	0.1719274901	0.166969083	0.1628101742	0.160061758	0.1595763796
	0.162146233	0.1679750033	0.1762953616	0.1854184317	0.1938674232
	0.2014127526	0.208489997	0.2154457673	0.2224089273	0.2293942114
	0.2363796652	0.2433370892	0.2502407294	0.2570689107	0.2638038236
	0.2704309453	0.276938462	0.2833167675	0.2895580466	0.2956559356
	0.3016052478	0.3074017531	0.3130420013	0.3185231796	0.3238429975
	0.3289995943	0.3339914627	0.338817387	0.3434763925	0.3479677029
	0.3522907059	0.3564449247	0.3604299933	0.3642456375	0.3678916573
	0.3713679137	0.3746743169	0.3778108162	0.3807773925	0.3835740507
	0.3862008146	0.3886577216	0.3909448193	0.3930621612	0.3950098049
	0.3967878093	0.3983962328	0.3998351324	0.4011045627	0.4022045761
	0.4031352229	0.403896553	0.404488617	0.4049114665	0.4051651509
	0.4052497079	0.3044644875	0.3043768249	0.30411384	0.3036755498
	0.3030619803	0.3022731599	0.3013091184	0.3001698884	0.2988555097
	0.2973660335	0.2957015281	0.2938620842	0.2918478215	0.289658896
	0.2872955079	0.2847579108	0.2820464228	0.2791614383	0.2761034415
	0.2728730218	0.26947089	0.2658978962	0.2621550482	0.2582435295
	0.2541647169	0.2499201944	0.2455117632	0.2409414445	0.2362114732
	0.2313242815	0.2262824749	0.2210888109	0.2157462051	0.2102578218
	0.2046273606	0.1988597504	0.1929626378	0.1869493509	0.1808445542
	0.17469491	0.1685899848	0.1627073929	0.1574167735	0.1534776078
	0.1521667619	0.1548383338	0.161990331	0.1725656679	0.1837772953
	0.1931764624	0.200800668	0.2077341836	0.2146102484	0.2215835071
	0.2286310138	0.2356993333	0.2427429389	0.2497280248	0.2566297256
	0.2634293887	0.2701127265	0.2766686194	0.2830883151	0.2893648683
	0.2954927356	0.3014674736	0.3072855108	0.3129439717	0.3184405409
	0.3237733556	0.3289409208	0.3339420414	0.338775767	0.3434413483
	0.3479382001	0.3522658718	0.3564240234	0.3604124046	0.3642308386
	0.367879208	0.3713574435	0.3746655136	0.3778034174	0.3807711774
	0.3835688338	0.38619644	0.3886540587	0.3909417584	0.3930596108
	0.3950076886	0.3967860635	0.3983948049	0.3998339791	0.4011036482
	0.4022038707	0.4031347013	0.4038961921	0.4044883927	0.4049113501
	0.4051651056	0.4052496878	0.3044598015	0.304372091	0.3041089575
	0.3036704052	0.3030564431	0.3022670798	0.3013023231	0.3001621801
	0.2988466604	0.2973557794	0.2956895617	0.2938480454	0.2918312867
	0.2896393647	0.2872723872	0.284730497	0.2820138782	0.2791227643
	0.2760574456	0.2728182774	0.2694056875	0.2658201829	0.2620623538
	0.2581328742	0.2540324956	0.2497620314	0.2453223269	0.2407142088
	0.2359384086	0.230995448	0.2258854811	0.2206080836	0.2151619911
	0.2095448014	0.2037526928	0.1977802682	0.191620744	0.1852668726
	0.1787132943	0.1719618491	0.165034918	0.1580177722	0.1512050565
	0.1454894309	0.142783218	0.1454087467	0.1544188206	0.1684117048
	0.1828087427	0.1933467675	0.2006814799	0.207144067	0.2137845043
	0.2207153751	0.2278150757	0.2349702432	0.2421073955	0.2491812018
	0.2561626735	0.2630322145	0.2697759104	0.2763835158	0.2828472949
	0.289161306	0.2953209309	0.3013225513	0.3071633178	0.3128409795
	0.3183537576	0.323700248	0.3288793464	0.3338901897	0.3387321096
	0.3434045951	0.3479072631	0.3522398337	0.356402111	0.3603939665
	0.3642153262	0.3678661593	0.3713464696	0.3746562872	0.3777956633
	0.3807646639	0.3835633665	0.3861918554	0.3886502198	0.3909385503
	0.3930569374	0.3950054697	0.3967842322	0.3983933057	0.3998327657
	0.4011026822	0.4022031197	0.4031341368	0.4038957876	0.404488121
	0.4049111803	0.4051650011	0.405249606	0.3044549978	0.3043672354
	0.3041039421	0.3036651112	0.3030507357	0.3022608052	0.3012953045
	0.3001542145	0.2988375138	0.29734518	0.2956771928	0.293833536
	0.2918142003	0.2896191861	0.2872485067	0.2847021911	0.2819802871
	0.2790828642	0.2760100161	0.272761861	0.2693385415	0.2657402197
	0.2619670684	0.2580192542	0.2538969092	0.2496000872	0.2451286958
	0.240482396	0.2356604572	0.2306615485	0.2254834484	0.2201226436
	0.214573788	0.2088289878	0.2028768764	0.1967014402	0.1902805299
	0.183583877	0.1765701249	0.1691819555	0.161340529	0.1529630302
	0.1441377754	0.1358057134	0.1307660693	0.1329603573	0.1444364824
	0.1633495924	0.182611409	0.1946591612	0.2011736087	0.2067242474
	0.2129494878	0.2197915798	0.2269416519	0.234192671	0.2414331346
	0.2486038353	0.2556714748	0.26261582	0.2694236748	0.2760859495
	0.2825961357	0.2889494488	0.2951423081	0.301172003	0.3070364673
	0.3127341213	0.3182637581	0.3236244597	0.3288155343	0.3338364679
	0.3386868875	0.3433665316	0.347875228	0.3522128748	0.3563794261
	0.3603748801	0.3641992696	0.3678526537	0.371335112	0.3746467387
	0.3777876386	0.3807579234	0.3835577087	0.3861871112	0.3886462472
	0.3909352303	0.3930541705	0.3950031727	0.3967823358	0.3983917519
	0.3998315064	0.4011016768	0.4022023335	0.4031335391	0.4038953496
	0.4044878131	0.4049109706	0.4051648531	0.4052494791	0.3044501141
	0.3043622973	0.3040988372	0.303659717	0.3030449147	0.3022544006
	0.301288137	0.3001460778	0.2988281693	0.2973343513	0.2956645573
	0.2938187158	0.291796751	0.2895985838	0.2872241314	0.2846733082
	0.2819460246	0.2790421855	0.2759616871	0.2727044114	0.269270217
	0.2656589248	0.2618702962	0.2579040006	0.2537595673	0.2494363151
	0.2449332507	0.240248923	0.2353812151	0.2303270502	0.2250819764
	0.2196395854	0.2139906992	0.2081222345	0.2020156064	0.1956444384
	0.188971127	0.1819412424	0.1744733327	0.166438635	0.1576223955
	0.1476831838	0.1363168692	0.1243230026	0.1155510973	0.1164322145
	0.1309060622	0.1561179485	0.1823465134	0.1968476677	0.2021387961
	0.2063697198	0.2120461165	0.2187868918	0.2260031699	0.2333668636
	0.2407234548	0.2480001533	0.255160386	0.2621841346	0.269059506
	0.2757789511	0.2823374421	0.2887315205	0.2949587583	0.3010174325
	0.3069063173	0.3126245454	0.3181715125	0.32354681	0.3287501759
	0.333781459	0.3386405921	0.343327572	0.3478424439	0.3521852891
	0.3563562164	0.3603553539	0.3641828442	0.3678388388	0.3713234949
	0.3746369724	0.3777794312	0.3807510296	0.3835519223	0.3861822592
	0.3886421843	0.3909318349	0.3930513406	0.3950008231	0.3967803954
	0.3983901614	0.399830216	0.4011006446	0.4022015233	0.4031329189
	0.4038948887	0.404487481	0.4049107343	0.4051646764	0.4052493227
	0.3044451905	0.3043573181	0.3040936877	0.3036542731	0.3030390373
	0.3022479319	0.3012808962	0.300137857	0.2988187285	0.2973234115
	0.2956517936	0.2938037476	0.2917791311	0.2895777849	0.2871995306
	0.284644168	0.2819114707	0.2790011802	0.2759129975	0.2726465715
	0.2692014821	0.2655772169	0.261773138	0.2577884355	0.2536220614
	0.2492726368	0.2447383212	0.2400166273	0.2351041602	0.2299962484
	0.2246864215	0.219165669	0.213421382	0.2074358283	0.2011839141
	0.1946297876	0.1877213819	0.1803808551	0.1724859601	0.1638303488
	0.1540390711	0.1424347243	0.1281344125	0.1115350231	0.09737941195
	0.09519731087	0.112844654	0.1450305788	0.1796328091	0.1984494438
	0.2029205992	0.2058049928	0.2109696186	0.2176669347	0.2249918583
	0.2324944536	0.2399829483	0.2473753327	0.2546343207	0.2617415387
	0.2686872029	0.2754657717	0.2820739777	0.288509862	0.2947722602
	0.3008605105	0.3067742773	0.3125134404	0.3180780231	0.3234681435
	0.3286839827	0.3337257623	0.3385937284	0.3432881416	0.3478092687
	0.3521573781	0.3563327355	0.3603356015	0.3641662298	0.3678248658
	0.3713117455	0.3746270953	0.3777711311	0.3807440582	0.3835460709
	0.3861773528	0.3886380759	0.3909284014	0.3930484789	0.394998447
	0.3967784329	0.3983885523	0.3998289099	0.4010995989	0.4022007011
	0.4031322871	0.4038944164	0.4044871367	0.4049104847	0.4051644854
	0.4052491517	0.3044402676	0.3043523396	0.3040885391	0.3036488303
	0.3030331615	0.3022414653	0.3012736584	0.3001296404	0.2988092933
	0.2973124798	0.2956390412	0.2937887954	0.2917615337	0.2895570178
	0.2871749746	0.2846150909	0.2818770057	0.2789603002	0.2758644845
	0.2725889805	0.2691330982	0.265496004	0.2616766777	0.2576738542
	0.2534859423	0.2491109137	0.2445461484	0.2397882187	0.2348325867
	0.2296731773	0.2243017715	0.2187071385	0.2128737797	0.2067800815
	0.2003955313	0.1936763487	0.18655819	0.1789428402	0.1706712469
	0.1614636927	0.1507850539	0.1376009453	0.1203692475	0.09889858195
	0.07830492418	0.07066930821	0.09042856896	0.129780143	0.1719322008
	0.1969660148	0.2023269732	0.2046072677	0.2095918256	0.2163995281
	0.2239045351	0.2315803622	0.2392182382	0.2467357736	0.2540989368
	0.2612928776	0.2683108637	0.275149861	0.2818086417	0.2882869089
	0.2945848605	0.3007029574	0.3066417939	0.3124020232	0.3179843131
	0.3233893211	0.3286176793	0.3336699875	0.3385468094	0.3432486719
	0.3477760658	0.3521294474	0.3563092407	0.3603158392	0.3641496084
	0.3678108878	0.3712999926	0.3746172157	0.3777628292	0.3807370854
	0.3835402187	0.3861724457	0.3886339671	0.3909249675	0.393045617
	0.3949960708	0.3967764703	0.3983869432	0.3998276038	0.4010985531
	0.4021998788	0.4031316554	0.403893944	0.4044867924	0.4049102351
	0.4051642945	0.4052489806	0.3044353861	0.3043474038	0.3040834369
	0.3036434395	0.303027345	0.302235067	0.3012664995	0.3001215156
	0.2987999658	0.2973016749	0.2956264392	0.2937740224	0.2917441511
	0.2895365093	0.2871507315	0.2845863945	0.281843006	0.2789199919
	0.2758166778	0.2725322672	0.2690658116	0.2654161722	0.2615819682
	0.2575615087	0.2533527002	0.2489529218	0.2443588529	0.2395662367
	0.2345695487	0.2293615317	0.2239325345	0.2182695599	0.2123548763
	0.2061639492	0.19966227	0.1928002772	0.1855046768	0.1776622369
	0.169086228	0.1594403674	0.14806287	0.1336300638	0.1140478258
	0.08855865328	0.06210917982	0.04774695646	0.0667183221	0.1124176058
	0.1596436143	0.1907497419	0.1992562889	0.2024017873	0.2078226909
	0.2149737301	0.2227485199	0.2306346602	0.2384385551	0.2460892546
	0.2535606545	0.2608434356	0.2679348488	0.2748348309	0.2815444365
	0.2880651643	0.2943986507	0.3005465239	0.3065103345	0.3122915246
	0.3178914162	0.3233112109	0.3285519951	0.3336147479	0.3385003506
	0.3432095965	0.3477431995	0.3521018035	0.3562859896	0.3602962837
	0.3641331623	0.3677970581	0.3712883651	0.374607442	0.3777546166
	0.380730188	0.3835344297	0.3861675919	0.3886299029	0.3909215712
	0.3930427864	0.3949937207	0.3967745296	0.3983853524	0.3998263132
	0.4010975207	0.4021990685	0.403131035	0.4038934831	0.4044864602
	0.4049099988	0.4051641178	0.4052488242	0.3044305858	0.3043425518
	0.3040784258	0.303638151	0.303021645	0.3022288024	0.3012594948
	0.3001135696	0.2987908465	0.297291114	0.2956141245	0.2937595893
	0.2917271723	0.2895164825	0.287127065	0.2845583902	0.2818098401
	0.2788806913	0.2757700933	0.2724770421	0.269000345	0.2653385765
	0.2614900204	0.2574525939	0.2532237472	0.2488003297	0.2441784074
	0.2393530154	0.2343178132	0.2290646037	0.2235826495	0.2178576893
	0.2118704945	0.2055947061	0.1989934854	0.1920140878	0.1845784802
	0.1765656338	0.16777457	0.1578402174	0.1460379047	0.1309039574
	0.1100666218	0.08239320017	0.05237662622	0.03253929232	0.04786721395
	0.09644161642	0.1462041362	0.1808104752	0.1936510751	0.1991553873
	0.2056851018	0.21341789	0.2215459415	0.2296735338	0.2376558777
	0.245444879	0.2530265695	0.2603988567	0.2675637171	0.2745244048
	0.2812844275	0.2878471666	0.2942157414	0.30039297	0.3063813698
	0.3121831757	0.3178003639	0.3232346783	0.3284876562	0.333560653
	0.3384548642	0.3431713457	0.3477110317	0.3520747505	0.356263238
	0.36027715	0.3641170721	0.3677835287	0.3712769906	0.3745978815
	0.3777465834	0.3807234414	0.3835287676	0.3861628446	0.3886259281
	0.3909182497	0.3930400184	0.394991423	0.3967726326	0.3983837983
	0.3998250537	0.4010965151	0.4021982822	0.4031304372	0.403893045
	0.4044861523	0.4049097891	0.4051639697	0.4052486973	0.3044259045
	0.3043378229	0.3040735492	0.3036330138	0.3030161176	0.3022227357
	0.3012527181	0.3001058873	0.2987820338	0.2972809114	0.2956022307
	0.2937456528	0.2917107816	0.2894971542	0.2871042307	0.28453138
	0.2817778645	0.2788428195	0.2757252283	0.272423892	0.26893739
	0.2652640315	0.2614017925	0.2573482352	0.2531004029	0.2486546816
	0.2440066155	0.2391506573	0.2340798271	0.2287852376	0.2232554238
	0.2174753811	0.2114251544	0.2050777184	0.1983956863	0.191325956
	0.1837904253	0.1756684657	0.1667605072	0.1567059492	0.1447951549
	0.1296087906	0.1088389806	0.08122995217	0.05077136031	0.02860218849
	0.03923546881	0.08590258249	0.1353170133	0.1701724132	0.1867558766
	0.1952986481	0.2033410051	0.2118028701	0.2203332707	0.2287185862
	0.2368844389	0.244812759	0.2525042502	0.2599650113	0.2672021338
	0.2742223522	0.2810316953	0.287635453	0.2940382339	0.3002440426
	0.3062563563	0.3120781932	0.3177121741	0.3231605756	0.3284253773
	0.3335083024	0.3384108531	0.3431343418	0.347679917	0.3520485863
	0.3562412363	0.3602586486	0.3641015148	0.3677704481	0.3712659941
	0.3745886391	0.3777388179	0.3807169199	0.3835232946	0.386158256
	0.3886220864	0.3909150396	0.3930373437	0.3949892031	0.3967708006
	0.3983822985	0.3998238399	0.4010955489	0.402197531	0.4031298726
	0.4038926404	0.4044858805	0.4049096192	0.4051638652	0.4052486154
	0.3044213771	0.3043332538	0.3040688482	0.3036280755	0.3030108174
	0.3022169296	0.301246241	0.300098551	0.2987736229	0.2972711776
	0.2955908866	0.2937323637	0.2916951559	0.2894787329	0.2870824741
	0.2845056533	0.2817474204	0.2788067785	0.2756825561	0.2723733737
	0.2688776008	0.265193304	0.2613181814	0.2572494786	0.2529838828
	0.2485173845	0.2438450972	0.2389610167	0.2338576974	0.2285258066
	0.2229535021	0.2171255456	0.2110220086	0.204616336	0.1978723473
	0.1907393716	0.18314385	0.1749736177	0.1660457269	0.1560355498
	0.1443193918	0.1296832042	0.1101825584	0.08469944374	0.05673650159
	0.03594430997	0.04276906436	0.08362335681	0.1292530503	0.1617807411
	0.1803339173	0.1915124037	0.2010322301	0.2102240042	0.2191550888
	0.22779437	0.2361396171	0.2442034604	0.2520014348	0.2595478172
	0.2668547578	0.2739324131	0.2807892821	0.2874325204	0.2938681901
	0.3001014521	0.3061367169	0.3119777638	0.3176278382	0.3230897324
	0.328365853	0.3334582782	0.3383688059	0.3430989948	0.3476501995
	0.3520236	0.3562202271	0.3602409833	0.3640866616	0.3677579604
	0.3712554966	0.3745798165	0.3777314054	0.3807106951	0.3835180708
	0.3861538765	0.3886184199	0.3909119762	0.3930347915	0.3949870855
	0.3967690539	0.3983808701	0.3998226862	0.4010946341	0.4021968254
	0.4031293509	0.4038922794	0.4044856562	0.4049095028	0.4051638198
	0.4052485952	0.3044170342	0.3043288775	0.3040643617	0.3036233816
	0.3030057973	0.3022114444	0.3012401326	0.3000916398	0.2987657045
	0.2972620179	0.2955802149	0.2937198653	0.2916804636	0.2894614162
	0.2870620278	0.2844814839	0.28171883	0.2787729473	0.2756425221
	0.2723260094	0.2688215882	0.2651271069	0.2612400159	0.2571572834
	0.252875291	0.2483897001	0.2436952815	0.238785693	0.2336531862
	0.2282882105	0.2226788693	0.2168101568	0.2106628579	0.2042119194
	0.1974239495	0.1902532008	0.1826347113	0.1744716644	0.1656100961
	0.1557850147	0.1445063569	0.1308617459	0.1134492374	0.0915153869
	0.06805204077	0.05136695834	0.05648668446	0.08949173546	0.1282609824
	0.1569085359	0.1755842622	0.1883535258	0.1989760391	0.208771584
	0.2180547074	0.2269249356	0.2354364809	0.2436273149	0.2515256729
	0.2591530368	0.2665261182	0.2736582176	0.2805601361	0.2872407847
	0.2937076022	0.2999668485	0.306023823	0.3118830298	0.3175483096
	0.3230229453	0.3283097499	0.3334111388	0.3383291903	0.3430656969
	0.3476222084	0.3520000678	0.3562004424	0.360224349	0.3640726763
	0.3677462031	0.3712456135	0.3745715107	0.3777244274	0.3807048354
	0.3835131536	0.3861497543	0.3886149691	0.3909090932	0.39303239
	0.3949850936	0.3967674119	0.3983795288	0.3998216055	0.4010937814
	0.4021961746	0.4031288806	0.4038919707	0.4044854897	0.4049094533
	0.4051638505	0.4052486552	0.3044129001	0.3043247219	0.3040601252
	0.3036189756	0.3030011081	0.3022063383	0.3012344586	0.3000852285
	0.2987583647	0.2972535315	0.2955703308	0.2937082925	0.2916668623
	0.2894453893	0.2870431095	0.2844591274	0.2816923937	0.2787416785
	0.2756055393	0.272282282	0.2687699152	0.2650660938	0.2611680511
	0.2570725167	0.2527756152	0.2482727415	0.243558405	0.2386260334
	0.2334677201	0.2280738951	0.2224328849	0.2165303121	0.2103482503
	0.2038640006	0.1970482475	0.1898621483	0.1822524446	0.1741426326
	0.165415772	0.1558793664	0.1451958305	0.1327764389	0.1177925387
	0.09997002494	0.08180170613	0.07005424831	0.07499082022	0.1002232624
	0.1308587706	0.1550807292	0.1727094481	0.1860424983	0.1972939871
	0.2075078544	0.2170660666	0.226130639	0.2347883896	0.243093746
	0.2510839728	0.2587860771	0.2662204919	0.2734032062	0.2803470562
	0.2870625411	0.2935583627	0.2998417987	0.3059189756	0.3117950742
	0.3174744912	0.3229609685	0.3282576986	0.3333674119	0.3382924484
	0.3430348187	0.3475962544	0.3519782505	0.3561821011	0.3602089295
	0.3640597132	0.3677353057	0.3712364538	0.3745638132	0.3777179607
	0.3806994053	0.3835085971	0.3861459346	0.3886117717	0.3909064223
	0.3930301656	0.3949832492	0.3967658926	0.3983782895	0.3998206098
	0.4010930006	0.4021955865	0.4031284685	0.4038917217	0.4044853905
	0.4049094841	0.405163976	0.405248817	0.3044089906	0.304320809
	0.304056171	0.3036148994	0.3029967988	0.3022016665	0.301229281
	0.3000793871	0.2987516833	0.2972458104	0.2955613412	0.2936977694
	0.2916544977	0.2894308229	0.2870259194	0.284438819	0.2816683873
	0.2787132952	0.2755719852	0.2722426316	0.2687230928	0.265010855
	0.2611029649	0.2569959504	0.2526857248	0.2481674735	0.2434355168
	0.2384831444	0.2333024121	0.227883891	0.2222163487	0.2162863383
	0.2100776511	0.2035705604	0.1967407308	0.1895575512	0.1819814042
	0.1739588228	0.1654132765	0.1562271783	0.146209645	0.1350605168
	0.1224379396	0.1085046196	0.09532353702	0.08792355044	0.09289634018
	0.1117023622	0.1350391227	0.1551493944	0.1712912953	0.1845198901
	0.1960087299	0.2064603584	0.2162098395	0.2254261657	0.2342059971
	0.2426107484	0.2506825135	0.2584518208	0.2659417978	0.2731705584
	0.2801526423	0.2868999271	0.2934222362	0.2997277641	0.3058233881
	0.3117149064	0.3174072245	0.3229045042	0.3282102859	0.3333275883
	0.3382589911	0.3430067045	0.3475726263	0.3519583902	0.3561654065
	0.3601948952	0.3640479154	0.3677253885	0.3712281184	0.3745568087
	0.3777120765	0.3806944645	0.3835044513	0.3861424595	0.3886088629
	0.3909039928	0.3930281426	0.3949815725	0.3967645124	0.3983771654
	0.3998197097	0.4010922997	0.4021950672	0.4031281195	0.4038915369
	0.4044853656	0.4049096085	0.4051642176	0.4052491071	0.3044053081
	0.3043171524	0.3040525288	0.3036111935	0.3029929168	0.3021974816
	0.3012246578	0.3000741804	0.2987457335	0.2972389385	0.2955533429
	0.2936884093	0.2916435018	0.2894178716	0.2870106387	0.2844207711
	0.2816470596	0.2786880881	0.2755421991	0.2722074523	0.2686815769
	0.2649619147	0.2610453555	0.2569282598	0.2526063718	0.2480747174
	0.2433274884	0.2383579107	0.2331580949	0.2277188684	0.2220295885
	0.2160779334	0.2098496711	0.2033283969	0.1964952256	0.1893283919
	0.1818026364	0.173888077	0.1655479088	0.156733964	0.1473809536
	0.1374139613	0.1268393757	0.1161111424	0.106921192	0.10273126
	0.1074921077	0.1215524888	0.1393851143	0.1561534427	0.1708076226
	0.1836087531	0.1950803737	0.2056281152	0.2154937496	0.2248200359
	0.233696822	0.2421846015	0.2503264614	0.2581545055	0.2656935144
	0.2729631349	0.2799792517	0.2867548895	0.293300834	0.2996260805
	0.3057381701	0.3116434498	0.3173472786	0.3228541942	0.3281680478
	0.3332921162	0.3382291935	0.3429816684	0.3475515872	0.3519407076
	0.3561505435	0.3601824016	0.3640374134	0.367716561	0.3712206993
	0.3745505744	0.3777068395	0.3806900674	0.3835007619	0.3861393671
	0.3886062747	0.3909018313	0.3930263432	0.3949800816	0.3967632862
	0.3983761685	0.3998189142	0.4010916853	0.4021946208	0.4031278359
	0.4038914182	0.4044854192	0.404909838	0.4051646006	0.4052495612
	0.3044018335	0.3043137562	0.3040492272	0.3036078992	0.3029895085
	0.302193833	0.3012206422	0.3000696667	0.2987405809	0.2972329906
	0.2955464225	0.2936803123	0.2916339916	0.2894066723	0.286997428
	0.2844051717	0.2816286303	0.2786663137	0.2755164792	0.2721770898
	0.2686457658	0.2649197292	0.26099574	0.2568700242	0.2525381937
	0.2479951574	0.2432350271	0.2382510194	0.2330353606	0.2275792026
	0.2218725665	0.215904335	0.2096623328	0.2031335476	0.1963045752
	0.1891624085	0.1816957325	0.1738969516	0.165765291	0.1573118328
	0.1485697718	0.1396227608	0.1306925093	0.1223711215	0.1160210449
	0.1139293768	0.1183426555	0.1291846702	0.1432424262	0.1574987918
	0.1708537519	0.1831243751	0.1944430532	0.2049921704	0.2149154091
	0.2243152927	0.2332653564	0.2418198329	0.2500199065	0.2578976638
	0.2654786288	0.2727834352	0.2798289656	0.2866291572	0.2931955914
	0.2995379404	0.3056643129	0.3115815291	0.3172953409	0.3228106116
	0.3281314629	0.3332613956	0.3382033903	0.3429599905	0.3475333718
	0.3519253995	0.3561376773	0.3601715872	0.3640283234	0.3677089207
	0.3712142782	0.3745451791	0.3777023075	0.3806862624	0.3834975695
	0.3861366914	0.3886040355	0.3908999614	0.3930247869	0.3949787928
	0.396762227	0.3983753087	0.3998182307	0.401091162	0.4021942493
	0.4031276167	0.4038913626	0.4044855498	0.404910181	0.4051651554
	0.4052502315	0.3043985089	0.3043106146	0.304046298	0.3036050608
	0.3029866204	0.3021907675	0.3012172823	0.3000658977	0.2987362827
	0.2972280317	0.2955406545	0.2936735651	0.2916260683	0.2893973433
	0.2869864254	0.2843921823	0.2816132881	0.2786481919	0.275495081
	0.2721518394	0.268615999	0.264884685	0.2609545543	0.2568217279
	0.2524817175	0.2479293498	0.2431586921	0.2381629868	0.2329346061
	0.2274650465	0.2217449934	0.2157644997	0.2095133522	0.202981732
	0.1961613339	0.1890471897	0.1816405605	0.1739534383	0.1660154981
	0.1578850093	0.1496670898	0.1415479761	0.1338655355	0.1272446244
	0.1227686551	0.1219407472	0.1260165164	0.1348006451	0.1463937041
	0.1588497334	0.1711555421	0.1829131276	0.1940273183	0.2045250972
	0.2144659828	0.2239108758	0.2329135699	0.2415193909	0.2497659074
	0.2576841188	0.2652996155	0.2726335727	0.2797035644	0.2865242196
	0.2931077501	0.2994643772	0.3056026765	0.3115298603	0.3172520078
	0.3227742541	0.3281009466	0.3332357736	0.3381818717	0.3429419139
	0.3475181837	0.3519126364	0.3561269509	0.3601625718	0.364020746
	0.3677025522	0.3712089263	0.3745406824	0.3776985305	0.3806830914
	0.3834949092	0.3861344618	0.3886021698	0.3908984037	0.3930234907
	0.3949777197	0.3967613459	0.3983745947	0.3998176652	0.401090733
	0.4021939525	0.4031274578	0.4038913621	0.4044857478	0.4049106376
	0.4051659174	0.405251203	0.3043952	0.3043077167	0.3040437859
	0.30360273	0.3029842991	0.3021883277	0.30121462	0.3000629173
	0.2987328872	0.2972241162	0.2955361014	0.2936682401	0.2916198159
	0.2893899828	0.2869777457	0.284381937	0.2816011896	0.2786339047
	0.2754782155	0.2721319444	0.2685925551	0.2648570985	0.2609221535
	0.2567837624	0.2524373647	0.2478777321	0.2430989115	0.2380941871
	0.2328560787	0.2273764033	0.2216464427	0.2156572815	0.2094004151
	0.2028687787	0.1960584229	0.1889711718	0.1816187503	0.1740290819
	0.1662557538	0.1583921297	0.1505925242	0.1431047519	0.1363206733
	0.1308459065	0.1275483167	0.1274447914	0.1312541827	0.1387697139
	0.148801936	0.1600197784	0.1715334559	0.1828578709	0.1937710581
	0.2041979119	0.2141336609	0.2236032325	0.2326416317	0.2412849568
	0.2495666162	0.2575160259	0.2651584413	0.2725152645	0.2796045129
	0.2864413108	0.293038343	0.2994062526	0.3055539789	0.3114890418
	0.317217778	0.3227455373	0.3280768458	0.3332155402	0.3381648802
	0.3429276414	0.3475061926	0.3519025606	0.3561184835	0.3601554556
	0.3640147652	0.3676975259	0.3712047026	0.3745371338	0.37769555
	0.3806805893	0.3834928103	0.3861327029	0.3886006981	0.3908971751
	0.3930224687	0.394976874	0.3967606519	0.3983740332	0.3998172221
	0.4010903999	0.4021937281	0.4031273518	0.4038914017	0.4044859911
	0.4049111906	0.4051669217	0.4052526295	0.3043916047	0.3043050716
	0.304041766	0.3036009699	0.3029825916	0.3021865519	0.3012126906
	0.3000607613	0.2987304328	0.2972212871	0.2955328125	0.2936643941
	0.2916153007	0.289384668	0.2869714792	0.2843745413	0.2815924575
	0.278623595	0.275466048	0.2721175951	0.2685756516	0.264837216
	0.2608988124	0.2567564289	0.2524054566	0.247840633	0.2430559982
	0.2380448788	0.2327999191	0.2273131944	0.2215764573	0.215581597
	0.2093214305	0.2027910087	0.1959897053	0.1889244804	0.1816148753
	0.1741004973	0.166451974	0.1587865621	0.1512896787	0.1442432871
	0.1380598799	0.1333116194	0.130717599	0.1310120848	0.1346377157
	0.1414033136	0.1504893094	0.1609067969	0.1718722039	0.1828741906
	0.1936242349	0.2039846397	0.213906509	0.2233878574	0.232448686
	0.2411173176	0.2494234486	0.257394942	0.2650565875	0.2724298319
	0.2795329519	0.2863813986	0.2929881834	0.2993642467	0.3055187875
	0.3114595463	0.3171930455	0.3227247902	0.3280594351	0.3332009245
	0.3381526073	0.3429173332	0.347497533	0.3518952847	0.3561123695
	0.3601503176	0.3640104474	0.3676938974	0.3712016538	0.3745345726
	0.3776933991	0.3806787839	0.3834912959	0.386131434	0.3885996365
	0.3908962892	0.3930217318	0.3949762645	0.3967601522	0.3983736295
	0.3998169045	0.401090163	0.4021935727	0.4031272886	0.4038914602
	0.4044862409	0.4049117882	0.405168179	0.4052548212	0.3043870249
	0.3043027985	0.3040403724	0.3035998564	0.3029815425	0.3021854713
	0.3012115206	0.3000594557	0.2987289476	0.2972195756	0.2955308232
	0.2936620683	0.2916125705	0.2893814548	0.2869676911	0.2843700711
	0.2815871803	0.2786173653	0.275458697	0.2721089279	0.2685654441
	0.2648252131	0.2608847265	0.2567399406	0.252386219	0.2478182804
	0.2430301645	0.2380152283	0.2327661988	0.2272753182	0.2215346403
	0.2155365646	0.2092747426	0.2027455548	0.1959504532	0.1888995907
	0.1816173259	0.1741503734	0.1665795175	0.1590357932	0.151721572
	0.1449354486	0.139095769	0.134748234	0.1325260611	0.1330182477
	0.1365380339	0.1429088341	0.151487302	0.1614566605	0.1721010654
	0.1829056346	0.193550705	0.2038651537	0.213774591	0.2232605798
	0.2323335594	0.2410167295	0.2493372596	0.2573219055	0.2649950806
	0.2723782084	0.2794896957	0.2863451779	0.2929578571	0.2993388505
	0.3054975123	0.3114417158	0.3171780956	0.3227122503	0.3280489129
	0.3331920923	0.3381451916	0.3429111053	0.3474923016	0.3518908898
	0.3561086769	0.360147215	0.3640078404	0.3676917071	0.3711998137
	0.3745330271	0.3776921015	0.3806776949	0.3834903827	0.3861306691
	0.3885989968	0.3908957554	0.3930212881	0.3949758977	0.3967598516
	0.398373387	0.3998167143	0.4010900222	0.4021934824	0.4031272573
	0.4038915121	0.4044864397	0.4049123157	0.4051695885	0.4052584647
	0.304379766	0.3043014218	0.3040398252	0.3035994687	0.3029811867
	0.3021851072	0.3012111271	0.3000590169	0.2987284485	0.2972190007
	0.2955301551	0.2936612874	0.2916116542	0.2893803766	0.2869664204
	0.2843685722	0.2815854112	0.2786152776	0.2754562343	0.2721060249
	0.2685620262	0.2648211951	0.2608800126	0.2567344246	0.2523797855
	0.2478108084	0.2430215332	0.238005328	0.2327549486	0.227262695
	0.2215207244	0.2155216111	0.2092592912	0.2027305982	0.1959376891
	0.1888917962	0.1816188974	0.1741680776	0.1666234694	0.1591205716
	0.1518670928	0.1451665576	0.1394383543	0.1352186676	0.1331129976
	0.1336657731	0.1371521388	0.1434004017	0.1518190003	0.1616437504
	0.1721821034	0.1829199916	0.1935287746	0.2038268267	0.2137314002
	0.2232185116	0.2322953128	0.2409832155	0.2493084947	0.2572975066
	0.2649745224	0.2723609489	0.2794752322	0.2863330669	0.2929477178
	0.2993303606	0.3054904011	0.3114357572	0.3171731007	0.3227080617
	0.3280453992	0.3331891439	0.3381427169	0.3429090279	0.3474905574
	0.3518894252	0.356107447	0.3601461822	0.3640069733	0.3676909791
	0.3711992026	0.3745325143	0.3776916714	0.3806773345	0.3834900808
	0.3861304166	0.388598786	0.3908955798	0.3930211424	0.3949757774
	0.3967597534	0.398373308	0.3998166526	0.4010899768	0.402193454
	0.4031272492	0.4038915338	0.4044865205	0.40491257	0.4051706535
	0.4052652012	