3131	
	0.3049717731	0.3048741307	0.3046077283	0.3041679994	0.3035539989
	0.3027654483	0.3018022583	0.3006644229	0.2993519884	0.2978650461
	0.2962037326	0.294368236	0.2923588053	0.2901757627	0.2878195209
	0.2852906038	0.2825896736	0.2797175639	0.276675323	0.2734642682
	0.2700860551	0.2665427678	0.2628370337	0.258972175	0.2549524043
	0.2507830819	0.246471053	0.2420250904	0.2374564752	0.2327797551
	0.2280137278	0.2231827032	0.2183180938	0.2134603688	0.208661363
	0.2039868402	0.1995190539	0.1953587935	0.1916260617	0.1884581537
	0.1860036714	0.1844112458	0.1838128756	0.184304062	0.1859257715
	0.188654845	0.1924074654	0.197054731	0.202444128	0.2084196538
	0.2148361809	0.2215672265	0.2285074623	0.2355719058	0.24269345
	0.2498198476	0.2569107728	0.2639352481	0.2708695217	0.2776953784
	0.2843988274	0.290969096	0.297397865	0.3036786902	0.3098065658
	0.3157775933	0.3215887318	0.3272376073	0.3327223673	0.3380415693
	0.3431940942	0.3481790797	0.3529958677	0.3576439629	0.3621230001
	0.3664327184	0.3705729399	0.3745435532	0.3783444995	0.3819757616
	0.3854373547	0.3887293191	0.3918517137	0.3948046112	0.3975880936
	0.4002022488	0.4026471675	0.4049229409	0.407029658	0.4089674039
	0.4107362584	0.4123362933	0.4137675711	0.4150301423	0.4161240415
	0.4170492806	0.4178058356	0.4183936125	0.4188123419	0.4190611187
	0.4191355691	0.3049646116	0.3048728515	0.3046072826	0.3041677204
	0.303553762	0.3027652165	0.3018020144	0.3006641549	0.2993516861
	0.2978646988	0.2962033289	0.2943677626	0.2923582464	0.2901750998
	0.2878187314	0.2852896604	0.2825885425	0.2797162037	0.2766736823
	0.2734622828	0.2700836445	0.26653983	0.2628334394	0.2589677587
	0.2549469534	0.250776322	0.2464626283	0.2420145388	0.2374431954
	0.232762965	0.2279924141	0.2231555601	0.2182834565	0.2134161476
	0.2086049946	0.2039152867	0.1994288928	0.1952464639	0.1914883375
	0.1882928907	0.185810794	0.1841937696	0.1835775402	0.1840610219
	0.1856870184	0.1884317322	0.192208406	0.1968840879	0.2023024906
	0.2083049443	0.2147449017	0.2214954403	0.2284514013	0.2355282702
	0.2426595028	0.2497933954	0.2568900966	0.2639190196	0.2708567226
	0.2776852316	0.2843907404	0.2909626165	0.2973926468	0.3036744676
	0.3098031334	0.3157747918	0.3215864368	0.327235721	0.3327208124
	0.3380402842	0.3431930299	0.3481781967	0.352995134	0.3576433524
	0.3621224917	0.3664322947	0.3705725867	0.3745432587	0.3783442539
	0.381975557	0.3854371844	0.3887291774	0.3918515962	0.3948045139
	0.3975880134	0.4002021832	0.4026471143	0.4049228983	0.4070296247
	0.408967379	0.410736241	0.4123362831	0.4137675683	0.4150301477
	0.4161240572	0.4170493112	0.4178058917	0.4183937244	0.4188126241
	0.4190622061	0.4191422965	0.3049603194	0.3048708697	0.3046061926
	0.3041669316	0.303553068	0.3027645316	0.3018012915	0.3006633602
	0.299350789	0.2978636681	0.2962021302	0.2943663563	0.2923565858
	0.2901731292	0.2878163836	0.2852868534	0.2825851762	0.2797121545
	0.276668797	0.2734563701	0.2700764643	0.2665310792	0.2628227328
	0.258954604	0.2549307182	0.25075619	0.2464375419	0.2419831232
	0.2374036616	0.2327129862	0.2279289717	0.2230747618	0.2181803315
	0.2132844437	0.2084370227	0.2037018977	0.1991597249	0.1949106526
	0.1910759123	0.1877970273	0.1852308484	0.1835385115	0.1828672811
	0.1833268348	0.184965874	0.1877586427	0.1916090966	0.1963715694
	0.2018781036	0.2079619574	0.2144724245	0.2212814105	0.2282843896
	0.2353983351	0.2425584358	0.2497146404	0.256828527	0.2638706794
	0.2708185827	0.2776549812	0.2843666182	0.2909432784	0.2973770642
	0.30366185	0.3097928703	0.3157664091	0.3215795643	0.3272300677
	0.3327161481	0.3380364259	0.3431898311	0.3481755395	0.352992923
	0.3576415102	0.3621209551	0.3664310118	0.3705715149	0.3745423629
	0.3783435051	0.3819749311	0.3854366616	0.3887287411	0.3918512326
	0.3948042117	0.3975877631	0.400201977	0.4026469458	0.4049227624
	0.4070295172	0.4089672969	0.4107361821	0.4123362465	0.4137675542
	0.4150301586	0.4161240987	0.4170493957	0.4178060466	0.4183940161
	0.4188132365	0.4190636918	0.4191460028	0.3049571991	0.3048687062
	0.3046046749	0.3041657088	0.3035519484	0.3027634106	0.3018001023
	0.3006620499	0.2993493086	0.2978619667	0.296200151	0.2943640341
	0.2923538438	0.2901698755	0.2878125073	0.2852822197	0.28257962
	0.2797054724	0.276660737	0.273446618	0.2700646258	0.2665166567
	0.2628050943	0.2589329428	0.2549039982	0.2507230742	0.2463962979
	0.2419314998	0.2373387277	0.2326309259	0.2278248285	0.2229421309
	0.2180110102	0.2130680725	0.2081607897	0.2033504416	0.1987154617
	0.1943548583	0.1903909709	0.1869702055	0.1842596044	0.1824364739
	0.1816686271	0.1820855446	0.1837471393	0.1866241742	0.1906033676
	0.1955158298	0.201172982	0.207394476	0.2140230869	0.2209292987
	0.2280100655	0.23518511	0.2423926546	0.2495854639	0.2567275156
	0.2637913392	0.2707559499	0.2776052735	0.2843269541	0.2909114593
	0.2973514072	0.3036410612	0.3097759502	0.315752581	0.321568221
	0.3272207317	0.3327084417	0.3380300481	0.343184541	0.348171143
	0.3529892632	0.3576384595	0.3621184091	0.3664288852	0.3705697374
	0.3745408765	0.3783422619	0.3819738914	0.3854357924	0.3887280153
	0.3918506272	0.394803708	0.3975873455	0.4002016325	0.402646664
	0.4049225346	0.4070293367	0.4089671584	0.4107360822	0.4123361833
	0.4137675281	0.4150301728	0.4161241614	0.417049524	0.4178062757
	0.4183944203	0.418813976	0.4190650813	0.4191483195	0.3049545478
	0.3048664753	0.3046028585	0.3041641225	0.3035504416	0.3027618784
	0.3017984659	0.3006602419	0.2993472635	0.2978596151	0.2961974152
	0.2943608244	0.2923500542	0.2901653793	0.2878071519	0.2852758197
	0.2825719484	0.2796962499	0.2766496177	0.2734331711	0.2700483114
	0.2664967941	0.2627808201	0.2589031552	0.2548672837	0.2506776098
	0.2463397223	0.2418607439	0.2372497934	0.2325186023	0.2276823338
	0.2227606756	0.2177792895	0.2127717243	0.2077819063	0.2028673094
	0.1981028352	0.1935852444	0.1894375689	0.1858121816	0.1828900112
	0.1808719226	0.1799574247	0.1803081648	0.1820031825	0.1850078752
	0.1891805261	0.1943149032	0.200190986	0.2066092428	0.2134043997
	0.2204461799	0.2276345357	0.2348936024	0.2421661366	0.2494089635
	0.2565894459	0.2636828204	0.2706702122	0.2775371655	0.2842725547
	0.2908677765	0.2973161502	0.3036124679	0.309752658	0.3157335302
	0.3215525822	0.3272078518	0.3326978033	0.3380212391	0.3431772306
	0.3481650649	0.3529842015	0.3576342385	0.3621148853	0.3664259407
	0.3705672754	0.374538817	0.3783405389	0.3819724499	0.385434587
	0.3887270081	0.391849787	0.3948030086	0.3975867653	0.4002011537
	0.402646272	0.4049222175	0.407029085	0.4089669649	0.4107359419
	0.4123360934	0.4137674887	0.4150301874	0.4161242391	0.4170496834
	0.4178065519	0.418394878	0.4188147271	0.4190662725	0.4191499279
	0.3049520566	0.3048641791	0.3046008112	0.3041622278	0.303548586
	0.3027599636	0.3017964071	0.3006579604	0.2993446793	0.297856642
	0.2961939559	0.2943567658	0.2923452631	0.2901596966	0.2878003856
	0.2852677367	0.2825622638	0.2796846138	0.2766355971	0.2734162274
	0.2700277708	0.2664718081	0.2627503141	0.2588657597	0.2548212434
	0.2506206631	0.2462689411	0.2417723222	0.2371387705	0.2323785033
	0.2275047116	0.2225345413	0.2174904326	0.2124019535	0.207308299
	0.2022616659	0.1973317034	0.1926111319	0.1882222687	0.1843233793
	0.1811121672	0.1788210647	0.1776957535	0.1779483033	0.1796897725
	0.1828777259	0.187324754	0.1927667749	0.1989387031	0.2056166766
	0.2126274775	0.2198422398	0.2271664277	0.2345307936	0.2418843772
	0.2491893923	0.2564175771	0.2635476074	0.2705632597	0.2774520963
	0.2842045175	0.2908130704	0.2972719397	0.30357657	0.3097233825
	0.3157095607	0.3215328871	0.3271916176	0.3326843844	0.33801012
	0.3431679977	0.3481573842	0.3529778021	0.3576288998	0.3621104266
	0.3664222139	0.3705641583	0.3745362088	0.3783383561	0.3819706233
	0.3854330591	0.3887257312	0.3918487214	0.3948021213	0.397586029
	0.4002005459	0.402645774	0.4049218144	0.4070287647	0.4089667183
	0.4107357623	0.4123359769	0.4137674346	0.4150301989	0.416124325
	0.4170498609	0.4178068512	0.4183953481	0.4188154359	0.4190672741
	0.4191511342	0.3049495821	0.3048617976	0.3045985681	0.3041600665
	0.3035464177	0.3027576973	0.3017939549	0.3006552345	0.2993415876
	0.297853083	0.2961898142	0.2943519073	0.2923395292	0.2901528977
	0.2877922937	0.285258075	0.2825506947	0.2796707227	0.2766188725
	0.273396034	0.2700033151	0.2664420929	0.2627140786	0.2588214
	0.2547667069	0.2505533082	0.2461853503	0.2416680545	0.2370080343
	0.2322137277	0.2272959924	0.2222689385	0.2171511054	0.2119671471
	0.206750254	0.2015456342	0.1964154592	0.191445701	0.1867550978
	0.1825057872	0.1789133324	0.1762498565	0.1748264997	0.17493425
	0.1767385503	0.1801857543	0.1850142279	0.1908704512	0.197426888
	0.2044319411	0.2117076292	0.2191310144	0.2266169285	0.2341055845
	0.2415543019	0.2489320687	0.2562159638	0.2633887816	0.2704374325
	0.2773518455	0.2841242005	0.2907483811	0.2972195764	0.3035339873
	0.3096886064	0.315681051	0.3215094343	0.3271722658	0.3326683737
	0.3379968426	0.3431569647	0.3481482003	0.3529701461	0.3576225095
	0.3621050875	0.3664177495	0.370560423	0.3745330823	0.3783357388
	0.3819684326	0.3854312263	0.3887241991	0.3918474425	0.3948010562
	0.397585145	0.4001998158	0.4026451757	0.4049213297	0.4070283793
	0.4089664208	0.4107355446	0.4123358341	0.4137673647	0.4150302041
	0.4161244128	0.4170500454	0.4178071557	0.4183958058	0.4188160826
	0.4190681185	0.4191520891	0.304947056	0.3048593142	0.30459615
	0.3041576711	0.3035439702	0.3027551119	0.3017911414	0.3006520981
	0.2993380255	0.2978489804	0.2961850395	0.294346307	0.2923329217
	0.2901450664	0.2877829776	0.2852469584	0.2825373928	0.2796547643
	0.2765996768	0.2733728818	0.2699753099	0.2664081108	0.2626727018
	0.2587708289	0.2547046432	0.2504767987	0.2460905792	0.2415500656
	0.2368603622	0.2320279087	0.2270609226	0.2219700417	0.2167692775
	0.211477457	0.2061204326	0.2007344813	0.1953715112	0.1901068975
	0.1850508961	0.1803643541	0.1762781	0.1731105956	0.171264192
	0.1711551424	0.1730439163	0.1768608192	0.1822201124	0.1886279722
	0.1956727251	0.2030764284	0.2106650733	0.2183296231	0.2259997755
	0.2336286878	0.2411841337	0.2486432514	0.2559893505	0.2632099356
	0.2702954543	0.2772384836	0.2840331835	0.29067492	0.2971599941
	0.3034854438	0.3096488947	0.3156484446	0.3214825741	0.3271500752
	0.3326499943	0.3379815862	0.3431442765	0.3481376309	0.3529613295
	0.3576151465	0.3620989327	0.3664126008	0.3705561136	0.3745294742
	0.3783327175	0.381965903	0.3854291094	0.3887224291	0.3918459648
	0.3947998253	0.3975841231	0.4001989717	0.4026444837	0.4049207689
	0.4070279328	0.4089660756	0.4107352909	0.4123356654	0.4137672781
	0.4150302005	0.4161244972	0.4170502284	0.4178074533	0.4183962378
	0.4188166639	0.4190688374	0.4191528738	0.3049444469	0.3048567206
	0.3045935725	0.3041550689	0.3035412749	0.3027522403	0.3017880014
	0.3006485888	0.2993340352	0.2978443824	0.2961796881	0.2943400314
	0.2923255202	0.2901362981	0.2877725532	0.285234528	0.2825225311
	0.2796369514	0.276578274	0.2733470996	0.2699441674	0.2663703817
	0.2626268437	0.2587148894	0.2546361353	0.2503925342	0.2459864456
	0.2414207273	0.2366988591	0.2318251194	0.2268048478	0.2216448546
	0.2163540795	0.2109446771	0.2054338274	0.1998467617	0.1942217878
	0.1886185231	0.1831311317	0.1779091428	0.1731890654	0.1693370498
	0.1668801742	0.1664375822	0.1684410293	0.1727974598	0.1789060839
	0.186048242	0.1937033085	0.2015796969	0.2095257055	0.217458919
	0.2253311489	0.2331124414	0.2407832048	0.2483299754	0.2557430384
	0.2630150702	0.2701403533	0.2771143115	0.2839332233	0.2905940357
	0.2970942344	0.3034317492	0.3096048805	0.31561224	0.3214527014
	0.3271253603	0.3326294983	0.3379645542	0.343130098	0.3481258101
	0.3529514619	0.3576069007	0.3620920362	0.3664068289	0.3705512807
	0.3745254264	0.3783293269	0.3819630635	0.3854267326	0.3887204415
	0.391844305	0.3947984424	0.3975829748	0.4001980229	0.4026437057
	0.404920138	0.4070274301	0.4089656861	0.4107350034	0.4123354722
	0.4137671747	0.4150301859	0.4161245744	0.4170504038	0.4178077366
	0.4183966386	0.4188171843	0.4190694575	0.4191535365	0.3049417432
	0.3048540164	0.3045908506	0.304152285	0.3035383622	0.3027491164
	0.3017845719	0.3006447477	0.2993296629	0.2978393425	0.2961738223
	0.2943331545	0.2923174129	0.290126699	0.2877611487	0.2852209397
	0.2825063001	0.2796175183	0.2765549532	0.2733190469	0.2699103371
	0.2663294712	0.2625772202	0.2586544937	0.2545623528	0.2503020233
	0.245874907	0.2412825927	0.236526871	0.2316097613	0.2265335723
	0.2213010372	0.2159156058	0.210382044	0.2047076189	0.1989043525
	0.1929931811	0.1870114484	0.1810262683	0.1751586892	0.1696288859
	0.1648387329	0.1614807312	0.1605090131	0.1626717902	0.167840788
	0.1750304013	0.1831542707	0.1915608469	0.1999818073	0.2083217536
	0.2165434411	0.2246294056	0.2325705169	0.2403617006	0.2479998472
	0.2554827273	0.2628084741	0.2699753718	0.2769817938	0.2838262042
	0.2905071778	0.2970234195	0.303373778	0.30955725	0.3155729788
	0.3214202469	0.3270984655	0.3326071626	0.3379459702	0.343114611
	0.3481128863	0.3529406649	0.3575978719	0.3620844804	0.366400502
	0.3705459807	0.3745209856	0.378325606	0.3819599465	0.3854241228
	0.3887182585	0.3918424817	0.394796923	0.3975817128	0.4001969801
	0.4026428502	0.404919444	0.4070268766	0.4089652565	0.4107346851
	0.4123352559	0.4137670546	0.4150301595	0.416124642	0.4170505684
	0.4178080023	0.4183970076	0.4188176511	0.4190699997	0.4191541087
	0.3049389454	0.3048512078	0.3045880004	0.3041493439	0.3035352624
	0.3027457747	0.3017808915	0.3006406184	0.2993249589	0.2978339187
	0.2961675103	0.2943257567	0.2923086955	0.2901163839	0.2877489027
	0.2852063617	0.2824889049	0.2795967161	0.2765300241	0.2732891073
	0.2698742969	0.266285978	0.2625245867	0.2585906005	0.254484521
	0.2502068428	0.2457580056	0.241138324	0.2363478887	0.2313864367
	0.2262531922	0.220946694	0.2154646537	0.2098039404	0.2039608895
	0.1979323024	0.1917178059	0.1853248159	0.1787787305	0.1721452895
	0.1655859044	0.159498088	0.1547820924	0.1529510845	0.1553426819
	0.1617726763	0.1705555087	0.1799963088	0.1893099435	0.1983357265
	0.2070920179	0.2156110066	0.2239145867	0.2320174979	0.239930334
	0.2476607996	0.2552143338	0.2625945901	0.269803868	0.276843486
	0.2837140841	0.2904158567	0.2969487229	0.303312448	0.309506726
	0.3155312344	0.3213856676	0.3270697576	0.3325832833	0.3379260745
	0.3430980109	0.3480990195	0.3529290698	0.3575881685	0.3620763547
	0.3663936942	0.3705402751	0.374516203	0.3783215973	0.3819565874
	0.3854213096	0.3887159048	0.3918405154	0.3947952841	0.3975803514
	0.4001958548	0.4026419268	0.4049186945	0.4070262784	0.4089647915
	0.4107343392	0.4123350187	0.4137669189	0.4150301211	0.4161246989
	0.4170507204	0.4178082493	0.4183973468	0.4188180724	0.4190704807
	0.4191546122	0.3049360612	0.304848306	0.3045850401	0.3041462705
	0.303532006	0.3027422506	0.3017770009	0.3006362473	0.299319976
	0.2978281726	0.2961608243	0.2943179235	0.2922994702	0.2901054751
	0.2877359624	0.2851909718	0.2824705616	0.279574809	0.2765038107
	0.2732576803	0.2698365423	0.2662405209	0.26246972	0.2585241924
	0.2544038908	0.2501085963	0.2456378126	0.2409906159	0.2361654441
	0.2311598084	0.2259699067	0.2205901222	0.2150123958	0.2092254844
	0.2032141523	0.1969583985	0.1904328983	0.1836069865	0.1764463786
	0.1689232509	0.1610680062	0.1531829739	0.1464059777	0.1431768354
	0.1459076807	0.1543204076	0.1654748393	0.1766732428	0.187046267
	0.1967088412	0.2058811802	0.2146917452	0.2232076401	0.2314683211
	0.2394999501	0.2473208131	0.2549437926	0.2623778721	0.2696292128
	0.2767019595	0.2835988398	0.2903216037	0.2968713394	0.3032486984
	0.3094540517	0.3154875984	0.321349438	0.327039619	0.3325581701
	0.3379051191	0.343080504	0.3480843789	0.3529168159	0.3575779054
	0.3620677543	0.3663864844	0.3705342296	0.3745111333	0.3783173463
	0.3819530241	0.3854183246	0.3887134067	0.3918384281	0.394793544
	0.3975789057	0.4001946595	0.4026409458	0.404917898	0.4070256421
	0.4089642961	0.4107339696	0.4123347632	0.4137667692	0.4150300713
	0.4161247452	0.41705086	0.4178084788	0.4183976599	0.4188184566
	0.4190709142	0.4191550637	0.3049331035	0.3048453262	0.3045819895
	0.3041430902	0.3035286239	0.3027385804	0.3017729417	0.3006316822
	0.2993147701	0.2978221691	0.2961538405	0.2943097449	0.2922898436
	0.2900941002	0.2877224808	0.2851749549	0.2824514939	0.279552069
	0.2764766454	0.2732251743	0.2697975777	0.2661937257	0.2624134021
	0.2584562521	0.2543217067	0.2500088718	0.2455163703	0.2408421169
	0.2359830021	0.2309344507	0.2256898125	0.220239527	0.2145699875
	0.2086619987	0.2024886606	0.1960123574	0.1891801295	0.1819158059
	0.1741060392	0.1655810568	0.1561327278	0.1458039314	0.1359675233
	0.1305472619	0.1337856798	0.1452415606	0.1598683089	0.1733597171
	0.1849027398	0.1951815051	0.2047374456	0.2138163924	0.2225293385
	0.2309375915	0.2390810813	0.2469876156	0.2546768496	0.2621626394
	0.2694546851	0.2765597261	0.283482412	0.2902259304	0.2967924556
	0.3031834673	0.309399974	0.3154426694	0.3213120402	0.3270084403
	0.3325321411	0.3378833642	0.3430623038	0.3480691403	0.3529040486
	0.3575672028	0.3620587791	0.3663789556	0.3705279131	0.374505834
	0.3783129011	0.3819492968	0.3854152013	0.3887107923	0.3918362431
	0.3947917221	0.3975773917	0.4001934076	0.402639918	0.4049170632
	0.4070249749	0.4089637761	0.4107335805	0.4123344926	0.4137666075
	0.4150300115	0.416124782	0.4170509885	0.4178086932	0.4183979515
	0.4188188115	0.4190713117	0.4191554763	0.3049300885	0.3048422859
	0.3045788703	0.3041398297	0.3035251478	0.3027348012	0.3017687568
	0.3006269728	0.2993093983	0.297815975	0.2961466373	0.2943013135
	0.2922799259	0.2900823903	0.2877086152	0.2851584997	0.2824319299
	0.2795287721	0.2764488639	0.2731919993	0.2697579059	0.2661462129
	0.2623564026	0.2583877411	0.2542391777	0.2499092014	0.2453956367
	0.2406953528	0.2358038535	0.2307146984	0.2254186879	0.2199027129
	0.2141481219	0.2081283662	0.2018054878	0.1951245634	0.1880040884
	0.1803175486	0.1718558382	0.162256664	0.1509413539	0.1374604831
	0.1233847465	0.1148476556	0.1188162747	0.1345657781	0.1539807673
	0.1703199479	0.1830429883	0.1938391983	0.2037077689	0.2130137877
	0.2218989509	0.230438826	0.2386834818	0.2466683805	0.2544188569
	0.2619529347	0.2692833717	0.2764191664	0.2833666534	0.2901302909
	0.2967132218	0.3031176713	0.3093452279	0.3153970403	0.3212739553
	0.3269766137	0.3325055171	0.3378610734	0.3430436276	0.3480534834
	0.3528909166	0.3575561846	0.3620495319	0.3663711935	0.3705213974
	0.3745003649	0.3783083117	0.3819454471	0.3854119746	0.3887080907
	0.3918339847	0.3947898387	0.3975758263	0.4001921129	0.4026388549
	0.4049161994	0.4070242842	0.4089632372	0.4107331765	0.4123342102
	0.4137664365	0.4150299438	0.416124811	0.4170511078	0.4178088955
	0.4183982266	0.4188191449	0.4190716833	0.4191558613	0.3049270347
	0.304839205	0.3045757053	0.3041365159	0.3035216098	0.3027309503
	0.3017644898	0.3006221695	0.2993039195	0.2978096588	0.2961392951
	0.2942927241	0.2922698291	0.2900704787	0.2876945245	0.2851417968
	0.282412098	0.2795051938	0.2764207994	0.2731585595	0.2697180197
	0.2660985856	0.262299464	0.2583195782	0.2541574488	0.2498110231
	0.2452774334	0.2405526535	0.2356310122	0.2305044998	0.2251617801
	0.2195867677	0.2137565543	0.2076383044	0.2011844051	0.1943243414
	0.1869497285	0.178883714	0.1698137793	0.1591497558	0.1458281316
	0.128680351	0.1094505889	0.09718776575	0.1021020556	0.1229909097
	0.1482681135	0.16786398	0.1816256929	0.1927549651	0.2028305787
	0.2123078612	0.2213328501	0.229983713	0.238315688	0.2463694446
	0.2541745846	0.2617523937	0.2691180757	0.2762824639	0.2832532811
	0.2900360471	0.296634726	0.3030521857	0.309290522	0.3153512878
	0.3212356546	0.326944526	0.332478617	0.33783851	0.3430246936
	0.3480375893	0.3528775708	0.3575449763	0.3620401176	0.3663632858
	0.3705147555	0.3744947872	0.3783036291	0.381941518	0.3854086803
	0.3887053317	0.391831678	0.3947879145	0.3975742268	0.4001907898
	0.4026377682	0.4049153163	0.4070235778	0.4089626857	0.4107327625
	0.4123339199	0.4137662591	0.4150298706	0.4161248345	0.4170512209
	0.4178090896	0.4183984908	0.418819464	0.4190720381	0.4191562284
	0.3049239619	0.3048361042	0.304572518	0.3041331766	0.3035180423
	0.3027270657	0.3017601845	0.3006173232	0.2992983929	0.2978032898
	0.2961318949	0.294284072	0.2922596659	0.290058499	0.2876803676
	0.2851250352	0.2823922246	0.2794816055	0.2763927777	0.2731252475
	0.2696783936	0.2660514196	0.2622432874	0.2582526219	0.2540775772
	0.2497156477	0.2451633994	0.2404160893	0.2354671238	0.2303072833
	0.2249236061	0.2192977609	0.2134036303	0.2072036076	0.2006426336
	0.1936378468	0.1860587534	0.1776849638	0.1681088713	0.1565160656
	0.1413330881	0.1205958414	0.09626351544	0.08057683797	0.08650927847
	0.1121457639	0.143343825	0.1662168443	0.1807335958	0.1919639571
	0.2021277684	0.2117149125	0.2208433661	0.2295815095	0.2379846531
	0.2460960708	0.2539480597	0.2615641341	0.2689612378	0.2761515491
	0.2831438357	0.2899444381	0.2965579722	0.3029878284	0.3092365257
	0.3153059622	0.3211975924	0.3269125532	0.3324517527	0.3378159335
	0.3430057178	0.3480216383	0.3528641616	0.3575337037	0.3620306415
	0.3663553206	0.3705080614	0.3744891628	0.3782989053	0.381937553
	0.3854053549	0.388702546	0.3918293483	0.3947859709	0.3975726109
	0.4001894529	0.4026366701	0.4049144238	0.4070228637	0.408962128
	0.4107323436	0.4123336257	0.4137660785	0.4150297945	0.4161248552
	0.4170513306	0.4178092795	0.4183987493	0.4188197762	0.4190723846
	0.4191565868	0.3049208905	0.304833005	0.3045693326	0.3041298396
	0.3035144779	0.3027231854	0.3017558851	0.3006124853	0.2992928778
	0.297796937	0.2961245175	0.2942754521	0.2922495481	0.2900465835
	0.287666301	0.2851084011	0.2823725308	0.2794582702	0.2763651129
	0.2730924387	0.2696394768	0.2660052539	0.2621885213	0.2581876548
	0.2540005118	0.2496242318	0.2450549541	0.2402874174	0.2353143889
	0.2301258449	0.2247077832	0.2190404785	0.2130958603	0.2068334359
	0.2001936043	0.1930858014	0.1853652569	0.1767822494	0.166862194
	0.154626194	0.1381147672	0.114756459	0.08675688909	0.06892444917
	0.07565942037	0.1042789654	0.1398984174	0.1653927217	0.1803063382
	0.1914441956	0.2016003511	0.2112424221	0.2204382318	0.2292386839
	0.2376954991	0.2458522742	0.2537424447	0.2613906694	0.2688148752
	0.2760280549	0.2830396492	0.289856557	0.2964838614	0.3029253453
	0.3091838586	0.3152615793	0.3211601988	0.3268810546	0.3324252247
	0.3377935957	0.3429869113	0.3480058074	0.3528508377	0.3575224916
	0.3620212083	0.3663473858	0.3705013889	0.3744835537	0.3782941925
	0.3819335957	0.3854020349	0.3886997641	0.3918270213	0.3947840293
	0.3975709963	0.400188117	0.4026355727	0.4049135317	0.4070221499
	0.4089615705	0.4107319248	0.4123333316	0.4137658979	0.4150297186
	0.416124876	0.4170514405	0.4178094695	0.4183990079	0.4188200883
	0.4190727311	0.4191569453	0.304917841	0.3048299287	0.304566173
	0.3041265327	0.3035109491	0.302719347	0.3017516354	0.3006077063
	0.2992874331	0.2977906689	0.296117243	0.2942669581	0.2922395857
	0.2900348614	0.2876524775	0.2850920746	0.2823532297	0.2794354403
	0.2763381034	0.2730604863	0.2696016877	0.2659605835	0.2621357523
	0.2581253725	0.2539270778	0.2495377569	0.2449532692	0.2401680439
	0.2351745082	0.2299622656	0.2245169015	0.2188182205	0.2128375832
	0.2065337338	0.1998458988	0.1926814345	0.1848913866	0.1762167253
	0.166160613	0.1536896199	0.1367211171	0.1124978756	0.08334052656
	0.06499877646	0.07203968474	0.1013897265	0.1386432262	0.1652399822
	0.1801597105	0.1911270041	0.20123286	0.2108903599	0.2201208052
	0.2289588458	0.2374514001	0.2456407212	0.2535599603	0.2612338528
	0.2686805404	0.2759132867	0.2829418217	0.2897733328	0.2964131789
	0.3028654003	0.3091330821	0.3152186137	0.321123875	0.3268503691
	0.3323993192	0.3377717379	0.3429684778	0.3479902684	0.3528377437
	0.357511462	0.3620119207	0.366339568	0.3704948108	0.3744780213
	0.378289542	0.3819296894	0.3853987567	0.3886970166	0.3918247227
	0.3947821109	0.3975694009	0.4001867968	0.4026344881	0.4049126501
	0.4070214445	0.4089610198	0.4107315113	0.4123330417	0.4137657208
	0.4150296455	0.4161248997	0.4170515536	0.4178096636	0.4183992721
	0.4188204076	0.4190730859	0.4191573124	0.3049148331	0.3048268959
	0.3045630625	0.3041232832	0.3035074878	0.302715588	0.3017474787
	0.3006030362	0.2992821167	0.2977845526	0.2961101494	0.2942586811
	0.2922298855	0.2900234581	0.2876390441	0.2850762287	0.2823345245
	0.2794133542	0.2763120288	0.2730297177	0.2695654088	0.2659178547
	0.2620854988	0.2580663749	0.2538579675	0.2494570178	0.2448592525
	0.2400590008	0.2350486502	0.2298178648	0.2243524509	0.2186326813
	0.2126307621	0.2063068631	0.1996025512	0.192429054	0.1846441277
	0.1760015875	0.1660331499	0.153778497	0.1373406733	0.1142678468
	0.08675569737	0.06943518325	0.07621261786	0.1042916906	0.1399652096
	0.1655844891	0.1801128758	0.1909440039	0.2010065474	0.2106545352
	0.2198908659	0.2287429027	0.2372535846	0.2454626997	0.2534018554
	0.2610948516	0.268559301	0.2758082061	0.2828512094	0.2896955205
	0.2963465857	0.3028085684	0.3090846935	0.3151774939	0.3210889885
	0.3268208112	0.3323743046	0.3377505887	0.3429506114	0.3479751859
	0.3528250193	0.3575007328	0.3620028786	0.3663319514	0.3704883982
	0.3744726254	0.3782850044	0.3819258766	0.3853955561	0.3886943335
	0.3918224775	0.3947802368	0.3975678421	0.4001855068	0.4026334283
	0.4049117887	0.4070207555	0.4089604821	0.4107311082	0.41233276
	0.4137655502	0.4150295781	0.4161249289	0.4170516731	0.4178098661
	0.4183995473	0.418820741	0.4190734575	0.4191576975	0.3049118849
	0.304823926	0.3045600237	0.3041201179	0.3035041256	0.302711945
	0.3017434572	0.3005985238	0.2992769847	0.2977786531	0.2961033121
	0.294250709	0.29222055	0.2900124934	0.2876261409	0.2850610271
	0.2823166062	0.2793922345	0.2762871478	0.2730004322	0.2695309845
	0.265877461	0.2620382072	0.2580111635	0.2537937358	0.2493826179
	0.244773544	0.2399609426	0.2349374462	0.2296931921	0.2242148086
	0.2184839267	0.2124749387	0.2061515087	0.1994608469	0.1923235943
	0.1846142028	0.1761191091	0.166442112	0.1547992503	0.1397140552
	0.1194077456	0.09583040125	0.0809159638	0.08700672768	0.1120853577
	0.1434230571	0.1662803452	0.1801167674	0.1908767236	0.2009123257
	0.2105297226	0.2197454233	0.2285892986	0.2371014182	0.2453181532
	0.2532684217	0.2609741544	0.2684517427	0.2757134313	0.282768423
	0.289623699	0.2962846154	0.3027553323	0.3090391231	0.315138599
	0.3210558708	0.3267926686	0.3323504292	0.3377303615	0.3429334949
	0.3479607161	0.3528127972	0.3574904172	0.3619941778	0.3663246173
	0.3704822199	0.3744674241	0.3782806287	0.3819221986	0.3853924678
	0.3886917439	0.3918203101	0.3947784274	0.397566337	0.4001842612
	0.402632405	0.4049109571	0.4070200905	0.4089599636	0.4107307202
	0.4123324901	0.4137653891	0.4150295188	0.4161249659	0.4170518017
	0.4178100806	0.418399839	0.418821096	0.4190738551	0.4191581102
	0.3049090121	0.3048210364	0.3045570776	0.3041170625	0.3035008931
	0.3027084538	0.3017396121	0.3005942164	0.2992720913	0.2977730329
	0.2960968034	0.2942431256	0.2922116766	0.2900020807	0.2876138998
	0.285046623	0.2822996525	0.2793722863	0.276263696	0.2729728985
	0.2694987189	0.2658397427	0.2619942519	0.2579601411	0.253734803
	0.2493149745	0.2446965242	0.2398741591	0.2348410126	0.2295880615
	0.2241032903	0.2183704719	0.2123673552	0.2060628769	0.199412666
	0.1923512678	0.1847774722	0.1765241794	0.1672938325	0.156530329
	0.1432677692	0.1265203699	0.1080338284	0.0965215158	0.1017332008
	0.1224608656	0.1479209441	0.167252839	0.1802695074	0.190960893
	0.2009518196	0.2105101144	0.2196790081	0.2284942107	0.2369925335
	0.2452057656	0.2531590503	0.2608716074	0.2683579921	0.2756292518
	0.2826938361	0.2895582756	0.296227677	0.3027060829	0.3089967335
	0.3151022581	0.3210248157	0.3267662006	0.3323279198	0.3377112532
	0.3429172983	0.347947005	0.3528012028	0.3574806218	0.3619859093
	0.3663176429	0.3704763414	0.3744624728	0.3782764618	0.3819186949
	0.3853895251	0.3886892759	0.3918182441	0.3947767024	0.397564902
	0.4001830735	0.4026314294	0.4049101643	0.407019457	0.4089594702
	0.410730352	0.4123322356	0.4137652401	0.4150294695	0.4161250126
	0.4170519416	0.4178103103	0.4184001522	0.4188214803	0.4190742887
	0.4191585617	0.3049062271	0.3048182414	0.3045542435	0.3041141418
	0.3034978204	0.3027051491	0.3017359832	0.3005901591	0.2992674882
	0.2977677512	0.2960906915	0.2942360097	0.2922033567	0.2899923258
	0.2876024434	0.2850331581	0.2822838264	0.2793536961	0.2762418852
	0.2729473549	0.269468876	0.2658049867	0.2619539367	0.2579136162
	0.2536814616	0.2492543303	0.2446283334	0.2397986067	0.2347589968
	0.2295016232	0.2240162606	0.2182894549	0.2123032324	0.206033162
	0.1994453143	0.1924911716	0.1850983931	0.1771528033	0.1684627606
	0.1586987082	0.1473612614	0.1341414813	0.120624484	0.112682272
	0.1170251843	0.132956057	0.1525383753	0.1685495997	0.180711766
	0.1912410956	0.2011257489	0.2105870181	0.2196834311	0.2284516901
	0.2369229987	0.2451230942	0.2530723256	0.2607864791	0.2682777611
	0.275555657	0.2826276044	0.2894994978	0.2961760613	0.3026611238
	0.3089578216	0.3150687504	0.3209960793	0.3267416374	0.3323069806
	0.3376934431	0.3429021777	0.3479341878	0.3527903523	0.3574714466
	0.3619781583	0.3663111009	0.3704708243	0.374457824	0.378272548
	0.3819154031	0.3853867597	0.3886869561	0.3918163018	0.3947750806
	0.3975635527	0.4001819568	0.4026305121	0.4049094192	0.4070188619
	0.4089590074	0.4107300076	0.4123319995	0.4137651052	0.4150294316
	0.4161250699	0.4170520939	0.4178105575	0.4184004916	0.4188219017
	0.4190747698	0.4191590654	0.3049035372	0.3048155518	0.3045515387
	0.3041113797	0.3034949368	0.3027020649	0.3017326087	0.300586395
	0.2992632241	0.2977628634	0.29608504	0.2942294347	0.2921956749
	0.2899833264	0.2875918843	0.2850207615	0.2822692753	0.2793366313
	0.2762219031	0.2729240087	0.2694416806	0.2657734296	0.2619174995
	0.2578718106	0.2536338886	0.2492007735	0.2445689019	0.2397339537
	0.2346906477	0.2294324689	0.2239512957	0.2182368887	0.2122761739
	0.2060522173	0.1995426979	0.1927174892	0.1855345185	0.1779322821
	0.1698170606	0.1610496932	0.1514814965	0.1412506416	0.1317538861
	0.1267619273	0.1303750359	0.1421340791	0.1569198985	0.1702202748
	0.1814954785	0.1917222677	0.2014214609	0.2107462951	0.2197475185
	0.2284538488	0.2368875393	0.2450667461	0.2530061531	0.2607175498
	0.2682104073	0.2754923778	0.2825696928	0.2894474712	0.2961299529
	0.3026206777	0.3089226226	0.3150383077	0.3209698803	0.3267191801
	0.3322877929	0.3376770923	0.3428882748	0.3479223878	0.3527803525
	0.3574629833	0.3619710036	0.3663050586	0.3704657263	0.3744535265
	0.3782689287	0.3819123582	0.3853842011	0.3886848094	0.3918145043
	0.3947735795	0.3975623037	0.4001809231	0.4026296631	0.4049087298
	0.4070183116	0.4089585801	0.4107296909	0.4123317844	0.413764986
	0.4150294058	0.4161251379	0.4170522588	0.4178108234	0.4184008608
	0.4188223686	0.4190753121	0.4191596376	0.3049009422	0.3048129731
	0.3045489788	0.3041087998	0.3034922711	0.3026992338	0.301729525
	0.3005829644	0.2992593444	0.297758421	0.2960799076	0.2942234678
	0.2921887083	0.2899751713	0.2875823242	0.2850095494	0.2822561311
	0.2793212394	0.2762039131	0.2729030375	0.2694173202	0.2657452611
	0.2618851187	0.2578348698	0.2535921627	0.2491542627	0.2445179886
	0.2396796383	0.2346349024	0.2293787637	0.223905383	0.218207971
	0.2122786542	0.2061083483	0.1996866623	0.1930018645	0.1860409545
	0.1787900736	0.1712368603	0.1633834855	0.1553069059	0.1473744108
	0.1407526591	0.137810924	0.1408727768	0.1496000046	0.160950385
	0.1721620863	0.1825450562	0.19235958	0.2018100247	0.2109678874
	0.2198573447	0.2284912046	0.2368798345	0.2450326005	0.2529579178
	0.2606632207	0.2681550093	0.2754389368	0.2825199096	0.2894021823
	0.2960894443	0.3025848961	0.3088913157	0.3150111176	0.3209464024
	0.3266990017	0.3322705151	0.3376623432	0.3428757158	0.3479117159
	0.3527712999	0.3574553157	0.3619645173	0.3662995778	0.3704610998
	0.3744496251	0.3782656421	0.3819095924	0.3853818766	0.3886828588
	0.3918128708	0.3947722152	0.3975611686	0.4001799838	0.4026288917
	0.4049081037	0.4070178123	0.408958193	0.4107294051	0.4123315924
	0.4137648834	0.4150293918	0.4161252156	0.4170524346	0.417811107
	0.4184012618	0.4188228891	0.4190759323	0.4191603004	0.3048984299
	0.3048105043	0.3045465779	0.3041064261	0.3034898526	0.3026966881
	0.3017267666	0.300579905	0.2992558904	0.2977544705	0.2960753471
	0.2942181693	0.2921825263	0.2899679396	0.2875738535	0.2849996245
	0.2822445091	0.279307649	0.2761880555	0.2728845908	0.2693959479
	0.2657206289	0.2618569213	0.2578028755	0.2535562825	0.2491146563
	0.2444752247	0.2396349351	0.2345904853	0.2293383953	0.2238751462
	0.2181974256	0.2123025453	0.2061891401	0.199858323	0.1933155945
	0.1865740319	0.1796598329	0.1726229136	0.1655604059	0.1586750807
	0.1524146583	0.1477109386	0.1460530995	0.1487215225	0.1554640142
	0.164516779	0.1741663805	0.1837201195	0.1930808634	0.2022520594
	0.211227585	0.2199970715	0.2285532177	0.2368928896	0.2450160694
	0.2529246648	0.2606216396	0.2681104525	0.2753947077	0.2824779461
	0.2893635249	0.2960545544	0.3025538707	0.3088640319	0.3149873278
	0.3209257969	0.3266812481	0.3322552833	0.3376493198	0.3428646118
	0.3479022702	0.3527632805	0.3574485182	0.3619587637	0.3662947137
	0.3704569923	0.3744461602	0.3782627224	0.3819071349	0.3853798108
	0.3886811252	0.3918114189	0.3947710026	0.3975601597	0.4001791489
	0.4026282063	0.4049075475	0.4070173691	0.4089578501	0.4107291531
	0.4123314249	0.4137647977	0.4150293888	0.4161253004	0.4170526178
	0.4178114048	0.418401694	0.4188234706	0.4190766514	0.4191610852
	0.3048959683	0.3048081365	0.3045443508	0.3041042852	0.3034877114
	0.3026944589	0.3017243658	0.3005772511	0.2992528997	0.2977510536
	0.2960714056	0.2942135928	0.2921771897	0.2899617008	0.2875665511
	0.2849910757	0.2822345087	0.2792959694	0.2761744483	0.2728687917
	0.2693776863	0.2656996444	0.2618329917	0.2577758597	0.2535261887
	0.2490817445	0.2444401618	0.2395990258	0.2345560138	0.2293091297
	0.223857078	0.2181998508	0.2123396404	0.2062822486	0.2000392641
	0.1936314306	0.1870939015	0.1804845958	0.1738980417	0.1674898338
	0.1615221353	0.1564433682	0.1529813247	0.152090994	0.1544864659
	0.1599827807	0.167536219	0.1760436713	0.1848860619	0.1938116576
	0.2027055725	0.2114997312	0.2201501442	0.228628961	0.2369194639
	0.2450123848	0.252903296	0.2605908347	0.2680755208	0.2753589768
	0.2824434189	0.2893313286	0.2960252464	0.3025276458	0.3088408613
	0.3149670516	0.3209081852	0.3266660402	0.3322422124	0.3376381279
	0.3428550583	0.3478941359	0.352756369	0.3574426562	0.3619537993
	0.3662905151	0.3704534456	0.3744431676	0.3782602	0.3819050115
	0.3853780258	0.3886796269	0.391810164	0.3947699546	0.3975592878
	0.4001784274	0.4026276141	0.4049070672	0.4070169867	0.4089575548
	0.410728937	0.4123312831	0.4137647285	0.4150293946	0.4161253886
	0.4170528026	0.4178117095	0.4184021518	0.4188241174	0.4190774958
	0.4191620402	0.3048934884	0.3048058523	0.3045423177	0.3041024085
	0.3034858798	0.3026925769	0.3017223526	0.3005750333	0.2992504049
	0.2977482063	0.2960681234	0.2942097839	0.2921727506	0.2899565141
	0.2875604839	0.2849839782	0.2822262134	0.2792862916	0.2761631881
	0.2728557391	0.2693626304	0.265682389	0.261813381	0.2577538188
	0.2535017848	0.2490552815	0.24441232	0.2395710706	0.2345301036
	0.2292887672	0.2238477678	0.2182100531	0.2123821399	0.206376103
	0.2002125327	0.1939249171	0.1875661056	0.1812178314	0.1750047929
	0.1691156221	0.1638335565	0.159575084	0.1569096584	0.156473756
	0.1586834048	0.1634027622	0.1699814387	0.1776707331	0.1859415536
	0.1944882171	0.2031315974	0.2117597149	0.2203005339	0.2287078307
	0.236952518	0.2450168948	0.25289077	0.2605688512	0.2680489899
	0.2753310074	0.282415913	0.2893053878	0.2960014483	0.3025062316
	0.3088218621	0.314950373	0.3208936627	0.3266534756	0.3322313967
	0.3376288557	0.3428471356	0.3478873847	0.352750629	0.3574377853
	0.3619496725	0.3662870237	0.3704504955	0.3744406778	0.3782581013
	0.3819032445	0.3853765402	0.38867838	0.3918091197	0.3947690824
	0.3975585622	0.4001778272	0.4026271215	0.4049066679	0.4070166692
	0.4089573101	0.4107287587	0.4123311676	0.4137646752	0.4150294066
	0.4161254748	0.4170529804	0.417812009	0.418402622	0.4188248263
	0.4190784975	0.4191632466	0.3048908465	0.3048036314	0.304540513
	0.3041008371	0.3034843928	0.3026910718	0.3017207539	0.300573278
	0.2992484339	0.2977459588	0.2960655342	0.2942067806	0.2921692519
	0.2899524282	0.2875557068	0.2849783933	0.2822196908	0.2792786887
	0.2761543518	0.2728455103	0.2693508518	0.2656689193	0.2617981164
	0.2577367273	0.2534829589	0.2490350168	0.2443912336	0.2395502761
	0.234511468	0.2292752865	0.2238441121	0.218223348	0.212423078
	0.206460493	0.2003634093	0.1941752985	0.187962358	0.1818232232
	0.1759018821	0.170403955	0.165614862	0.161912747	0.1597539966
	0.1595876057	0.161673689	0.1659095009	0.1718585304	0.1789783391
	0.1868176783	0.1950609706	0.2034971658	0.2119858017	0.2204338189
	0.2287802113	0.2369856422	0.245025348	0.2528842942	0.2605538819
	0.268029716	0.2753100996	0.282395023	0.2892854896	0.2959830707
	0.3024896159	0.3088070685	0.3149373519	0.3208823017	0.3266436307
	0.3322229116	0.3376215741	0.3428409089	0.3478820753	0.3527461127
	0.3574339512	0.3619464231	0.3662842739	0.3704481717	0.3744387164
	0.3782564478	0.3819018524	0.3853753697	0.3886773977	0.3918082971
	0.3947683955	0.3975579909	0.4001773547	0.4026267339	0.4049063539
	0.4070164197	0.4089571182	0.4107286196	0.4123310786	0.4137646363
	0.4150294216	0.4161255528	0.41705314	0.4178122853	0.4184030798
	0.4188255775	0.4190796888	0.419164855	0.3048877332	0.3048014753
	0.3045390041	0.3040996254	0.3034832881	0.3026899711	0.3017195927
	0.300572007	0.2992470087	0.2977443351	0.2960636645	0.2942046128
	0.2921667274	0.2899494809	0.2875522625	0.2849743686	0.2822149931
	0.2792732168	0.2761479977	0.2728381626	0.2693424023	0.2656592732
	0.2617872092	0.2577245511	0.2534696019	0.2490207233	0.2443764934
	0.2395359562	0.2344990063	0.2292669733	0.2238434964	0.2182358176
	0.2124566744	0.2065270319	0.200479967	0.1943660782	0.1882607988
	0.1822738676	0.1765607725	0.1713349242	0.1668769752	0.1635329557
	0.1616851844	0.1616755566	0.1636834848	0.1676267907	0.1731838183
	0.1799298287	0.1874698962	0.195493902	0.2037765146	0.2121603079
	0.2205380263	0.2288380425	0.237013436	0.2450341496	0.2528814984
	0.2605443857	0.268016717	0.2752956459	0.2823803905	0.2892714393
	0.2959700246	0.3024777762	0.3087964985	0.3149280292	0.3208741551
	0.3266365626	0.3322168141	0.3376163377	0.3428364285	0.3478782533
	0.3527428605	0.3574311896	0.3619440823	0.3662822929	0.3704464974
	0.3744373032	0.3782552565	0.3819008495	0.3853745268	0.3886766904
	0.3918077049	0.3947679011	0.3975575799	0.4001770149	0.4026264554
	0.4049061285	0.4070162409	0.408956981	0.4107285205	0.412331016
	0.4137646106	0.4150294361	0.4161256158	0.4170532685	0.4178125145
	0.4184034841	0.4188263171	0.4190810783	0.4191671718	0.3048834452
	0.3047994981	0.3045379195	0.3040988435	0.3034826032	0.3026892987
	0.3017188873	0.3005712366	0.2992461458	0.2977433525	0.2960625335
	0.2942033018	0.2921652012	0.2899476997	0.2875501816	0.284971938
	0.2822121573	0.2792699155	0.2761441665	0.2728337358	0.2693373164
	0.265653474	0.2617806621	0.2577172574	0.2534616236	0.2490122207
	0.2443677805	0.2395275826	0.2344918773	0.2292625245	0.2238439439
	0.2182445146	0.212478608	0.2065694981	0.2005534518	0.1944853284
	0.1884459615	0.1825513379	0.1769629343	0.1718972103	0.1676297993
	0.1644862118	0.1628072299	0.1628797437	0.1648445287	0.1686304743
	0.1739725098	0.1805065444	0.1878709888	0.1957628806	0.2039513785
	0.212270278	0.2206042285	0.228875259	0.2370318159	0.2450405729
	0.2528805798	0.2605391862	0.2680092396	0.2752871774	0.2823717355
	0.2892630814	0.2959622353	0.3024706891	0.3087901597	0.314922431
	0.3208692582	0.326632311	0.3322131442	0.337613185	0.3428337302
	0.3478759512	0.3527409014	0.3574295261	0.3619426725	0.3662810999
	0.3704454894	0.3744364527	0.3782545399	0.3819002465	0.3853740202
	0.3886762656	0.3918073495	0.3947676047	0.3975573337	0.4001768117
	0.402626289	0.404905994	0.4070161344	0.4089568996	0.4107284622
	0.4123309797	0.4137645968	0.4150294471	0.4161256575	0.4170533531
	0.4178126695	0.4184037759	0.4188269295	0.4190825641	0.4191708781
	0.304876285	0.3047982204	0.3045374757	0.3040985668	0.3034823694
	0.3026890711	0.3017186492	0.3005709768	0.2992458549	0.2977430214
	0.2960621526	0.2942028605	0.2921646878	0.2899471009	0.2875494824
	0.2849711218	0.2822112056	0.2792688082	0.2761428823	0.2728322529
	0.269335614	0.2656515344	0.2617784745	0.2577148231	0.253458965
	0.2490093935	0.2443648927	0.2395248224	0.2344895538	0.2292611263
	0.2238442242	0.218247611	0.2124862088	0.2065840677	0.2005785206
	0.1945258397	0.1885086273	0.1826448752	0.1770979011	0.1720849302
	0.1678796301	0.164800576	0.163175253	0.1632736102	0.1652248575
	0.1689612384	0.1742346984	0.1806999275	0.1880063984	0.1958541255
	0.2040109076	0.2123078358	0.2206269274	0.2288880999	0.2370382404
	0.2450429169	0.2528804115	0.2605375467	0.2680068108	0.2752843979
	0.2823688803	0.2892603161	0.2959596535	0.3024683375	0.3087880551
	0.3149205717	0.3208676316	0.3266308989	0.3322119258	0.3376121387
	0.3428328353	0.3478751884	0.3527402529	0.3574289761	0.361942207
	0.3662807067	0.3704451578	0.3744361735	0.3782543052	0.3819000496
	0.3853738553	0.3886761278	0.3918072347	0.3947675094	0.397557255
	0.400176747	0.4026262365	0.404905952	0.4070161015	0.4089568749
	0.4107284449	0.4123309697	0.4137645941	0.4150294526	0.4161256732
	0.4170533837	0.4178127257	0.4184038878	0.4188272117	0.4190836514
	0.4191776053	