3131	
	0.2997807	0.2996826519	0.2994150804	0.2989733914	0.2983566064
	0.2975644009	0.296596625	0.2954531947	0.2941340597	0.2926391924
	0.2909685861	0.289122256	0.2871002446	0.2849026291	0.2825295316
	0.2799811331	0.2772576926	0.2743595716	0.2712872674	0.2680414572
	0.2646230583	0.2610333077	0.2572738717	0.253346993	0.2492556926
	0.2450040432	0.2405975429	0.236043623	0.2313523365	0.2265372867
	0.2216168676	0.2166158989	0.2115677408	0.2065169486	0.2015224626
	0.1966611797	0.1920314844	0.1877558862	0.183981336	0.1808752227
	0.1786148749	0.1773692937	0.1772745269	0.1784083856	0.180773663
	0.1842975296	0.1888474442	0.1942562515	0.2003471053	0.2069521669
	0.21392348	0.2211372608	0.2284937871	0.235914897	0.243340535
	0.2507252129	0.2580348223	0.265243964	0.2723338114	0.2792904497
	0.286103613	0.2927657353	0.2992712451	0.3056160447	0.3117971254
	0.3178122853	0.323659922	0.3293388794	0.3348483347	0.3401877155
	0.3453566374	0.3503548578	0.3551822412	0.3598387326	0.3643243382
	0.3686391097	0.3727831326	0.3767565171	0.3805593912	0.3841918948
	0.3876541752	0.390946384	0.3940686736	0.3970211955	0.3998040978
	0.402417524	0.4048616117	0.4071364909	0.4092422838	0.4111791031
	0.4129470514	0.4145462199	0.415976687	0.4172385165	0.4183317537
	0.4192564196	0.420012497	0.4205998977	0.4210183566	0.4212669722
	0.4213413761	0.2997736005	0.2996814477	0.2994147148	0.2989731986
	0.2983564642	0.2975642751	0.2965965013	0.2954530647	0.294133917
	0.2926390313	0.2909684001	0.2891220381	0.2870999864	0.2849023201
	0.2825291588	0.2799806801	0.2772571386	0.2743588894	0.2712864219
	0.2680404023	0.2646217331	0.2610316315	0.2572717365	0.253344254
	0.2492521547	0.2449994427	0.2405915229	0.2360357002	0.2313418572
	0.2265233694	0.22159833	0.2165911696	0.211534759	0.2064730631
	0.2014643571	0.1965848728	0.1919324828	0.1876296002	0.1838238709
	0.1806845956	0.1783925057	0.1771212653	0.1770117683	0.1781450702
	0.1805240934	0.1840729516	0.1886542975	0.1940962434	0.2002184389
	0.2068510462	0.2138453531	0.2210776336	0.2284486551	0.2358809098
	0.243315004	0.2507060412	0.2580204063	0.2652330941	0.2723255834
	0.2792841917	0.2860988272	0.2927620534	0.2992683947	0.3056138238
	0.3117953838	0.317810911	0.3236588309	0.3293380081	0.3348476354
	0.3401871515	0.3453561806	0.3503544864	0.3551819382	0.3598384849
	0.3643241352	0.3686389431	0.3727829958	0.3767564048	0.380559299
	0.3841918192	0.3876541135	0.3909463338	0.3940686331	0.3970211631
	0.3998040723	0.4024175045	0.4048615973	0.4071364812	0.4092422783
	0.4111791016	0.4129470539	0.4145462267	0.4159766987	0.4172385344
	0.4183317803	0.4192564597	0.4200125617	0.4206000173	0.4210186458
	0.4212680656	0.4213481044	0.2997695281	0.2996796938	0.2994138648
	0.2989726678	0.2983560534	0.2975639068	0.2965961378	0.2954526824
	0.2941334975	0.292638557	0.2909678525	0.289121396	0.2870992244
	0.2849014074	0.2825280567	0.27997934	0.277255498	0.2743568682
	0.2712839154	0.2680372738	0.2646178019	0.2610266577	0.2572654
	0.2533361251	0.2492416547	0.2449857897	0.2405736585	0.2360121907
	0.2313107624	0.2264820712	0.2215433142	0.2165177591	0.2114368075
	0.2063426438	0.2012915191	0.1963576099	0.1916371491	0.1872521059
	0.1833520305	0.18011183	0.177722519	0.1763721851	0.1762170139
	0.1773484616	0.1797699147	0.1833957437	0.1880734165	0.1936163378
	0.1998334984	0.2065491565	0.2136125042	0.2209001483	0.2283144379
	0.2357798954	0.2432391465	0.2506490831	0.2579775722	0.2652007871
	0.2723011174	0.2792655722	0.2860845774	0.292751081	0.2992598916
	0.3056071908	0.3117901753	0.3178067946	0.3236555573	0.3293353894
	0.3348455288	0.3401854483	0.3453547973	0.3503533583	0.3551810149
	0.3598377269	0.3643235114	0.3686384286	0.3727825709	0.3767560535
	0.3805590086	0.3841915792	0.3876539155	0.3909461709	0.3940684998
	0.3970210548	0.3998039854	0.402417436	0.4048615449	0.4071364433
	0.4092422537	0.4111790897	0.4129470546	0.4145462408	0.4159767281
	0.4172385827	0.4183318543	0.4192565727	0.420012742	0.4206003322
	0.4210192794	0.4212695709	0.421351828	0.2997667797	0.2996779098
	0.2994127447	0.2989718721	0.2983554026	0.29756331	0.2965955432
	0.2954520547	0.2941328074	0.2926377763	0.2909669509	0.2891203387
	0.2870979701	0.2848999052	0.2825262433	0.2799771355	0.2772528005
	0.2743535462	0.2712797982	0.2680321379	0.2646113525	0.2610185039
	0.2572550198	0.2533228188	0.2492244797	0.2449634729	0.240544476
	0.2359738065	0.2312600128	0.2264146815	0.2214535356	0.2163979195
	0.2112767873	0.206129322	0.2010083051	0.1959842835	0.1911503982
	0.1866273425	0.1825671986	0.1791537492	0.1765954009	0.1751058482
	0.1748695103	0.1759975771	0.1784943517	0.1822557314	0.1871010732
	0.1928175485	0.1991960165	0.2060513214	0.2132298046	0.2206091787
	0.228094802	0.2356147955	0.2431152548	0.2505560895	0.2579076396
	0.2651480283	0.2722611454	0.2792351332	0.2860612644	0.2927331148
	0.2992459557	0.3055963091	0.3117816221	0.3178000278	0.3236501703
	0.3293310753	0.3348420549	0.3401826368	0.3453525113	0.350351492
	0.3551794858	0.3598364701	0.3643224758	0.3686375735	0.3727818637
	0.3767554681	0.3805585238	0.3841911779	0.3876535838	0.3909458975
	0.3940682753	0.3970208719	0.399803838	0.4024173193	0.4048614552
	0.4071363776	0.4092422102	0.4111790673	0.4129470532	0.4145462615
	0.4159767738	0.4172386588	0.4183319708	0.4192567484	0.4200130133
	0.4206007746	0.4210200543	0.4212709935	0.4213541767	0.2997646467
	0.2996762058	0.2994114796	0.2989708774	0.298354545	0.2975625035
	0.2965947304	0.2954511922	0.2941318571	0.2926367003	0.2909657081
	0.2891188817	0.287096242	0.2848978366	0.2825237479	0.2799741042
	0.2772490942	0.2743489861	0.2712741523	0.2680251027	0.2646025285
	0.2610073614	0.2572408527	0.2533046807	0.2492010969	0.2449331246
	0.2405048325	0.2359217086	0.231191177	0.2263233094	0.2213318078
	0.2162353597	0.2110594994	0.2058391502	0.2006220467	0.1954732383
	0.1904807766	0.1857623845	0.1814721877	0.177805148	0.1749943222
	0.1732927141	0.172930861	0.1740535459	0.1766666924	0.1806347471
	0.1857309675	0.1917019694	0.1983126747	0.2053659159	0.2127055589
	0.2202120854	0.2277958599	0.2353904807	0.2429471045	0.2504299338
	0.2578127678	0.2650764277	0.2722068614	0.279193758	0.2860295413
	0.2927086378	0.299226945	0.3055814451	0.3117699229	0.3177907597
	0.3236427823	0.3293251514	0.334837279	0.340178767	0.3453493615
	0.3503489179	0.3551773746	0.3598347334	0.3643210434	0.3686363897
	0.3727808838	0.3767546562	0.3805578508	0.3841906204	0.3876531224
	0.3909455167	0.3940679625	0.3970206167	0.399803632	0.4024171559
	0.4048613291	0.407136285	0.4092421483	0.4111790345	0.4129470494
	0.4145462879	0.4159768338	0.417238759	0.418332123	0.4192569733
	0.4200133479	0.4206012853	0.4210208545	0.4212722314	0.4213558306
	0.2997628139	0.2996745782	0.2994101312	0.2989697325	0.2983535121
	0.2975615085	0.2965937155	0.295450109	0.2941306605	0.2926353442
	0.2909641415	0.2891170456	0.2870940657	0.2848952335	0.2825206104
	0.2799702969	0.2772444447	0.274343273	0.271267089	0.2680163149
	0.2645915242	0.2609934895	0.257223246	0.2532821784	0.2491721376
	0.2448956001	0.2404558874	0.2358574689	0.2311063825	0.2262108234
	0.2211819729	0.2160351712	0.2107915855	0.2054805878	0.2001431351
	0.1948365294	0.1896409707	0.1846682016	0.180072012	0.1760588799
	0.1728933562	0.1708852649	0.1703380177	0.171452523	0.1742374757
	0.1785046999	0.1839542442	0.1902735415	0.197193885	0.204505401
	0.2120517834	0.2197193139	0.2274261641	0.2351136946	0.2427398838
	0.2502745421	0.2576958959	0.26498817	0.2721398828	0.2791426418
	0.2859902911	0.2926783032	0.299203344	0.3055629591	0.3117553469
	0.3177791924	0.3236335461	0.3293177336	0.3348312896	0.3401739072
	0.3453454008	0.3503456772	0.3551747139	0.3598325423	0.3643192346
	0.3686348936	0.3727796443	0.3767536285	0.3805569984	0.3841899136
	0.3876525372	0.3909450334	0.3940675651	0.3970202922	0.3998033698
	0.4024169476	0.4048611682	0.4071361664	0.4092420684	0.4111789914
	0.4129470425	0.4145463186	0.4159769058	0.4172388791	0.4183323033
	0.4192572338	0.4200137212	0.4206018227	0.4210216258	0.4212732926
	0.4213570955	0.2997611305	0.2996729998	0.2994087272	0.2989684712
	0.2983523313	0.2975603462	0.2965925161	0.2954488215	0.2941292346
	0.2926337266	0.2909622728	0.2891148563	0.2870914727	0.2848921353
	0.2825168806	0.2799657769	0.2772389332	0.2743365121	0.2712587455
	0.2680059549	0.2645785785	0.2609772061	0.2572026256	0.2532558849
	0.2491383756	0.2448519469	0.2403990624	0.2357830178	0.2310082481
	0.2260807667	0.2210087995	0.2158037181	0.210481427	0.2050644516
	0.1995850989	0.1940902436	0.1886485057	0.183360788	0.1783751443
	0.173906124	0.1702546001	0.1678099277	0.1669907447	0.1680930574
	0.1711302007	0.1758245205	0.1817596943	0.1885393243	0.1958549631
	0.2034870639	0.2112845574	0.2191444915	0.2269966685	0.2347929597
	0.242500085	0.2500947929	0.2575606573	0.2648859465	0.2720621972
	0.2790832511	0.2859445963	0.2926429116	0.2991757464	0.3055412932
	0.3117382248	0.3177655746	0.3236226496	0.3293089651	0.3348241965
	0.340168142	0.3453406948	0.3503418212	0.355171544	0.359829929
	0.3643170751	0.3686331056	0.3727781619	0.3767523983	0.3805559773
	0.3841890664	0.3876518354	0.3909444534	0.3940670879	0.3970199022
	0.3998030545	0.4024166969	0.4048609742	0.407136023	0.4092419714
	0.4111789382	0.4129470322	0.4145463524	0.415976987	0.4172390147
	0.4183325043	0.4192575178	0.4200141146	0.4206023612	0.4210223477
	0.4212742087	0.421358121	0.2997595194	0.2996714451	0.2994072793
	0.2989671162	0.2983510253	0.297559037	0.2965911511	0.2954473481
	0.2941275987	0.2926318694	0.2909601274	0.2891123444	0.2870885006
	0.2848885881	0.2825126166	0.279960618	0.2772326543	0.2743288257
	0.271249281	0.2679942316	0.2645639672	0.2609588781	0.2571794818
	0.2532264588	0.2491006998	0.2448033692	0.2403359921	0.2357005778
	0.230899797	0.2259372455	0.2208178469	0.2155484812	0.21013899
	0.2046038076	0.198964635	0.1932548309	0.1875266031	0.1818627176
	0.1763954862	0.1713371652	0.167024086	0.163954104	0.1627307002
	0.1638151225	0.1672282505	0.1725360293	0.1791345877	0.1865115668
	0.1943177773	0.2023339429	0.2104243977	0.2185044832	0.2265206336
	0.2344384275	0.2422353515	0.2498963811	0.2574112679	0.2647728672
	0.2719760956	0.2790172736	0.2858937021	0.2926033839	0.2991448355
	0.3055169568	0.3117189382	0.3177501936	0.3236103105	0.3292990118
	0.334816127	0.3401615699	0.3453353203	0.3503374102	0.3551679124
	0.3598269311	0.3643145948	0.3686310499	0.372776456	0.3767509816
	0.3805548005	0.3841880894	0.3876510254	0.3909437837	0.3940665366
	0.3970194514	0.3998026898	0.4024164067	0.4048607493	0.4071358565
	0.4092418582	0.4111788752	0.4129470181	0.4145463878	0.4159770752
	0.4172391615	0.4183327196	0.4192578159	0.420014515	0.4206028867
	0.421023016	0.4212750108	0.4213589875	0.299757939	0.2996698956
	0.2994057925	0.2989656836	0.2983496132	0.2975576001	0.2965896395
	0.2954457089	0.2941257746	0.292629797	0.2909577339	0.2891095443
	0.2870851911	0.2848846442	0.2825078835	0.2799549028	0.2772257135
	0.2743203494	0.271238872	0.2679813757	0.2645479944	0.2609389087
	0.2571543526	0.2531946221	0.2490600836	0.2447511844	0.2402684663
	0.2356125863	0.2307843528	0.2257847943	0.2206152933	0.2152778505
	0.2097755961	0.2041137667	0.1983015344	0.1923553673	0.1863051262
	0.1802051841	0.1741554673	0.1683436163	0.1631274455	0.1591480698
	0.1573104016	0.1583691859	0.1623570414	0.1685599513	0.1760672485
	0.1842110808	0.1926129684	0.2010758788	0.2094965783	0.2178193467
	0.2260134362	0.2340616567	0.2419542721	0.2496856459	0.25725239
	0.2646523561	0.2718840929	0.2789465591	0.2858389723	0.292560729
	0.299111361	0.3054905092	0.3116979067	0.3177333663	0.3235967696
	0.3292880578	0.334807223	0.3401543009	0.3453293632	0.3503325117
	0.3551638726	0.3598235912	0.3643118279	0.3686287541	0.3727745489
	0.3767493963	0.3805534826	0.3841869945	0.3876501171	0.3909430323
	0.3940659177	0.3970189451	0.39980228	0.4024160803	0.4048604961
	0.4071356686	0.40924173	0.4111788028	0.4129469998	0.4145464239
	0.4159771681	0.4172393162	0.4183329438	0.4192581207	0.4200149138
	0.4206033926	0.4210236343	0.4212757245	0.4213597424	0.2997563666
	0.2996683395	0.2994042698	0.2989641858	0.2983481115	0.2975560538
	0.2965880008	0.2954439246	0.2941237855	0.292627536	0.2909551237
	0.2891064936	0.2870815904	0.2848803602	0.2825027524	0.2799487206
	0.2772182243	0.2743112293	0.271227707	0.267967633	0.2645309829
	0.2609177246	0.257127806	0.2531611351	0.2490175503	0.2446967769
	0.2401983654	0.235521607	0.2306654212	0.225628216	0.2204077268
	0.2150008603	0.2094036067	0.2036111497	0.19761843	0.1914216288
	0.1850214813	0.1784305505	0.1716909744	0.1649243915	0.1584699764
	0.1531484916	0.1503600524	0.1513832078	0.1562680421	0.163796837
	0.1725538287	0.1816726963	0.1907827868	0.1997505597	0.2085312749
	0.2171121129	0.225492249	0.2336753012	0.2416661165	0.2494693608
	0.2570889708	0.2645280298	0.2717888382	0.2788730536	0.2857818416
	0.2925160092	0.2990761129	0.3054625413	0.3116755749	0.3177154292
	0.3235822834	0.3292763	0.3347976367	0.3401464534	0.3453229163
	0.3503271989	0.3551594828	0.3598199559	0.3643088119	0.3686262483
	0.372772465	0.3767476624	0.38055204	0.3841857951	0.3876491215
	0.3909422082	0.3940652385	0.3970183892	0.3998018297	0.4024157215
	0.4048602176	0.4071354616	0.4092415881	0.4111787218	0.4129469773
	0.4145464596	0.4159772638	0.4172394757	0.4183331731	0.4192584274
	0.4200153064	0.4206038772	0.4210242087	0.4212763696	0.4213604159
	0.2997547901	0.2996667706	0.2994027145	0.2989626333	0.2983465352
	0.2975544158	0.2965862546	0.295442017	0.294121656	0.292625115
	0.2909523304	0.2891032325	0.2870777471	0.2848757962	0.2824972978
	0.2799421652	0.2772103057	0.2743016169	0.2712159813	0.2679532571
	0.2645132641	0.2608957624	0.2571004208	0.2531267704	0.2489741375
	0.2446415481	0.2401275922	0.2354302355	0.2305465587	0.2254724036
	0.2202019027	0.214726866	0.2090360059	0.2031139866	0.1969402852
	0.1904878178	0.1837212323	0.1765953024	0.1690591153	0.1611003313
	0.1529551962	0.1456525613	0.1413947998	0.1423688868	0.1486514087
	0.1581458141	0.1686139122	0.1789537407	0.1888844119	0.1984043026
	0.2075633622	0.2164083036	0.2249755486	0.233292695	0.2413805101
	0.2492544881	0.2569260606	0.2644035648	0.2716930184	0.2787987293
	0.2857237645	0.2924703027	0.2990398954	0.3054336565	0.3116523985
	0.3176967287	0.323567117	0.3292639429	0.3347875267	0.3401381516
	0.3453160773	0.3503215493	0.3551548047	0.3598160746	0.3643055866
	0.368623565	0.3727702307	0.3767458014	0.3805504902	0.3841845056
	0.3876480504	0.390941321	0.3940645069	0.3970177901	0.3998013442
	0.4024153345	0.4048599168	0.4071352377	0.4092414341	0.4111786329
	0.4129469507	0.4145464944	0.4159773609	0.4172396379	0.4183334044
	0.4192587329	0.4200156905	0.4206043412	0.4210247463	0.4212769618
	0.421361029	0.2997532042	0.2996651864	0.2994011304	0.2989610357
	0.2983448982	0.2975527028	0.2965844204	0.2954400084	0.2941194114
	0.2926225635	0.2909493888	0.2890998028	0.2870737122	0.2848710145
	0.2824915968	0.2799353329	0.2772020788	0.2742916662	0.271203892
	0.267938502	0.2644951683	0.2608734547	0.2570727681	0.253092287
	0.248930861	0.244586866	0.240058001	0.2353410009	0.2304312352
	0.2253221468	0.2200044736	0.214465167	0.2086858818	0.2026408248
	0.1962935443	0.1895917396	0.1824580277	0.1747729146	0.1663495957
	0.156945289	0.1465519356	0.1364167834	0.1299801721	0.130881405
	0.1392443646	0.1515670003	0.164321442	0.1761459691	0.1869931453
	0.1970921211	0.2066316451	0.2157350985	0.2244824265	0.2329273299
	0.2411070524	0.2490479035	0.2567686161	0.264282556	0.2715992567
	0.278725512	0.2856661634	0.2924246669	0.2990034995	0.3054044507
	0.3116288293	0.3176776101	0.3235515363	0.3292511925	0.3347770541
	0.340129522	0.3453089464	0.3503156429	0.3551499024	0.3598119991
	0.3643021939	0.368620738	0.3727678739	0.3767438361	0.380548852
	0.3841831414	0.3876469164	0.3909403811	0.3940637315	0.3970171548
	0.3998008292	0.4024149235	0.4048595972	0.4071349995	0.4092412698
	0.4111785371	0.4129469203	0.414546528	0.4159774586	0.4172398012
	0.4183336361	0.4192590356	0.4200160657	0.4206047869	0.421025254
	0.4212775135	0.4213615969	0.2997516073	0.2996635877	0.2993995225
	0.2989594027	0.298343214	0.2975509316	0.2965825177	0.2954379212
	0.294117078	0.2926199119	0.290946335	0.2890962475	0.2870695374
	0.2848660784	0.2824857274	0.2799283201	0.2771936642	0.2742815294
	0.2711916324	0.2679236154	0.2644770151	0.2608512173	0.2570453928
	0.253058405	0.2488886792	0.2445340162	0.2399913288	0.2352562681
	0.2303226952	0.225181933	0.2198217013	0.214224589	0.2083658174
	0.2022098461	0.1957048895	0.18877322	0.1812922338	0.1730553173
	0.1636983065	0.1526386637	0.1394439743	0.1255785366	0.1162196074
	0.1169964634	0.1281301341	0.1442173399	0.159854212	0.1733889959
	0.1852039776	0.1958764087	0.2057772861	0.2151200864	0.2240316954
	0.2325922356	0.2408548898	0.2488561018	0.2566212952	0.2641683742
	0.2715100122	0.2786552098	0.2856103781	0.2923801017	0.2989676772
	0.3053754936	0.3116053026	0.3176584082	0.3235358008	0.3292382515
	0.3347663782	0.3401206909	0.3453016244	0.3503095602	0.355144841
	0.359807782	0.3642986768	0.3686178026	0.3727654231	0.3767417901
	0.3805471448	0.3841817185	0.3876457327	0.3909393995	0.3940629212
	0.3970164905	0.3998002904	0.4024144935	0.4048592625	0.4071347497
	0.409241097	0.4111784358	0.4129468867	0.4145465601	0.4159775561
	0.4172399649	0.4183338671	0.4192593349	0.4200164327	0.4206052174
	0.4210257384	0.4212780349	0.4213621316	0.2997500008	0.299661977
	0.2993978965	0.2989577437	0.2983414956	0.2975491184	0.2965805658
	0.2954357781	0.294114682	0.2926171911	0.2909432053	0.28909261
	0.2870652748	0.2848610507	0.2824797663	0.2799212216	0.2771851796
	0.2742713532	0.2711793873	0.2679088317	0.2644591044	0.2608294367
	0.2570187971	0.253025782	0.2488484608	0.2444841559	0.2399291306
	0.235178145	0.230223824	0.2250557523	0.2196591683	0.2140130484
	0.208087222	0.2018378255	0.1951996097	0.1880716099	0.1802875379
	0.1715503619	0.161295698	0.1485226784	0.1322311721	0.1141180636
	0.1014569449	0.1020178278	0.1161985442	0.1366428395	0.1555477767
	0.1708779685	0.1836288509	0.1948234497	0.2050412559	0.2145895972
	0.2236408214	0.2322992931	0.2406322674	0.2486848986	0.2564882562
	0.2640640277	0.2714274846	0.2785894463	0.2855576178	0.2923375161
	0.2989331173	0.3053473117	0.3115822239	0.3176394379	0.3235201568
	0.3292253141	0.3347556531	0.3401117813	0.3452942101	0.3503033812
	0.3551396854	0.3598034763	0.3642950785	0.3686147944	0.3727629079
	0.3767396876	0.3805453886	0.3841802534	0.387644513	0.3909383873
	0.3940620852	0.3970158049	0.399799734	0.4024140491	0.4048589165
	0.4071344913	0.409240918	0.4111783301	0.4129468505	0.4145465911
	0.4159776533	0.4172401283	0.418334097	0.4192596311	0.420016793
	0.4206056364	0.4210262058	0.4212785348	0.4213626429	0.2997483877
	0.2996603583	0.2993962591	0.2989560684	0.2983397559	0.2975472794
	0.2965785841	0.2954336016	0.2941122498	0.2926144319	0.2909400359
	0.2890889332	0.2870609757	0.2848559934	0.2824737885	0.2799141287
	0.2771767369	0.2742612761	0.2711673289	0.2678943668	0.2644417086
	0.2608084594	0.2569934255	0.2529949931	0.2488109566	0.2444382743
	0.2398727224	0.2351084011	0.2301370278	0.2249469191	0.2195215066
	0.2138371302	0.2078596552	0.2015390113	0.1947996844	0.187522411
	0.179504972	0.170371892	0.1593747213	0.1451068217	0.1259988418
	0.1040028163	0.088415454	0.08865853032	0.1053705677	0.1298868339
	0.1519075553	0.1688520257	0.1823864354	0.1939972241	0.2044608326
	0.2141667131	0.2233247614	0.2320585314	0.2404460895	0.2485391482
	0.256372972	0.2639720378	0.2713535279	0.2785296012	0.2855089203
	0.2922976981	0.2989004242	0.3053203726	0.3115599578	0.317620986
	0.3235048315	0.3292125616	0.3347450243	0.3401029108	0.3452867989
	0.3502971836	0.3551344992	0.3597991342	0.3642914421	0.3686117487
	0.3727603575	0.376737553	0.3805436036	0.3841787629	0.3876432712
	0.390937356	0.3940612329	0.3970151056	0.3997991662	0.4024135956
	0.4048585632	0.4071342272	0.4092407347	0.4111782216	0.4129468125
	0.4145466212	0.4159777502	0.4172402914	0.418334326	0.4192599249
	0.4200171486	0.4206060476	0.421026662	0.4212790207	0.4213631393
	0.2997467722	0.2996587366	0.299394617	0.2989543866	0.2983380077
	0.2975454304	0.2965765915	0.2954314142	0.2941098074	0.2926116647
	0.2909368626	0.289085259	0.28705669	0.2848509657	0.2824678651
	0.2799071273	0.2771684403	0.2742514253	0.2711556131	0.2678804129
	0.2644250662	0.2607885835	0.2569696532	0.2529665146	0.2487767761
	0.2443971593	0.2398231343	0.2350483993	0.2300641342	0.2248579219
	0.219412165	0.2137017169	0.2076902099	0.201324052	0.1945218078
	0.1871533927	0.1789946833	0.169620901	0.1581649318	0.1429532644
	0.1220357424	0.09754742045	0.08011640416	0.07999363275	0.09807274043
	0.1253016452	0.1495192006	0.1675512836	0.1815831064	0.1934508706
	0.204065534	0.2138691912	0.2230948329	0.2318774775	0.2403015289
	0.2484224992	0.2562780717	0.2638943342	0.2712895808	0.2784767618
	0.2854651174	0.2922612913	0.2988701007	0.3052950725	0.3115388195
	0.3176033047	0.3234900281	0.3292001583	0.3347346258	0.340094189
	0.3452794807	0.3502910416	0.3551293436	0.3597948065	0.3642878097
	0.3686087008	0.3727578011	0.3767354105	0.38054181	0.3841772638
	0.3876420212	0.3909363173	0.394060374	0.3970144005	0.3997985936
	0.4024131379	0.4048582065	0.4071339606	0.4092405496	0.4111781118
	0.4129467738	0.4145466508	0.4159778468	0.4172404543	0.4183345545
	0.4192602175	0.4200175018	0.4206064549	0.4210271128	0.4212794998
	0.4213636283	0.2997451586	0.299657117	0.2993929773	0.2989527078
	0.2983362637	0.2975435871	0.2965746068	0.2954292378	0.2941073807
	0.2926089194	0.2909337201	0.2890816283	0.2870524653	0.2848460242
	0.2824620632	0.279900297	0.277160385	0.2742419145	0.2711443768
	0.2678671349	0.2644093771	0.2607700519	0.2569477772	0.2529407113
	0.2487463712	0.2443613753	0.239781078	0.2349990481	0.2300063206
	0.2247903135	0.2193332372	0.2136097065	0.2075830306	0.2011991241
	0.1943756918	0.1869809682	0.1787872652	0.1693620157	0.157821757
	0.1424615558	0.1212744167	0.09635739693	0.0784855119	0.07804753358
	0.09618112853	0.124030665	0.1488485311	0.167147072	0.1812888729
	0.1932176025	0.2038732664	0.2137076479	0.2229577783	0.2317606401
	0.2402017245	0.2483372098	0.2562052245	0.2638321781	0.2712366144
	0.2784316875	0.2854268105	0.2922287771	0.2988425353	0.3052717273
	0.3115190671	0.3175866061	0.3234759216	0.3291882494	0.334724578
	0.3400857158	0.3452723389	0.3502850247	0.3551242768	0.3597905418
	0.364284222	0.3686056845	0.3727552672	0.3767332839	0.3805400276
	0.3841757727	0.3876407768	0.3909352826	0.394059518	0.3970136974
	0.3997980223	0.4024126813	0.4048578506	0.4071336944	0.4092403648
	0.4111780023	0.4129467353	0.4145466807	0.4159779436	0.4172406173
	0.4183347831	0.4192605101	0.420017855	0.4206068622	0.4210275635
	0.421279979	0.4213641174	0.2997435514	0.2996555046	0.2993913472
	0.2989510418	0.2983345364	0.2975417649	0.2965726484	0.2954270941
	0.2941049943	0.2926062248	0.2909306417	0.2890780796	0.2870483468
	0.2848412214	0.2824564441	0.2798937099	0.2771526554	0.2742328427
	0.2711337358	0.2678546684	0.2643947992	0.2607530486	0.2569280109
	0.2529178302	0.2487200267	0.2443312494	0.2397469279	0.234960775
	0.2299640742	0.2247446512	0.2192853652	0.2135618528	0.2075390343
	0.2011654109	0.194363009	0.1870078108	0.178887636	0.1696055098
	0.1583683294	0.1436846287	0.1238347729	0.1006577907	0.08381986862
	0.08323095105	0.1002186083	0.1264325205	0.1500214903	0.1676762959
	0.1815177306	0.1933040521	0.2038877118	0.2136843884	0.2229151837
	0.2317091967	0.2401476036	0.2482840414	0.2561550725	0.26378612
	0.2711951041	0.2783947903	0.2853943569	0.2922004645	0.298817995
	0.305250567	0.3115008981	0.3175710595	0.3234626567	0.3291769581
	0.3347149857	0.3400775805	0.3452654491	0.3502791971	0.355119353
	0.3597863859	0.3642807177	0.3686027325	0.3727527832	0.3767311965
	0.3805382761	0.3841743059	0.3876395518	0.3909342633	0.3940586742
	0.3970130042	0.3997974589	0.4024122308	0.4048574994	0.4071334318
	0.4092401827	0.4111778945	0.4129466979	0.4145467111	0.4159780407
	0.4172407806	0.4183350122	0.419260804	0.4200182107	0.4206072734
	0.4210280198	0.421280465	0.4213646138	0.2997419544	0.299653904
	0.299389733	0.2989493978	0.2983328379	0.297539979	0.2965707343
	0.2954250038	0.2941026726	0.2926036084	0.2909276592	0.2890746493
	0.2870443764	0.2848366056	0.2824510636	0.2798874298	0.2771453245
	0.2742242931	0.2711237839	0.2678431181	0.2643814476	0.2607376972
	0.256910483	0.2528979991	0.2486978587	0.24430687	0.2397207195
	0.234933524	0.2299371896	0.2247204909	0.2192677304	0.2135567484
	0.2075558758	0.2012190315	0.1944772344	0.1872224719	0.1792740372
	0.1703045374	0.1596879736	0.1463095236	0.1289769392	0.1092291504
	0.09478591125	0.09429212982	0.1090987898	0.1318340411	0.1527396678
	0.1690229993	0.1822230662	0.1936888368	0.2040977844	0.2137931675
	0.2229633631	0.2317209348	0.2401378501	0.2482622407	0.2561272208
	0.2637559926	0.2711650253	0.2783661316	0.2853678667	0.2921764883
	0.2987966231	0.3052317338	0.3114844478	0.3175567895	0.3234503462
	0.329166385	0.3347059376	0.3400698605	0.3452588786	0.3502736166
	0.355114622	0.3597823814	0.3642773331	0.3685998758	0.3727503755
	0.3767291702	0.3805365739	0.3841728792	0.3876383594	0.3909332704
	0.3940578519	0.3970123282	0.3997969094	0.4024117913	0.4048571569
	0.4071331759	0.4092400054	0.4111777901	0.4129466625	0.4145467427
	0.4159781383	0.4172409443	0.4183352424	0.4192611003	0.4200185711
	0.4206076925	0.4210284872	0.4212809648	0.4213651252	0.2997403702
	0.2996523187	0.2993881409	0.2989477848	0.2983311803	0.2975382442
	0.2965688822	0.2954229874	0.2941004386	0.2926010967	0.2909248023
	0.2890713716	0.2870405927	0.2848322206	0.2824459711	0.2798815123
	0.277138454	0.2742163329	0.271114593	0.267832558	0.2643693949
	0.2607240622	0.2568952396	0.2528812296	0.2486798208	0.244288096
	0.2397021634	0.2349167772	0.2299248002	0.2247164372	0.2192781316
	0.2135909514	0.2076281649	0.2013514347	0.1947044293	0.1876011301
	0.1799025628	0.1713688989	0.1615710878	0.1498120836	0.1354827374
	0.1199110304	0.1086924945	0.1085003183	0.120488796	0.1388541516
	0.1564249346	0.1709655814	0.1833116092	0.1943271086	0.204479355
	0.2140199442	0.2230937327	0.2317904563	0.2401690249	0.2482696146
	0.2561202851	0.2637409426	0.2711458738	0.278345436	0.2853472126
	0.2921568148	0.2987784434	0.3052152844	0.3114697899	0.3175438771
	0.3234390713	0.3291566078	0.3346975058	0.3400626212	0.3452526857
	0.3502683349	0.3551101288	0.3597785674	0.3642741018	0.3685971432
	0.3727480687	0.3767272263	0.3805349391	0.3841715076	0.3876372121
	0.3909323146	0.3940570599	0.397011677	0.3997963798	0.4024113678
	0.4048568269	0.4071329294	0.409239835	0.4111776904	0.4129466301
	0.4145467757	0.4159782365	0.4172411084	0.4183354737	0.4192613999
	0.4200189383	0.4206081232	0.4210289717	0.4212814863	0.42136566
	0.2997387996	0.2996507508	0.2993865759	0.2989462115	0.2983295756
	0.2975365754	0.2965671092	0.2954210644	0.2940983142	0.2925987142
	0.2909220988	0.2890682773	0.2870370305	0.2848281053	0.2824412094
	0.279876004	0.2771320937	0.2742090138	0.2711062136	0.2678230335
	0.2643586737	0.2607121529	0.2568822502	0.2528674268	0.2486657169
	0.2442745766	0.2396906745	0.2349095985	0.2299254455	0.224730245
	0.2193131443	0.2136592437	0.2077479033	0.2015501864	0.1950247738
	0.1881108968	0.1807152196	0.1726874376	0.1637837399	0.1536676969
	0.142205493	0.1305780503	0.1225799319	0.122757009	0.1319419502
	0.146126905	0.160489394	0.1732565761	0.1846678249	0.1951590336
	0.2049986567	0.2143444407	0.2232936042	0.2319096163	0.2402358241
	0.2483026893	0.2561319939	0.263739497	0.2711367102	0.2783321207
	0.2853320491	0.2921412551	0.2987633685	0.3052011961	0.3114569411
	0.3175323615	0.323428883	0.3291476823	0.3346897462	0.3400559161
	0.3452469201	0.3502633968	0.3551059135	0.3597749791	0.3642710549
	0.3685945615	0.3727458858	0.3767253844	0.3805333885	0.3841702055
	0.3876361222	0.390931406	0.3940563067	0.3970110574	0.3997958759
	0.4024109648	0.4048565129	0.4071326952	0.4092396735	0.4111775967
	0.4129466011	0.4145468102	0.4159783348	0.4172412723	0.4183357057
	0.4192617028	0.4200193136	0.420608569	0.4210294795	0.4212820381
	0.421366228	0.2997372405	0.2996492001	0.2993850422	0.2989446863
	0.2983280357	0.2975349871	0.2965654321	0.2954192535	0.2940963203
	0.2925964841	0.2909195743	0.289065395	0.287033721	0.2848242937
	0.2824368155	0.2798709438	0.2771262828	0.2742023727	0.2710986768
	0.267814563	0.2643492806	0.2607019292	0.2568714165	0.2528564022
	0.2486552213	0.2442657805	0.2396854155	0.2349106973	0.2299371655
	0.2247589643	0.2193683453	0.2137549898	0.207905081	0.2018000117
	0.1954145085	0.1887137261	0.1816485372	0.1741486978	0.1661201968
	0.1574867809	0.148416018	0.1399393584	0.1345431413	0.1350462814
	0.1419654932	0.152807392	0.164510039	0.1756809143	0.186175894
	0.1961188147	0.205616348	0.2147421487	0.2235472573	0.2320681346
	0.2403314465	0.2483569403	0.2561593357	0.2637496604	0.2711362248
	0.2783253395	0.2853218425	0.2921294851	0.2987512137	0.3051893753
	0.3114458668	0.3175222445	0.323419805	0.3291396438	0.3346826996
	0.3400497873	0.3452416225	0.3502588407	0.3551020111	0.3597716481
	0.3642682199	0.3685921551	0.3727438479	0.3767236628	0.3805319376
	0.3841689861	0.3876351008	0.3909305541	0.3940556001	0.3970104761
	0.399795403	0.4024105867	0.4048562185	0.4071324758	0.4092395227
	0.4111775101	0.4129465761	0.4145468462	0.4159784328	0.417241435
	0.4183359375	0.4192620086	0.420019698	0.4206090332	0.4210300172
	0.4212826304	0.4213668412	0.2997356866	0.2996476637	0.2993835426
	0.2989432178	0.298326573	0.2975334942	0.2965638675	0.2954175727
	0.2940944765	0.2925944276	0.290917252	0.2890627498	0.2870306918
	0.2848208153	0.2824328199	0.2798663624	0.2771210502	0.2741964337
	0.2710919963	0.2678071423	0.2643411816	0.2606933099	0.2568625843
	0.252847891	0.2486479041	0.2442610324	0.2396853502	0.2349185082
	0.2299576193	0.2247991167	0.2194385831	0.2138705594	0.2080883581
	0.2020839356	0.1958479283	0.1893700613	0.1826404731	0.1756539145
	0.1684245655	0.1610384569	0.1538108405	0.1476058695	0.1440392905
	0.1447784696	0.1501092746	0.15856172	0.1682408392	0.1780751341
	0.1877327735	0.1971418455	0.2062913162	0.2151864101	0.2238371279
	0.2322543036	0.2404480308	0.2484270706	0.2561987417	0.2637690362
	0.2711428193	0.2783240381	0.2853159087	0.2921210716	0.2987417148
	0.3051796705	0.311436489	0.3175134961	0.3234118367	0.3291325096
	0.334676393	0.3400442664	0.345236826	0.3502546987	0.3550984518
	0.359768602	0.3642656218	0.3685899458	0.3727419744	0.3767220781
	0.3805306008	0.3841678618	0.3876341585	0.3909297677	0.3940549477
	0.3970099392	0.3997949662	0.4024102375	0.4048559467	0.4071322736
	0.4092393842	0.4111774314	0.4129465553	0.4145468832	0.4159785294
	0.4172415952	0.4183361672	0.4192623156	0.4200200908	0.4206095179
	0.4210305918	0.4212832757	0.4213675148	0.2997341252	0.2996461343
	0.2993820794	0.2989418152	0.2983252007	0.2975321118	0.2965624315
	0.2954160392	0.294092801	0.2925925641	0.2909151527	0.2890603643
	0.2870279668	0.284817695	0.2824292479	0.2798622837	0.2771164163
	0.2741912095	0.2710861715	0.2678007486	0.2643343183	0.2606861819
	0.2568555574	0.2528415724	0.2486432598	0.2442595559	0.2396893059
	0.234931281	0.2299842171	0.2248468925	0.2195182726	0.2139977767
	0.2082857612	0.2023843858	0.1962991587	0.1900416992	0.1836347873
	0.1771221491	0.1705892186	0.1642101074	0.1583470403	0.1536990915
	0.1513275278	0.1522146571	0.1565101942	0.1633523606	0.1715610753
	0.1803248232	0.1892534524	0.1981693042	0.2069837002	0.2156502902
	0.2241449667	0.232455717	0.240577124	0.2485073179	0.2562462893
	0.2637949638	0.2711546998	0.2783270177	0.285313457	0.2921155023
	0.2987345484	0.3051718856	0.3114286966	0.3175060604	0.3234049582
	0.3291262818	0.3346708418	0.3400393758	0.3452325561	0.3502509971
	0.3550952611	0.3597658644	0.3642632823	0.3685879531	0.3727402823
	0.3767206454	0.3805293912	0.3841668437	0.3876333047	0.390929055
	0.3940543562	0.3970094523	0.3997945702	0.4024099209	0.4048557005
	0.4071320907	0.4092392594	0.4111773615	0.4129465388	0.4145469205
	0.4159786231	0.4172417504	0.4183363919	0.4192626208	0.4200204899
	0.420610024	0.4210312102	0.4212839895	0.4213682698	0.2997325326
	0.2996445992	0.2993806546	0.2989404895	0.2983239337	0.2975308558
	0.2965611404	0.2954146693	0.2940913104	0.2925909113	0.2909132951
	0.289058258	0.2870255661	0.2848149535	0.2824261194	0.2798587255
	0.2771123938	0.2741867036	0.2710811905	0.2677953452	0.2643286155
	0.2606804108	0.2568501123	0.2528370913	0.2486407398	0.2442605194
	0.2396960396	0.234947177	0.2300142604	0.2248983539	0.2196016932
	0.2141283599	0.2084853359	0.2026841613	0.196743571	0.1906937302
	0.1845831497	0.1784902863	0.1725436985	0.1669575105	0.1620880216
	0.1584912399	0.1568818886	0.15785494	0.1614893886	0.1672657259
	0.1744256683	0.1823549042	0.1906713935	0.1991504918	0.20765698
	0.2161080863	0.2244528653	0.2326599575	0.2407101426	0.2485917655
	0.256297914	0.2638246637	0.2711699769	0.2783330044	0.2853136374
	0.2921122186	0.298729355	0.305165796	0.3114223557	0.3174998638
	0.3233991349	0.3291209509	0.3346660515	0.34003513	0.3452288319
	0.3502477568	0.35509246	0.3597634557	0.36426122	0.368586194
	0.3727387867	0.3767193779	0.3805283202	0.3841659418	0.387632548
	0.390928423	0.3940538317	0.3970090206	0.399794219	0.4024096402
	0.4048554824	0.407131929	0.4092391497	0.411177301	0.4129465264
	0.4145469572	0.4159787122	0.4172418979	0.4183366076	0.4192629192
	0.4200208904	0.4206105497	0.4210318787	0.4212847917	0.4213691364
	0.2997308665	0.2996430392	0.2993792721	0.2989392555	0.2983227893
	0.2975297433	0.2965600102	0.2954134785	0.2940900201	0.2925894846
	0.2909116952	0.2890564475	0.287023507	0.2848126076	0.28242345
	0.2798557004	0.2771089895	0.274182913	0.2710770339	0.2677908868
	0.264323988	0.2606758514	0.2568460148	0.2528340816	0.2486397848
	0.2442630831	0.2397043055	0.234964366	0.2300450804	0.2249496343
	0.2196832742	0.2142543282	0.2086757203	0.2029672212	0.1971588042
	0.1912956567	0.1854456754	0.1797106794	0.174243066	0.1692694684
	0.1651186488	0.1622334159	0.1611129093	0.1621353416	0.1653447102
	0.1704122239	0.1768273735	0.1841182469	0.1919364403	0.2000435344
	0.208279211	0.2165364285	0.2247440961	0.2328552027	0.2408387996
	0.2486746413	0.2563496177	0.2638553822	0.2711867663	0.2783407186
	0.2853155897	0.2921106497	0.2987257621	0.3051611646	0.3114173207
	0.317494822	0.3233943228	0.329116499	0.3346620208	0.3400315373
	0.3452256672	0.3502449943	0.3550900657	0.3597613926	0.3642594507
	0.3685846829	0.3727375007	0.3767182871	0.380527398	0.3841651648
	0.3876318958	0.3909278783	0.3940533796	0.3970086484	0.3997939163
	0.4024093985	0.4048552947	0.4071317901	0.4092390559	0.41117725
	0.4129465177	0.414546992	0.4159787943	0.417242034	0.418336809
	0.4192632035	0.4200212841	0.4206110883	0.4210326006	0.4212857079
	0.421370162	0.299729049	0.2996414279	0.2993779428	0.2989381349
	0.2983217887	0.2975287924	0.2965590564	0.2954124808	0.2940889437
	0.2925882975	0.2909103667	0.2890549468	0.2870218033	0.2848106708
	0.2824212517	0.2798532169	0.277106206	0.2741798302	0.2710736779
	0.2677873245	0.2643203487	0.260672359	0.2568430347	0.252832188
	0.2486398572	0.2442664449	0.239712921	0.2349811198	0.2300741707
	0.2249971241	0.2197578535	0.2143683559	0.2088466183	0.2032192834
	0.1975254332	0.1918218958	0.1861905654	0.1807482158	0.1756589699
	0.171148247	0.1675127531	0.1651111557	0.164308325	0.1653599064
	0.1682925007	0.1728847616	0.1787733702	0.1855858861	0.1930118285
	0.2008150893	0.2088235963	0.2169150033	0.2250037522	0.2330307274
	0.24095548	0.2487505896	0.2563976631	0.2638845293	0.2712032857
	0.2783489436	0.285318491	0.2921102453	0.2987234078	0.3051577582
	0.3114134459	0.3174908479	0.3233904741	0.3291129036	0.3346587432
	0.3400286014	0.3452230713	0.3502427218	0.3550880919	0.3597596888
	0.3642579877	0.368583432	0.3727364353	0.3767173828	0.3805266331
	0.3841645201	0.3876313547	0.3909274263	0.3940530043	0.3970083396
	0.3997936653	0.4024091981	0.4048551394	0.4071316754	0.4092389789
	0.4111772089	0.4129465123	0.4145470238	0.4159788669	0.4172421546
	0.4183369896	0.4192634643	0.4200216576	0.4206116259	0.421033372
	0.4212867691	0.4213714269	0.2997269287	0.2996397373	0.2993766935
	0.2989371602	0.2983209577	0.2975280224	0.2965582943	0.2954116891
	0.2940880928	0.2925873614	0.2909093208	0.2890537671	0.2870204662
	0.2848091533	0.282419533	0.2798512804	0.2771040429	0.2741774454
	0.2710710981	0.2677846108	0.2643176151	0.2606697993	0.2568409612
	0.2528310874	0.2486404709	0.2442698835	0.239720827	0.2349958968
	0.230099306	0.2250376352	0.2198209014	0.2144640696	0.2089891728
	0.2034282516	0.1978273584	0.1922518804	0.1867933505	0.1815776299
	0.1767736447	0.1726002746	0.1693258254	0.167249676	0.1666534728
	0.1677227319	0.1704751689	0.174750705	0.1802741067	0.1867401865
	0.1938713006	0.2014395679	0.2092686136	0.2172269766	0.2252192031
	0.2331772994	0.2410535522	0.2488149068	0.2564387459	0.2639098033
	0.2712179442	0.2783565887	0.2853216003	0.2921105076	0.2987219621
	0.3051553623	0.3114105953	0.317487859	0.3233875416	0.3291101409
	0.3346562101	0.3400263227	0.3452210503	0.3502409484	0.3550865488
	0.3597583551	0.3642568412	0.368582451	0.3727355993	0.376716673
	0.3805260326	0.3841640139	0.3876309298	0.3909270714	0.3940527099
	0.3970080974	0.3997934685	0.4024090413	0.4048550179	0.4071315861
	0.4092389193	0.4111771778	0.4129465096	0.414547051	0.4159789275
	0.4172422553	0.4183371422	0.4192636893	0.4200219923	0.4206121367
	0.4210341724	0.4212880071	0.4213730809	0.2997241897	0.2996379632
	0.2993755853	0.2989363794	0.2983203268	0.2975274528	0.2965577375
	0.2954111143	0.294087477	0.2925866851	0.2909085663	0.2890529172
	0.287019504	0.2848080628	0.2824183	0.279849894	0.2771024985
	0.2741757488	0.2710692718	0.2677827037	0.2643157161	0.2606680576
	0.2568396153	0.2528305073	0.2486412179	0.2442727958	0.2397271407
	0.2350074171	0.2301186448	0.2250685408	0.2198687054	0.2145362817
	0.2090962438	0.203584501	0.1980519988	0.1925699392	0.1872360437
	0.182181341	0.1775761108	0.1736321544	0.1705964699	0.168729537
	0.1682630608	0.1693429369	0.1719822794	0.1760555169	0.1813390185
	0.1875705601	0.1944967387	0.2018982286	0.2095978898	0.2174592018
	0.2253803996	0.2332874737	0.2411276163	0.248863735	0.2564701417
	0.263929298	0.2712294193	0.2783627439	0.2853242972	0.2921110182
	0.2987211466	0.3051537949	0.311408653	0.3174857836	0.3233854835
	0.3291081888	0.334654412	0.3400247001	0.3452196078	0.3502396806
	0.3550854442	0.3597573995	0.3642560192	0.3685817474	0.3727349996
	0.3767161638	0.3805256018	0.384163651	0.3876306253	0.3909268173
	0.3940524991	0.3970079242	0.399793328	0.4024089295	0.4048549317
	0.4071315229	0.4092388775	0.4111771567	0.4129465091	0.4145470724
	0.4159789737	0.4172423317	0.4183372589	0.4192638652	0.4200222637
	0.4206125792	0.4210349473	0.4212894298	0.4213754296	0.2997201231
	0.2996362155	0.2993747424	0.2989358579	0.2983199283	0.2975271014
	0.2965573974	0.2954107647	0.2940871033	0.2925862754	0.2909081096
	0.2890524031	0.2870189226	0.2848074046	0.2824175566	0.2798490594
	0.2771015706	0.274174732	0.2710681811	0.2677815705	0.2643145968
	0.2606670462	0.2568388613	0.2528302417	0.2486417904	0.2442747276
	0.2397311995	0.2350147215	0.2301308113	0.2250878846	0.2198985125
	0.2145811668	0.2091626046	0.203681057	0.1981903639	0.1927650869
	0.1875063766	0.182547848	0.1780598313	0.1742490763	0.1713495899
	0.1695998997	0.1692050697	0.1702906825	0.1728676185	0.1768279479
	0.1819751608	0.1880709019	0.1948764024	0.202178346	0.209799974
	0.2176022935	0.2254800621	0.2333558005	0.2411736892	0.2488942124
	0.2564898207	0.2639415886	0.27123672	0.2783667258	0.2853261147
	0.2921114613	0.2987207504	0.3051529174	0.3114075298	0.3174845665
	0.3233842672	0.3291070298	0.3346533412	0.3400237318	0.3452187459
	0.3502389223	0.3550847833	0.3597568277	0.3642555274	0.3685813266
	0.3727346411	0.3767158597	0.3805253449	0.3841634347	0.3876304441
	0.3909266664	0.3940523743	0.3970078219	0.3997932454	0.402408864
	0.4048548815	0.4071314866	0.409238854	0.4111771455	0.4129465104
	0.4145470869	0.4159790033	0.4172423802	0.4183373331	0.4192639784
	0.4200224442	0.4206128941	0.421035581	0.4212909351	0.4213791532
	0.2997130255	0.2996350134	0.2993743794	0.2989356682	0.2983197903
	0.2975269813	0.2965572816	0.2954106457	0.2940869762	0.2925861361
	0.2909079544	0.2890522286	0.2870187254	0.2848071816	0.2824173051
	0.2798487774	0.2771012576	0.2741743895	0.2710678144	0.2677811904
	0.2643142228	0.2606667101	0.2568386142	0.2528301621	0.248641997
	0.2442753973	0.2397325924	0.2350172166	0.2301349557	0.2250944609
	0.2199086305	0.2145963825	0.2091850702	0.203713698	0.1982370612
	0.192830817	0.1875972089	0.1826706289	0.1782213077	0.1744542028
	0.1715989916	0.1698871308	0.1695153132	0.1706028379	0.1731598775
	0.1770839061	0.1821868806	0.1882381168	0.1950037387	0.2022725697
	0.209868111	0.2176506349	0.2255137892	0.2333789603	0.241189332
	0.2489045801	0.2564965315	0.2639457947	0.2712392325	0.2783681105
	0.2853267626	0.2921116403	0.298720642	0.3051526433	0.3114071701
	0.3174841729	0.3233838721	0.3291066524	0.3346529922	0.3400234164
	0.3452184654	0.350238676	0.3550845691	0.3597566429	0.3642553691
	0.3685811917	0.3727345268	0.3767157633	0.380525264	0.3841633672
	0.3876303881	0.3909266202	0.3940523366	0.3970077915	0.3997932213
	0.4024088455	0.4048548678	0.4071314773	0.4092388488	0.4111771442
	0.4129465131	0.4145470938	0.4159790152	0.4172423982	0.4183373597
	0.4192640185	0.4200225089	0.4206130138	0.4210358702	0.4212920285
	0.4213858814	