3131	
	0.2781526227	0.2780535947	0.2777833039	0.2773371065	0.2767139952
	0.2759136127	0.2749357678	0.2737803256	0.2724471731	0.2709362089
	0.2692473391	0.2673804792	0.2653355592	0.2631125318	0.2607113862
	0.2581321662	0.2553749986	0.2524401311	0.2493279882	0.2460392485
	0.2425749548	0.238936669	0.2351266899	0.2311483584	0.2270064855
	0.2227079481	0.2182625147	0.2136839823	0.2089917219	0.2042127511
	0.1993844479	0.1945579904	0.1898024989	0.1852096232	0.1808978907
	0.1770154539	0.1737390211	0.1712660247	0.1697972735	0.169509651
	0.1705236671	0.1728768472	0.1765151018	0.1813063468	0.1870692306
	0.1936045699	0.2007201723	0.2082458173	0.2160395248	0.2239878886
	0.2320031607	0.2400190306	0.2479862674	0.255868811	0.2636405243
	0.2712826248	0.2787817159	0.286128311	0.2933157441	0.3003393746
	0.3071960105	0.3138834931	0.3204003986	0.3267458246	0.3329192376
	0.3389203638	0.3447491116	0.3504055163	0.3558897003	0.3612018453
	0.3663421721	0.3713109261	0.3761083674	0.3807347632	0.3851903829
	0.3894754941	0.3935903597	0.3975352365	0.4013103734	0.4049160106
	0.4083523786	0.4116196978	0.414718178	0.4176480183	0.4204094066
	0.4230025192	0.4254275209	0.4276845648	0.4297737917	0.43169533
	0.4334492951	0.4350357889	0.4364548987	0.4377066952	0.4387912298
	0.439708528	0.440458577	0.4410412919	0.4414564119	0.4417030441
	0.4417768557	0.2781455207	0.2780524384	0.2777829957	0.2773369766
	0.2767139219	0.2759135635	0.2749357303	0.2737802933	0.272447142
	0.2709361753	0.269247299	0.2673804279	0.2653354903	0.2631124366
	0.2607112523	0.2581319764	0.2553747284	0.252439746	0.2493274394
	0.2460384669	0.2425738431	0.2389350898	0.2351244496	0.2311451852
	0.227001998	0.2227016131	0.2182535904	0.2136714423	0.2089741586
	0.2041882556	0.1993504739	0.1945112192	0.1897387465	0.1851238679
	0.1807845465	0.1768690601	0.1735555056	0.1710445381	0.1695421662
	0.1692315513	0.1702383983	0.1726019231	0.1762653731	0.181091076
	0.1868916245	0.193463125	0.2006106081	0.2081627459	0.2159775596
	0.2239422325	0.2319698289	0.2399948608	0.2479688277	0.2558562719
	0.263631531	0.2712761855	0.2787771102	0.2861250188	0.2933133915
	0.3003376935	0.3071948092	0.3138826345	0.3203997848	0.3267453859
	0.3329189241	0.33892014	0.3447489521	0.3504054029	0.3558896201
	0.3612017891	0.3663421331	0.3713108995	0.3761083499	0.3807347523
	0.3851903768	0.3894754914	0.3935903596	0.3975352383	0.4013103767
	0.404916015	0.4083523838	0.4116197037	0.4147181845	0.4176480255
	0.4204094143	0.4230025275	0.42542753	0.4276845748	0.4297738028
	0.4316953425	0.4334493095	0.4350358058	0.436454919	0.4377067205
	0.4387912626	0.4397085735	0.4404586463	0.4410414152	0.4414567032
	0.4417041327	0.4417835335	0.2781415851	0.2780508431	0.2777823189
	0.2773366338	0.2767137174	0.2759134245	0.2749356246	0.2737802034
	0.2724470559	0.2709360825	0.2692471881	0.2673802847	0.2653352959
	0.2631121651	0.2607108674	0.258131427	0.2553739423	0.2524386212
	0.2493258315	0.246036172	0.2425705731	0.2389304385	0.2351178449
	0.2311358223	0.2269887484	0.2226828985	0.2182272128	0.2136343585
	0.208922189	0.2041157237	0.1992497901	0.1943724594	0.1895493431
	0.1848686396	0.1804464456	0.1764311665	0.1730048073	0.170377606
	0.1687715347	0.1683895205	0.1693739322	0.1717694898	0.1755108941
	0.1804426595	0.1863583924	0.1930397618	0.2002835421	0.2079153086
	0.2157933088	0.2238066546	0.2318709435	0.2399232037	0.2479171445
	0.2558191186	0.2636048835	0.2712571011	0.2787634539	0.2861152501
	0.2933064033	0.3003326926	0.3071912279	0.3138800676	0.3203979429
	0.3267440625	0.3329179719	0.3389194538	0.3447484569	0.350405045
	0.3558893611	0.3612016015	0.3663419973	0.3713108014	0.3761082792
	0.3807347017	0.3851903411	0.3894754668	0.3935903433	0.3975352284
	0.4013103717	0.4049160139	0.4083523859	0.4116197086	0.414718192
	0.4176480353	0.4204094266	0.4230025425	0.4254275479	0.4276845961
	0.4297738281	0.4316953727	0.4334493458	0.4350358502	0.4364549741
	0.4377067907	0.4387913555	0.4397087028	0.4404588404	0.4410417414
	0.4414573446	0.4417056382	0.4417872391	0.2781390965	0.2780493309
	0.2777814882	0.2773361501	0.2767134083	0.2759132074	0.2749354571
	0.2737800603	0.2724469189	0.2709359348	0.2692470115	0.2673800564
	0.2653349855	0.2631117306	0.2607102502	0.2581305446	0.2553726779
	0.2524368097	0.2493232394	0.2460324694	0.2425652939	0.2389229252
	0.2351071708	0.2311206841	0.2269673162	0.2226526109	0.2181844984
	0.2135742639	0.2088378938	0.203997933	0.1990860175	0.1941462702
	0.1892397314	0.1844498974	0.1798891502	0.1757052369	0.1720857576
	0.1692566138	0.1674677184	0.1669583663	0.1679026205	0.1703557681
	0.1742359584	0.1793540853	0.1854692701	0.1923382485	0.1997444806
	0.2075092526	0.2154919716	0.2235854981	0.2317099562	0.2398067133
	0.2478332129	0.2557588272	0.2635616615	0.2712261552	0.2787413123
	0.2860994111	0.2932950708	0.30032458	0.3071854156	0.3138758987
	0.3203949487	0.3267419085	0.3329164196	0.3389183328	0.3447476456
	0.3504044565	0.3558889333	0.3612012898	0.3663417698	0.3713106353
	0.3761081579	0.3807346135	0.3851902773	0.3894754212	0.3935903115
	0.3975352071	0.4013103587	0.4049160076	0.4083523852	0.4116197126
	0.4147182004	0.417648048	0.4204094436	0.4230025639	0.4254275744
	0.4276846283	0.4297738672	0.43169542	0.4334494035	0.435035921
	0.4364550624	0.4377069032	0.4387915033	0.4397089054	0.4404591348
	0.4410422033	0.4414581346	0.4417070699	0.4417895889	0.2781373377
	0.2780480101	0.2777806265	0.2773355888	0.2767130249	0.275912928
	0.2749352372	0.2737798708	0.2724467369	0.270935739	0.2692467777
	0.2673797542	0.2653345744	0.2631111547	0.2607094312	0.2581293719
	0.2553709956	0.2524343971	0.2493197842	0.2460275302	0.242558247
	0.23891289	0.2350929061	0.2311004422	0.2269386414	0.2226120611
	0.218127265	0.21349366	0.2087246793	0.2038394524	0.1988651516
	0.1938402672	0.1888191151	0.1838778933	0.1791224788	0.1746977145
	0.1707967638	0.1676663733	0.1655983296	0.164890981	0.16577251
	0.1683164574	0.1724119128	0.177813034	0.1842241286	0.1913654074
	0.1990030349	0.206954405	0.2150823106	0.2232860057	0.2314925782
	0.2396497557	0.2477203004	0.2556778074	0.2635036236	0.2711846219
	0.2787116038	0.2860781614	0.2932798661	0.3003136934	0.3071776133
	0.3138702998	0.320390925	0.3267390116	0.3329143296	0.3389168216
	0.3447465501	0.3504036603	0.355888353	0.3612008658	0.3663414592
	0.3713104073	0.3761079905	0.3807344907	0.3851901876	0.3894753563
	0.3935902654	0.3975351755	0.4013103384	0.4049159965	0.4083523818
	0.411619716	0.4147182099	0.4176480634	0.420409465	0.4230025917
	0.4254276092	0.4276846712	0.4297739195	0.4316954838	0.4334494813
	0.4350360166	0.4364551814	0.4377070539	0.4387916988	0.4397091676
	0.4404595017	0.4410427418	0.4414589582	0.4417083263	0.4417912575
	0.2781359867	0.278046873	0.2777797918	0.2773349948	0.2767125945
	0.2759126024	0.2749349756	0.273779643	0.272446518	0.2709355038
	0.2692464977	0.2673793931	0.2653340832	0.2631104662	0.2607084507
	0.2581279664	0.2553689766	0.2524314981	0.2493156281	0.2460215834
	0.2425497555	0.2389007887	0.2350756922	0.231075998	0.2269039875
	0.222563014	0.2180579662	0.2133959358	0.2085871834	0.2036465447
	0.1985954867	0.1934651218	0.188300619	0.1831676072	0.1781612977
	0.1734190319	0.1691363293	0.1655836049	0.1631109065	0.1621090124
	0.1628967346	0.1655785676	0.1699931251	0.1758011034	0.1826236999
	0.1901320934	0.1980736398	0.2062650577	0.2145767898	0.2229183147
	0.2312267091	0.2394583171	0.2475828587	0.2555793266	0.2634331465
	0.2711342186	0.2786755639	0.2860523867	0.2932614232	0.3003004858
	0.3071681443	0.3138635017	0.3203860362	0.3267354891	0.3329117859
	0.3389149801	0.3447452133	0.350402687	0.3558876422	0.3612003451
	0.3663410767	0.3713101256	0.3761077827	0.3807343375	0.385190075
	0.3894752742	0.3935902065	0.3975351345	0.4013103116	0.4049159811
	0.4083523761	0.4116197187	0.4147182205	0.4176480815	0.4204094907
	0.4230026256	0.4254276521	0.4276847243	0.4297739845	0.431695563
	0.433449578	0.4350361352	0.4364553282	0.437707238	0.4387919341
	0.4397094757	0.4404599164	0.4410433153	0.4414597609	0.4417094149
	0.4417925476	0.2781348866	0.2780458871	0.277779007	0.2773343966
	0.2767121385	0.2759122457	0.2749346832	0.2737793864	0.2724462711
	0.2709352399	0.2692461849	0.2673789908	0.2653335368	0.2631096996
	0.2607073578	0.258126397	0.2553667186	0.2524282511	0.2493109669
	0.2460149059	0.2425402104	0.2388871729	0.2350563064	0.2310484453
	0.2268648902	0.2225076196	0.2179796012	0.2132852527	0.2084311362
	0.2034270148	0.1982874841	0.1930345159	0.187701455	0.1823393114
	0.1770266642	0.171885232	0.1671041302	0.162974823	0.1599241543
	0.1584868509	0.1591351649	0.1620266214	0.1669106216	0.1732929111
	0.1806709048	0.1886547157	0.1969765711	0.205460461	0.2139917154
	0.2224954114	0.2309223139	0.2392398642	0.2474263946	0.2554674026
	0.2633531395	0.2710770411	0.2786346966	0.286023164	0.2932405117
	0.3002855065	0.3071574006	0.3138557839	0.3203804819	0.3267314833
	0.3329088898	0.3389128807	0.3447436869	0.3504015737	0.3558868274
	0.3611997468	0.3663406359	0.3713098	0.3761075418	0.3807341592
	0.3851899433	0.3894751777	0.3935901368	0.3975350856	0.4013102792
	0.4049159622	0.4083523686	0.4116197212	0.4147182322	0.4176481022
	0.4204095206	0.4230026652	0.4254277024	0.4276847867	0.4297740611
	0.4316956564	0.4334496918	0.4350362743	0.4364554992	0.4377074503
	0.4387922012	0.439709817	0.4404603599	0.4410438979	0.4414605221
	0.4417103668	0.4417936074	0.2781339532	0.2780450204	0.2777782773
	0.2773338103	0.2767116727	0.2759118706	0.2749343707	0.2737791104
	0.2724460063	0.2709349587	0.2692458543	0.2673785676	0.2653329628
	0.2631088941	0.2607062074	0.2581247418	0.2553643321	0.2524248124
	0.2493060214	0.2460078103	0.2425300535	0.2388726663	0.2350356288
	0.231019024	0.2268230938	0.2224483273	0.2178955995	0.2131663946
	0.2082631744	0.2031899956	0.1979535589	0.1925650082	0.1870430281
	0.1814191941	0.1757473288	0.1701204569	0.164703314	0.1597944334
	0.1559157887	0.1538275271	0.1542663545	0.1574822341	0.1630637331
	0.1702558881	0.1783733408	0.1869574991	0.1957392604	0.2045653624
	0.2133473232	0.2220330065	0.230591227	0.2390031458	0.2472572973
	0.2553466634	0.2632669364	0.2710154819	0.2785907144	0.2859917169
	0.2932180049	0.3002693784	0.3071458262	0.313847463	0.3203744877
	0.3267271551	0.3329057565	0.3389106056	0.3447420297	0.3504003624
	0.3558859388	0.3611990925	0.3663401525	0.3713094417	0.3761072757
	0.3807339614	0.3851897968	0.3894750698	0.3935900585	0.3975350304
	0.4013102424	0.4049159405	0.4083523597	0.4116197237	0.4147182453
	0.4176481256	0.4204095545	0.4230027103	0.4254277597	0.427684858
	0.4297741485	0.4316957629	0.4334498211	0.4350364315	0.4364556911
	0.437707686	0.4387924929	0.4397101815	0.4404608185	0.4410444751
	0.4414612373	0.4417112124	0.4417945162	0.2781331376	0.2780442469
	0.2777776004	0.2773332444	0.276711208	0.2759114877	0.2749340474
	0.2737788243	0.2724457337	0.2709346726	0.2692455215	0.2673781448
	0.265332391	0.2631080913	0.2607050584	0.2581230838	0.2553619346
	0.2524213486	0.2493010281	0.2460006308	0.2425197578	0.2388579376
	0.2350146038	0.230989067	0.226780478	0.2223877845	0.217809684
	0.2130445853	0.2080906045	0.2029456572	0.1976077588	0.1920757556
	0.1863508851	0.1804399219	0.1743615668	0.1681607308	0.1619455925
	0.1559863918	0.1509119036	0.147836061	0.1479549395	0.1516814302
	0.1583133218	0.1666531226	0.1757479971	0.1850757523	0.1943978634
	0.2036104894	0.2126677286	0.2215492834	0.2302468598	0.2387579258
	0.2470826186	0.2552221762	0.2631781663	0.2709521343	0.2785454681
	0.2859593647	0.293194843	0.3002527715	0.3071338986	0.3138388791
	0.3203682962	0.3267226777	0.3329025092	0.338908243	0.3447403048
	0.3503990983	0.3558850088	0.3611984056	0.3663396432	0.3713090629
	0.3761069933	0.3807337507	0.3851896399	0.3894749538	0.393589974
	0.3975349706	0.4013102024	0.4049159168	0.40835235	0.4116197266
	0.4147182598	0.4176481515	0.4204095921	0.4230027603	0.4254278235
	0.4276849372	0.4297742455	0.4316958808	0.433449964	0.4350366044
	0.4364559005	0.4377079405	0.4387928033	0.4397105612	0.4404612832
	0.44104504	0.4414619092	0.4417119765	0.4417953203	0.2781324088
	0.2780435469	0.2777769709	0.2773327024	0.2767107517	0.2759111049
	0.2749337217	0.2737785368	0.2724454631	0.2709343937	0.2692452026
	0.2673777441	0.2653318514	0.2631073334	0.2607039705	0.2581215078
	0.2553596463	0.25241803	0.2492962279	0.2459937089	0.2425098067
	0.2388436708	0.234994199	0.2309599424	0.2267389764	0.2223287234
	0.2177257146	0.2129252747	0.2079211163	0.2027048346	0.1972653082
	0.191588028	0.1856543819	0.1794409424	0.172919199	0.1660596002
	0.1588623278	0.1514990112	0.1446980725	0.1401209576	0.1397465959
	0.1442728778	0.1524893745	0.1624549385	0.1728300377	0.1830604103
	0.1929989273	0.2026328045	0.2119806346	0.2210644646	0.2299037863
	0.2385146402	0.2469098062	0.2550992468	0.2630906054	0.270889685
	0.2785008687	0.2859274671	0.2931719933	0.3002363741	0.3071221078
	0.3138303815	0.3203621563	0.3267182286	0.332899275	0.3389058837
	0.344738577	0.3503978279	0.3558840708	0.36119771	0.3663391253
	0.371308676	0.3761067035	0.3807335335	0.3851894775	0.3894748332
	0.3935898858	0.3975349079	0.4013101604	0.4049158921	0.4083523401
	0.41161973	0.4147182757	0.4176481798	0.4204096331	0.4230028149
	0.4254278929	0.4276850235	0.4297743511	0.4316960089	0.4334501185
	0.4350367905	0.4364561244	0.4377082098	0.4387931273	0.4397109505
	0.4404617486	0.4410455898	0.4414625435	0.4417126781	0.4417960492
	0.2781317459	0.2780429047	0.2777763827	0.277332185	0.276710308
	0.2759107284	0.2749334005	0.2737782557	0.2724452037	0.2709341336
	0.2692449129	0.2673773865	0.2653313733	0.2631066615	0.2607030017
	0.2581200959	0.2553575839	0.2524150222	0.249291856	0.2459873779
	0.2425006723	0.238830535	0.2349753619	0.2309329927	0.2267004914
	0.2222738411	0.2176475181	0.2128139009	0.2077624508	0.2024785717
	0.1969420018	0.1911244558	0.1849859158	0.1784682156	0.1714833805
	0.1638959532	0.1555264612	0.146332692	0.1371030353	0.1303106483
	0.1291858414	0.1349037216	0.1454446435	0.1576701603	0.1696881295
	0.1809838555	0.1916007909	0.2016752715	0.2113166654	0.2206001424
	0.2295771933	0.2382839768	0.2467463941	0.2549831951	0.2630080165
	0.2708307989	0.2784588059	0.2858973653	0.2931504089	0.3002208639
	0.3071109361	0.3138223137	0.3203563128	0.3267139825	0.3328961786
	0.3389036168	0.3447369104	0.3503965972	0.3558831577	0.3611970295
	0.366338616	0.3713082934	0.3761064153	0.3807333164	0.3851893142
	0.3894747114	0.3935897963	0.3975348443	0.4013101177	0.404915867
	0.4083523304	0.4116197343	0.4147182933	0.4176482105	0.4204096773
	0.4230028735	0.4254279675	0.4276851159	0.429774464	0.4316961455
	0.4334502829	0.4350369875	0.4364563598	0.4377084905	0.438793461
	0.4397113452	0.4404622116	0.4410461247	0.4414631463	0.4417133322
	0.4417967229	0.2781311333	0.2780423082	0.2777758294	0.2773316913
	0.2767098793	0.2759103624	0.2749330893	0.2737779877	0.2724449639
	0.2709339029	0.2692446664	0.2673770911	0.2653309834	0.2631061135
	0.2607022057	0.2581189244	0.2553558555	0.252412479	0.2492881305
	0.2459819478	0.2424927946	0.2388191541	0.234958978	0.2309094742
	0.2266668074	0.2222256756	0.2175787123	0.2127156359	0.2076220338
	0.2022775928	0.1966534462	0.1907079732	0.1843795721	0.177572937
	0.1701311788	0.1617827872	0.1520878515	0.1406422249	0.1282236191
	0.118414543	0.1162109775	0.1235067568	0.137205627	0.1524111604
	0.1664477722	0.1789461004	0.1902739729	0.2007857813	0.210708194
	0.2201783376	0.2292821894	0.2380763857	0.2465996583	0.2548791144
	0.2629339796	0.2707780004	0.2784210641	0.2858703233	0.2931309864
	0.3002068779	0.3071008367	0.3138149983	0.320350996	0.3267101039
	0.3328933375	0.3389015265	0.3447353653	0.3503954494	0.3558823009
	0.3611963868	0.3663381316	0.371307927	0.3761061375	0.3807331056
	0.3851891548	0.3894745918	0.3935897081	0.3975347813	0.4013100756
	0.4049158426	0.4083523216	0.4116197397	0.4147183124	0.4176482433
	0.4204097242	0.4230029356	0.4254280463	0.4276852135	0.4297745831
	0.4316962893	0.4334504554	0.4350371933	0.4364566044	0.4377087799
	0.4387938015	0.4397117429	0.4404626708	0.4410466461	0.4414637238
	0.4417139502	0.441797356	0.2781305594	0.2780417475	0.2777753051
	0.277331219	0.2767094666	0.2759100099	0.2749327925	0.2737777384
	0.2724447507	0.2709337106	0.2692444755	0.2673768748	0.2653307052
	0.2631057224	0.2607016292	0.2581180598	0.2553545561	0.2524105352
	0.2492852434	0.2459776911	0.2424865611	0.2388100788	0.2349458296
	0.2308904997	0.2266395086	0.2221864871	0.2175225317	0.21263513
	0.207506595	0.202111726	0.1964141791	0.1903604637	0.1838690823
	0.1768087436	0.168951156	0.1598717882	0.14881037	0.1348734399
	0.1187593506	0.1053874367	0.1018111153	0.1108138317	0.1282398351
	0.1469930609	0.1633181418	0.1770783939	0.1890993147	0.2000148312
	0.2101875659	0.2198202815	0.2290329938	0.2379015388	0.2464762556
	0.2547916263	0.2628717245	0.2707335579	0.2783892427	0.2858474719
	0.2931145271	0.3001949852	0.3070922143	0.3138087237	0.3203464116
	0.3267067396	0.332890857	0.3388996884	0.344733996	0.3503944238
	0.3558815285	0.3611958021	0.366337687	0.3713075875	0.3761058778
	0.3807329069	0.3851890034	0.3894744775	0.3935896234	0.3975347207
	0.4013100352	0.4049158196	0.408352314	0.4116197466	0.4147183332
	0.417648278	0.4204097736	0.4230030007	0.4254281287	0.4276853154
	0.4297747071	0.4316964388	0.4334506342	0.435037406	0.4364568559
	0.4377090755	0.4387941466	0.4397121418	0.440463126	0.4410471562
	0.4414642818	0.4417145415	0.4417979594	0.2781300144	0.278041214
	0.2777748039	0.2773307655	0.2767090696	0.2759096725	0.2749325131
	0.273777512	0.2724445695	0.2709335642	0.2692443497	0.2673767509
	0.2653305575	0.2631055147	0.2607013102	0.258117556	0.2553537624
	0.2524093005	0.2492833512	0.245974831	0.2424822893	0.2388037611
	0.2349365604	0.2308769861	0.2266199035	0.2221581477	0.2174816654
	0.2125762684	0.207421795	0.2019893193	0.1962367252	0.1901011871
	0.1834851308	0.1762270626	0.1680357505	0.1583438414	0.1460736368
	0.1298175722	0.1101635487	0.09336561836	0.08834893724	0.09871960728
	0.1196925003	0.1420166328	0.1606045959	0.175538503	0.1881623317
	0.1994116568	0.2097847244	0.2195449795	0.2288420538	0.2377677753
	0.2463818652	0.2547246453	0.2628239733	0.2706993766	0.2783646816
	0.2858297571	0.2931017012	0.3001856616	0.3070854075	0.3138037314
	0.320342732	0.3267040132	0.3328888256	0.338898166	0.3447328483
	0.3503935534	0.3558808647	0.361195293	0.3663372948	0.3713072844
	0.3761056431	0.3807327254	0.3851888637	0.3894743711	0.3935895442
	0.3975346639	0.4013099975	0.4049157986	0.4083523082	0.411619755
	0.4147183555	0.4176483145	0.4204098249	0.4230030681	0.4254282139
	0.4276854205	0.4297748349	0.4316965926	0.4334508178	0.4350376237
	0.4364571124	0.4377093756	0.4387944946	0.4397125412	0.4404635777
	0.4410476578	0.4414648255	0.441715114	0.4417985422	0.2781294898
	0.2780407001	0.2777743203	0.2773303275	0.2767086872	0.2759093506
	0.2749322528	0.2737773113	0.2724444243	0.2709334686	0.269244296
	0.267376729	0.2653305535	0.2631055092	0.2607012754	0.2581174517
	0.2553535299	0.2524088545	0.2492825677	0.2459735304	0.242480212
	0.2388005334	0.234931645	0.2308696114	0.2266089622	0.222142049
	0.2174581184	0.2125419593	0.207371894	0.2019167024	0.1961306867
	0.1899451609	0.1832522879	0.1758708718	0.1674675935	0.1573771234
	0.1442971869	0.1264364506	0.1042626376	0.08498413145	0.07879084728
	0.08983630107	0.1132541628	0.1383199961	0.1586759611	0.1744908725
	0.1875427569	0.1990189047	0.2095244278	0.2193676884	0.2287191703
	0.2376815768	0.2463208627	0.2546811692	0.2627928019	0.2706769059
	0.2783483989	0.2858178975	0.2930930177	0.3001792687	0.307080674
	0.3138002056	0.3203400893	0.3267020196	0.3328873117	0.3388970088
	0.3447319581	0.3503928643	0.3558803283	0.3611948735	0.3663369654
	0.3713070252	0.3761054391	0.3807325652	0.3851887388	0.3894742751
	0.3935894721	0.3975346121	0.4013099633	0.4049157802	0.4083523044
	0.4116197651	0.4147183794	0.4176483525	0.4204098779	0.4230031373
	0.425428301	0.4276855279	0.4297749653	0.4316967492	0.4334510045
	0.4350378446	0.4364573721	0.4377096784	0.4387948444	0.4397129405
	0.4404640269	0.4410481535	0.44146536	0.4417156744	0.4417991118
	0.2781289779	0.2780401986	0.2777738486	0.2773299013	0.2767083176
	0.2759090441	0.2749320124	0.2737771378	0.2724443172	0.2709334267
	0.2692443182	0.2673768141	0.2653307004	0.2631057161	0.2607015397
	0.2581177684	0.25535389	0.2524092428	0.249282959	0.2459738845
	0.2424804666	0.2388005931	0.2349313666	0.2308687821	0.2266072685
	0.2221390314	0.2174531056	0.2125339706	0.2073594904	0.201897754
	0.1961019866	0.1899017437	0.1831861216	0.1757681334	0.1673026155
	0.1570985578	0.1437963897	0.1254835393	0.1024908561	0.08222097999
	0.07535130599	0.08633878388	0.1105210849	0.1367185058	0.1578674474
	0.1740702329	0.1873003267	0.1988666375	0.2094234771	0.2192985174
	0.2286707382	0.2376471292	0.2462960543	0.2546631121	0.2627795328
	0.270667068	0.2783410424	0.2858123508	0.2930888015	0.3001760384
	0.3070781798	0.3137982654	0.3203385692	0.3267008207	0.3328863603
	0.3388962497	0.3447313494	0.3503923743	0.3558799325	0.3611945532
	0.366336706	0.3713068153	0.3761052698	0.3807324296	0.3851886312
	0.3894741912	0.3935894085	0.3975345664	0.4013099335	0.4049157649
	0.4083523028	0.4116197769	0.4147184047	0.4176483917	0.4204099319
	0.4230032076	0.4254283893	0.4276856365	0.429775097	0.4316969074
	0.4334511928	0.4350380672	0.4364576333	0.4377099825	0.438795195
	0.4397133399	0.4404644748	0.4410486464	0.4414658899	0.441716229
	0.441799675	0.2781284708	0.2780397023	0.277773383	0.2773294829
	0.2767079583	0.2759087516	0.2749317916	0.2737769918	0.2724442486
	0.270933439	0.2692444167	0.2673770067	0.2653309987	0.2631061366
	0.260702105	0.2581185094	0.2553548483	0.2524104746	0.2492845397
	0.2459759164	0.2424830879	0.2388039927	0.2349358034	0.2308746134
	0.2266149909	0.222149341	0.2174669861	0.2125528273	0.2073853578
	0.2019336273	0.1961523795	0.1899736933	0.1832911893	0.1759269447
	0.1675566121	0.1575422056	0.1446515042	0.1271569076	0.1052750091
	0.08572056725	0.07879152342	0.08909171796	0.1122537935	0.137637794
	0.1583503756	0.1743400632	0.187461008	0.1989672209	0.2094885527
	0.2193414007	0.2286992101	0.237666022	0.2463084995	0.2546711946
	0.262784664	0.2706702114	0.2783428588	0.285813293	0.2930891792
	0.3001760622	0.3070779916	0.3137979598	0.3203382081	0.3267004437
	0.3328859918	0.3388959039	0.3447310339	0.3503920922	0.3558796843
	0.3611943376	0.3663365209	0.3713066581	0.3761051379	0.3807323204
	0.3851885423	0.3894741206	0.3935893544	0.3975345273	0.4013099084
	0.404915753	0.4083523037	0.4116197904	0.4147184311	0.4176484318
	0.4204099866	0.4230032783	0.4254284779	0.4276857454	0.4297752289
	0.4316970656	0.4334513812	0.4350382899	0.4364578946	0.4377102867
	0.4387955457	0.4397137392	0.4404649227	0.4410491392	0.4414664198
	0.4417167835	0.4418002383	0.2781279608	0.2780392038	0.2777729175
	0.2773290679	0.2767076064	0.2759084716	0.2749315893	0.2737768721
	0.2724442171	0.2709335035	0.2692445885	0.2673773025	0.2653314424
	0.2631067622	0.2607029599	0.2581196593	0.2553563843	0.2524125221
	0.2492872726	0.2459795751	0.2424880068	0.2388106373	0.2349448242
	0.2308869229	0.2266318742	0.2221726167	0.2174992439	0.212597783
	0.2074483978	0.2020226717	0.1962793133	0.1901569021	0.1835604776
	0.1763342136	0.168201781	0.158639532	0.1466788826	0.131014606
	0.1118606954	0.09464308946	0.08834721196	0.09743431262	0.1180282675
	0.1408879603	0.1600486045	0.1752680211	0.1880097268	0.1993128737
	0.209715247	0.2194936579	0.2288028746	0.2377371277	0.2463574403
	0.2547049015	0.2628078426	0.270686094	0.2783536817	0.2858206103
	0.2930940735	0.300179288	0.3070800748	0.3137992661	0.3203389915
	0.3267008796	0.3328862009	0.3388959688	0.3447310104	0.350392018
	0.355879584	0.3611942274	0.366336411	0.3713065546	0.3761050443
	0.3807322385	0.3851884731	0.389474064	0.3935893103	0.3975344954
	0.4013098883	0.4049157446	0.4083523069	0.4116198055	0.4147184586
	0.4176484723	0.4204100413	0.4230033487	0.425428566	0.4276858534
	0.4297753597	0.4316972226	0.4334515681	0.435038511	0.4364581544
	0.4377105896	0.4387958956	0.4397141386	0.4404653719	0.441049635
	0.4414669543	0.441717344	0.4418008079	0.2781274393	0.2780386952
	0.2777724456	0.2773286515	0.2767072588	0.2759082017	0.2749314036
	0.2737767768	0.2724442201	0.2709336161	0.2692448275	0.2673776926
	0.2653320191	0.2631075755	0.2607040803	0.2581211849	0.2553584517
	0.2524153216	0.2492910691	0.2459847381	0.2424950524	0.238820288
	0.2349580941	0.2309052389	0.2266572506	0.2222079082	0.2175485159
	0.212666863	0.2075457131	0.20216056	0.1964761634	0.1904408641
	0.1839764417	0.1769583195	0.1691746982	0.1602463362	0.1495204013
	0.1362029339	0.1206341154	0.1068422448	0.1018066959	0.1093609593
	0.1264194127	0.1457458142	0.1626657498	0.1767350826	0.1888936145
	0.1998769135	0.2100885941	0.2197462466	0.2289759898	0.2378566775
	0.2464403479	0.25476251	0.2628478836	0.2707138952	0.2783729407
	0.2858339053	0.2931032072	0.3001855227	0.307084295	0.3138020912
	0.3203408549	0.326702084	0.3328869574	0.3388964237	0.3447312653
	0.3503921424	0.3558796258	0.3611942189	0.3663363739	0.3713065034
	0.3761049883	0.3807321838	0.3851884233	0.3894740215	0.3935892763
	0.3975344707	0.4013098734	0.4049157397	0.4083523125	0.4116198221
	0.4147184867	0.4176485129	0.4204100956	0.4230034182	0.4254286526
	0.4276859596	0.4297754883	0.4316973769	0.433451752	0.4350387289
	0.436458411	0.4377108897	0.4387962437	0.4397145381	0.4404658237
	0.4410501366	0.4414674981	0.4417179165	0.4418013907	0.2781268969
	0.2780381678	0.2777719605	0.277328229	0.2767069123	0.2759079396
	0.2749312323	0.2737767031	0.2724442533	0.2709337705	0.2692451247
	0.2673781641	0.2653327103	0.2631085508	0.2607054301	0.2581230359
	0.2553609808	0.252418776	0.2492957938	0.2459912159	0.2425039594
	0.2388325727	0.2349750894	0.2309288221	0.2266900726	0.2222537236
	0.2176126646	0.2127569795	0.2076727928	0.2023406018	0.1967327947
	0.1908097606	0.1845133094	0.1777546148	0.1703912712	0.1621879596
	0.152783634	0.1418384884	0.1298530388	0.1196897026	0.1162082441
	0.1222461863	0.1356391603	0.15129381	0.1658078196	0.1785738797
	0.1900344012	0.2006182718	0.2105849604	0.2200846573	0.2292092503
	0.2380185247	0.2465530792	0.2548411889	0.2629028335	0.2707522584
	0.2783996897	0.2858525164	0.293116117	0.3001944417	0.3070904247
	0.3138062759	0.3203436871	0.3267039796	0.3328882073	0.3388972315
	0.3447317727	0.3503924481	0.3558797978	0.3611943041	0.3663364044
	0.371306501	0.3761049677	0.3807321547	0.3851883922	0.3894739925
	0.3935892521	0.3975344531	0.4013098634	0.4049157383	0.4083523203
	0.4116198398	0.4147185152	0.4176485532	0.4204101489	0.423003486
	0.425428737	0.4276860628	0.4297756133	0.4316975271	0.4334519313
	0.4350389419	0.4364586628	0.4377111856	0.4387965889	0.4397149371
	0.440466279	0.4410506468	0.4414680561	0.4417185078	0.4418019941
	0.2781263224	0.2780376117	0.2777714546	0.2773277953	0.2767065636
	0.275907683	0.2749310729	0.2737766473	0.2724443114	0.2709339589
	0.2692454685	0.2673787004	0.2653334925	0.2631096549	0.2607069629
	0.2581251474	0.255363881	0.2524227583	0.2493012694	0.2459987604
	0.2425143798	0.2388470021	0.2349951209	0.2309566995	0.2267289619
	0.2223081034	0.2176888895	0.2128641035	0.2078237878	0.2025542001
	0.1970363572	0.191243931	0.1851400155	0.1786718173	0.171762
	0.1642985259	0.1561466601	0.1472879484	0.138319029	0.1312438896
	0.1291886351	0.133994463	0.1442870381	0.1567809935	0.1691169634
	0.1806133725	0.1913440384	0.2014876274	0.2111747685	0.2204902599
	0.2294905114	0.238214561	0.2466901291	0.2549371562	0.2629700728
	0.2707993588	0.2784326527	0.2858755491	0.2931321749	0.3002056038
	0.3070981542	0.3138116025	0.3203473356	0.3267064593	0.3328898761
	0.3388983401	0.3447324967	0.3503929099	0.3558800827	0.3611944712
	0.3663364946	0.3713065422	0.376104979	0.380732149	0.3851883782
	0.3894739761	0.3935892372	0.3975344421	0.4013098581	0.40491574
	0.40835233	0.4116198584	0.4147185436	0.4176485926	0.4204102005
	0.4230035515	0.4254288182	0.4276861621	0.4297757336	0.4316976717
	0.4334521044	0.4350391482	0.4364589077	0.4377114752	0.4387969296
	0.4397153349	0.4404667383	0.4410511683	0.4414686336	0.4417191259
	0.4418026272	0.2781257024	0.278037015	0.2777709199	0.2773273458
	0.2767062102	0.2759074299	0.2749309231	0.2737766058	0.2724443885
	0.2709341721	0.2692458452	0.2673792818	0.2653343378	0.2631108484
	0.2607086236	0.2581274424	0.2553670443	0.252427118	0.2493072846
	0.2460070751	0.2425258974	0.2388629913	0.2350173651	0.2309877089
	0.2267722749	0.2223687158	0.21777387	0.2129834818	0.2079918486
	0.2027913962	0.197372196	0.1917214648	0.1858231223	0.1796576196
	0.1732029968	0.1664417901	0.1593926373	0.1522236819	0.145539313
	0.1407394283	0.1397549454	0.1436831323	0.1516971091	0.1617827588
	0.172341431	0.1827084787	0.1927375	0.202433289	0.2118254099
	0.22094185	0.2298056626	0.2384352346	0.2468449515	0.2550458853
	0.2630464511	0.2708529942	0.2784702854	0.2859019184	0.2931506177
	0.3002184718	0.3071071052	0.3138178052	0.3203516133	0.3267093919
	0.3328918716	0.3388996851	0.3447333921	0.3503934966	0.3558804589
	0.3611947053	0.366336634	0.3713066198	0.3761050173	0.3807321635
	0.3851883793	0.3894739708	0.3935892304	0.397534437	0.4013098571
	0.4049157445	0.4083523413	0.4116198776	0.4147185717	0.4176486307
	0.42041025	0.4230036139	0.4254288954	0.4276862565	0.4297758478
	0.4316978093	0.4334522695	0.4350393457	0.4364591435	0.4377117562
	0.4387972634	0.4397157297	0.4404672013	0.4410517032	0.4414692365
	0.44171978	0.441803301	0.2781250196	0.2780363637	0.2777703477
	0.2773268765	0.2767058505	0.2759071793	0.2749307808	0.2737765749
	0.2724444781	0.2709343999	0.2692462399	0.2673798865	0.2653352152
	0.2631120877	0.260710351	0.258129835	0.2553703506	0.2524316862
	0.2493136031	0.2460158287	0.2425380468	0.2388798857	0.2350409005
	0.2310205516	0.226818178	0.2224329668	0.2178639272	0.2131098798
	0.2081694955	0.2030414437	0.1977247666	0.1922196932	0.1865292863
	0.1806626903	0.1746417273	0.1685154351	0.1623948812	0.1565350484
	0.1514881093	0.1482367228	0.1479667969	0.1513109742	0.1577778186
	0.1661466997	0.1753345781	0.18474943	0.1941401161	0.2034056506
	0.212503825	0.2214171591	0.2301395355	0.2386701145	0.2470103186
	0.2551623396	0.2631284442	0.2709106913	0.2785108485	0.2859303993
	0.2931705823	0.3002324373	0.3071168489	0.3138245815	0.3203563073
	0.3267126277	0.3328940886	0.3389011926	0.3447344074	0.350394172
	0.3558809012	0.3611949889	0.3663368108	0.3713067256	0.376105077
	0.3807321943	0.3851883928	0.389473975	0.3935892307	0.3975344372
	0.4013098596	0.4049157513	0.4083523538	0.4116198969	0.414718599
	0.417648667	0.4204102967	0.4230036725	0.4254289677	0.4276863447
	0.4297759548	0.4316979384	0.4334524248	0.4350395323	0.4364593677
	0.4377120257	0.4387975876	0.4397161191	0.4404676668	0.4410522531
	0.4414698708	0.4417204817	0.44180403	0.2781242511	0.2780356401
	0.2777697293	0.2773263848	0.2767054846	0.2759069315	0.2749306451
	0.273776551	0.2724445737	0.2709346318	0.2692466367	0.2673804916
	0.2653360919	0.2631133266	0.2607120799	0.2581322338	0.2553736718
	0.2524362838	0.2493199736	0.2460246682	0.2425503326	0.2388969893
	0.2350647483	0.23105385	0.2268647304	0.2224981197	0.2179551969
	0.2132378339	0.2083489909	0.2032933657	0.1980784715	0.192716443
	0.1872270778	0.1816430107	0.1760186925	0.170446526	0.1650867472
	0.1602206093	0.1563241771	0.1540961096	0.1542798151	0.1572437195
	0.1626904213	0.1698653173	0.1780217087	0.1866582365	0.1954901323
	0.2043599365	0.2131784846	0.2218941654	0.2304767568	0.238908448
	0.2471786915	0.2552812215	0.2632123231	0.2709698214	0.2785524875
	0.2859596831	0.2931911443	0.3002468476	0.3071269246	0.3138316065
	0.3203611886	0.3267160052	0.3328964135	0.3389027829	0.3447354866
	0.3503948971	0.3558813823	0.361195303	0.3663370116	0.3713068505
	0.3761051519	0.380732237	0.3851884157	0.3894739866	0.3935892367
	0.3975344416	0.4013098651	0.40491576	0.408352367	0.4116199159
	0.414718625	0.4176487011	0.4204103401	0.4230037266	0.4254290344
	0.427686426	0.4297760533	0.4316980574	0.4334525684	0.4350397057
	0.4364595775	0.4377122804	0.4387978981	0.439716499	0.4404681317
	0.441052818	0.4414705428	0.4417212458	0.4418048341	0.2781233637
	0.2780348221	0.2777690569	0.2773258712	0.2767051155	0.2759066887
	0.274930516	0.2737765316	0.2724446691	0.2709348574	0.2692470196
	0.2673810737	0.2653369348	0.2631145181	0.2607137444	0.2581345463
	0.255376878	0.2524407286	0.2493261403	0.2460332352	0.2425622513
	0.238913595	0.2350879151	0.231086208	0.2269099699	0.2225614163
	0.2180438028	0.2133618988	0.2085226928	0.2035364569	0.1984183678
	0.1931909972	0.1878881613	0.1825608981	0.1772867857	0.1721844846
	0.167436024	0.1633177662	0.1602294726	0.1586786182	0.1591491252
	0.1618642078	0.16663689	0.1729815391	0.1803681152	0.188381045
	0.1967384216	0.2052575211	0.2138207259	0.2223521257	0.2308024863
	0.2391396756	0.247342576	0.2553972196	0.2632943256	0.2710277212
	0.2785933175	0.2859884358	0.2932113605	0.3002610359	0.3071368609
	0.3138385474	0.3203660222	0.3267193587	0.3328987297	0.3389043738
	0.344736572	0.3503956314	0.3558818739	0.3611956278	0.3663372227
	0.371306985	0.3761052354	0.3807322873	0.3851884451	0.3894740035
	0.3935892469	0.3975344491	0.4013098729	0.4049157699	0.4083523806
	0.4116199344	0.4147186493	0.4176487325	0.4204103796	0.4230037757
	0.4254290946	0.4276864993	0.4297761422	0.4316981648	0.4334526984
	0.4350398634	0.4364597698	0.4377125164	0.4387981901	0.4397168636
	0.4404685903	0.4410533953	0.441471258	0.4417220914	0.4418057429
	0.2781223065	0.2780338817	0.2777683256	0.2773253408	0.2767047498
	0.2759064554	0.274930395	0.2737765145	0.2724447586	0.2709350667
	0.2692473732	0.2673816104	0.2653377115	0.2631156166	0.2607152802
	0.2581366823	0.2553798428	0.252444843	0.2493318545	0.2460411802
	0.2425733127	0.2389290149	0.2351094354	0.2311162709	0.2269519968
	0.222620195	0.2181260216	0.2134768774	0.2086833715	0.2037607133
	0.1987307268	0.1936247689	0.1884879468	0.1833851653	0.1784096655
	0.173694715	0.1694285001	0.1658695604	0.1633520588	0.1622555934
	0.1629107074	0.165460548	0.1697814252	0.1755442782	0.1823588604
	0.1898810703	0.1978469667	0.2060662727	0.2144055287	0.2227723181
	0.231103011	0.2393538752	0.2474948465	0.2555052403	0.2633708221
	0.2710818096	0.2786315056	0.2860153578	0.2932303099	0.30027435
	0.3071461967	0.313845078	0.3203705777	0.3267225258	0.3329009227
	0.3389058848	0.3447376069	0.3503963351	0.3558823481	0.361195944
	0.3663374307	0.3713071196	0.3761053209	0.3807323405	0.3851884777
	0.3894740235	0.3935892599	0.3975344589	0.4013098821	0.4049157805
	0.408352394	0.4116199517	0.4147186716	0.4176487607	0.4204104148
	0.4230038191	0.4254291476	0.4276865637	0.4297762201	0.4316982592
	0.4334528129	0.435040003	0.4364599411	0.4377127289	0.4387984574
	0.439717205	0.4404690339	0.441053978	0.4414720192	0.4417230433
	0.4418068027	0.2781209936	0.2780327849	0.2777675383	0.2773248069
	0.2767043993	0.2759062392	0.274930285	0.273776499	0.2724448376
	0.2709352506	0.2692476834	0.2673820808	0.2653383921	0.2631165795
	0.2607166276	0.2581385577	0.2553824483	0.2524484619	0.2493368842
	0.2460481784	0.2425830609	0.2389426095	0.2351284127	0.2311427829
	0.226989054	0.2226720016	0.2181984344	0.2135780257	0.2088244821
	0.2039571806	0.1990034512	0.1940017303	0.1890058575	0.1840907914
	0.1793599198	0.1749537598	0.1710588142	0.1679128957	0.165798471
	0.165010113	0.165786333	0.1682252051	0.1722398965	0.1775941383
	0.1839882373	0.1911333421	0.1987870364	0.2067603302	0.214911872
	0.2231385289	0.2313661948	0.2395421288	0.2476290264	0.2556006166
	0.2634384676	0.2711296981	0.278665351	0.2860392401	0.2932471344
	0.3002861818	0.3071545012	0.3138508937	0.3203746399	0.3267253544
	0.3329028851	0.3389072402	0.3447385381	0.3503969708	0.3558827788
	0.361196233	0.3663376226	0.3713072454	0.3761054022	0.3807323924
	0.3851885106	0.3894740446	0.3935892742	0.3975344699	0.4013098921
	0.4049157913	0.4083524068	0.4116199676	0.4147186915	0.4176487854
	0.4204104453	0.4230038563	0.4254291928	0.4276866184	0.4297762863
	0.4316983393	0.4334529102	0.435040122	0.4364600882	0.4377129132
	0.4387986928	0.4397175132	0.4404694487	0.4410545515	0.441472822
	0.441724132	0.4418080929	0.2781192662	0.2780314975	0.2777667158
	0.2773242953	0.276704082	0.2759060501	0.2749301906	0.2737764849
	0.272444902	0.2709354014	0.2692479377	0.2673824663	0.2653389502
	0.2631173695	0.2607177337	0.2581400986	0.2553845905	0.2524514394
	0.249341025	0.2460539425	0.2425910936	0.2389538147	0.2351440572
	0.231164639	0.2270195982	0.2227146867	0.2182580587	0.2136612274
	0.208940387	0.2041182237	0.199226368	0.1943086562	0.1894253507
	0.1846583776	0.1801173864	0.1759458926	0.1723257081	0.1694760537
	0.1676413302	0.167060441	0.1679162736	0.1702810528	0.1740896362
	0.1791613343	0.1852547067	0.1921210873	0.1995374809	0.207319607
	0.2153228128	0.2234373387	0.2315817996	0.2396968081	0.24773952
	0.2556792877	0.2634943363	0.2711692896	0.2786933561	0.286059016
	0.293261076	0.3002959934	0.3071613931	0.3138557246	0.3203780177
	0.3267277096	0.3329045217	0.338908373	0.3447393185	0.3503975054
	0.3558831426	0.3611964787	0.3663377871	0.3713073545	0.3761054739
	0.3807324392	0.3851885412	0.3894740651	0.3935892887	0.3975344812
	0.4013099023	0.4049158018	0.4083524188	0.4116199818	0.4147187087
	0.4176488063	0.4204104706	0.4230038868	0.4254292296	0.4276866627
	0.4297763396	0.4316984037	0.4334529885	0.435040218	0.4364602074
	0.4377130641	0.4387988885	0.4397177755	0.4404698156	0.4410550901
	0.4414736456	0.4417253884	0.4418097614	0.2781168011	0.2780300102
	0.2777659143	0.2773238488	0.2767038223	0.2759059007	0.274930117
	0.273776473	0.2724449491	0.2709355127	0.2692481259	0.2673827519
	0.265339364	0.2631179557	0.260718555	0.2581412436	0.2553861836
	0.252453655	0.2493441079	0.246058236	0.2425970787	0.2389621658
	0.2351557182	0.23118093	0.2270423622	0.2227464893	0.218302459
	0.2137231365	0.209026532	0.204237726	0.1993914212	0.1945352373
	0.1897338064	0.1850735596	0.1806677684	0.1766608012	0.1732296188
	0.1705793073	0.168928473	0.168481176	0.16938745	0.1717048371
	0.175380733	0.1802670767	0.186158481	0.1928332981	0.2000833068
	0.2077292199	0.2156254061	0.2236582661	0.2317416995	0.2398117879
	0.2478217965	0.2557379447	0.263536034	0.2711988624	0.2787142886
	0.2860738064	0.2932715091	0.3003033402	0.3071665573	0.3138593473
	0.3203805534	0.3267294797	0.3329057537	0.3389092275	0.3447399088
	0.3503979113	0.3558834202	0.3611966675	0.3663379147	0.3713074402
	0.3761055314	0.3807324777	0.3851885673	0.3894740833	0.3935893021
	0.397534492	0.4013099121	0.4049158116	0.4083524295	0.411619994
	0.4147187229	0.417648823	0.4204104904	0.4230039104	0.4254292575
	0.427686696	0.4297763794	0.4316984516	0.4334530465	0.4350402891
	0.4364602959	0.4377131767	0.4387990363	0.4397179782	0.4404701101
	0.441055552	0.4414744356	0.44172682	0.4418121113	0.27811288
	0.2780284302	0.2777652556	0.2773235289	0.2767036484	0.2759058034
	0.2749300692	0.2737764641	0.2724449768	0.27093558	0.2692482404
	0.2673829262	0.2653396171	0.263118315	0.2607190592	0.2581419473
	0.2553871635	0.2524550189	0.2493460069	0.246060882	0.2426007689
	0.2389673161	0.2351629111	0.2311909796	0.2270564041	0.2227661034
	0.2183298337	0.2137612861	0.2090795754	0.2043112295	0.1994927909
	0.194674116	0.1899223651	0.1853264807	0.1810015752	0.1770920504
	0.1737714396	0.1712361234	0.169689837	0.1693175192	0.1702518348
	0.1725427563	0.176144205	0.1809253042	0.1867003239	0.1932631235
	0.2004145804	0.2079789616	0.2158105604	0.2237938227	0.2318400164
	0.2398825968	0.2478725264	0.2557741447	0.2635617864	0.2712171377
	0.2787272314	0.2860829564	0.293277967	0.3003078907	0.3071697584
	0.3138615952	0.3203821287	0.3267305814	0.3329065223	0.3389097623
	0.3447402798	0.3503981679	0.3558835972	0.3611967893	0.3663379983
	0.3713074977	0.3761055711	0.3807325055	0.3851885872	0.3894740981
	0.3935893138	0.3975345019	0.4013099212	0.4049158205	0.4083524387
	0.411620004	0.4147187339	0.4176488354	0.4204105045	0.4230039266
	0.4254292763	0.4276867179	0.4297764051	0.4316984821	0.4334530831
	0.4350403336	0.4364603512	0.4377132471	0.4387991293	0.4397181075
	0.4404703043	0.4410558782	0.4414750771	0.4417283255	0.4418158169
	0.2781057828	0.2780272792	0.2777649536	0.2773234067	0.2767035855
	0.2759057684	0.2749300513	0.2737764593	0.2724449842	0.2709356005
	0.2692482765	0.2673829823	0.2653396996	0.2631184331	0.260719226
	0.2581421813	0.2553874906	0.2524554756	0.2493466443	0.2460617717
	0.2426020112	0.2389690519	0.235165337	0.2311943709	0.2270611443
	0.2227727258	0.2183390765	0.2137741654	0.2090974777	0.204336025
	0.1995269619	0.1947208832	0.1899857752	0.1854113838	0.1811133798
	0.1772361011	0.1739518654	0.1714541334	0.1699417983	0.1695937088
	0.1705370854	0.1728195408	0.1763970045	0.1811439627	0.1868809396
	0.1934068568	0.2005256606	0.2080628899	0.2158728937	0.2238395223
	0.2318731981	0.2399065158	0.2478896756	0.2557863903	0.2635705035
	0.2712233283	0.2787316193	0.2860860617	0.2932801617	0.3003094401
	0.307170851	0.313862365	0.3203826708	0.3267309629	0.3329067908
	0.3389099514	0.3447404132	0.3503982624	0.3558836645	0.3611968376
	0.3663380335	0.3713075238	0.3761055909	0.3807325211	0.3851885998
	0.3894741088	0.3935893231	0.3975345105	0.4013099292	0.4049158283
	0.4083524463	0.4116200116	0.4147187417	0.4176488434	0.4204105129
	0.4230039354	0.4254292857	0.4276867281	0.4297764164	0.4316984948
	0.4334530976	0.4350403505	0.4364603715	0.4377132724	0.4387991621
	0.439718153	0.4404703735	0.4410560015	0.4414753683	0.4417294142
	0.4418224946	