3131	
	1.618906286	1.600251641	1.568591911	1.538278836	1.512711342
	1.491313685	1.473121689	1.457388738	1.443552167	1.431180539
	1.419939617	1.409568365	1.399861548	1.390656946	1.381825815
	1.373265699	1.364894933	1.35664842	1.348474349	1.340331616
	1.332187809	1.324017594	1.315801436	1.307524571	1.299176175
	1.290748691	1.28223728	1.273639366	1.264954269	1.25618289
	1.247327452	1.238391281	1.229378623	1.220294481	1.211144479
	1.201934744	1.192671803	1.183362488	1.174013862	1.164633144
	1.155227646	1.145804718	1.136371698	1.126935869	1.117504417
	1.108084398	1.098682707	1.089306051	1.079960925	1.070653594
	1.061390073	1.052176114	1.043017196	1.033918512	1.024884966
	1.015921165	1.007031415	0.9982197219	0.9894897911	0.9808450259
	0.9722885321	0.9638231206	0.955451311	0.9471753371	0.9389971514
	0.9309184316	0.9229405861	0.9150647605	0.9072918437	0.8996224746
	0.8920570476	0.8845957196	0.8772384149	0.8699848308	0.8628344431
	0.8557865099	0.8488400762	0.8419939772	0.8352468411	0.8285970917
	0.8220429498	0.8155824343	0.8092133628	0.8029333507	0.7967398109
	0.790629952	0.7846007758	0.7786490747	0.7727714285	0.7669642
	0.7612235306	0.7555453356	0.7499252988	0.7443588618	0.7388412126
	0.7333675132	0.7279318953	0.7225188092	0.7171439607	0.7122848176
	0.710119897	1.618008776	1.600619739	1.56879163	1.538297625
	1.51268804	1.491292178	1.473105239	1.457375991	1.443542196
	1.43117269	1.419933403	1.409563419	1.399857595	1.390653774
	1.381823263	1.373263641	1.36489327	1.356647076	1.348473262
	1.340330739	1.332187102	1.324017026	1.315800983	1.307524212
	1.299175894	1.290748475	1.282237118	1.273639249	1.26495419
	1.256182842	1.24732743	1.238391281	1.229378642	1.220294515
	1.211144526	1.201934801	1.192671868	1.183362561	1.17401394
	1.164633226	1.155227731	1.145804804	1.136371786	1.126935957
	1.117504504	1.108084484	1.098682791	1.089306133	1.079961005
	1.07065367	1.061390146	1.052176183	1.043017261	1.033918573
	1.024885023	1.015921217	1.007031463	0.9982197655	0.98948983
	0.98084506	0.9722885615	0.9638231451	0.9554513307	0.9471753519
	0.9389971614	0.9309184367	0.9229405863	0.9150647558	0.9072918341
	0.89962246	0.8920570281	0.884595695	0.8772383852	0.8699847961
	0.8628344031	0.8557864646	0.8488400256	0.841993921	0.8352467793
	0.8285970242	0.8220428764	0.8155823549	0.8092132771	0.8029332586
	0.7967397123	0.7906298466	0.7846006634	0.7786489553	0.7727713019
	0.7669640662	0.7612233897	0.7555451878	0.7499251444	0.7443587027
	0.738841056	0.733367294	0.7279315973	0.7225218983	0.7171653522
	0.7123288551	0.7099816079	1.617728627	1.600778774	1.568894308
	1.538302907	1.512671707	1.491278194	1.473094161	1.457366965
	1.443534857	1.431166733	1.419928562	1.409559476	1.399854372
	1.390651131	1.381821087	1.37326184	1.364891774	1.356645828
	1.348472214	1.340329854	1.332186351	1.324016385	1.315800432
	1.307523737	1.299175481	1.290748113	1.282236799	1.273638967
	1.264953939	1.256182618	1.247327228	1.2383911	1.229378478
	1.220294366	1.21114439	1.201934678	1.192671755	1.183362457
	1.174013845	1.164633139	1.155227651	1.145804731	1.136371719
	1.126935895	1.117504448	1.108084433	1.098682744	1.08930609
	1.079960965	1.070653634	1.061390112	1.052176152	1.043017232
	1.033918546	1.024884998	1.015921193	1.00703144	0.9982197433
	0.9894898083	0.9808450386	0.9722885401	0.9638231236	0.9554513087
	0.9471753291	0.9389971376	0.9309184118	0.9229405599	0.9150647277
	0.907291804	0.8996224276	0.8920569932	0.8845956573	0.8772383444
	0.8699847519	0.8628343553	0.8557864128	0.8488399695	0.8419938603
	0.8352467137	0.8285969533	0.8220428	0.8155822726	0.8092131887
	0.8029331637	0.7967396107	0.7906297381	0.7846005479	0.7786488327
	0.7727711723	0.7669639299	0.7612232473	0.7555450404	0.7499249939
	0.7443585529	0.7388409147	0.7333671484	0.7279314833	0.7225234045
	0.7171743604	0.7123415669	0.7099339811	1.6176698	1.600864339
	1.568945555	1.538302592	1.512661048	1.491269104	1.473086346
	1.457360176	1.443529102	1.431161916	1.419924548	1.409556135
	1.399851589	1.390648806	1.381819138	1.3732602	1.364890387
	1.356644648	1.348471204	1.340328985	1.332185598	1.324015728
	1.315799855	1.307523226	1.299175026	1.290747706	1.282236432
	1.273638635	1.264953636	1.256182341	1.247326974	1.238390865
	1.229378261	1.220294165	1.211144204	1.201934505	1.192671595
	1.183362308	1.174013707	1.164633011	1.155227532	1.145804621
	1.136371616	1.1269358	1.11750436	1.108084351	1.098682669
	1.08930602	1.079960901	1.070653575	1.061390058	1.052176102
	1.043017186	1.033918504	1.024884959	1.015921157	1.007031406
	0.9982197122	0.989489779	0.980845011	0.9722885138	0.9638230981
	0.9554512838	0.9471753046	0.938997113	0.9309183868	0.9229405343
	0.915064701	0.907291776	0.899622398	0.8920569615	0.8845956234
	0.8772383079	0.8699847123	0.8628343124	0.8557863663	0.8488399189
	0.8419938054	0.8352466541	0.8285968887	0.8220427301	0.8155821971
	0.8092131073	0.8029330763	0.7967395171	0.7906296382	0.7846004418
	0.7786487205	0.7727710545	0.7669638072	0.761223121	0.7555449126
	0.7499248679	0.7443584341	0.7388408133	0.7333670732	0.7279314735
	0.722524101	0.7171778494	0.7123452462	0.7099182591	1.617678645
	1.600916263	1.568972631	1.538302185	1.512655105	1.491263317
	1.473080658	1.457354869	1.443524412	1.431157869	1.419921094
	1.409553204	1.399849107	1.390646704	1.381817354	1.373258682
	1.364889089	1.356643533	1.348470243	1.340328151	1.33218487
	1.324015089	1.31579929	1.307522723	1.299174577	1.290747302
	1.282236066	1.273638302	1.264953333	1.256182062	1.247326718
	1.238390629	1.229378043	1.220293963	1.211144017	1.201934331
	1.192671433	1.183362158	1.174013568	1.164632881	1.155227412
	1.145804509	1.136371513	1.126935705	1.117504272	1.10808427
	1.098682595	1.089305952	1.079960838	1.070653518	1.061390005
	1.052176054	1.043017142	1.033918464	1.024884922	1.015921123
	1.007031375	0.9982196834	0.9894897523	0.9808449859	0.9722884901
	0.9638230754	0.9554512618	0.947175283	0.9389970915	0.930918365
	0.9229405118	0.9150646777	0.9072917514	0.8996223718	0.8920569335
	0.8845955932	0.8772382751	0.8699846767	0.8628342735	0.8557863239
	0.8488398727	0.8419937551	0.8352465994	0.8285968293	0.8220426657
	0.8155821277	0.8092130326	0.8029329962	0.7967394316	0.7906295475
	0.7846003461	0.7786486203	0.7727709506	0.7669637009	0.7612230141
	0.755544808	0.74992477	0.7443583499	0.7388407544	0.7333670561
	0.7279315331	0.7225244841	0.7171792489	0.7123465064	0.7099135158
	1.617701418	1.600949381	1.568988927	1.53830349	1.512652568
	1.491259759	1.473076494	1.457350691	1.443520553	1.431154431
	1.419918089	1.409550605	1.399846871	1.390644786	1.381815709
	1.373257268	1.364887872	1.356642482	1.348469331	1.340327356
	1.332184174	1.324014476	1.315798747	1.307522241	1.299174145
	1.290746913	1.282235715	1.273637983	1.264953042	1.256181796
	1.247326474	1.238390404	1.229377835	1.220293771	1.211143839
	1.201934166	1.192671281	1.183362017	1.174013437	1.16463276
	1.155227299	1.145804405	1.136371417	1.126935617	1.117504191
	1.108084195	1.098682526	1.089305889	1.07996078	1.070653464
	1.061389957	1.05217601	1.043017102	1.033918427	1.024884888
	1.015921093	1.007031347	0.9982196573	0.9894897281	0.9808449633
	0.9722884686	0.9638230549	0.9554512419	0.9471752633	0.9389970718
	0.930918345	0.9229404913	0.9150646561	0.9072917286	0.8996223475
	0.8920569073	0.8845955648	0.8772382442	0.869984643	0.8628342368
	0.8557862839	0.848839829	0.8419937076	0.8352465478	0.8285967734
	0.8220426053	0.8155820627	0.809212963	0.802932922	0.796739353
	0.7906294648	0.7846002598	0.7786485313	0.7727708599	0.7669636102
	0.7612229258	0.7555447256	0.7499246986	0.7443582974	0.7388407327
	0.7333670834	0.7279316388	0.7225247684	0.7171799371	0.7123471653
	0.7099124151	1.617722634	1.600971461	1.56900038	1.538306301
	1.512652138	1.491257687	1.473073492	1.457347433	1.443517395
	1.431151519	1.419915477	1.4095483	1.399844857	1.390643034
	1.38181419	1.373255952	1.364886731	1.35664149	1.348468466
	1.340326599	1.332183509	1.32401389	1.315798228	1.307521778
	1.299173731	1.290746541	1.282235379	1.273637679	1.264952765
	1.256181543	1.247326241	1.238390191	1.229377639	1.22029359
	1.211143671	1.201934011	1.192671137	1.183361884	1.174013314
	1.164632646	1.155227194	1.145804308	1.136371327	1.126935534
	1.117504114	1.108084125	1.098682461	1.08930583	1.079960727
	1.070653415	1.061389912	1.052175969	1.043017065	1.033918393
	1.024884857	1.015921064	1.007031321	0.9982196331	0.9894897056
	0.9808449422	0.9722884486	0.9638230357	0.9554512232	0.9471752448
	0.9389970532	0.930918326	0.9229404716	0.9150646355	0.9072917067
	0.899622324	0.892056882	0.8845955373	0.8772382144	0.8699846105
	0.8628342014	0.8557862453	0.848839787	0.8419936619	0.8352464984
	0.8285967201	0.822042548	0.8155820013	0.8092128977	0.802932853
	0.7967392805	0.7906293893	0.7846001821	0.7786484524	0.7727707813
	0.7669635337	0.7612228544	0.7555446631	0.7499246506	0.7443582719
	0.7388407413	0.7333671427	0.7279317728	0.7225250233	0.717180388
	0.7123476611	0.7099124377	1.617739485	1.600987033	1.569009386
	1.538309891	1.512652862	1.491256612	1.473071394	1.457344934
	1.443514835	1.431149067	1.419913215	1.409546261	1.399843044
	1.390641436	1.381812788	1.373254726	1.364885659	1.356640552
	1.348467645	1.340325878	1.332182874	1.324013329	1.31579773
	1.307521335	1.299173334	1.290746185	1.282235058	1.273637388
	1.2649525	1.256181301	1.24732602	1.238389988	1.229377452
	1.220293418	1.211143513	1.201933865	1.192671002	1.183361759
	1.174013198	1.164632539	1.155227095	1.145804217	1.136371243
	1.126935457	1.117504043	1.10808406	1.098682401	1.089305775
	1.079960676	1.070653369	1.06138987	1.052175931	1.04301703
	1.033918361	1.024884828	1.015921037	1.007031296	0.9982196104
	0.9894896844	0.9808449222	0.9722884296	0.9638230174	0.9554512053
	0.947175227	0.9389970352	0.9309183076	0.9229404524	0.9150646153
	0.9072916853	0.8996223011	0.8920568573	0.8845955105	0.8772381852
	0.8699845789	0.8628341669	0.8557862078	0.8488397463	0.8419936179
	0.8352464508	0.828596669	0.8220424934	0.8155819432	0.8092128363
	0.8029327885	0.7967392135	0.7906293204	0.7846001122	0.7786483827
	0.7727707135	0.7669634702	0.7612227981	0.7555446182	0.7499246227
	0.7443582686	0.7388407734	0.7333672243	0.7279319222	0.7225252647
	0.7171807471	0.7123480823	0.7099127522	1.61775248	1.600998635
	1.569016849	1.538313667	1.512654164	1.491256217	1.473069992
	1.45734305	1.443512776	1.431147011	1.419911262	1.409544459
	1.399841413	1.390639978	1.381811494	1.373253582	1.364884651
	1.356639665	1.348466864	1.34032519	1.332182266	1.32401279
	1.315797252	1.307520908	1.299172952	1.290745842	1.282234749
	1.273637108	1.264952246	1.25618107	1.247325809	1.238389794
	1.229377274	1.220293255	1.211143362	1.201933726	1.192670874
	1.18336164	1.174013089	1.164632438	1.155227002	1.145804131
	1.136371164	1.126935384	1.117503976	1.108083998	1.098682345
	1.089305723	1.079960629	1.070653326	1.06138983	1.052175895
	1.043016997	1.033918331	1.024884801	1.015921012	1.007031273
	0.9982195888	0.9894896642	0.9808449032	0.9722884114	0.9638229998
	0.955451188	0.9471752098	0.9389970178	0.9309182896	0.9229404337
	0.9150645956	0.9072916643	0.8996222786	0.892056833	0.8845954843
	0.8772381567	0.8699845479	0.8628341333	0.8557861712	0.8488397068
	0.8419935753	0.835246405	0.8285966199	0.8220424412	0.815581888
	0.8092127783	0.8029327282	0.7967391514	0.7906292574	0.7846000492
	0.7786483213	0.7727706555	0.766963418	0.761222755	0.7555445883
	0.7499246115	0.7443582833	0.7388408231	0.7333673206	0.7279320784
	0.7225254941	0.7171810575	0.7123484475	0.709913105	1.617762604
	1.601007663	1.56902315	1.538317303	1.512655732	1.491256288
	1.473069117	1.457341651	1.443511129	1.431145289	1.419909574
	1.409542866	1.399839944	1.390638644	1.381810295	1.373252513
	1.364883701	1.356638823	1.348466119	1.34032453	1.332181682
	1.324012271	1.31579679	1.307520496	1.299172584	1.290745511
	1.28223445	1.273636838	1.264952001	1.256180847	1.247325606
	1.238389609	1.229377104	1.220293098	1.211143218	1.201933594
	1.192670751	1.183361528	1.174012985	1.164632342	1.155226914
	1.14580405	1.136371089	1.126935315	1.117503913	1.10808394
	1.098682292	1.089305674	1.079960584	1.070653285	1.061389793
	1.052175861	1.043016966	1.033918303	1.024884775	1.015920988
	1.007031251	0.9982195682	0.9894896449	0.9808448849	0.9722883939
	0.9638229827	0.9554511712	0.947175193	0.9389970007	0.9309182721
	0.9229404154	0.9150645763	0.9072916437	0.8996222564	0.8920568091
	0.8845954584	0.8772381287	0.8699845175	0.8628341003	0.8557861356
	0.8488396683	0.8419935339	0.8352463607	0.8285965727	0.8220423912
	0.8155818354	0.8092127235	0.8029326717	0.7967390938	0.7906291996
	0.7845999925	0.7786482672	0.7727706061	0.7669633758	0.7612227232
	0.755544571	0.749924614	0.744358312	0.7388408858	0.7333674262
	0.727932236	0.7225257109	0.7171813337	0.7123487662	0.7099134312
	1.617770673	1.601014927	1.569028521	1.538320673	1.512657405
	1.491256671	1.473068628	1.457340628	1.443509812	1.431143845
	1.41990811	1.409541449	1.399838612	1.390637417	1.38180918
	1.373251508	1.364882801	1.356638021	1.348465405	1.340323896
	1.332181118	1.32401177	1.315796343	1.307520097	1.299172226
	1.29074519	1.282234161	1.273636577	1.264951764	1.256180632
	1.24732541	1.238389429	1.22937694	1.220292948	1.21114308
	1.201933466	1.192670634	1.18336142	1.174012885	1.164632251
	1.155226829	1.145803972	1.136371018	1.126935249	1.117503852
	1.108083885	1.098682241	1.089305628	1.079960542	1.070653246
	1.061389758	1.052175828	1.043016936	1.033918276	1.02488475
	1.015920965	1.00703123	0.9982195484	0.9894896263	0.9808448673
	0.972288377	0.9638229662	0.9554511549	0.9471751766	0.9389969841
	0.9309182548	0.9229403974	0.9150645572	0.9072916234	0.8996222346
	0.8920567856	0.884595433	0.8772381012	0.8699844876	0.862834068
	0.8557861007	0.8488396308	0.8419934936	0.8352463176	0.828596527
	0.822042343	0.8155817851	0.8092126714	0.8029326184	0.7967390401
	0.7906291464	0.7845999413	0.7786482195	0.772770564	0.766963342
	0.7612227009	0.7555445642	0.7499246275	0.7443583515	0.7388409577
	0.7333675373	0.7279323923	0.7225259155	0.7171815835	0.7123490476
	0.7099137216	1.617777284	1.601020944	1.569033156	1.538323761
	1.512659101	1.491257257	1.473068417	1.457339888	1.443508754
	1.431142622	1.419906828	1.409540179	1.399837397	1.39063628
	1.381808135	1.373250558	1.364881945	1.356637253	1.348464719
	1.340323284	1.332180572	1.324011283	1.315795909	1.307519709
	1.299171878	1.290744877	1.28223388	1.273636323	1.264951534
	1.256180423	1.247325219	1.238389256	1.229376781	1.220292802
	1.211142946	1.201933343	1.192670521	1.183361316	1.174012789
	1.164632162	1.155226748	1.145803897	1.136370949	1.126935186
	1.117503794	1.108083831	1.098682192	1.089305583	1.079960501
	1.070653209	1.061389724	1.052175797	1.043016908	1.033918249
	1.024884726	1.015920943	1.007031209	0.9982195294	0.9894896084
	0.9808448502	0.9722883605	0.9638229502	0.955451139	0.9471751606
	0.9389969677	0.9309182379	0.9229403796	0.9150645384	0.9072916034
	0.8996222131	0.8920567624	0.8845954079	0.877238074	0.8699844582
	0.8628340362	0.8557860664	0.848839594	0.8419934542	0.8352462757
	0.8285964827	0.8220422965	0.8155817367	0.8092126216	0.8029325678
	0.7967389896	0.7906290971	0.7845998945	0.778648177	0.772770528
	0.7669633151	0.7612226863	0.7555445658	0.7499246496	0.7443583991
	0.738841036	0.7333676514	0.7279325458	0.722526109	0.7171818125
	0.7123493002	0.7099139814	1.617782874	1.601026079	1.569037231
	1.538326601	1.51266078	1.49125797	1.473068398	1.457339357
	1.443507892	1.43114157	1.41990569	1.409539024	1.399836273
	1.390635217	1.381807147	1.373249653	1.364881123	1.356636512
	1.348464054	1.340322689	1.33218004	1.324010808	1.315795484
	1.307519329	1.299171538	1.290744572	1.282233604	1.273636074
	1.264951309	1.256180219	1.247325033	1.238389086	1.229376626
	1.22029266	1.211142816	1.201933224	1.192670411	1.183361214
	1.174012696	1.164632077	1.155226669	1.145803825	1.136370882
	1.126935124	1.117503738	1.10808378	1.098682145	1.08930554
	1.079960461	1.070653173	1.061389691	1.052175767	1.04301688
	1.033918224	1.024884703	1.015920922	1.007031189	0.9982195108
	0.9894895909	0.9808448335	0.9722883444	0.9638229344	0.9554511233
	0.9471751448	0.9389969516	0.9309182212	0.9229403621	0.9150645199
	0.9072915835	0.8996221918	0.8920567394	0.8845953831	0.8772380471
	0.8699844292	0.8628340049	0.8557860327	0.8488395578	0.8419934156
	0.8352462347	0.8285964395	0.8220422513	0.8155816899	0.8092125737
	0.8029325195	0.7967389417	0.7906290509	0.7845998514	0.7786481388
	0.7727704969	0.7669632937	0.7612226779	0.7555445738	0.7499246782
	0.7443584525	0.7388411187	0.7333677669	0.7279326961	0.7225262933
	0.7171820254	0.7123495315	0.7099142181	1.617787773	1.601030612
	1.569040906	1.538329249	1.51266243	1.491258759	1.473068508
	1.457338971	1.44350717	1.431140643	1.419904656	1.409537956
	1.399835219	1.390634208	1.381806201	1.373248781	1.364880327
	1.356635792	1.348463405	1.340322107	1.33217952	1.324010342
	1.315795067	1.307518956	1.299171203	1.290744271	1.282233334
	1.27363583	1.264951088	1.256180018	1.247324851	1.23838892
	1.229376474	1.220292521	1.211142689	1.201933107	1.192670304
	1.183361116	1.174012606	1.164631993	1.155226592	1.145803754
	1.136370817	1.126935065	1.117503684	1.10808373	1.098682099
	1.089305498	1.079960423	1.070653138	1.061389659	1.052175738
	1.043016853	1.0339182	1.02488468	1.015920901	1.00703117
	0.9982194927	0.9894895738	0.9808448172	0.9722883286	0.9638229189
	0.9554511079	0.9471751292	0.9389969356	0.9309182046	0.9229403447
	0.9150645014	0.9072915638	0.8996221707	0.8920567166	0.8845953584
	0.8772380205	0.8699844004	0.8628339739	0.8557859994	0.8488395221
	0.8419933775	0.8352461944	0.8285963971	0.8220422071	0.8155816443
	0.8092125272	0.8029324728	0.7967388959	0.7906290071	0.784599811
	0.7786481038	0.7727704694	0.7669632765	0.7612226738	0.7555445865
	0.7499247113	0.74435851	0.7388412041	0.7333678829	0.7279328437
	0.7225264706	0.7171822268	0.7123497476	0.7099144384	1.617792246
	1.601034771	1.569044325	1.538331768	1.512664055	1.491259592
	1.473068698	1.457338677	1.443506539	1.431139797	1.419903692
	1.409536945	1.399834211	1.390633235	1.381805285	1.373247931
	1.364879549	1.356635086	1.348462768	1.340321534	1.332179006
	1.324009882	1.315794656	1.307518587	1.299170872	1.290743974
	1.282233066	1.273635588	1.264950869	1.25617982	1.247324671
	1.238388756	1.229376324	1.220292384	1.211142563	1.201932992
	1.192670198	1.183361019	1.174012516	1.164631911	1.155226517
	1.145803685	1.136370754	1.126935006	1.11750363	1.108083681
	1.098682054	1.089305457	1.079960385	1.070653104	1.061389627
	1.052175709	1.043016827	1.033918176	1.024884658	1.01592088
	1.007031151	0.9982194748	0.9894895569	0.980844801	0.972288313
	0.9638229036	0.9554510926	0.9471751138	0.9389969198	0.9309181881
	0.9229403274	0.9150644831	0.9072915443	0.8996221496	0.892056694
	0.884595334	0.8772379941	0.8699843719	0.8628339431	0.8557859663
	0.8488394867	0.8419933399	0.8352461546	0.8285963553	0.8220421636
	0.8155815994	0.8092124816	0.8029324273	0.7967388514	0.7906289648
	0.7845997725	0.7786480709	0.7727704444	0.7669632619	0.7612226728
	0.7555446023	0.7499247475	0.7443585701	0.7388412912	0.7333679991
	0.7279329892	0.7225266431	0.7171824206	0.712349954	0.7099146483
	1.617796517	1.601038752	1.569047623	1.538334225	1.512665667
	1.491260445	1.473068926	1.457338427	1.443505952	1.431138992
	1.419902763	1.409535962	1.399833225	1.390632281	1.381804383
	1.373247093	1.36487878	1.356634386	1.348462136	1.340320965
	1.332178496	1.324009425	1.315794246	1.30751822	1.299170543
	1.290743678	1.2822328	1.273635348	1.264950652	1.256179623
	1.247324492	1.238388592	1.229376175	1.220292248	1.211142438
	1.201932877	1.192670093	1.183360922	1.174012428	1.16463183
	1.155226442	1.145803616	1.13637069	1.126934948	1.117503577
	1.108083632	1.098682009	1.089305416	1.079960348	1.070653069
	1.061389596	1.05217568	1.043016801	1.033918152	1.024884636
	1.01592086	1.007031132	0.9982194571	0.9894895402	0.980844785
	0.9722882975	0.9638228883	0.9554510774	0.9471750984	0.938996904
	0.9309181717	0.9229403102	0.9150644648	0.9072915247	0.8996221287
	0.8920566714	0.8845953096	0.8772379677	0.8699843434	0.8628339125
	0.8557859334	0.8488394515	0.8419933024	0.835246115	0.8285963137
	0.8220421204	0.815581555	0.8092124366	0.8029323824	0.7967388076
	0.7906289233	0.784599735	0.7786480391	0.7727704206	0.7669632487
	0.7612226731	0.7555446195	0.7499247851	0.7443586314	0.738841379
	0.7333681152	0.7279331336	0.7225268131	0.7171826106	0.7123501557
	0.7099148531	1.617800796	1.601042741	1.569050927	1.538336688
	1.512667283	1.491261301	1.473069156	1.457338179	1.443505366
	1.431138186	1.419901833	1.40953498	1.39983224	1.390631327
	1.381803481	1.373246255	1.364878011	1.356633687	1.348461504
	1.340320397	1.332177986	1.324008968	1.315793837	1.307517853
	1.299170214	1.290743382	1.282232533	1.273635108	1.264950435
	1.256179426	1.247324313	1.238388429	1.229376026	1.220292112
	1.211142314	1.201932763	1.192669988	1.183360826	1.174012339
	1.164631748	1.155226367	1.145803547	1.136370627	1.12693489
	1.117503523	1.108083583	1.098681965	1.089305375	1.079960311
	1.070653035	1.061389565	1.052175652	1.043016775	1.033918128
	1.024884614	1.01592084	1.007031113	0.9982194394	0.9894895234
	0.980844769	0.9722882819	0.9638228731	0.9554510622	0.947175083
	0.9389968882	0.9309181553	0.9229402929	0.9150644465	0.9072915052
	0.8996221077	0.8920566488	0.8845952851	0.8772379413	0.869984315
	0.8628338818	0.8557859005	0.8488394163	0.841993265	0.8352460754
	0.8285962722	0.8220420772	0.8155815106	0.8092123915	0.8029323374
	0.7967387637	0.7906288819	0.7845996974	0.7786480073	0.7727703967
	0.7669632354	0.7612226735	0.7555446367	0.7499248226	0.7443586926
	0.7388414668	0.7333682313	0.727933278	0.7225269832	0.7171828007
	0.7123503574	0.7099150579	1.617805291	1.601046921	1.569054368
	1.538339225	1.512668921	1.491262143	1.473069351	1.457337888
	1.443504736	1.431137342	1.41990087	1.409533968	1.399831231
	1.390630354	1.381802564	1.373245405	1.364877233	1.356632981
	1.348460866	1.340319824	1.332177472	1.324008508	1.315793425
	1.307517484	1.299169883	1.290743085	1.282232266	1.273634866
	1.264950216	1.256179228	1.247324132	1.238388265	1.229375876
	1.220291974	1.211142188	1.201932648	1.192669882	1.183360728
	1.17401225	1.164631666	1.155226291	1.145803478	1.136370563
	1.126934832	1.11750347	1.108083534	1.09868192	1.089305334
	1.079960273	1.070653001	1.061389533	1.052175623	1.043016748
	1.033918103	1.024884591	1.015920819	1.007031094	0.9982194215
	0.9894895065	0.9808447528	0.9722882663	0.9638228577	0.9554510469
	0.9471750676	0.9389968723	0.9309181389	0.9229402756	0.9150644282
	0.9072914856	0.8996220867	0.8920566261	0.8845952607	0.8772379149
	0.8699842864	0.862833851	0.8557858674	0.8488393809	0.8419932273
	0.8352460356	0.8285962304	0.8220420336	0.8155814658	0.8092123459
	0.8029322919	0.7967387192	0.7906288396	0.7845996589	0.7786479744
	0.7727703717	0.7669632209	0.7612226724	0.7555446525	0.7499248587
	0.7443587526	0.7388415538	0.7333683473	0.7279334234	0.7225271555
	0.7171829943	0.7123505637	0.7099152677	1.617810227	1.601051491
	1.569058079	1.538341902	1.512670593	1.491262947	1.47306947
	1.457337507	1.443504017	1.431136416	1.419899837	1.4095329
	1.399830176	1.390629344	1.381801619	1.373244533	1.364876438
	1.35663226	1.348460218	1.340319242	1.332176951	1.324008042
	1.315793008	1.307517111	1.299169549	1.290742784	1.282231995
	1.273634622	1.264949995	1.256179027	1.24732395	1.238388099
	1.229375725	1.220291836	1.211142061	1.201932531	1.192669775
	1.18336063	1.174012159	1.164631582	1.155226215	1.145803407
	1.136370498	1.126934772	1.117503415	1.108083484	1.098681874
	1.089305292	1.079960235	1.070652966	1.061389501	1.052175594
	1.043016722	1.033918079	1.024884569	1.015920798	1.007031075
	0.9982194034	0.9894894894	0.9808447365	0.9722882505	0.9638228422
	0.9554510315	0.947175052	0.9389968564	0.9309181223	0.9229402583
	0.9150644098	0.9072914659	0.8996220655	0.8920566033	0.884595236
	0.8772378883	0.8699842576	0.86283382	0.8557858341	0.8488393452
	0.8419931893	0.8352459953	0.828596188	0.8220419894	0.8155814202
	0.8092122995	0.8029322453	0.7967386734	0.7906287957	0.7845996185
	0.7786479394	0.7727703442	0.7669632036	0.7612226684	0.7555446651
	0.7499248919	0.7443588101	0.7388416391	0.7333684632	0.7279335708
	0.7225273326	0.7171831954	0.7123507796	0.7099154878	1.617815869
	1.601056679	1.569062207	1.538344784	1.512672302	1.491263681
	1.473069464	1.457336983	1.443503158	1.431135365	1.419898698
	1.409531745	1.399829053	1.39062828	1.38180063	1.373243627
	1.364875615	1.356631519	1.348459553	1.340318647	1.332176419
	1.324007567	1.315792584	1.307516731	1.299169208	1.290742478
	1.28223172	1.273634373	1.26494977	1.256178823	1.247323764
	1.238387929	1.22937557	1.220291694	1.211141931	1.201932411
	1.192669665	1.183360529	1.174012066	1.164631497	1.155226136
	1.145803335	1.136370432	1.126934711	1.117503359	1.108083432
	1.098681827	1.089305249	1.079960195	1.07065293	1.061389468
	1.052175564	1.043016694	1.033918054	1.024884546	1.015920777
	1.007031055	0.9982193849	0.9894894719	0.9808447198	0.9722882344
	0.9638228265	0.9554510159	0.9471750362	0.9389968402	0.9309181056
	0.9229402407	0.9150643912	0.9072914461	0.8996220442	0.8920565803
	0.8845952112	0.8772378614	0.8699842286	0.8628337887	0.8557858004
	0.8488393091	0.8419931507	0.8352459543	0.8285961448	0.8220419442
	0.8155813733	0.8092122515	0.802932197	0.7967386256	0.7906287496
	0.7845995754	0.7786479012	0.7727703131	0.7669631822	0.7612226599
	0.7555446731	0.7499249204	0.7443588634	0.7388417216	0.7333685785
	0.727933721	0.7225275167	0.7171834079	0.7123510106	0.7099157244
	1.617822544	1.60106276	1.569066918	1.538347928	1.512674033
	1.491264292	1.473069268	1.457336251	1.443502104	1.431134143
	1.419897417	1.409530474	1.399827836	1.390627143	1.381799585
	1.373242677	1.364874758	1.356630751	1.348458866	1.340318034
	1.332175873	1.32400708	1.315792149	1.307516343	1.29916886
	1.290742166	1.282231438	1.273634119	1.26494954	1.256178614
	1.247323574	1.238387756	1.229375411	1.220291548	1.211141797
	1.201932288	1.192669552	1.183360425	1.17401197	1.164631409
	1.155226055	1.14580326	1.136370363	1.126934648	1.117503301
	1.108083379	1.098681778	1.089305204	1.079960154	1.070652892
	1.061389434	1.052175532	1.043016666	1.033918028	1.024884522
	1.015920755	1.007031034	0.9982193658	0.989489454	0.9808447027
	0.972288218	0.9638228104	0.9554509999	0.9471750201	0.9389968239
	0.9309180886	0.9229402229	0.9150643724	0.907291426	0.8996220227
	0.8920565571	0.8845951861	0.8772378342	0.8699841992	0.8628337569
	0.8557857661	0.8488392723	0.8419931113	0.8352459124	0.8285961004
	0.8220418977	0.815581325	0.8092122017	0.8029321464	0.7967385751
	0.7906287003	0.7845995287	0.7786478587	0.7727702771	0.7669631554
	0.7612226453	0.7555446746	0.7499249424	0.7443589109	0.7388417997
	0.7333686923	0.7279338744	0.7225277099	0.7171836359	0.7123512635
	0.7099159846	1.617830671	1.601070082	1.569072396	1.538351376
	1.512675744	1.491264703	1.473068798	1.457335236	1.44350079
	1.4311327	1.419895952	1.409529057	1.399826504	1.390625916
	1.381798469	1.373241672	1.364873859	1.356629948	1.348458152
	1.3403174	1.33217531	1.324006579	1.315791703	1.307515944
	1.299168503	1.290741845	1.282231149	1.273633858	1.264949303
	1.256178399	1.247323378	1.238387576	1.229375247	1.220291397
	1.211141659	1.201932161	1.192669435	1.183360317	1.17401187
	1.164631317	1.15522597	1.145803182	1.136370292	1.126934582
	1.11750324	1.108083324	1.098681727	1.089305158	1.079960112
	1.070652853	1.061389399	1.0521755	1.043016636	1.033918
	1.024884497	1.015920732	1.007031013	0.998219346	0.9894894354
	0.9808446851	0.972288201	0.9638227939	0.9554509836	0.9471750038
	0.9389968072	0.9309180714	0.9229402049	0.9150643533	0.9072914057
	0.8996220009	0.8920565336	0.8845951607	0.8772378067	0.8699841693
	0.8628337246	0.8557857312	0.8488392347	0.841993071	0.8352458694
	0.8285960548	0.8220418496	0.8155812746	0.8092121496	0.8029320931
	0.7967385213	0.7906286471	0.7845994774	0.778647811	0.7727702351
	0.7669631215	0.761222623	0.7555446678	0.7499249558	0.7443589503
	0.7388418713	0.7333688031	0.7279340311	0.7225279134	0.7171838835
	0.7123515472	0.7099162774	1.617840778	1.601079095	1.569078853
	1.538355139	1.512677346	1.491264797	1.473067943	1.457333846
	1.443499145	1.431130979	1.419894264	1.409527462	1.399825033
	1.39062458	1.381797269	1.373240602	1.364872908	1.356629106
	1.348457407	1.340316741	1.332174726	1.32400606	1.315791241
	1.307515532	1.299168135	1.290741514	1.282230851	1.273633588
	1.264949059	1.256178176	1.247323175	1.238387391	1.229375076
	1.220291241	1.211141515	1.201932029	1.192669313	1.183360204
	1.174011766	1.164631221	1.155225882	1.1458031	1.136370216
	1.126934513	1.117503177	1.108083265	1.098681674	1.089305109
	1.079960067	1.070652813	1.061389361	1.052175466	1.043016605
	1.033917972	1.024884471	1.015920708	1.007030991	0.9982193254
	0.9894894161	0.9808446668	0.9722881835	0.9638227769	0.9554509668
	0.947174987	0.9389967901	0.9309180538	0.9229401866	0.915064334
	0.9072913851	0.8996219787	0.8920565097	0.8845951348	0.8772377787
	0.8699841389	0.8628336917	0.8557856955	0.8488391962	0.8419930296
	0.835245825	0.8285960075	0.8220417996	0.815581222	0.8092120948
	0.8029320365	0.7967384637	0.7906285893	0.7845994207	0.7786477569
	0.7727701856	0.7669630793	0.7612225912	0.7555446505	0.7499249583
	0.7443589788	0.7388419334	0.7333689089	0.7279341901	0.7225281267
	0.7171841548	0.7123518762	0.7099166136	1.617853452	1.601090378
	1.569086529	1.538359167	1.512678682	1.491264406	1.47306656
	1.45733197	1.443497087	1.431128922	1.419892309	1.409525659
	1.399823401	1.390623121	1.381795974	1.373239458	1.364871901
	1.356628219	1.348456626	1.340316052	1.332174117	1.324005522
	1.315790763	1.307515106	1.299167753	1.290741172	1.282230542
	1.273633309	1.264948805	1.256177945	1.247322963	1.238387197
	1.229374899	1.220291077	1.211141364	1.20193189	1.192669184
	1.183360085	1.174011657	1.16463112	1.155225789	1.145803014
	1.136370137	1.12693444	1.11750311	1.108083204	1.098681617
	1.089305057	1.07996002	1.070652769	1.061389322	1.05217543
	1.043016572	1.033917942	1.024884443	1.015920683	1.007030968
	0.9982193038	0.9894893959	0.9808446478	0.9722881653	0.9638227593
	0.9554509495	0.9471749697	0.9389967727	0.9309180359	0.9229401679
	0.9150643143	0.9072913641	0.8996219562	0.8920564854	0.8845951085
	0.8772377501	0.8699841079	0.862833658	0.855785659	0.8488391567
	0.8419929869	0.8352457792	0.8285959585	0.8220417474	0.8155811668
	0.8092120369	0.8029319762	0.7967384017	0.7906285263	0.7845993578
	0.7786476956	0.7727701276	0.7669630271	0.761222548	0.7555446206
	0.7499249471	0.7443589932	0.7388419826	0.7333690069	0.7279343482
	0.7225283436	0.7171844557	0.7123522792	0.7099170034	1.617869044
	1.601104691	1.569095729	1.538363317	1.512679489	1.491263294
	1.47306447	1.457329479	1.443494526	1.431126468	1.419890046
	1.409523618	1.399821587	1.390621522	1.381794572	1.373238231
	1.364870829	1.356627282	1.348455805	1.340315332	1.332173483
	1.324004961	1.315790265	1.307514662	1.299167356	1.290740815
	1.282230221	1.273633017	1.26494854	1.256177703	1.247322742
	1.238386994	1.229374712	1.220290906	1.211141205	1.201931743
	1.192669049	1.18335996	1.174011541	1.164631013	1.15522569
	1.145802923	1.136370053	1.126934363	1.117503039	1.108083139
	1.098681557	1.089305002	1.07995997	1.070652723	1.06138928
	1.052175392	1.043016537	1.03391791	1.024884414	1.015920656
	1.007030943	0.9982192811	0.9894893747	0.9808446278	0.9722881463
	0.9638227409	0.9554509316	0.9471749519	0.9389967547	0.9309180174
	0.9229401487	0.9150642941	0.9072913427	0.8996219333	0.8920564607
	0.8845950817	0.877237721	0.8699840762	0.8628336235	0.8557856215
	0.8488391159	0.8419929429	0.8352457316	0.8285959074	0.8220416927
	0.8155811087	0.8092119754	0.8029319118	0.7967383346	0.7906284574
	0.7845992879	0.7786476259	0.7727700599	0.7669629636	0.7612224917
	0.7555445756	0.7499249191	0.7443589894	0.7388420145	0.7333690931
	0.7279344966	0.7225285486	0.7171848033	0.7123528226	0.7099174371
	1.617886618	1.601123129	1.569107009	1.53836731	1.51267935
	1.491261136	1.473061447	1.457326224	1.443491366	1.431123552
	1.41988743	1.409521311	1.399819571	1.39061977	1.381793053
	1.373236915	1.364869687	1.35662629	1.348454941	1.340314575
	1.332172819	1.324004375	1.315789746	1.3075142	1.299166943
	1.290740444	1.282229885	1.273632713	1.264948263	1.25617745
	1.24732251	1.238386781	1.229374516	1.220290724	1.211141038
	1.201931588	1.192668906	1.183359828	1.174011419	1.164630899
	1.155225585	1.145802826	1.136369964	1.12693428	1.117502963
	1.108083069	1.098681493	1.089304943	1.079959916	1.070652674
	1.061389235	1.052175351	1.0430165	1.033917876	1.024884383
	1.015920628	1.007030917	0.9982192569	0.9894893522	0.9808446067
	0.9722881263	0.9638227217	0.9554509129	0.9471749334	0.938996736
	0.9309179984	0.922940129	0.9150642734	0.9072913207	0.8996219098
	0.8920564353	0.8845950542	0.8772376911	0.8699840437	0.862833588
	0.8557855829	0.8488390739	0.8419928972	0.8352456822	0.8285958541
	0.8220416354	0.8155810474	0.8092119101	0.8029318427	0.7967382621
	0.7906283819	0.7845992102	0.778647547	0.7727699812	0.7669628871
	0.7612224203	0.7555445131	0.7499248709	0.7443589633	0.7388420244
	0.7333691604	0.7279346145	0.7225287135	0.7171852612	0.7123536639
	0.7099177984	1.617900886	1.601147799	1.569121883	1.538370771
	1.512677621	1.491257491	1.473057215	1.457322034	1.443487497
	1.431120105	1.419884418	1.409518707	1.399817332	1.390617849
	1.381791406	1.373235501	1.364868469	1.356625238	1.348454029
	1.340313781	1.332172123	1.324003763	1.315789204	1.307513718
	1.299166511	1.290740055	1.282229534	1.273632394	1.264947972
	1.256177184	1.247322266	1.238386556	1.229374308	1.220290533
	1.21114086	1.201931424	1.192668753	1.183359686	1.174011288
	1.164630778	1.155225472	1.145802722	1.136369868	1.126934191
	1.117502881	1.108082994	1.098681424	1.08930488	1.079959858
	1.070652621	1.061389187	1.052175307	1.043016459	1.033917839
	1.024884349	1.015920597	1.007030889	0.9982192309	0.989489328
	0.9808445841	0.9722881049	0.9638227012	0.955450893	0.9471749138
	0.9389967164	0.9309179785	0.9229401084	0.9150642519	0.9072912979
	0.8996218854	0.8920564091	0.8845950258	0.8772376602	0.8699840101
	0.8628335513	0.8557855428	0.8488390302	0.8419928497	0.8352456305
	0.8285957981	0.8220415749	0.8155809823	0.8092118405	0.8029317685
	0.7967381835	0.7906282992	0.7845991239	0.7786474579	0.7727698905
	0.7669627964	0.7612223319	0.7555444307	0.7499247993	0.7443589104
	0.7388420065	0.7333691949	0.7279346626	0.7225288142	0.7171860349
	0.7123551596	0.7099175325	1.617893761	1.601184388	1.569145016
	1.538373477	1.512673302	1.491251738	1.473051412	1.457316686
	1.443482782	1.431116038	1.419880951	1.409515767	1.399814843
	1.390615742	1.381789618	1.373233979	1.36486717	1.356624123
	1.348453066	1.340312946	1.332171394	1.324003123	1.315788639
	1.307513215	1.299166062	1.290739651	1.282229169	1.273632062
	1.264947669	1.256176906	1.247322011	1.238386321	1.22937409
	1.220290331	1.211140673	1.20193125	1.192668592	1.183359537
	1.174011149	1.164630649	1.155225353	1.145802612	1.136369765
	1.126934097	1.117502794	1.108082913	1.09868135	1.089304812
	1.079959795	1.070652564	1.061389134	1.052175259	1.043016416
	1.033917799	1.024884313	1.015920563	1.007030858	0.9982192022
	0.9894893014	0.9808445592	0.9722880813	0.9638226787	0.9554508711
	0.9471748923	0.9389966949	0.9309179567	0.9229400861	0.9150642286
	0.9072912734	0.8996218593	0.8920563811	0.8845949956	0.8772376274
	0.8699839744	0.8628335124	0.8557855004	0.848838984	0.8419927993
	0.8352455758	0.8285957386	0.8220415105	0.8155809128	0.8092117657
	0.8029316883	0.796738098	0.7906282084	0.7845990281	0.7786473576
	0.7727697865	0.7669626899	0.7612222249	0.7555443259	0.7499247011
	0.7443588263	0.7388419523	0.7333691728	0.7279345923	0.722528899
	0.7171876944	0.712358087	0.7099145459	1.617811389	1.601250299
	1.56918957	1.538376008	1.512664749	1.491242888	1.473043477
	1.457309824	1.443476985	1.431111192	1.419876917	1.409512411
	1.399812049	1.39061341	1.381787664	1.373232335	1.36486578
	1.356622941	1.348452055	1.340312076	1.33217064	1.324002465
	1.315788061	1.307512704	1.299165607	1.290739244	1.282228801
	1.27363173	1.264947366	1.256176629	1.247321756	1.238386086
	1.229373874	1.220290131	1.211140488	1.201931078	1.192668432
	1.183359388	1.174011011	1.164630521	1.155225234	1.145802501
	1.136369663	1.126934002	1.117502706	1.108082832	1.098681275
	1.089304743	1.079959732	1.070652506	1.061389081	1.052175209
	1.04301637	1.033917757	1.024884274	1.015920528	1.007030825
	0.9982191715	0.9894892725	0.9808445318	0.9722880552	0.9638226535
	0.9554508465	0.9471748679	0.9389966705	0.9309179319	0.9229400606
	0.9150642021	0.9072912456	0.8996218298	0.8920563496	0.8845949618
	0.8772375909	0.8699839349	0.8628334696	0.8557854539	0.8488389334
	0.8419927444	0.8352455161	0.828595674	0.8220414406	0.8155808372
	0.8092116842	0.8029316008	0.7967380042	0.7906281083	0.7845989218
	0.7786472452	0.7727696685	0.766962567	0.7612220984	0.7555441978
	0.7499245748	0.7443587079	0.738841853	0.7333690704	0.7279343951
	0.7225292612	0.7171916434	0.7123642771	0.7099019512	1.617502487
	1.601397865	1.569286934	1.538380525	1.512648975	1.491229161
	1.473032375	1.45730075	1.44346962	1.431105222	1.419872069
	1.409508464	1.399808826	1.390610766	1.381785488	1.373230536
	1.364864285	1.356621693	1.348451008	1.340311191	1.33216989
	1.324001824	1.31578751	1.307512228	1.299165193	1.290738881
	1.282228483	1.273631447	1.264947115	1.256176405	1.247321554
	1.238385904	1.229373709	1.220289981	1.211140352	1.201930954
	1.192668319	1.183359285	1.174010916	1.164630434	1.155225154
	1.145802429	1.136369596	1.126933941	1.11750265	1.108082781
	1.098681229	1.0893047	1.079959693	1.07065247	1.061389047
	1.052175179	1.043016342	1.033917731	1.024884249	1.015920504
	1.007030802	0.9982191497	0.9894892512	0.9808445108	0.9722880342
	0.9638226323	0.9554508248	0.9471748455	0.9389966471	0.9309179073
	0.9229400345	0.9150641742	0.9072912157	0.8996217976	0.8920563149
	0.8845949242	0.8772375503	0.8699838908	0.8628334219	0.8557854021
	0.8488388774	0.8419926837	0.8352454505	0.8285956031	0.8220413642
	0.8155807549	0.8092115958	0.8029315059	0.7967379026	0.7906279998
	0.7845988062	0.7786471226	0.7727695388	0.7669624307	0.7612219559
	0.7555440504	0.7499244243	0.7443585583	0.7388417078	0.7333688934
	0.727934202	0.7225307254	0.7172010216	0.7123790262	0.7098592127
	1.616559475	1.601780934	1.569496467	1.538389709	1.512620197
	1.491207276	1.473016193	1.457288127	1.443459737	1.431097442
	1.419865907	1.40950356	1.399804905	1.390607621	1.381782957
	1.373228495	1.364862636	1.35662036	1.348449931	1.340310322
	1.332169189	1.324001262	1.315787062	1.307511873	1.299164915
	1.290738668	1.282228323	1.273631332	1.264947037	1.256176357
	1.247321533	1.238385905	1.229373728	1.220290015	1.211140398
	1.201931011	1.192668384	1.183359357	1.174010993	1.164630515
	1.155225238	1.145802514	1.136369683	1.126934028	1.117502737
	1.108082866	1.098681312	1.089304781	1.079959771	1.070652545
	1.061389119	1.052175247	1.043016406	1.033917791	1.024884305
	1.015920556	1.007030849	0.9982191923	0.9894892893	0.9808445441
	0.9722880628	0.963822656	0.9554508438	0.9471748597	0.9389966565
	0.9309179118	0.9229400341	0.915064169	0.9072912055	0.8996217826
	0.8920562949	0.8845948993	0.8772375203	0.8699838558	0.8628333816
	0.8557853567	0.8488388266	0.8419926275	0.8352453887	0.8285955356
	0.8220412908	0.8155806756	0.8092115102	0.802931414	0.7967378041
	0.7906278947	0.7845986942	0.7786470035	0.7727694127	0.7669622974
	0.7612218155	0.7555439031	0.7499242706	0.7443583997	0.7388415435
	0.7333687138	0.7279343572	0.7225348178	0.7172219474	0.7124203255
	0.7097289309	