3131	
	-1.946401065	-0.5274961487	-2.640750408	-16.57406249	-25.62117848
	-17.17808312	-4.448223505	5.876027229	14.21142029	21.80294676
	26.3113315	20.04104389	7.337414766	-0.4167408491	-3.199003603
	-3.71645231	-0.9411008537	-0.07617965627	-0.2553134398	-0.7261470454
	-0.6945253088	-0.8934011473	-1.037894171	-0.6599524657	-0.3378694946
	0.2095350171	4.568396347	22.44771929	28.4062284	20.20134264
	18.04662167	12.10945888	-2.263042967	-3.891622046	-22.52190037
	-88.0256242	-40.54372412	-11.96835133	-2.348852902	8.422354705
	10.39186928	-11.27671724	-9.131488154	-4.340800267	-2.588943898
	-1.105885033	2.939399166	9.925046708	16.75184586	15.25238859
	0.7391416481	-5.732697883	7.431332256	2.092158354	-3.083052947
	10.11367811	15.16486268	12.04116481	5.625853532	-3.541004878
	-6.575133075	0.2960830692	-2.271121963	-0.05866454987	23.63417597
	25.19200611	-2.334985786	-13.76289728	-3.97963852	0.6750365902
	0.9896105181	10.08706289	18.68199213	11.90915418	-2.531256597
	-5.781792261	4.288302684	11.80402305	5.42223333	-8.155702968
	-13.88860085	-5.655440253	8.705786681	16.8324071	13.5500885
	3.94398857	-2.665675282	-0.7606257078	7.925156831	16.85079133
	19.82597066	14.85261253	4.656610754	-5.519554663	-10.9379319
	-9.449901334	-1.921817583	8.702917027	18.89817205	25.82842153
	27.92071478	-1.365229446	0.5866127172	0.04645214401	-12.49722145
	-22.46866755	-15.67935534	-3.751202819	6.476640371	14.66092404
	21.67071922	25.46207723	19.16140382	6.702665272	-2.129348145
	-6.531314936	-6.03501011	-0.60896627	0.46367502	-0.05249381465
	-0.6196131839	-0.7030582285	-0.8988153414	-1.016445979	-0.5761870768
	-0.08356301647	0.8485242186	6.519177889	24.25362473	29.02617901
	18.18145782	14.07531213	11.13762801	-3.162976689	-7.271990949
	-7.981664229	-34.42008663	-28.03497069	-8.850937491	-1.948943237
	7.29786813	14.66004637	-17.59549621	-9.766032482	-3.386176287
	-2.136869524	-1.273095394	2.193734014	8.596261588	14.94823115
	13.89682203	0.7541896343	-5.572342251	8.007160543	3.78364192
	-3.826206236	7.994076194	13.81902948	11.51510984	5.952676114
	-2.462259446	-4.716002776	4.145775562	1.135068382	-3.979460991
	14.10167226	19.3229973	-1.486953106	-9.446051504	0.5541356406
	2.998728267	-0.2056902057	6.721554352	15.92909822	10.99673938
	-2.512960679	-5.921155075	4.110857105	12.33155306	6.836426153
	-6.477079134	-12.70137285	-5.223236782	8.62495177	16.59287811
	13.30097088	3.616612055	-3.175043593	-1.434234807	7.240158066
	16.34497587	19.61795766	14.93994215	4.93818552	-5.182431569
	-10.66292193	-9.301751599	-1.909954335	8.608351832	18.74684621
	25.68659908	27.97802516	3.375777275	6.410843609	8.03484017
	-2.75310743	-13.92150883	-10.741729	-1.76071101	8.184772569
	16.02458201	21.7319315	23.62357078	16.46290965	4.218699017
	-7.013998114	-16.66926855	-12.03737206	0.8560065712	2.32234958
	0.5604035483	-0.5422898415	-0.7118507658	-0.9603464762	-0.9520887214
	-0.2560096171	0.8904430372	3.189105717	12.2334355	31.10046015
	30.96524213	12.72818287	7.700157112	13.25778785	0.7435806556
	-3.100088302	-3.875913816	-6.406721642	-9.337421274	-4.555240458
	-1.115836006	9.666556959	31.76146713	-38.78337007	-9.302676115
	0.313645343	-0.8175962712	-1.708251944	0.4093778806	5.607412941
	10.85663613	10.05621876	-0.7235499073	-4.994745877	9.442809784
	6.122476816	-4.243753019	4.063029547	9.927963287	9.647779021
	6.388113171	-0.7713192079	-1.72259825	11.90414121	9.95559043
	-7.207617366	-2.638868476	4.344050081	-3.198487218	-0.1329564983
	12.07769592	9.042835089	-2.345629255	-0.4518557704	9.270393873
	7.817528326	-3.100391323	-5.900166216	4.275184832	13.53512768
	9.634273291	-2.765303578	-9.414175124	-3.307616614	9.07190358
	16.03564498	12.24010261	2.307741533	-4.666578332	-3.041327047
	5.69985275	15.13280124	18.95209462	14.89014265	5.399362151
	-4.438366441	-9.897273028	-8.726745842	-1.641613743	8.557557486
	18.44774582	25.26547498	27.5927509	19.95146119	21.45873321
	21.10661832	9.284272244	-3.65140303	-4.993954863	-0.07120723902
	9.449889962	17.28831796	21.15148442	20.84787435	12.9464598
	1.064915367	-12.40960448	-26.3541975	-10.64407619	6.974134844
	5.323009144	1.468236926	-0.304478341	-0.7549459541	-1.038088427
	-0.8305908655	0.2623871923	2.452752764	6.969586302	19.67626742
	40.10695853	33.75523892	1.58405193	-3.948501896	14.66340086
	1.280794052	-1.622984048	-2.035525234	-3.387075505	-3.888440366
	-2.228693974	0.2988051338	14.3359009	60.9533979	-57.96943768
	6.327776819	8.951135167	0.8938308057	-2.641935257	-2.098285905
	1.99204229	6.064557866	5.546515012	-2.271965471	-4.245447948
	9.34111395	6.840764121	-3.846988911	0.6858038681	5.330333829
	7.021391069	6.964670353	0.757619163	-1.931165218	14.79867289
	17.9301771	-4.159555787	-10.65821706	-5.72118407	-4.623779675
	7.477146684	22.07593469	14.39613074	-4.682490791	-7.75636546
	2.612003335	5.019143677	-3.084805119	-5.543724044	4.296093107
	14.464267	12.55591334	1.639206114	-5.181941974	-0.6821563609
	9.714076376	15.20661236	10.66779489	0.4444901945	-6.687066503
	-5.170608501	3.633278812	13.4428085	17.95661021	14.74616245
	6.022472408	-3.337926784	-8.699906227	-7.77496603	-1.149690506
	8.534895211	17.99528468	24.55837551	26.83266095	46.6845755
	43.30261719	34.60351766	18.50765243	4.109127503	-1.25324075
	-0.1810832695	6.428828559	14.27842121	17.69314251	16.6550915
	9.277168824	-1.361728243	-13.79982691	-23.11230683	13.53509373
	17.44041432	7.279797366	1.821095196	-0.2512433587	-0.8538369447
	-1.035920587	-0.6619964887	0.7499864802	3.825429694	9.979641474
	24.46392391	46.20436895	35.81255445	-18.55042989	-25.07860951
	27.42450725	-2.208363297	-1.563574985	-1.76993013	-4.769718762
	-2.948106224	-1.283728685	0.153764933	5.084961815	34.6158901
	-24.10224232	50.73605888	19.76706673	1.337029922	-4.868964996
	-5.344716217	-1.404996844	1.98193885	2.105992306	-2.232718999
	-2.419570154	7.347397027	4.866406626	-3.016800396	-0.896685282
	1.704826037	4.416029769	8.015418626	2.931057257	-5.92070838
	7.632468861	16.89749337	2.034616367	-3.86151438	-1.790424162
	-2.690007528	8.627945582	23.17386764	14.74357552	-6.709830781
	-11.65259236	-0.1669368618	5.220455817	-1.311600903	-4.713575242
	3.680184021	14.13763201	14.22362112	5.176284797	-1.430209742
	1.641647553	10.08174447	14.1395819	8.978947132	-1.386492206
	-8.602982851	-7.243542642	1.503667488	11.59663761	16.81216148
	14.56859322	6.781768783	-1.955172335	-7.158864078	-6.523446649
	-0.4868733196	8.514461825	17.38496895	23.57635121	25.74076807
	67.882976	59.93931758	42.01774452	22.00641749	7.462752671
	0.1165042926	-1.141163668	1.610854194	6.354616908	10.52807237
	11.00843268	5.772465701	-2.617014355	-11.05829365	-12.62642415
	23.78254646	13.55789075	4.489917803	1.025830926	-0.4458763965
	-0.905434878	-0.8898681283	-0.5051999865	0.970139784	4.439347105
	11.03373357	24.66304341	44.19407549	34.13621242	-27.65645893
	-48.48911513	45.47594537	5.531473598	-1.189551538	-1.455477525
	-2.631129726	-1.936988296	-0.7975645645	-0.2007046496	-0.8032107873
	1.504442137	-2.833844708	53.73888099	17.10348789	-0.745825768
	-10.43514929	-9.93422466	-4.117953445	-0.7174837987	0.4103990434
	-0.09752061146	1.245274749	5.215495217	1.62482616	-2.365929989
	-1.42975661	-0.6473766368	2.276208576	9.556283795	7.660871174
	-7.820743914	-3.254812238	6.637069447	3.437324355	8.713600111
	11.5681917	1.683668031	2.844567882	14.36854046	9.626446274
	-7.558717145	-10.4482953	2.400608799	9.103124407	2.269302808
	-3.602021725	2.145549032	12.06125052	13.79715769	6.729299276
	0.7115032034	2.815242062	9.780065685	12.89941145	7.584540959
	-2.584225008	-9.764850423	-8.665179979	-0.2117064229	9.924394635
	15.69967893	14.40906991	7.634467236	-0.3861098961	-5.384779808
	-5.068330849	0.2815083069	8.465695158	16.61603734	22.34058094
	24.355344	73.72746742	63.78575251	41.54896352	20.84131787
	7.316244057	-0.321072985	-3.457540325	-0.7897273745	1.304675448
	3.994755958	5.465043341	2.792907706	-2.808661065	-7.355750178
	-6.322817325	5.909491573	-1.401913966	-0.2594660593	-0.1208970969
	-0.6844836181	-0.9012259775	-0.7604926817	-0.5379882627	0.7965559587
	4.152088645	10.23144379	21.25205655	34.23146313	24.39559345
	-9.046508861	-17.60169565	6.18503042	2.345032126	-1.449539015
	-1.547458557	-2.145650836	-1.266503579	-0.3307649935	0.06098365039
	-1.532815386	-5.33167419	-4.389973357	22.36104478	14.94092424
	-3.041977281	-25.52791574	-17.1853231	-5.756864385	-1.930235562
	0.02083813964	2.837192314	5.582341464	4.136678216	-0.8730302322
	-2.046629301	-1.96207144	-2.275346497	0.6420557923	10.46330779
	13.73891982	-2.192968129	-4.4971991	-1.744073121	-2.054315142
	13.70379286	21.63824872	4.584554932	-6.106776221	1.581028304
	3.077318413	-6.050510493	-5.040162706	8.440604673	14.7218061
	6.278892541	-2.758615542	-0.2026836802	8.548075244	11.39538075
	6.089663765	0.8389431725	2.474853856	8.66354653	11.61042189
	6.82741688	-2.682676331	-9.676420148	-8.980228552	-1.146197149
	8.677107208	14.74721201	14.28436292	8.513655093	1.255290516
	-3.501866816	-3.514908845	1.086099851	8.359575739	15.69447709
	20.88165962	22.71883723	66.97681964	57.25725803	35.788906
	17.10646059	5.362062593	-1.386413335	-4.892637493	-2.636228709
	-0.4308493343	0.911616865	1.833365632	0.8067047428	-1.93752887
	-3.897921136	-2.792534216	-0.4313869507	-4.856357253	-1.418346623
	-0.6018636454	-0.7538584405	-0.8442340605	-0.7342381187	-0.5833150321
	0.4227817743	3.178176963	8.258639197	16.62680317	23.6928309
	13.56695619	-2.662620243	-4.687618021	0.2630498412	-1.855432951
	-1.670565506	-1.263772248	-1.474093753	-0.7225261566	0.4672189513
	1.296105931	-0.6673295647	-4.450991275	-3.66709956	13.3991521
	44.58665944	-5.590404719	-60.4270327	-28.01294055	-5.927275909
	-1.906028202	0.01555561149	4.363603149	7.824517881	3.389460825
	-2.013269038	-1.865347193	-2.393601235	-3.161021934	-0.3338592246
	9.362488366	14.75417309	4.838527224	6.531112773	1.994862367
	-7.932010288	7.247983693	20.54059218	3.90931896	-12.40347417
	-6.687647365	0.5232392448	-1.717615665	1.536043255	13.79594081
	18.55128019	8.638127036	-2.737043853	-2.792861309	4.685461288
	8.082691932	4.015444478	-0.6155763551	0.8511083674	6.894736055
	10.44236345	6.902605839	-1.471272227	-8.127144111	-7.99414871
	-1.139663084	7.960752449	13.99187768	14.16053325	9.327666769
	2.845117042	-1.636483595	-1.966328626	1.862673824	8.174829873
	14.63619242	19.24075641	20.88222474	53.22065568	45.23119924
	27.4022411	11.90505025	2.284562221	-2.859472471	-5.206466172
	-3.79403555	-1.552676577	-0.2282368968	0.1873716031	-0.1349560224
	-1.178800443	-1.834794312	-0.9534171899	-0.6354154423	-3.109163533
	-1.206622883	-0.6938189985	-0.7233985787	-0.7239302442	-0.7335059016
	-0.5916744101	0.0857263208	1.931220251	5.803712045	12.26581917
	16.32996331	8.317542173	-1.090220744	-2.528408631	-0.9959908848
	-1.950409273	-1.528091554	-1.260146809	-0.9011619195	-0.03099516441
	1.918038522	4.621225665	3.388749454	-1.233943805	-5.600190373
	-1.027914792	94.48100708	7.405298591	-91.63515822	-36.05424213
	-4.673968012	-1.335270638	-0.2111919015	3.45077181	6.450197758
	2.010658344	-2.185799962	-1.63158593	-2.252425377	-2.959006779
	-0.3420152525	6.92414636	7.317707774	1.22133361	15.47336717
	13.48559291	-7.872062343	-3.236373206	11.57946422	1.788661777
	-11.83605035	-5.486563411	4.394563173	4.134365639	5.593355125
	14.48761707	17.68536614	7.940408974	-3.581657701	-4.689063115
	1.927345431	5.406863192	1.857315926	-2.628352195	-1.370684077
	4.864379787	9.551578847	7.798679295	0.9421937238	-5.254508302
	-5.827640639	-0.2796040264	7.710692277	13.36901293	13.95384352
	9.968816941	4.262121491	0.09605455423	-0.5121047721	2.560705659
	7.903271165	13.46949974	17.47052376	18.90679795	34.74597653
	29.88285806	17.40932842	5.554551864	-1.865316241	-4.902973919
	-5.155837756	-3.670824706	-2.049460563	-0.6241987085	-0.367029668
	-0.5340898624	-1.371664906	-1.815614891	0.6454946919	1.511942609
	-1.195573968	-1.181121174	-0.8184114097	-0.8412520562	-0.6888963277
	-0.7130925007	-0.6375000292	-0.2784222704	0.7298836645	3.329061588
	8.355616739	11.07439341	5.471495748	-0.6041814918	-3.1966044
	-1.398282484	-1.825031416	-1.805863621	-1.068691878	-0.6047717677
	0.6620448728	4.191870857	13.0608507	22.53220746	11.31335264
	-21.86950999	-67.52017002	71.19124554	22.74386418	-69.33297929
	-29.14587417	-2.820439727	-0.9362413608	-0.5887345668	1.354911194
	3.188374662	0.4869882631	-1.786538671	-1.29862859	-1.639406772
	-1.881977869	0.8665044145	6.171370709	-0.9171649979	-10.95120859
	11.1064614	19.8496273	-2.856249597	-8.615617353	3.737785688
	1.743773018	-4.956255748	3.083747668	12.00629287	8.634387057
	4.757592935	9.190350661	11.83251122	4.555902026	-4.572693821
	-4.932866004	1.444567566	4.678161388	0.920815078	-4.065899128
	-3.365744167	3.015630328	9.003854138	9.280446832	4.144738623
	-1.519010882	-2.889583856	1.124067272	7.714425005	12.73300342
	13.55018925	10.33142762	5.403827057	1.60494067	0.7821158736
	3.15015586	7.553355314	12.23612753	15.63471081	16.86385247
	11.37335686	11.26492075	5.913274123	-1.931871576	-7.264917163
	-7.662912459	-4.926172608	-2.389193679	-1.392712667	-0.6218788955
	-0.4960116443	-0.7737430249	-2.252062735	-3.417727579	3.118684927
	6.344776057	0.02609775927	-2.070769497	-1.133524549	-1.069500613
	-0.736033074	-0.8515315655	-0.6334235203	-0.5060331742	-0.1095670395
	1.380555775	5.046518671	7.138879513	3.579956513	-0.4186379845
	-1.725054317	-1.262694918	-1.992861558	-1.772271394	-0.9103821554
	-0.4502938582	0.880168551	6.146386355	26.95963341	78.73866643
	77.71820715	-25.79092407	-108.6137858	5.589146635	8.15046964
	-30.01373893	-14.14350132	-1.429355887	-0.801490925	-0.7964729171
	-0.1107205442	0.7423678194	-0.3765733214	-1.25726894	-0.9415950797
	-0.8940965201	-0.3147181074	3.5213948	9.473323237	-0.08282179229
	-16.61161023	0.4237098919	16.39339746	2.111446018	-6.360466408
	2.338621639	4.407463944	3.009145034	11.64820892	17.5372901
	9.148865006	-0.5425921167	0.2507609711	3.796411072	0.6495467612
	-4.534193342	-3.055783303	3.499972496	6.313112329	1.857733263
	-4.179475523	-4.511754655	1.658886602	8.721745925	10.92909806
	7.509517258	2.404151405	0.2255985606	2.624604555	7.677232673
	11.90508027	12.83902181	10.33575737	6.203357782	2.835426516
	1.881891181	3.625302948	7.15116502	10.99013015	13.80597003
	14.83235558	-14.4875933	-8.835487958	-5.563251867	-9.674425241
	-13.79209635	-11.17246255	-4.84352888	-1.489327045	-1.168336085
	-0.4518581915	-0.5255966858	-1.009766557	-2.097704769	-4.633264302
	4.753882447	10.88551509	0.6165114417	-3.742128433	-1.600477368
	-1.025742813	-0.7002596477	-0.8038229403	-0.6269330651	-0.6458017823
	-0.4488021051	0.3956836457	2.772308067	4.509632999	2.904733386
	0.2901678188	-1.225593156	-1.045918935	-1.769706614	-1.272244262
	-0.7637874256	-0.5211786408	0.17770431	4.336380458	27.29354455
	107.9854617	163.060897	10.18484903	-57.65993517	-2.303528732
	-1.320512789	-9.547155399	-4.748072589	-0.8826182284	-0.8080008279
	-0.8188170098	-0.6167427262	-0.359377765	-0.8914393704	-1.100809876
	-0.629154857	-0.07459501735	1.565710756	7.050731369	15.14781401
	8.86801028	-9.61481089	-4.680868407	8.80289296	4.063263895
	-0.3570024584	5.760245585	7.028909634	6.113640622	13.3208242
	16.61370397	5.441367497	-7.045533582	-7.482843077	-1.997394042
	-1.036337143	-2.619832734	0.4749145645	7.159210436	9.563756169
	4.372236162	-2.888578357	-4.604074126	0.8652912472	8.492767214
	12.24129328	10.34734909	5.791001031	2.8901848	3.761944214
	7.313159111	10.73520819	11.75276894	9.951774788	6.643029717
	3.77594764	2.786896327	4.004755264	6.738364841	9.794476302
	12.0617509	12.89472442	-31.50653304	-21.94745002	-10.79293197
	-13.57961386	-19.54959846	-14.79554252	-4.903721403	-1.282592426
	-1.81462848	-0.06047498477	-0.5383339128	-1.699677362	-1.553873174
	-1.828518427	3.594498873	7.975269639	0.382848351	-4.071728854
	-1.736766607	-0.567880702	-0.4655965774	-0.2430563728	-0.4928731853
	-0.5940796946	-0.4917929026	0.007377782471	1.447550138	2.945404639
	3.250456957	2.771727625	0.7063616475	-0.8192557658	-1.47039012
	-1.06778787	-0.7028500234	-0.7097906712	-1.517824778	-3.038421266
	0.2398389384	28.76498105	57.40744667	-20.6934396	-29.33778932
	-1.032951713	-3.806493803	-3.613666784	-1.851161196	-0.9626003265
	-0.9840011552	-0.8787527878	-0.7650626432	-0.9139702464	-1.403048955
	-1.204900837	-0.2329535459	0.894091332	3.357125354	9.74443906
	18.87126975	17.20356517	2.082090834	-2.511731013	3.019036233
	3.130262604	4.294941528	9.275823344	6.910114928	2.508980405
	6.953785672	9.797521852	0.2846608086	-10.42948387	-9.495459889
	-2.149315199	1.055060987	0.913480293	4.193893723	10.55084514
	12.79897846	7.385360275	-0.7335429852	-3.857976215	0.4852870791
	8.047126567	12.7673109	12.08194796	8.050218405	4.605233907
	4.191006484	6.436163031	9.160391454	10.3001466	9.215621599
	6.760572962	4.458622166	3.528379986	4.327283041	6.367129147
	8.71548915	10.47855357	11.13108398	-23.62944055	-15.47988413
	-0.8926188949	-6.726401469	-20.30777446	-17.08035706	-4.933611948
	-1.458344822	-2.845651212	1.732496159	0.1102120641	-2.495380299
	-1.169517414	-0.0167781933	1.961053973	2.019124635	-0.8509939592
	-2.478015251	-0.9272039296	0.4738477323	0.1736735984	0.7676437667
	-0.09837996488	-0.6074970998	-0.5499546044	-0.3341867385	0.5892039591
	1.907525559	3.509525591	5.66823931	3.946092215	-0.7548526305
	-1.087991075	-0.8295156888	-0.7420731348	-1.013223742	-3.878530325
	-13.25898058	-34.94484864	-68.95073424	-99.07336489	-99.19285915
	-39.44991652	-0.9789556885	-3.648117199	-2.677080856	-1.675039931
	-1.448056758	-1.460078443	-1.161947167	-0.9610528605	-1.612447657
	-2.083684113	-1.126249327	0.5927077266	2.074534547	4.561152975
	10.30632062	18.29420437	19.3834795	9.614257646	1.658432147
	0.247094267	0.697671822	5.274955981	10.05467183	4.413209152
	-4.122508018	-2.281390161	2.114121197	-2.335192504	-8.065244803
	-4.481795501	3.497908364	6.130305564	4.546404305	6.153739521
	11.65412422	14.25054795	9.583866555	1.461648552	-2.717971859
	0.2745548832	7.177669385	12.24880474	12.40165817	8.871901672
	5.129128772	3.779648282	5.025488526	7.241794784	8.582411039
	8.232582183	6.64492056	4.951930337	4.160996042	4.643804861
	6.092584082	7.815740082	9.125162259	9.612648584	4.861046106
	7.363212281	20.2688604	11.34705798	-13.12410703	-16.82671124
	-5.00320424	-1.751196169	-3.234612891	7.983035783	1.947538481
	-0.5286146285	3.494096303	6.34436729	4.586368397	0.1472465358
	-2.084151511	-1.268926848	0.4628011524	2.920631985	2.357679696
	2.798173206	0.6048129761	-0.6263213735	-0.6308985529	-0.588259297
	-0.03421904692	1.033245277	2.748278182	5.482060821	5.306418345
	0.1207098098	-0.890847192	-0.762448188	-0.8231952943	-1.601325313
	-6.886965761	-23.64721176	-63.05799854	-127.4907467	-183.4296218
	-167.9868158	-77.38739012	6.864932498	0.1339014227	-2.780164863
	-2.292735709	-2.355662466	-2.448728218	-1.789226494	-1.405182939
	-3.550201714	-4.478564162	-1.124982873	2.218114351	3.533462953
	5.000280426	8.854126527	14.38640535	16.19571255	11.06571843
	4.094852638	-0.636598239	-1.765403579	3.438258021	8.544882909
	2.324834888	-7.838805564	-7.295405404	-0.9835490587	-0.2522112883
	-0.9995740543	4.580605747	11.54416807	11.34069292	6.231711712
	4.898235986	9.306784977	12.89329909	10.08645213	3.034150373
	-1.587696082	0.0552489101	5.848680019	10.70901502	11.3429441
	8.302424727	4.537360596	2.648755148	3.24572316	5.16819743
	6.785540874	7.163336032	6.420677109	5.345949536	4.749946427
	5.006623475	5.96382465	7.146362642	8.055749587	8.395095504
	20.2687104	16.03929735	25.40142962	24.72771104	-1.888499258
	-14.45994181	-5.577895574	-1.781285901	-1.917668998	18.92832766
	2.896164817	-0.1812138182	4.901479576	10.88396436	10.75572794
	1.231068751	-1.860379884	-0.7756996212	1.717709223	7.260236874
	16.75135773	13.85240814	1.754668304	-0.1435501607	-0.4825746528
	-0.6963722767	-0.4476198154	0.2996973227	1.537549962	3.2158858
	3.17230852	-0.2765539137	-0.8212603001	-0.815634856	-1.120931271
	-2.773839806	-10.55386342	-33.16504391	-82.20938097	-154.7231193
	-218.3319554	-229.7155101	-141.2032526	49.8518828	14.53442859
	-3.343859797	-3.118080952	-3.828209548	-4.24967266	-2.88971104
	-2.121667046	-7.170171398	-9.547436072	-1.258766908	4.908438688
	5.189591502	4.760319134	6.332652146	9.416198258	11.01114275
	9.042864114	4.624567168	-0.4373566266	-3.099942352	0.9487567634
	6.557506115	2.749908616	-5.460897348	-4.71490872	2.125050756
	5.038814352	6.393986368	12.04396237	16.97528424	13.49241592
	4.701272336	0.4256746096	3.938164241	9.022284747	8.889919762
	3.80159932	-0.6278657781	-0.1764351821	4.238946968	8.458697683
	9.277984832	6.723434932	3.196555563	1.142404476	1.414116717
	3.222234411	5.147634906	6.194541453	6.223188276	5.732313748
	5.355485248	5.457678631	6.014964109	6.739985279	7.303886048
	7.512911111	10.02628153	-5.074758513	-3.067713074	16.26737243
	5.344609324	-11.40916839	-7.271924089	-1.770437213	-0.3604263358
	19.26580912	0.8232372512	-1.553532284	2.505444325	8.072920197
	10.18215057	-0.284248609	-3.083792196	-0.7979786516	1.791064249
	9.368887301	32.11760135	73.29686768	10.19618124	0.7184611993
	-0.24105286	-0.8315431126	-0.6457371051	-0.2347420845	0.5625788335
	1.520797405	1.723836877	0.3543633267	-0.5287114719	-0.908562795
	-1.65922008	-4.30422423	-14.20282547	-40.82815478	-93.60483245
	-165.1811031	-234.0833614	-286.552892	-218.4851666	141.3219028
	28.94009031	-9.918392894	-3.853477407	-5.979085468	-7.184375544
	-4.545482217	-2.579891139	-9.47293254	-12.18723711	1.009185139
	8.576991434	6.572448274	3.961462457	3.654848889	5.069838168
	6.382681573	6.422858894	4.520301438	0.6842872279	-2.724169241
	-0.5569350525	5.108113833	5.020702644	1.012655821	2.80031304
	8.196862397	9.408110475	9.198347501	13.07609533	16.26198539
	11.15001806	0.535139942	-5.461993737	-2.418309677	4.197181607
	6.856000894	4.091085156	0.2731292117	-0.2553727083	2.690990014
	6.008253823	6.806662141	4.739787097	1.659322636	-0.2647647849
	-0.07769328977	1.716265092	3.907807026	5.499271287	6.168850544
	6.182632503	6.017680302	6.018000453	6.25784397	6.605521678
	6.878465842	6.975647766	6.748087523	-21.66298519	-34.67891937
	-3.214989158	7.787126557	-7.585286722	-10.02408631	-2.822473268
	-0.07675427842	9.229309639	-0.5878690378	-1.896102928	0.5747259307
	3.481477565	4.352009335	-1.88772211	-4.592559405	-1.192433262
	0.5230743842	5.015306036	13.81262917	35.24336702	6.914155654
	2.780271711	0.2069454231	-1.133992347	-0.8037101451	-0.5701040932
	-0.07497962505	0.528607894	1.276965315	1.79862236	-0.1050202196
	-0.8805199998	-2.024420713	-5.412289704	-16.63189434	-44.8969714
	-96.61064855	-162.9395468	-234.4296028	-317.4635526	-281.876585
	184.6400454	-45.74764081	-50.3642262	-4.252978721	-8.613392935
	-11.03179329	-6.253545161	-1.569654086	-6.154083003	-6.091882435
	7.439411178	11.9378367	6.890825776	2.687801916	1.284035307
	1.940092634	3.240840432	4.737245765	4.783432954	2.657051765
	-0.7281536612	-0.5888897777	4.013070831	6.550474606	6.42630855
	9.132160109	12.01599691	9.355770445	5.437589288	6.845625224
	9.651250486	5.73137614	-3.816887448	-9.79722765	-6.963596404
	0.5215539099	5.229653422	4.469063917	1.349797961	0.0377274063
	1.581499184	3.911074657	4.58338903	3.007724884	0.5088272467
	-1.098192951	-0.8673799997	0.9136732827	3.248607126	5.196236202
	6.327152502	6.729984333	6.744646861	6.680566992	6.677909147
	6.725873063	6.762354908	6.766821932	24.09559858	-7.427532218
	-33.28207823	-8.288627676	12.29648377	-1.311864988	-12.39328632
	-4.89819	-0.6234890097	2.75729579	-0.6930165103	-1.301020118
	-0.3684760384	0.6663739664	0.3821155839	-1.284329263	-2.126216446
	-1.112774412	-0.3147978938	1.387422301	1.632723829	5.097861189
	2.56626178	19.97543925	1.510083	-1.054970031	-0.9744098533
	-0.7962294859	-0.459257696	-0.1196549103	1.514755406	4.92289373
	0.1755850872	-1.118695255	-2.267547629	-5.642982604	-16.91678929
	-43.85999572	-90.07660047	-147.2135256	-213.6340067	-300.9465948
	-285.1304669	163.7640119	-100.2047798	-118.1644595	-3.819015491
	-10.12509605	-13.1921771	-5.587126536	2.582297747	2.680252047
	4.850247158	13.55088268	12.71971828	5.685197096	1.049097353
	-0.8835442104	-0.1983230529	1.470075643	4.524872468	5.768834907
	5.134132713	2.22920596	0.5244090674	2.884414944	5.51171291
	6.908902468	9.727494428	10.66224701	4.934198842	-2.251907676
	-2.775816048	1.078878309	0.7446108573	-5.289730277	-9.906369088
	-7.497038843	-0.4218182908	4.931480191	5.329117508	2.727427882
	0.8168767322	1.167290752	2.590851859	3.131036543	2.052561908
	0.1964734745	-1.016244436	-0.7231252998	0.9563591128	3.246797057
	5.318035128	6.701311638	7.357961868	7.507097621	7.40832673
	7.234317123	7.05919552	6.914197435	6.845828416	38.52996713
	15.83057402	-9.958599377	2.292869522	19.4843405	6.580659449
	-13.0641633	-6.903662574	-1.157301398	-0.1039620025	-0.9312728185
	-1.482200929	-1.253479559	-0.5024140366	-0.8762827847	-1.143908446
	-1.23263487	-1.248411537	-0.5755436585	0.09118910422	-0.4261691899
	1.18977072	9.191184059	40.54009513	-1.953996847	-1.822289808
	-1.205593013	-0.9780743745	-0.7503655373	-0.8349981029	2.041996772
	12.58221785	-0.4228898901	-2.062610428	-2.864290307	-5.262172879
	-15.35345596	-38.13067676	-75.34738962	-120.007671	-173.6255869
	-244.1320669	-229.7503766	141.8102265	17.35911332	-129.110224
	-4.775123737	-7.921774888	-9.743673943	-0.04157271255	8.403748781
	9.36520981	9.976378997	13.62733551	10.09987097	3.43097489
	-0.926665193	-3.871252983	-2.055385834	0.6212080873	6.152903261
	7.314046687	7.319675824	5.021739669	2.08451679	1.99839424
	2.689767578	2.918609737	4.893311796	5.603486791	-0.1394389693
	-8.201649254	-9.642328199	-4.363312504	-0.4772743609	-2.111819933
	-4.96846972	-3.628149922	1.563529517	6.006264888	6.580208341
	4.25397309	1.97992677	1.476352199	2.214000549	2.699257257
	2.128421012	0.9182052201	0.09164031891	0.3857572336	1.818578015
	3.846205002	5.797328097	7.22300151	8.000492221	8.240983284
	8.13827414	7.864651458	7.543819484	7.273333992	7.152791848
	37.33241805	25.06343826	7.602867368	12.04820774	22.79311742
	12.14346638	-12.21206156	-8.927814871	-1.480360863	-1.31280148
	-1.370451177	-2.344734075	-2.359816427	-1.118729773	-0.9091092157
	-1.156143374	-1.210938126	-0.9325309319	-0.2251061332	-0.2772113802
	-0.5190454853	0.1760002988	2.738039242	12.36402485	-7.484122727
	-2.456354721	-1.458941695	-1.031202792	-1.016471569	-1.502604686
	3.68613908	30.11728058	-5.192357312	-4.08534499	-3.821648796
	-4.901840154	-13.48986489	-30.15916527	-56.70225205	-87.81616917
	-125.6735124	-174.281163	-163.9902518	89.44859551	89.03505828
	-101.9716069	-12.68823147	-4.256057156	-4.311259301	8.183217146
	11.65539751	4.329925966	3.480475713	7.301403848	5.579104048
	1.236280902	-2.847739139	-9.351386773	-4.161722073	0.6746255125
	10.35618952	8.766315995	7.984513955	6.236638091	3.201647793
	2.048556994	0.8130698575	-1.490147183	-1.076495919	1.027675085
	-1.4278444	-7.643988536	-9.39315527	-3.798548965	2.895810636
	4.815500281	3.253581302	2.857835604	5.111339708	7.549324874
	7.631771968	5.510987888	3.217043013	2.295586702	2.652512566
	3.210153307	3.159790571	2.563853904	2.069049636	2.269165288
	3.301074495	4.861457309	6.475994885	7.763743002	8.55347454
	8.85839719	8.791303827	8.493762117	8.106270353	7.767266358
	7.615797871	27.67448015	21.9180036	12.5168763	14.04560691
	20.15247113	13.49191657	-9.567631833	-10.4402538	-2.468971124
	-2.891307657	-2.078941989	-2.299415573	-2.490484917	-1.498280413
	-0.9804408692	-0.9210798723	-0.5286253814	0.1296246954	0.7745850844
	-0.169837856	-0.6969335475	-0.3951208739	0.4019807608	1.986161055
	-4.718756677	-2.084038917	-1.468114766	-1.04875018	-1.286614285
	-1.606721027	6.380157166	49.9126858	-23.69880172	-10.4996361
	-5.172332791	-4.911015679	-13.20716941	-22.63974778	-38.81899332
	-57.84910066	-81.72864779	-112.6732774	-111.823598	20.69996766
	51.45640231	-87.81247789	-24.67599016	-5.700472508	-5.815150258
	14.32951045	19.10622053	2.031990999	-6.650510274	-0.8211293685
	1.23882399	-0.1549542426	-2.779184238	-7.920803634	1.152351067
	4.713630265	17.72511134	9.199004661	6.30596228	4.987044138
	3.043337508	3.151889647	1.999236319	-2.304365184	-3.819056161
	0.04690568369	2.538940168	-0.2176523598	-2.3896699	1.507708248
	8.422646769	12.08187715	11.08386196	8.785248209	7.96083816
	8.187016431	7.710377445	6.017990662	4.145694116	3.262789949
	3.548140617	4.305168125	4.779648746	4.752862696	4.52932701
	4.554386701	5.069178195	6.013795575	7.136877538	8.161684244
	8.896616002	9.265104747	9.286342175	9.045418387	8.671246635
	8.320644819	8.159528433	17.58480856	15.18204466	10.860688
	11.57522252	15.03154264	12.29724253	-4.561462685	-8.472011327
	-2.8994228	-5.40694056	-2.519480598	-1.493998195	-1.506318012
	-1.348448913	-1.150326958	-0.636794884	2.490611741	9.720432657
	4.153948907	0.2710424255	-0.8689765093	-0.8956203295	-0.5058791843
	-0.5201052697	-3.310485087	-2.238167798	-1.689364567	-1.197998069
	-1.233266098	-1.980120874	-0.344346258	8.857877775	-53.45278422
	-17.28814301	-3.999050876	-5.709090447	-17.01797205	-17.06254257
	-24.36603228	-34.23115956	-48.06770215	-66.96034174	-72.35365433
	-21.45831593	-4.169149883	-67.8861829	-26.73354439	-9.975137751
	-10.53423499	13.67659612	4.090333567	9.891040464	-7.921671166
	-5.481495862	-1.557540016	-0.7750014942	-1.020401725	2.226562121
	20.89575959	9.444515771	20.63914193	7.790546855	3.270282817
	2.091267029	1.457112149	4.368089169	5.724672226	1.171293455
	-2.334534755	2.138398122	8.88742038	9.612891674	6.570625595
	7.055674687	11.85741778	15.59274547	14.79981958	11.20330312
	8.165643514	6.877938882	6.348538087	5.527782291	4.507252502
	4.021016486	4.449988338	5.47372439	6.449755216	6.944925586
	6.955111577	6.773321289	6.726888488	6.991864942	7.551954781
	8.25863605	8.921323736	9.381440426	9.55623145	9.454810943
	9.171985945	8.864444108	8.714050094	9.654474695	9.144703532
	7.660554188	8.274889721	10.41275508	10.45626397	0.7942743207
	-4.40795229	-1.608042301	-3.421386787	-1.654385498	-1.494097716
	-1.076825968	-1.047076078	-1.249089516	-1.008208693	0.6662269101
	5.412317257	3.463026864	-0.06492781441	-1.109097808	-1.273719951
	-1.149703085	-1.30949303	-3.748726024	-1.90723645	-1.662633697
	-1.36065264	-1.380060637	-2.722645791	-6.401136841	-3.311208271
	-19.21359035	-7.963395773	2.381177083	-9.063375207	-29.86666149
	-13.56999839	-13.69823535	-17.54381911	-25.12596944	-35.88351143
	-41.96855152	-26.38876057	-17.4623292	-31.77774034	-14.80306822
	-10.23075408	-10.20535579	16.43116495	2.446968429	15.57521646
	-1.679449906	-5.318916878	-2.408872742	-0.862477236	0.2964794872
	6.465015849	21.38771185	-2.192720963	2.35276748	2.501144658
	0.806255291	-0.5669033756	-0.7889789416	4.419865954	9.270461796
	6.16894817	0.8779383892	3.974579124	12.57719342	15.6745769
	11.6348664	8.306408795	10.01151638	13.06840329	12.71878007
	8.993628504	5.206054103	3.597393259	3.76796442	4.243078616
	4.319341825	4.363370525	4.970848133	6.218604033	7.624839369
	8.593029278	8.833511819	8.476491891	7.909125961	7.523517387
	7.536260248	7.939350396	8.558756768	9.162290461	9.562267346
	9.679631294	9.559287904	9.343904139	9.222432573	3.970951704
	4.634898657	4.732690479	5.440232672	6.954701441	8.343150534
	3.91271545	-2.052890542	-1.39903341	-1.580805366	-0.8120724948
	-1.604826685	-1.135634348	-0.8788277601	-1.24921323	-1.438933654
	-1.921366906	-3.062271671	-2.080617803	-1.278449448	-1.349540044
	-1.419491393	-1.441841022	-1.34331921	-1.960855505	-1.364236378
	-1.376801147	-1.312013493	-1.679690656	-5.122759656	-15.42820899
	-6.013909217	-14.06466841	-2.93921102	15.30882295	-10.54420061
	-50.1514976	-10.36552702	-6.265595911	-7.10982586	-10.58860351
	-14.10640466	-19.22287245	-16.20389549	-10.63639653	-9.411908026
	-4.882314979	-7.64102448	-7.178252553	11.79783166	-0.731577212
	10.54472698	2.156985766	-2.983050971	-1.850675981	-0.6206528907
	0.5504377467	4.72780596	11.95928243	-3.818588708	-2.93938046
	-0.3746890402	-0.2020197255	-1.868698812	-2.639990009	2.829970001
	10.10075681	9.208369491	2.664979642	2.728470112	10.43175442
	14.49826939	9.994243868	3.959568501	3.112479917	5.655368123
	6.272940381	3.552234639	0.3680335099	-0.5035065043	0.9118995157
	2.810340598	3.89326315	4.301133785	4.904197231	6.20427855
	7.911255876	9.295233496	9.790075796	9.344080104	8.368994497
	7.441195286	6.994783876	7.163924563	7.801647805	8.611737838
	9.304333326	9.707582725	9.807618725	9.723973219	9.646033816
	0.6362424295	1.662673516	2.476687137	3.211074901	4.273045222
	5.523642507	3.604903552	-1.745833694	-1.41690136	-0.5239158922
	0.4882201304	-1.091919238	-1.149392489	-0.8088564188	-1.083277802
	-1.192985228	-2.143231642	-4.542951768	-2.603553006	-1.329047921
	-1.250680695	-1.263167878	-1.358709919	-1.3053354	-1.139518868
	-0.8633371491	-0.9419346459	-1.128423064	-1.614059936	-3.562978853
	-9.424060176	-5.657386923	-8.049196324	2.316770639	38.87393442
	-3.654065178	-57.11064364	-6.080148204	-2.447001442	-3.081417197
	-2.491536076	5.666442295	-0.5845830692	-5.543334804	-4.611621152
	-2.904940973	-2.030604904	-4.574520891	-2.042620324	8.210391212
	-4.582184772	1.884665183	2.013200167	-0.747013595	-0.6649905672
	-0.1274314176	0.4520042008	2.243304899	4.760463724	-1.831995573
	-1.635290126	-0.1709460569	0.1926391414	-1.408579519	-3.238887093
	0.3064564084	7.767775679	8.934953343	2.138687327	-1.21881821
	3.733010788	7.726986378	3.746966054	-3.039062063	-5.039224305
	-2.496471338	-0.6672541771	-1.912983988	-3.87879142	-3.605956765
	-0.9407048779	2.058702213	3.692882078	4.026353322	4.264252859
	5.344495686	7.175102954	8.903217962	9.685392418	9.2647416
	8.037599158	6.724380517	5.950642091	5.985269199	6.714478691
	7.788788678	8.824273334	9.558743815	9.917186164	9.991389091
	9.966662207	-0.5186937452	0.1442656088	0.9205088611	1.510333742
	2.107557145	2.454773371	1.258730394	-2.101052239	-1.182137905
	1.288306426	3.122426044	-0.2067960141	-1.17199275	-0.8387291031
	-0.693853647	0.2916543454	0.9702457459	-1.700537899	-1.555223604
	-1.110365766	-1.005838833	-0.9417892308	-1.033490194	-1.069700012
	-0.716757685	-0.2728737999	-0.2142787703	-0.6604538495	-1.407618247
	-1.846106896	-3.244588721	-3.181071108	-4.105315145	3.524871391
	27.63209853	-1.867577169	-39.28679831	-3.144392575	-1.955689881
	-2.858426234	0.3220920632	26.74078001	17.46005109	2.847208417
	-0.9555828004	-0.9873699034	-0.9174991692	-1.06982542	4.050500651
	8.723389355	-3.358871638	-1.281995679	2.008632531	1.253073361
	0.8005532819	0.6967056327	0.5663483753	0.6860702433	1.218815839
	-1.070128977	-0.7132608544	0.7301756694	1.892672077	0.9379563744
	-2.036819875	-1.803087543	3.830365166	6.641973822	1.079180639
	-4.578318853	-2.763102256	0.7067766463	-1.827752516	-7.556862879
	-9.393987596	-6.603879736	-3.949638908	-4.151190067	-5.21579536
	-4.168901247	-0.8117330118	2.594351586	4.09689996	3.79262319
	3.2456679	3.80919374	5.572337485	7.559103291	8.648747663
	8.361344307	7.040601335	5.507801208	4.546834193	4.546650491
	5.428895212	6.802299587	8.201391375	9.28212542	9.911572354
	10.15310323	10.18535911	-1.038763799	-0.6017834808	-0.07885319204
	0.2849523059	0.5201828169	0.3724890739	-0.3901176488	-1.563280461
	-0.9350350967	2.92207761	5.771473655	0.6760996794	-1.212215649
	-0.9663345839	-0.3624148094	1.917418105	5.747433728	2.946403477
	-0.9206440038	-1.218864052	-1.010209127	-0.7977963692	-0.7670807114
	-0.7362481444	-0.1157649751	0.7630319223	1.0260917	0.2239977405
	-1.203701882	-1.354743558	-2.049698495	-2.181474716	-3.414033471
	1.026676395	3.916094323	-6.007392506	-27.33016919	-5.411666283
	-3.187640734	-2.838382927	-5.063573979	23.56079686	27.23388755
	7.475003955	1.269496828	0.3337888111	0.5000069254	2.041752493
	7.596522291	8.866713455	-0.4599618701	0.3206671162	3.777419886
	3.625935326	2.94002428	2.428740619	1.333312369	-0.3103469126
	-0.6074071482	-1.0696712	-0.1204803165	2.143242808	4.707828589
	4.881450106	1.00267544	-2.418818493	0.3602571492	4.575610812
	1.82469017	-4.106957979	-4.59263837	-1.628917923	-2.288842904
	-5.992839713	-7.011530707	-4.187353233	-1.568450616	-1.733927277
	-2.80242818	-1.811254365	1.417731048	4.455368153	5.1845102
	3.777931317	2.131272898	1.95825712	3.49752777	5.652822447
	7.040571426	6.956711468	5.666564986	4.052336069	3.020009626
	3.05874553	4.124403476	5.795447419	7.54052379	8.946864709
	9.831319799	10.23139269	10.31814844	-0.8346409072	-0.8180872679
	-0.6576266638	-0.5191638759	-0.5393068115	-0.7205496633	-1.053823373
	-1.421251231	-0.848829667	1.912300025	5.140940323	0.964882167
	-1.030888885	-1.077745001	-0.470235268	1.338217318	5.537201381
	5.782033927	0.2121187522	-0.9489795596	-1.158859309	-0.8435235014
	-0.6965806975	-0.43516656	0.7246329834	2.315128831	2.970509473
	1.778888685	-0.797209033	-1.106556394	-1.541553416	-1.710758324
	-1.351908598	2.733198877	-0.3620582674	-9.543288938	-8.284537315
	-2.660257436	1.741322791	-3.750952181	-16.96431579	-22.09476615
	11.30262505	6.004581151	2.041235988	1.608701086	2.118896486
	3.098330249	5.889032379	5.117972181	0.2444282637	2.89488912
	6.551998838	6.902752756	7.137477603	7.067783554	3.75616407
	-1.505284148	-2.183545556	-1.471318492	0.3302147259	3.762660231
	7.964189778	9.499998808	5.133828561	-1.423561259	-1.517946903
	3.915913205	4.862208174	0.4463600286	-1.068736803	1.604041982
	2.665320901	1.010709489	0.8117774128	3.284248286	5.097339271
	4.071065195	2.167111193	2.37389548	4.845450805	7.021072392
	6.661156054	4.000248212	1.191758555	0.2305025152	1.470607033
	3.714090332	5.354514057	5.488157319	4.29442768	2.68478305
	1.65138489	1.760410431	2.997697335	4.922348599	6.954675389
	8.629566551	9.724627936	10.25658277	10.38967875	-0.7233522475
	-0.7870814643	-0.9243812909	-0.9658306983	-1.152062235	-1.461806783
	-1.405758848	-1.797365234	-1.055164006	-0.2688180172	2.94194891
	0.7200849668	-0.9028956709	-1.613139293	-0.9380478044	-0.2235345231
	1.028925785	3.907411001	0.7427921883	-0.6687742783	-1.188267766
	-0.9744180949	-0.6348128752	-0.236206703	1.556138434	3.953623247
	5.176938602	3.854371231	-0.1935574548	-0.9628956787	-1.313658193
	-1.032717879	3.309084357	7.883735778	1.017543786	-4.744114262
	-3.442314972	2.072436712	15.89710967	11.18247417	-7.120064998
	-15.03164219	-0.05587233051	3.02357323	2.001639077	2.486753072
	3.302051343	2.525961583	1.312657003	-0.7753872409	-1.369502668
	4.384721177	9.052395565	10.54870349	13.47874595	15.82740834
	8.844091092	-3.986311436	-4.335433456	-2.103391434	0.5939831912
	5.030142341	10.55604938	13.27832422	8.85921409	0.2613556251
	-2.045559262	4.14919036	8.321672258	5.966378388	4.312379159
	6.859648197	9.087825075	8.875743247	9.18602657	11.17660657
	12.04784111	9.97559749	7.039484408	6.292890874	7.909616628
	9.250517231	7.974204555	4.326423601	0.6151614276	-0.9756247075
	-0.004130935526	2.269764252	4.085705896	4.392901802	3.297924228
	1.720522755	0.7056100201	0.8713093905	2.226653673	4.321233431
	6.545407287	8.400111637	9.636886032	10.25868162	10.4261703
	-0.6854028477	-0.7857958898	-1.006838259	-1.104433174	-1.301958098
	-1.530669943	-1.180423096	-1.440965033	-1.019529311	-1.354418913
	1.866323063	0.5143560895	-1.003234773	-2.522214859	-1.459048574
	-0.7122789205	-1.053296112	2.10351414	0.670773723	-0.6166097544
	-1.18745671	-1.040933097	-0.6299140555	-0.1877645698	1.836774998
	4.638581305	6.157925888	5.055564871	0.193180952	-0.9609063233
	-1.390181675	-1.219991422	5.445040766	11.05257946	1.956665676
	-2.68643142	-1.734001908	2.617546375	16.70628742	17.54569773
	-2.289761233	-5.861833181	0.3251323028	2.152701078	1.895277265
	2.72017201	3.735388337	2.304553918	-0.7846248332	-3.678471287
	-2.790275588	4.548606424	10.06116207	12.1533614	16.47565837
	20.97964983	12.74747778	-6.164753987	-6.382207398	-2.563575757
	0.6368896619	5.414301834	11.40266464	14.68756563	10.55262091
	1.32806994	-2.12126521	4.084360763	9.700535233	8.467592966
	6.812310517	9.244111179	11.92684678	12.27501599	12.73293848
	14.51094541	15.04009649	12.55691021	9.135165718	7.902528322
	9.123760144	10.1546258	8.570424189	4.563946496	0.4821903528
	-1.398000209	-0.5685491992	1.705060212	3.600080947	3.993905745
	2.950787156	1.387593377	0.3715637981	0.5467114519	1.936448879
	4.089486793	6.384737046	8.308625827	9.601046352	10.25924008
	10.44950411	