3131	
	-0.9959451063	0.5504272725	-0.6137199287	-5.495806936	-8.017797568
	-5.021085699	-1.2095129	1.834395974	4.559216792	6.971063496
	8.404949279	6.377843953	2.324259291	-0.1632523602	-0.8865472978
	-1.18141321	-1.415532759	-0.06113339503	1.297742693	0.4168689892
	0.779200963	-1.455865039	3.892602777	0.6698588031	0.01770275454
	0.08982518519	1.474021447	7.005807847	8.84681813	6.303637619
	5.428654274	4.035017848	2.103432069	-1.358324317	-6.99159555
	-26.90147985	-12.38447136	-3.671251305	-0.4475604309	2.472648464
	3.215713212	-3.437534541	-2.409958098	-1.129273091	-1.512022483
	-0.9096707082	0.9009016509	3.103089156	5.290155487	4.815978894
	0.2058898931	-2.300335896	2.815322318	-16.62433332	-178.5289123
	3.867873709	6.597317967	3.70468231	2.216790617	-0.2418801475
	-3.006833475	0.0648829861	-1.333610973	-0.2902819832	8.192719044
	8.45387132	-1.924218723	-4.495150487	-1.942711507	0.3281484136
	0.3642288483	3.466298873	6.370743512	4.506898627	1.250281213
	-3.030967883	1.468305948	4.114130193	1.881999214	-3.054176561
	-5.016294708	-2.162370513	3.105231842	5.96146943	4.803099278
	1.264413407	-4.860974857	1.454301572	2.744026983	6.032699879
	7.120158332	5.324609624	1.655683956	-2.044791698	-4.000562668
	-3.530705137	-0.576654271	3.114151919	6.83035223	9.357080669
	10.1206929	-0.3134738057	0.3849614912	-1.013985253	-3.939694084
	-7.099710185	-6.019684934	-1.956958557	2.252814881	4.646528791
	6.938005214	8.131016094	6.097979069	2.115188035	-0.6612324673
	-2.017565778	-2.037913309	0.7514064441	0.1249669832	0.3552655183
	-1.237231567	-0.7235557869	0.2631884247	-2.852454267	-2.077448212
	-0.1518425436	0.3101935682	2.073070934	7.571020225	9.059159037
	5.649971715	4.323101705	3.714241178	-4.787692167	-2.771671036
	-1.965184283	-10.54282622	-8.531294787	-2.684779154	-0.7934768758
	2.253096777	4.518262021	-5.266452618	-3.439385112	-2.070124851
	0.192781037	-0.04757005924	0.6755984645	2.683265019	4.707111423
	4.387003909	0.2042072389	-1.85706747	2.331143348	4.551501484
	63.98404366	14.04609706	4.708384498	3.628005611	2.113995086
	-3.727922068	-0.9822273766	1.338636963	0.4688290715	-1.620985765
	4.870762302	5.894546293	1.152571763	-3.82523479	0.2160738888
	1.088504189	-0.06422891723	2.277032331	5.520629732	3.945977409
	-4.288408512	-1.834100377	1.406125335	4.300918866	2.4064642
	-2.222381316	-4.507089083	-1.879757538	2.913132517	5.854211602
	4.75928337	1.263361872	-0.5699011359	3.773283067	2.271527782
	5.889432653	7.03869925	5.358724748	1.753083997	-1.922086125
	-3.924862622	-3.376772884	-0.6753443254	3.07431543	6.777347329
	9.304900152	10.14179935	1.146627251	2.088335421	2.53941777
	0.0789886399	-5.261167664	-2.628825721	10.33675486	1.232472633
	5.269265142	6.937236547	7.539644599	5.235819506	1.325006818
	-2.230814877	-5.27129722	-3.855491489	0.460669825	0.6221015076
	0.2022326143	-0.2563227269	-1.224158943	0.906159239	1.441164756
	-1.323817464	0.3073247762	1.026856207	3.82896417	9.717805822
	9.646450299	3.879801423	2.382191146	4.076989557	-0.6582283038
	4.428383494	-3.656820002	-1.270717504	-2.939448942	-1.438183793
	-0.3117869154	3.103683247	9.68028545	-11.93966296	-3.335201666
	5.096930954	-1.792770507	-0.6690575099	0.04186525867	1.744453308
	3.405934674	3.207217028	-0.3341810837	-2.062354787	3.194982025
	0.2760492684	-23.16012932	-3.017747396	1.281634344	3.591761749
	2.053996874	1.065729732	-0.7027184859	3.878215545	3.339578357
	-2.414538525	-1.732770849	1.540035526	5.575405263	0.8904791308
	4.037567401	3.089255155	-1.357086844	-0.1708680052	3.18301304
	2.537560353	-0.6316800779	-1.440105708	1.522495159	4.724785081
	3.393937346	-1.593372176	-3.573401753	-1.634206598	2.893110248
	6.364920946	3.925583258	0.9830447296	-1.759744308	-2.957568073
	1.853828079	5.462830398	6.790535356	5.342418274	1.915114546
	-1.690375121	-3.620990032	-3.167495553	-0.9993479495	3.085369026
	6.665930929	9.151361881	10.00147443	6.450353919	6.926714013
	6.791997467	2.971758524	-2.411944837	3.53186957	-27.81093477
	3.971873245	5.604939951	6.716288171	6.655924231	4.111788161
	0.3264052549	-3.935526202	-8.370045436	-3.555445992	2.166517764
	1.6049646	0.5150669614	0.2052360805	2.464623963	-2.940616659
	-0.5918916835	-0.04151659806	0.8225310792	2.170159603	6.146082936
	12.5471019	10.50417266	0.6002234464	-0.4545609915	4.217575505
	0.8429266089	-24.43472664	8.425880275	-2.531156546	-1.12200798
	-0.3481526726	0.2126364833	4.429139717	18.56379504	-18.06043342
	1.816149424	2.612986699	-0.6857322275	-0.3761143074	-0.8222563101
	0.61198074	1.892719068	1.73345966	-1.363501274	-1.108129958
	2.744825066	2.639145253	5.463706627	-1.241989702	2.664711366
	2.524131417	2.174498755	0.1137562595	-3.326211389	5.064088195
	5.995310969	-1.922845102	-3.827058695	-0.9607697573	-3.46730857
	2.372467809	7.479344518	4.952509758	-1.630835604	-2.792452446
	0.8317292109	1.88904736	0.7723824267	-3.041979536	1.448296954
	5.061759808	4.388170706	0.5687924575	-0.9934092812	0.4043991596
	3.303118925	6.22868809	-0.8403386911	9.842341591	-1.46066598
	-2.253066022	1.276720808	4.81898871	6.434897509	5.288961149
	2.150908866	-1.190780358	-3.20764197	-2.894215768	-0.4204210875
	3.083176808	6.49666907	8.894709147	9.723970603	15.11371938
	14.00488309	11.16075814	5.955788396	1.237220096	-0.3760156226
	-11.09926747	3.976276138	4.259540568	5.66696273	5.306361941
	2.937503162	-0.4606649644	-4.376901185	-7.391541669	4.153947837
	5.447205234	2.255042507	0.7380012677	-1.088183337	-1.889120256
	2.124920681	-0.3021475326	0.2015289563	1.183503689	3.110653483
	7.645518963	14.46177033	11.11921193	-5.732476734	-7.785277546
	8.21682507	1.358975535	46.74489504	-14.41921431	-1.603689547
	0.2386400413	-1.495000893	-0.3695231042	1.624265911	10.58498476
	-8.088254406	15.48670408	6.264522471	0.4092601273	-1.59723282
	-1.734278618	-0.3155535774	0.5770326748	0.6364163849	-0.2886366093
	-1.696884193	2.20598425	2.146735306	-1.418990597	-3.796885306
	0.6803866438	1.283097654	2.617472114	1.064575697	-1.429468445
	2.664372767	5.564495347	0.6793505667	-1.596288345	-0.744109927
	-6.307241572	3.2126528	7.942132187	5.077424182	-2.440237272
	-4.23469747	-0.03429723891	2.032842358	-5.116336282	-1.18381365
	1.260104763	4.952545781	4.975167415	1.87351164	-3.985209461
	0.4835875077	3.560801213	4.872930141	1.65687151	52.42613614
	-11.57342586	-1.534257405	1.185695757	4.117477482	6.025682483
	5.224352228	2.43087087	-0.9934961586	-2.606886484	-2.403798119
	-0.119703959	3.044278506	6.27781598	8.537019878	9.325398598
	22.02837772	19.42355441	13.57298441	7.083730797	2.319462954
	0.8071497096	0.03182043848	2.024361731	1.721281756	3.44545876
	3.476183609	1.823491191	-0.8388449866	-3.518635272	-4.060501133
	7.279480915	4.24222058	1.471318244	0.3436167949	-2.35580552
	-1.087050673	-2.10599923	-0.137707703	0.2828650702	1.373469967
	3.445015177	7.700032288	13.83945308	10.55266813	-7.909326669
	-15.87532645	12.68529888	3.269834153	-73.08373018	6.683617814
	5.788767486	-3.005308088	0.3087757546	-0.6508299063	-3.955927916
	0.597307175	-1.076095498	16.50826599	5.459551905	-1.815515811
	-2.991458692	-3.141420108	-1.286009568	-0.5644595299	0.1062680985
	0.1491215865	0.3748647378	1.548192316	0.9066704824	-13.247561
	-2.996714923	-0.2685568668	0.8155532803	3.169945802	2.476975192
	-3.099041274	-1.488191891	2.182902781	1.137676316	2.901107954
	3.908030002	0.4298538132	1.476665106	4.783096513	3.283334731
	-2.942030377	-3.628951424	0.8619598134	3.124961839	0.5336001452
	-0.1191449438	0.8898346268	4.195107271	4.840938708	2.398331285
	-0.4988460647	1.068092235	3.363257809	4.539304955	4.411515274
	-22.9288968	-6.440315471	-2.238298014	5.261598222	3.14941836
	5.665457508	5.163561254	2.728359354	-0.2746659694	-1.934932705
	-2.002293856	0.08849693934	3.029140546	6.001517904	8.085649787
	8.820575099	23.93658982	20.67732788	13.42024768	6.701066056
	2.342431264	0.08962637108	-1.553088395	-1.119424441	0.2883320269
	1.358186112	1.701516983	0.8803103083	-0.9204677546	-2.359498766
	-2.011793819	1.940746589	0.07826731938	0.0908101297	-1.047198612
	-6.116695688	4.401424575	1.392593293	0.08299116343	0.2380794323
	1.282300123	3.189352792	6.630470118	10.71335159	7.396322223
	-2.274180385	-8.259420755	15.968705	-3.517397095	27.03232377
	26.51954554	-15.58633746	-2.047831921	1.713292094	0.224359093
	8.041516529	-2.505639946	-2.29842821	6.991814223	4.727064675
	-0.6172817567	-7.80782241	-5.45247139	-1.817828001	-0.5786214067
	-0.00531262008	0.8636297839	1.706137565	1.269351798	0.9292609453
	4.143933693	0.2910257877	-1.654985666	0.2737457481	3.449547444
	4.484512722	-0.4290481804	-1.743373583	-1.321701873	-0.5304979425
	4.571269797	7.315256799	1.544494251	-2.39578719	0.4907615802
	1.082456702	-1.311280097	-2.214256347	2.903332263	5.094815904
	2.141547522	-2.510332719	-0.3096040504	2.970298173	3.980812585
	2.080253437	0.192646473	0.921795031	2.913624505	4.629180629
	0.5676487879	-7.678654196	2.037954305	-3.748122259	5.822663409
	2.284404587	5.429632398	5.095168376	3.044997413	0.4178351476
	-1.529845382	-1.056867334	0.4064068411	2.993322233	5.66516285
	7.553873967	8.224514029	21.7184766	18.53914542	11.54582567
	5.496038175	1.71657145	-0.5936663366	-1.551145792	-0.5709560392
	-0.3454781754	0.2230241744	0.5677740944	0.2560630978	-0.6308936077
	-1.251578637	-0.8270522861	-0.1870316604	-2.050960037	0.2577226575
	-1.251650098	4.937768916	-1.599212727	-2.906871061	-0.4034874892
	0.08300017952	0.9811228218	2.571122522	5.182070311	7.3776487
	4.105525675	1.155061317	-0.2650327133	18.92288161	-112.0659087
	49.23062091	-40.14291344	4.734188215	13.90544553	1.418229409
	0.2003727561	-4.770881512	-1.864314494	-0.4817887861	4.160532181
	13.77409333	-1.814625598	-18.77316398	-8.762393503	-1.782550999
	-0.5142459553	-0.03497976248	1.33713561	2.423244661	1.061655895
	-1.325375237	-2.821007391	-1.954071367	-0.887265335	0.04171555263
	3.070484272	4.837012789	1.569827704	2.113916556	0.7279204826
	-2.93990937	2.408875397	6.939073617	1.33062882	-4.377151513
	-2.425517	-0.02175922325	-3.270275421	0.3878087892	4.796840788
	6.437045354	2.97141744	0.3661686252	-1.215783611	1.647062593
	2.806568368	1.513916037	0.1376832805	1.895415065	2.304165678
	3.929432738	0.271685306	34.76258618	-6.356436804	-4.100406082
	-8.74220076	2.884464545	5.108207488	5.038402385	3.347533827
	0.9883438905	0.03193851388	-1.362216482	0.638331334	2.926861187
	5.280044977	6.956514842	7.555316957	17.21606117	14.61286651
	8.823738801	3.816237755	0.7193587512	-0.8863500587	-1.663655894
	-1.370903154	-0.03934977444	-1.699444916	0.4066941732	0.03157923174
	-0.2722588086	-0.5820799496	-0.1797569039	-0.5541978413	-0.6767960268
	-0.2379008881	-3.46566228	3.265012568	-1.736658411	-0.2826316798
	0.8491700752	-0.1299300142	0.6004451097	1.803649505	3.808821937
	5.075261335	2.593144894	-0.5424244421	3.355924269	-42.01617054
	67.25345982	-9.796459444	-14.48619538	7.925659073	7.119935818
	-0.07403222287	1.396188881	1.037000016	0.02050433342	-1.61426753
	-0.495401336	29.18672949	2.312282687	-28.33673311	-11.21970153
	-1.437976746	-0.6987158333	-0.4113158975	1.072761264	1.988183084
	0.655034492	-0.1714901617	0.3736070107	-0.2353249475	-0.8684118381
	0.168425071	2.310215315	2.393804569	0.4191973566	5.072510277
	4.559135992	-2.590028811	-1.764980112	3.914474182	0.597525615
	-4.192969254	-2.096250761	1.525158093	1.2935302	2.03380448
	4.996772133	6.12906733	2.764920595	-2.139092876	-1.883666774
	0.6714958402	1.83570213	0.5616649162	-6.027099061	11.14921022
	1.232750557	3.360276447	2.777318189	4.627504221	-18.24299369
	6.1584272	1.240123909	3.264472923	4.701850879	5.001428866
	3.574325059	1.494274042	0.2025790326	-0.3116509151	0.9173604604
	2.83081497	4.855480046	6.312069996	6.835758524	11.1986481
	9.622810944	5.588209957	1.769934722	-0.5824400848	-1.579887773
	-1.683688537	-1.090946203	-0.7857770372	-1.356709132	1.562894017
	0.03020755331	-0.5678912399	-0.4715553923	0.2378444771	0.4406071379
	-0.3634436802	-1.426195214	4.737157648	-4.69882184	-2.911465034
	2.897220955	1.651785546	-0.81368199	0.2205422141	1.03715846
	2.586117885	3.437965632	1.547512469	0.3374555512	-9.002007059
	34.30283078	-30.55512301	-17.20882491	29.98527456	19.86126957
	1.558127564	0.8430804822	4.037953492	6.874231332	3.737948637
	-6.659267596	-20.62284747	21.89294592	6.874984492	-21.46887479
	-9.073903901	-0.8498334792	0.7172926189	-0.630465572	0.4133405585
	0.9470912425	0.1663949818	-1.786734677	-0.7978533156	0.2423252475
	-1.397374058	0.3469330429	2.035822517	-1.076253452	-3.899296869
	3.635535962	6.731958455	-2.264364084	-2.865403081	1.315512633
	0.5736353074	-2.056625463	1.026719793	4.100033541	2.932746867
	1.614557708	3.112938647	4.107834469	1.56828604	-1.371501905
	-1.664483887	0.5346557982	1.589344341	0.7001942802	1.09800007
	-5.091137326	0.653555194	3.237298377	3.485993861	-0.3725314383
	55.96881046	-16.69964459	-0.03148395382	2.598224176	4.507584426
	4.878791239	3.693521212	1.918543228	0.5699351381	0.2573763031
	1.11929589	2.701543234	4.407133399	5.644005829	6.091981015
	3.636178786	3.601067823	1.879787307	-0.6205584925	-2.336155862
	-2.463518989	-1.569165748	-0.7822989683	-0.7716089272	1.826043102
	0.3234266642	-1.323725514	-0.4864346394	-1.17253845	0.9756664455
	1.928884597	0.2978461321	-0.0238091703	-2.519006966	0.4480735959
	3.890166092	-0.6419833386	-3.732366018	-1.631740832	0.09363431692
	0.4576317618	1.556322708	2.186730491	1.099354105	1.354279013
	14.29020259	-27.51016345	7.591840619	18.59685306	-17.05253062
	-20.10331187	-0.955379682	1.86171579	8.197757018	24.08664192
	23.81311259	-7.943878658	-32.8657793	0.8585150955	2.676192311
	-9.301201827	-4.392373521	-0.2964261396	-1.052608483	-0.6427766327
	-0.2214154785	0.3099328637	0.2243467016	0.7559231281	0.3678941278
	-2.195063426	-0.4597726212	1.224627005	3.096440325	-0.06703515472
	-5.687532153	0.380696646	5.419395367	0.6525339497	-2.284796239
	0.8921143983	1.447586323	0.9952263196	3.975291152	6.003543366
	3.123920015	-0.1289730282	0.1820781306	1.376568666	-0.03926096791
	-1.998654435	-1.378297344	1.21232566	2.196049728	0.5403489914
	-2.855779322	-0.9215881971	0.4973012968	3.118837597	3.835965157
	2.536542233	3.715462935	-0.6381075606	0.9758032444	2.775972453
	4.277635492	4.60239696	3.69514312	2.209854039	0.9966296984
	0.6573355473	1.282201299	2.55794288	3.954463482	4.978705853
	5.352699431	-4.674832843	-2.861320374	-1.805796932	-3.116201386
	-4.424004251	-3.581248605	-1.538652002	-0.4694701196	0.2348279217
	-1.431842598	-2.637109689	0.657877173	-0.6776155415	-1.698057897
	1.462554664	3.338552368	0.2617130027	-1.42798594	0.09339484582
	-1.19568881	-0.3938134517	-1.788433605	-0.9731435842	1.795590553
	0.192994152	0.03946965732	0.8529666825	1.3780211	0.9320183114
	-0.8996851751	-18.54462453	21.70370843	-2.254482935	-10.15649116
	3.886356843	-32.60499409	-7.341554456	1.72238611	8.185073771
	32.9811108	49.93225226	2.690489654	-17.43265069	-0.527287291
	-1.501287641	-2.780489361	-1.435996736	-0.173401398	-0.5618509885
	0.5802165355	-0.5848682198	0.259184709	0.177454229	-1.324993905
	1.077128638	-0.442319676	0.5552530698	2.345351933	4.992642826
	2.915587745	-3.363342714	-1.852918949	2.888216821	1.349507432
	-0.01763101547	1.917816487	2.330819309	2.05124158	4.521490821
	5.686319143	1.856146627	-2.620316242	-2.813352	-0.1680725159
	-1.98368796	-0.2655454266	0.1724805604	2.492756931	3.340074984
	1.49418024	-0.5299313653	-1.689806637	0.4432760902	2.978833042
	4.331914517	3.70361389	1.875724272	0.6841272961	1.404708549
	2.576203329	3.82688938	4.204441225	3.561022397	2.367855968
	1.334313917	0.9806267938	1.418828561	2.409278909	3.519693185
	4.344498181	4.64790574	-10.11067377	-7.058131035	-3.485810197
	-4.369950153	-6.264364236	-4.733691674	-1.561684162	-0.4198942545
	-0.8747260457	-0.3463836582	1.599033582	-0.5300264509	-0.4911736186
	-0.5549907339	1.08518725	2.49986602	0.1091673976	-1.237914249
	-1.417573931	2.977069686	-2.756427099	-0.7995171507	4.486516436
	0.7383235389	-1.14176849	-1.327081938	0.4564499328	0.8956545378
	0.945079893	1.145321079	-3.776211906	-3.204566065	14.8280339
	-16.6293056	16.1539904	28.71791422	-0.9214507808	-0.6263199643
	0.05242529223	8.638321045	17.15527233	-5.808435249	-8.816972663
	-0.2533219233	-1.013321977	-0.8566196921	-0.5847104005	-0.5115621366
	-0.01804914245	0.3853496512	-0.3799462243	-1.369892191	0.1199252589
	-1.6804437	-0.08212327238	0.2317200956	1.123470827	3.199354134
	6.252837938	5.704225623	0.6585325737	-1.066186	1.068713582
	1.026221503	1.411716276	3.085773051	2.334267199	0.8325646714
	2.346763859	3.376110094	0.04319933427	-3.751227264	-3.291602971
	-1.307828817	0.07144703005	0.3961827298	1.418231957	3.673884021
	4.48854108	2.544975203	0.1245656722	-1.886504174	0.1137884406
	2.819502797	4.53150092	4.283177371	2.855385793	1.665306768
	1.502917722	2.268573568	3.271750503	3.683425491	3.294752082
	2.40965825	1.580597771	1.246841316	1.535527202	2.274759435
	3.127816234	3.769149287	4.00666588	-7.611537168	-5.003245858
	-0.3439639378	-2.193951421	-6.510757771	-5.463431609	-1.595675304
	-0.2786318844	-0.5245060268	0.5264875151	0.631566523	-1.265905174
	-0.9240603313	0.1808436528	0.6509968957	0.7236335882	-0.8464902444
	-0.9223042245	0.34968157	0.7008376877	-0.3047978839	0.1845477747
	3.450078306	-2.656557066	-0.459826246	-0.3948575351	0.2909678504
	0.5585420756	1.070095707	1.671124806	1.194905084	0.7327570338
	-30.11520084	23.34962786	-13.84084874	-13.4222991	-1.88902205
	-3.893780452	-10.50900803	-20.57960881	-29.40075108	-29.48112355
	-11.88687206	-0.2235437613	-1.50168407	-0.7981414455	-0.5809491544
	-0.314907404	-0.2007588889	-1.347605759	-0.2834832394	0.2629997695
	-1.418398198	1.239787294	0.2498501491	0.6601869632	1.488050564
	3.391196763	6.070138748	6.452910403	3.183894172	0.5226935005
	0.4495158664	-0.05330342999	1.76537481	3.36302684	1.488161455
	-1.783395938	-0.813495131	0.6233927835	-1.40987127	-2.848758645
	-1.802665616	1.179625565	2.149236395	1.577329144	2.111876658
	4.071987553	5.00114449	3.34767199	0.5750148882	-0.5485045211
	0.1513643624	2.521094418	4.3424264	4.40364828	3.144680751
	1.800837038	1.317168064	1.77247126	2.576276354	3.060806755
	2.93909715	2.368128432	1.758706902	1.47468858	1.649973103
	2.175324288	2.801267999	3.277484155	3.454857661	1.503490818
	2.301987832	6.450256776	3.597514067	-4.225418272	-5.394478788
	-1.575626753	-0.3083045477	-2.154648631	2.590137633	0.585358538
	-0.3179801626	1.056473939	2.013178623	1.445221265	0.1837505829
	-0.862038049	-0.1799950888	0.2218114444	0.8444563732	0.8046483675
	0.9166014467	0.5495808705	-1.550622645	0.5618325927	1.152682325
	1.002123513	0.2805647031	0.8350591686	1.642976863	1.462696937
	1.354485913	14.89532569	14.62060031	-9.064029901	5.79588654
	-1.461159371	-7.091354303	-18.73176639	-37.31460525	-53.12090085
	-48.88621346	-23.0708581	2.434855328	0.4169007142	-0.8528406041
	-0.7036337129	-0.7040515762	-0.9639866956	-0.1651965936	-0.1706156
	-1.405481552	-1.213370507	-0.165006331	0.6577154211	1.131227051
	1.625675367	2.913784681	4.771205825	5.395256767	3.68584279
	1.310841434	0.6428417401	-2.344294232	1.140789703	2.849032535
	0.8046342766	-2.801486254	-2.438107558	-1.569782145	-0.2406107202
	-0.3270894599	1.559909175	4.000581002	3.920248401	2.132264685
	1.682788906	3.240407454	4.518886023	3.52974324	1.059780443
	-1.651611076	-0.04926521352	2.044836611	3.790592872	4.024887371
	2.938833515	1.592650399	0.9265102855	1.139604828	1.828271059
	2.413500795	2.55314196	2.287186422	1.900972632	1.68722551
	1.781167488	2.12871574	2.558420221	2.889167337	3.012635329
	6.432530093	5.096691939	8.104986469	7.874250797	-0.6910489065
	-4.638450455	-1.7402019	-0.7213729399	-0.2448354319	5.977906455
	0.9220584762	-0.12807442	1.529427481	3.395643965	3.328414054
	0.3850071394	-0.5344986994	0.3380684114	0.5061391179	2.259731345
	5.277794967	4.570698529	0.6382624066	-0.1940599677	-0.2097547501
	-0.9964475691	0.7577399535	0.3232783941	0.4487267472	0.9506799582
	1.066910607	-0.5353034977	-3.780985961	-15.7787577	4.291552611
	-1.464785774	-3.756365705	-9.887836275	-24.23160992	-44.81734389
	-62.45175379	-65.74802399	-41.65728605	15.15712809	4.418612099
	-1.186310162	-0.9327997337	-1.222056367	-1.276180397	-0.9826191164
	-0.7544089379	-2.302455847	-3.017690182	-1.402523427	1.574355475
	1.671961097	1.561307097	2.083018227	3.118725465	3.667435893
	3.010512717	1.529587772	0.1362891843	0.01185272996	0.5652820808
	2.160984986	0.930410878	-2.07629395	-1.8890183	0.6254560167
	1.778375885	2.176474875	4.142040262	5.887374837	4.675998198
	1.622723892	0.1632546705	1.355976256	3.145618977	3.107519862
	1.327285166	-0.5066396714	-0.07773593241	1.485202996	2.984824771
	3.285155764	2.370097414	1.125525775	0.4034488571	0.4903520121
	1.130898608	1.823492097	2.203183061	2.215876059	2.040585972
	1.906022842	1.944330259	2.147262216	2.411040901	2.616283858
	2.6923736	3.165044523	-1.692241433	-1.214126341	5.166838397
	1.662569975	-3.671252536	-2.323305795	-0.52243516	0.1953903898
	5.919494499	0.4360441686	-1.003200589	0.804583627	2.525203287
	3.232382715	-0.1353275467	-0.990032267	-0.7895074645	0.5368234751
	2.927778215	10.10384947	22.89712197	3.200350251	0.2740133555
	0.2991424214	-1.387829771	-1.652595707	0.6781949385	0.2096647069
	0.4491432043	0.5367309734	-0.7960357971	-8.531915341	-6.947539257
	4.392018194	-2.369040094	-4.002186221	-12.10040769	-27.4536681
	-47.56197283	-66.5052865	-80.77233127	-63.567115	43.06385955
	8.679488653	-2.871500681	-1.198814493	-1.865986089	-2.280836348
	-1.469088115	-0.6912711858	-3.060237443	-4.090558733	0.1628220225
	2.796899328	2.212704751	1.218031349	1.149772997	1.685594559
	2.123142479	2.138079159	1.5131792	-0.07362197571	-3.110647492
	0.8501803034	1.627353723	1.681339362	0.3407469078	0.9316414513
	2.795812382	3.202036031	3.132202607	4.512765634	5.64020152
	3.875114597	0.1862160544	-2.056044136	-0.8881617878	1.453146928
	2.390062091	1.411906775	0.1255054159	0.06412819642	0.9362282896
	2.108226729	2.400287822	1.661606543	0.5968822628	-0.2289720082
	-0.1349015261	0.6040258642	1.377150786	1.952469035	2.196303416
	2.203374081	2.145508285	2.147137644	2.235267714	2.362286495
	2.461934393	2.497406684	2.121728628	-6.997791834	-11.10298585
	-1.0723889	2.443497792	-2.464660661	-3.212200079	-0.8727190986
	0.1422448205	2.84333508	0.09700157776	-0.5225927067	0.1621427738
	1.097849074	1.353312644	-1.548948555	-1.46186578	-0.06680963058
	0.1892426188	1.558366429	4.347815935	11.05605277	2.239260794
	1.072236596	0.3990052421	2.057808167	-0.01781688836	0.5970900839
	0.289032865	0.01647343227	0.338001653	0.8032372737	0.9651215356
	31.0010159	-7.212120046	-1.227356804	-4.931609403	-13.3635458
	-28.24906748	-46.83043953	-66.4429486	-88.70866777	-81.08472283
	56.32024375	-14.33603587	-15.337898	-1.224614587	-2.713506826
	-3.49071369	-2.014765884	-0.4294260374	-2.153167603	-2.172248499
	2.318136816	3.927920792	2.219327431	0.132379199	1.595553886
	0.6055105982	1.084018558	1.577993964	1.587436442	0.8659379155
	1.47907763	2.15771106	1.208569695	2.205600634	2.153034055
	3.088674398	4.086688327	3.20943099	1.860993082	2.343661216
	3.312807967	1.976306608	-1.63568506	-3.42020466	-2.761681749
	0.5682158989	1.783782626	1.552371207	0.4775835447	0.1222331039
	0.5482757233	1.363419907	1.606427995	1.046249202	0.1789528775
	-0.8541146154	-0.7722335386	0.3115540548	1.141212012	1.843221255
	2.253476747	2.401338425	2.408623246	2.387100585	2.38750496
	2.405927779	2.419813827	2.421644126	7.677960484	-2.434106606
	-10.6654455	-2.718165635	3.893448277	-0.5110843612	-3.972187428
	-1.573519482	-0.1752449418	0.8082243447	-0.01557315617	-0.516664671
	-0.4892698423	0.0114315216	0.2609347016	0.4546160446	-0.53686856
	-0.5029679003	-0.4528995057	0.4337983156	0.6743023239	1.746393637
	0.9647766064	6.104697384	0.4079604362	-3.91962233	-0.5768058196
	-0.8651233474	0.1891798899	-1.033751995	0.524836165	1.528227656
	-2.910488965	-21.7683792	0.5148880077	-1.056539418	-5.191134101
	-12.98816637	-26.33704734	-42.40732207	-60.73363819	-84.36614922
	-81.93790748	50.14511345	-30.40554427	-35.78228142	-1.107164672
	-3.200919745	-4.207826743	-1.885667615	0.7945293481	0.8263513901
	1.505667837	4.319458399	4.194014744	1.226824972	1.667210166
	14.42477104	1.981292542	0.4553479902	1.510483577	1.924706939
	1.684321568	0.8535912265	0.6379698132	0.7825905778	1.878699225
	2.318637713	3.281898433	3.642248634	1.689267917	-1.122528916
	-1.166775071	0.3713796664	0.3211678731	-1.832262084	-3.543961231
	-2.950401332	1.169813427	1.637336959	1.864316573	0.9390030922
	0.3147335954	0.4098382332	0.8993194045	1.090988722	0.7119383798
	0.1102346299	-0.3660738391	-0.3857536397	0.3387298505	1.140790638
	1.886954587	2.38870793	2.628588013	2.684756989	2.650824082
	2.589227781	2.526813797	2.474893503	2.450305153	12.34547205
	5.03760154	-3.227574643	0.7077333805	6.196666588	2.061940842
	-4.204064259	-2.209049944	-0.158507475	-1.213503239	0.05649899343
	-0.5690651576	0.1200665648	-1.740754388	-0.1377249235	-0.473915651
	-0.6400311714	-0.03954727149	-0.4163655434	0.004792471241	0.01162464437
	0.4506102401	2.787425218	12.54269351	-0.09580274668	-0.1927653037
	1.723435559	-0.9393625257	1.283614432	-2.457479572	0.7370494099
	3.699283356	1.428676126	5.910303238	1.013072238	-2.123041444
	-4.589429045	-11.29421881	-22.09742945	-34.76297235	-49.77247317
	-69.29756716	-66.60640479	43.51037286	4.788677394	-39.07412638
	-1.503783889	-2.551570537	-3.157832518	-0.007606858891	2.588069486
	2.848996388	3.111769094	4.359416687	3.284441634	0.9688068616
	8.030548595	-5.588376695	-4.034687365	-0.008053910459	2.07870023
	2.438620631	2.438592234	1.646968384	0.6817794294	0.6395830785
	0.9914353282	0.8240890471	1.677244807	1.939809573	-0.2482620676
	-2.987837761	-3.388017316	-1.708224134	-0.03422073084	-1.27471277
	-1.839032773	-1.344212831	0.7807652827	1.982898485	2.316502147
	1.473167321	0.6875397589	0.5139037013	0.7678770384	0.9387373234
	0.7395433936	0.3344994139	0.06921211167	0.1360356265	0.6427127236
	1.353864725	2.059943005	2.577345009	2.861214007	2.950683103
	2.915469035	2.817842661	2.70262192	2.605193865	2.561680639
	11.97368046	8.018437225	2.410216595	3.832780015	7.267830884
	3.839607141	-3.949760399	-2.835911059	-0.4986960871	0.008366513711
	-0.3338254074	-0.7614915912	-1.011757104	0.1482879396	0.5125502561
	-1.015451399	-0.02324631162	-0.964057607	0.02679153817	-0.01258487404
	-0.3443893462	0.08026517651	0.8964755588	4.027839541	-3.912668177
	-0.108667345	-1.755831525	-1.268783319	0.3375896295	-0.899776276
	1.422695869	9.167888418	-1.513917858	-2.386126865	-2.468541484
	-1.41855585	-3.961301867	-8.972133254	-16.69534204	-25.62693938
	-36.41839784	-50.21184798	-48.16613147	27.23724067	27.16397624
	-31.03084178	-3.9486567	-1.164896882	-1.178070835	2.578561211
	3.687544294	1.478716853	1.143006225	2.370207642	1.790799834
	0.317856921	-3.250264747	-3.579451309	0.3634261757	0.4460668439
	3.453345127	2.928021486	2.661820162	2.061823287	1.054106522
	0.7013406994	0.1959091363	-2.71331148	0.8723054444	0.5079986356
	-1.495268452	-2.589684449	-3.354165215	-1.512370675	1.009355477
	1.637797605	1.126617618	0.989214062	1.764585409	2.611300175
	2.685888565	1.916616079	1.116184318	0.7951023661	0.920502384
	1.118550429	1.102703198	0.8942160136	0.7227509256	0.7901260482
	1.158881934	1.71922125	2.305160365	2.772921256	3.061511979
	3.174496957	3.152321106	3.046097507	2.906729251	2.784450501
	2.729716558	8.869156581	7.015996317	3.995027904	4.483295228
	6.431444602	4.283624638	-3.086688787	-3.367616025	-0.7345262316
	-0.9434665808	-0.7511418894	-0.809759255	-0.7422903049	-0.4148242742
	-1.215419489	0.2567698918	0.1496257193	0.3618410527	0.3323618002
	-0.03677798838	-0.4465667873	0.01831565481	0.168376504	0.6554103853
	-0.9204806633	-0.2908093164	-0.6668125971	2.268413497	-1.774012199
	-0.00193194205	2.062252604	14.92509231	-7.28672044	-3.063862112
	-1.172179909	-1.325771998	-3.985953019	-6.741297233	-11.47642515
	-17.01051853	-23.92770821	-32.92699726	-33.15491678	7.799263354
	15.23800974	-26.80772997	-7.631104201	-1.615749671	-2.102989852
	4.415654837	5.834410702	1.030563102	-2.191193974	-2.066557497
	0.4606173252	-0.00574364219	-0.1243907944	-2.6545633	1.277987443
	1.642900308	5.847001096	3.103635724	2.10064971	1.636146255
	1.001095637	1.044084872	0.6950384422	1.159648205	-1.951552144
	0.2281563301	0.7855111186	-0.1064270581	-1.323708913	0.4844694177
	2.910877778	4.193655734	3.858485144	3.052691681	2.770679919
	2.862730656	2.698874783	2.098824441	1.443468826	1.133211678
	1.235890672	1.506942641	1.678935372	1.672062439	1.594360281
	1.605517802	1.793006815	2.135631236	2.54378543	2.916936376
	3.185859897	3.321978756	3.331928092	3.246313303	3.111816572
	2.985341953	2.927108216	5.628239192	4.856139738	3.468509944
	3.695492628	4.796113197	3.908622149	-1.627093708	-2.741306486
	-0.8150418125	-1.822991249	-0.8393865877	-0.3176452167	-0.4187400199
	-0.619691346	0.1001576984	-0.1034443244	0.7206783957	2.846422517
	1.239250603	0.06152588528	-0.1264530986	0.01233299792	-0.3166027695
	-0.6484937846	-1.051195267	-1.037730088	0.05747574487	-2.516213505
	0.4521241399	-0.8175480588	0.05277621264	2.824763007	-16.56023939
	-5.145907679	-1.256289435	-1.751941012	-5.087003187	-5.074642581
	-7.247063783	-10.14093298	-14.19388936	-19.79475781	-21.47145294
	-6.784201738	-0.9722536985	-20.80797615	-8.271377205	-3.078312401
	-3.538042599	4.21306708	1.66135643	2.998439923	-3.100244883
	-1.418485092	0.2143181754	-0.9775856963	0.2899491356	0.8369629486
	6.577631557	2.987559675	6.702812288	2.654562004	1.102747991
	0.7065631246	0.5043997755	1.444054239	1.887129929	0.6355332948
	-1.809238272	0.6817527401	3.013242413	3.297477409	2.250678115
	2.448880662	4.103775506	5.437539918	5.172139093	3.912138817
	2.84524287	2.394966512	2.213259224	1.927988144	1.570702001
	1.400896869	1.555841843	1.923625007	2.276400728	2.457843394
	2.465299922	2.403462339	2.389970085	2.488531579	2.693707057
	2.952119295	3.194857662	3.364197622	3.429879818	3.394936335
	3.29363555	3.18281217	3.128475766	3.087306729	2.920138757
	2.443475346	2.639363561	3.321220307	3.324086036	0.2071013914
	-1.16412881	-0.6471610714	-1.338301555	-0.2637653875	-0.5468219413
	-0.4665939749	-0.2204636264	-0.4381466268	-0.6065887249	0.1507499459
	1.663054141	1.044260512	-0.09153019195	-0.3428972444	-0.7675497546
	-0.4872465289	0.1208763802	-1.269987907	-0.3559784983	-1.140212857
	0.8235705538	-0.570860929	-0.7568489094	-1.87063062	-1.354144249
	-5.473770826	-2.053617658	-0.1324711634	-2.637983852	-8.961766139
	-4.049188358	-4.081877815	-5.159723255	-7.450247522	-10.69653996
	-12.58433376	-7.994145413	-5.404544077	-9.77883525	-4.553217311
	-3.207013466	-3.371214749	4.954170722	0.9971084532	4.696927921
	0.06005597729	-1.918717112	-1.153238725	-1.042084164	0.1781155006
	1.907036834	7.188657988	-0.2123962907	0.9960114151	0.9433749571
	0.3221557194	-0.106768647	-0.2226875925	1.461227394	3.121873697
	2.051194215	0.2260213435	1.387884542	4.303775138	5.402777315
	4.002269791	2.846789133	3.460756009	4.543027764	4.432264419
	3.127942451	1.794992997	1.249596374	1.304742584	1.473405456
	1.503853301	1.522346822	1.741224462	2.189895112	2.697723579
	3.04999028	3.141165008	3.016935867	2.816258186	2.680504934
	2.688126622	2.836677267	3.063564542	3.284777993	3.432101648
	3.476577404	3.434298701	3.356962402	3.313136196	1.268204544
	1.477453425	1.506525506	1.734240622	2.210712289	2.64754241
	1.136141139	-1.787437832	-0.5034871986	0.8753980555	-0.6441501189
	-0.6156813366	-0.2068599208	-0.006216061598	-0.6263322255	-0.2469657062
	-0.5753533471	-1.141725644	-1.018688941	-0.5250325258	-0.4552112726
	-0.1095581609	-0.09253419204	-0.7800374504	-0.8787193064	-0.5198360422
	0.2182806055	-0.9955668921	-0.6955331287	-1.504162904	-4.951876828
	-1.71890598	-4.132182501	-2.717403494	4.823167235	-3.136112741
	-15.08954762	-3.038893127	-1.789065334	-2.258214325	-3.384002579
	-4.179264427	-5.789873894	-4.960444546	-3.234560174	-2.769114103
	-1.480251433	-2.349183168	-2.349318757	3.665131382	0.01976901324
	3.222405499	0.7779059866	-0.931291017	-0.4932040662	0.701282843
	0.2591916797	1.465606426	4.377511287	-4.424742619	-2.351647481
	1.343719864	0.2052628886	-0.6733652933	-1.388450253	0.9304684916
	3.402938773	3.107447421	0.9756171714	0.783070331	3.560604044
	4.985047912	3.453630031	1.347010739	1.080919807	1.905935529
	2.226370415	1.187837162	0.1710562996	-0.1174034647	0.2592150454
	0.9753237819	1.352887864	1.500393853	1.7175853	2.184896175
	2.800564263	3.302539746	3.485692697	3.329758209	2.982231741
	2.650859571	2.492561599	2.556259356	2.789429038	3.085225596
	3.338545943	3.486751733	3.524510208	3.495041463	3.467035628
	0.3939081643	0.541280838	0.7726183447	1.014568878	1.339766928
	1.784416107	1.084932138	1.104593982	2.008421273	-3.909191157
	-0.1296944522	-0.1421815575	-0.3033526611	-0.8567423386	-0.003433714079
	-0.5495868076	-0.751033495	-1.525341363	-0.7664525128	-0.1273178859
	-0.2057521991	-0.8618484999	-0.9476670659	-0.5573548073	0.6985007109
	-0.03993289378	-0.8367793118	-0.4702803705	0.02373541745	-1.134819881
	-2.888486742	-1.651115077	-2.629280148	1.066339935	11.59104951
	-0.8148997421	-17.24676226	-1.636237881	-0.6199709328	-1.270496721
	1.475199667	1.538841173	-0.4063637506	-1.584767898	-1.362080869
	-1.011104153	-0.2274211938	-1.548233843	-1.097741956	2.576871636
	-2.361762056	0.5429481074	0.6316809282	-0.9226662208	-0.7583241552
	0.3401441393	0.1689117419	0.732160605	1.541571408	-3.780785601
	2.99683789	1.756765022	0.3728209622	-0.917045199	-0.8852663873
	0.04593031329	2.610645869	3.007287417	0.65093793	-2.752011531
	1.272131418	2.673763723	1.267747178	-1.372362394	-1.81555723
	-1.335327475	0.4151777882	-1.408072862	-1.486697042	-1.279234163
	-0.9596779019	0.7265411983	1.280525802	1.403485837	1.490300774
	1.87783406	2.536609074	3.161679953	3.448085239	3.301229862
	2.862731217	2.392212392	2.115615478	2.130309301	2.395981115
	2.78700947	3.164416124	3.432742295	3.56432882	3.592212711
	3.583546333	-0.3378143333	-0.9643987291	0.3026775651	0.5302199213
	0.6657672529	0.8515530035	-0.05456639227	-1.252426266	-6.148211399
	0.2447005989	1.221590584	-0.123657281	-0.6509566331	0.3384791832
	-0.2449014778	0.07321423234	0.2855161067	-0.6237716065	-0.3073898217
	-0.5162230944	-0.9060788463	0.4252613508	0.3788670154	0.5372513653
	-1.676273113	-0.3930942464	-0.3529446637	0.7129617236	-1.113956651
	-0.684914626	-0.9281988818	-1.079894334	-1.200442762	1.088363304
	8.078055967	0.3987600168	-11.97380148	-0.6430481774	-0.5670752064
	-0.9956982024	0.2999928724	7.753910361	5.327555545	0.8608777007
	-1.257890732	1.001250154	-1.57746436	-0.337966337	1.225025432
	2.685911812	-1.024363304	-0.8065781731	0.636361796	0.3085156455
	0.1825382846	0.2993433274	0.1468673865	0.2247673651	0.5199268459
	1.974754612	1.009774685	0.4467060807	0.5810128167	0.191848901
	-0.7941116084	-1.212905528	1.291286351	2.213744967	0.4869758384
	-1.026589226	-0.7884152909	0.2186012253	-1.239676367	-2.62474846
	-3.386901295	-2.281668836	-1.751598297	-1.509702374	-1.761946155
	-1.447065106	-0.8689149682	0.930391825	1.420197433	1.321800004
	1.128374648	1.330771338	1.962581603	2.678722166	3.074903748
	2.975658822	2.503258083	1.953561613	1.609581479	1.611252938
	1.931192903	2.429699486	2.938518148	3.332346512	3.562311208
	3.65098785	3.663031712	2.986777708	-3.691880898	0.3576720746
	0.4293476706	-0.5698155748	0.2355731729	-2.679662445	-0.4167211928
	6.155685638	0.9872086298	1.72682856	0.1678210759	-0.371203908
	-0.2296873589	-0.6412085189	0.5787613975	1.725437945	0.8853578079
	-0.638743117	-0.2858456166	0.3260806138	-0.4426132467	-1.641095165
	-0.7666759829	-0.6872212277	0.1824447666	0.2695921475	0.432637425
	-0.1562760916	0.2795901552	-0.4802482607	-0.1821540533	-1.053649873
	0.5556162422	1.508271865	-1.957852418	-8.438573374	-1.448926914
	-1.319372434	-0.5628041502	-1.504798356	6.885311912	8.226796449
	2.250757954	0.3061080778	0.3584490361	-0.06748089292	0.66701935
	2.298396154	2.69565476	-0.02865167659	0.1303010483	1.196416519
	1.155495872	0.9742329179	0.8329017245	0.4554262506	0.1287399554
	0.4312164731	1.380174896	0.5259779678	0.6037897799	1.55076908
	1.622425049	0.3787705913	-0.7415466624	0.1911485018	1.519440828
	0.617412324	-1.88662478	-1.846602445	-1.143695927	-0.7016354619
	-2.215725463	-2.584782961	-1.652618909	-0.5924215428	-0.6774054203
	-1.162982504	-1.091120355	0.4156973268	1.587976568	1.802287783
	1.315431392	0.7345661426	0.6893859923	1.222816582	1.994439813
	2.496422367	2.469774999	2.008308429	1.429653102	1.061460325
	1.07661349	1.460469291	2.065277177	2.698906662	3.21066979
	3.533180367	3.679452643	3.711304854	-5.268669592	1.019986618
	1.60481773	1.645669766	-5.195459351	0.5167752746	3.396451671
	0.273258148	-5.11170155	0.2375055062	1.600613243	0.3242953792
	-0.2822434433	-0.2606044917	-0.9991420016	0.4449693988	1.680918658
	1.742359906	0.04262342209	-0.5401595474	-0.708120149	-0.2838908272
	0.8375340178	0.1663936932	0.1524005072	0.7366755737	0.8972943277
	0.5130560075	-0.6731451246	-1.304882257	-1.138475814	-1.236477272
	-1.361403846	0.9258786806	-1.578274564	-2.983749033	-2.18486599
	-0.9428270101	0.7291794656	-1.575482418	-5.16828431	-7.157242239
	3.366519837	1.824158843	0.6130612636	0.4714145839	0.5984944966
	0.9241550579	1.753313769	1.558875234	0.1250871032	0.8763104683
	2.069263615	2.223906466	2.333622026	2.33218561	1.241073625
	-0.7332946803	-0.4444542992	-2.81271368	-0.07458834444	1.212847552
	2.676768332	3.186053093	1.719414234	-0.7917019097	-0.6519543675
	1.304260397	1.634644124	0.1140953933	-0.413071895	0.4984426636
	0.9366589483	0.375114072	0.2884781288	1.116016584	1.762871475
	1.407859123	0.7435359347	0.7913970797	1.710285085	2.457556878
	2.33143606	1.389584103	0.4301479421	0.1602837764	0.4820905468
	1.303295428	1.890758645	1.941584614	1.514885988	0.93986939
	0.5773306507	0.6157665276	1.055338675	1.749564725	2.486558216
	3.095520091	3.494442452	3.688621524	3.737318336	2.877504145
	2.138722273	-2.793498786	-1.914979067	1.754263355	0.2948887762
	-2.000194388	-1.956654299	3.298744328	-0.1630966902	0.9601627912
	0.1948236628	-0.5828856043	-0.4507268535	0.09759035766	0.2390861801
	0.2887276325	1.190799954	0.2441467599	0.3194586645	0.1212980951
	-0.8182668285	0.2169732609	0.6264078845	0.4236240486	1.194564406
	1.564929292	1.124608564	0.09065963633	0.3333016457	0.829581361
	1.351427675	0.970021518	2.389908927	0.08581621381	-1.100467829
	-1.191317575	0.6382827972	4.656423186	3.214655199	-2.115479146
	-4.543592474	0.01763473779	0.9140544613	0.5942358881	0.7274790981
	0.9686985015	0.741988241	0.5126955544	-0.2226164673	-0.3210678638
	1.348018742	2.886294698	3.404741594	4.377768213	5.144982902
	2.882417345	-1.16895423	-1.728218951	0.5149564101	0.1864867014
	1.682061895	3.539358001	4.471810833	2.970835707	0.008829283833
	-1.524746741	1.410466077	2.810296009	2.013528344	1.465603683
	2.340149321	3.115864652	3.045027348	3.164356272	3.876139106
	4.19710986	3.474581092	2.445613965	2.189793752	2.766731263
	3.246700604	2.805011624	1.501535547	0.2710472672	-0.2451591298
	-0.4478569383	0.8088839765	1.434293237	1.548809867	1.15795186
	0.5998851698	0.2568601166	0.3105918122	0.7797310099	1.532396564
	2.338250561	3.012254838	3.462582416	3.689395666	3.750600659
	0.6077772666	-5.014340873	1.296310136	1.763556116	-1.387180212
	-1.728671158	0.2198343429	1.73925758	-2.502136933	-1.778260662
	0.5476771365	0.1481717559	0.1903570482	-0.8510644007	-0.8260910662
	0.1486774005	-1.417431363	0.6928267319	0.1890279173	-0.1920221835
	-1.491425021	0.7335952484	-1.472233257	0.2716583708	0.4327869515
	1.416548421	1.866234654	1.499674208	0.09290896839	-0.4829475565
	-3.462544754	-2.368852473	1.457916635	3.255405102	0.5829323293
	-0.9689220531	-0.4676682512	0.8202792349	5.013489806	5.221786206
	-0.556852291	-1.593490618	0.0902995366	0.6422173366	0.5631573661
	0.8003594517	1.099992323	0.6901014465	0.09253906255	-1.579279385
	-1.244710169	1.400412604	3.211727392	3.921848082	5.342983726
	6.81757326	4.161475792	-2.83578318	-1.92465368	-1.505162554
	0.3188079802	1.780711388	3.822945916	4.953458741	3.545964182
	0.4615784284	-0.3885621723	1.456041297	3.26829971	2.878057372
	2.307136047	3.155184016	4.107024063	4.245330825	4.419426701
	5.057034941	5.256665402	4.390849535	3.189519844	2.759132556
	3.19848068	3.574347587	3.016707343	1.589199676	0.2227572887
	-0.1503107395	-1.423183941	0.5866502887	1.259721878	1.406518426
	1.034234935	0.4842319301	0.1489790381	0.2062277235	0.6767934827
	1.448575272	2.280037504	2.979046487	3.449563791	3.689602102
	3.75910976	