3131	
	-0.05032250278	-0.1780496295	0.0423760565	0.275765729	0.02512411471
	-1.311114762	-0.01928663907	-0.0811059398	-0.147771857	1.873200588
	-0.5935706723	0.6061834889	0.8990638093	0.3524985254	-0.3048774808
	0.5314505703	-0.4691964128	0.5230004243	-0.4979816775	-1.067162972
	6.407595942	0.05161044068	-1.281530833	8.782973368	-2.822546952
	-3.73678026	0.9693997137	-0.9167517713	-0.2567380029	0.1948942337
	-0.3862347221	1.283316421	1.492641298	0.2027296824	-0.6831578597
	-0.4738345623	0.930656985	0.3447136476	0.7284756274	0.2678134037
	0.6059359984	-0.159212578	3.560414066	0.2319018524	-0.4106045831
	-0.3771842645	0.3366943474	-0.1558336171	0.09668041409	-0.338460462
	-0.984540392	0.4058000682	1.43298674	-0.3265563464	-0.2081733686
	0.5504708966	0.6112122972	0.4576798936	0.02745098876	0.4167791646
	0.3291213149	-0.09146287179	0.8634112483	2.488874833	-1.118075359
	-0.2821732131	0.06432612051	0.9661310294	0.9668440844	-2.402667439
	-0.1132260935	0.3647162704	-0.5447433987	0.9128606589	2.826785808
	3.162040276	-0.08563557611	-0.3919778194	-0.8861033729	-1.826338139
	0.8110652783	0.3426209815	0.2741082245	1.662247059	4.128591194
	-1.132127294	1.339723659	1.979151533	0.8419380957	0.9925040343
	-0.07426851579	-0.1882962541	1.563903034	-0.6486591968	0.04396402969
	1.388413532	-0.207682038	0.3511515367	3.533278208	1.080073791
	-3.329427213	-0.1761251059	0.2490635986	0.06974977109	0.2440760449
	0.2359589089	-0.5623055415	0.03633806268	0.04138236637	0.2723200974
	1.698847926	-0.3713403528	-0.6372593017	-0.03338415254	-0.1518600286
	-0.3265954309	0.8585775782	0.1716547077	1.238656644	-2.973485012
	1.467933029	-1.079952221	-0.006376529564	-0.5071514883	5.889116554
	-25.58374639	-1.530890257	1.006223178	-4.919478168	0.9560330447
	0.5927965534	-1.199189928	1.133047325	-2.425856709	0.0364980975
	-0.1584500089	0.9836772576	-0.3979608188	-0.7559421368	-0.1916495096
	-0.1211488338	-0.1121970119	-0.2643964722	0.1557593338	-0.8154630904
	2.213933086	-0.1449565746	0.127875442	-0.2687675367	0.3333767073
	-0.0409871403	0.8269732285	-0.1268086362	0.1942506287	-1.248224262
	-0.238070026	0.4035964874	-0.1238165223	0.3536018612	-0.1551144947
	0.8670058828	0.4123389995	0.03508105079	0.03717497641	-2.360867737
	2.419303769	0.1776483888	-0.3620827897	-1.212822744	0.1495727781
	-0.4858828311	0.1053759238	0.7741275382	-0.474920394	1.659933916
	-4.425554976	-0.5726486009	-0.3937398948	0.1373694649	-2.546540211
	1.410893266	0.2227529	0.4016026543	-0.5639780667	0.5369081377
	-5.808598212	0.1040470858	2.363419875	-1.316979243	0.5878998966
	0.2367194873	1.13307998	0.7264859105	0.2211330889	-0.1946963953
	-0.09562421668	-0.6605554634	0.5161601543	1.330553683	-2.380302134
	1.135173594	-1.31784885	0.2308317819	0.4980771745	0.07884131745
	0.1676477028	-0.3352432492	0.01428512272	0.1101844616	0.3039501505
	0.4336067108	1.210699569	-0.1930867414	1.151492142	1.081480479
	-0.9207000846	0.8679298785	0.6603133034	1.018341828	-0.713418331
	1.040875831	-0.1776147213	0.006364762482	-0.04734714918	-0.4263585959
	1.221350453	-39.62513788	11.6275246	-3.210703996	-15.81589628
	7.397280225	-0.6471562808	0.6244793679	0.04425117288	-0.6052235321
	0.2220907021	-0.4452634849	-0.6273541546	-0.2213152946	-0.1987626245
	-0.3971974746	0.3502805644	-0.6123936416	0.2280758792	-0.4653623493
	0.04355111654	0.8084099413	-0.7291814643	0.1046320203	-0.05024101495
	0.2532855566	0.06449668367	-0.3940265761	1.046178659	-0.1582653998
	-1.766502504	1.16749241	0.5082758238	-0.4840648573	0.9059896613
	-0.6071211956	1.569155778	0.4191009898	0.2947686588	1.085869601
	-2.359994918	0.4024137482	1.623054841	-1.052959807	-1.516183248
	0.6555231477	1.514444768	0.3686342622	0.6553069312	0.7841553405
	-0.9280549621	2.120218913	1.465518717	-1.153913268	1.000940142
	3.068238558	4.906802551	-0.2510780618	0.2358895587	-0.2097636191
	0.683699512	-1.329313718	2.861533468	-6.709775213	3.177545626
	-0.1044224281	-0.4114351722	-0.1136648075	1.447006328	-0.3022742686
	-0.2796437222	0.5308003545	-0.4741092664	-0.06547714366	1.253176615
	-1.320284785	-1.103252991	-0.105448345	-0.07975560793	0.1634037135
	-0.1955856089	0.1037197203	-1.078981878	0.6313448898	-0.2291170324
	0.3405053657	0.1281675531	0.4991508742	0.3322909545	-0.8204587663
	0.5883374119	-0.2407099021	1.211221314	-0.4472128078	-2.95699441
	-1.829587123	0.9187295999	-0.645109979	-0.3253193419	-0.1578262014
	-0.1659873927	-0.8608358889	-0.5228814458	0.4863132552	-18.25410942
	42.3711662	6.240364843	-3.518018052	-0.01382877412	0.1008294628
	0.1508762753	2.196304669	-3.818275124	1.282306724	-0.273700847
	-0.05325141582	-0.5479776361	1.232642219	-0.4157564378	3.093679516
	-9.915722877	2.306516761	2.068340846	0.1647325592	-0.2020944215
	-0.1111399882	0.07525615246	0.4238022544	-0.6458529377	1.117446631
	0.1355835867	-0.3079920618	-0.2965199207	0.1769698528	0.3887585807
	-0.06287151721	-0.2411610477	1.051443967	-0.9204978282	0.1492433016
	0.4341065042	1.421588549	-0.5389105665	2.287537581	2.97938876
	-0.374030673	0.5470071543	1.296835471	0.6031958873	0.1570661475
	0.04658306848	-0.6026582669	-1.73065868	0.2294387212	-1.415372105
	1.249498324	-6.620275755	6.801170086	-0.1634501385	2.28608923
	-0.2490270228	0.696717842	1.084990624	0.3345223149	-0.2043675907
	3.370827659	-0.992647336	-0.6413819997	0.3483808357	1.188937697
	3.064129741	0.586812088	2.286108713	-0.9927016982	0.7277553806
	0.5818519128	0.9222055883	-1.57141479	2.931056954	0.2274673607
	0.05814461799	0.3138005127	0.3424179452	-0.3395245448	0.3085710367
	0.1404882331	0.5964654878	-0.08086975521	0.7358533232	-0.8677005595
	1.899844552	-0.06493445249	1.365220619	-0.1667671528	-2.228092636
	-7.800104469	8.108553366	3.475479913	0.9191405986	0.6066817242
	0.8792988968	0.2133992003	0.03893115751	6.269901676	43.418445
	-29.58088369	86.83416399	-15.78268031	3.20584972	-0.1997389903
	-0.7021498549	0.9407413086	-1.710608687	2.225309034	1.509171698
	1.471054764	0.1080471917	-0.2434768076	-0.1562755895	-0.4653895243
	3.723542874	1.409373369	2.06032292	-0.4074281874	0.8773369687
	1.120102702	0.1089250627	0.1211504474	0.1072288516	1.974962087
	-2.119584465	-0.1399528875	-0.5560878684	0.8374987562	-0.002020222048
	0.3255008884	1.14597173	0.5653703166	0.5848727922	-0.6887966873
	0.5034281532	-0.1948942059	1.389718359	-2.721474295	-4.384240802
	0.3508980848	-0.3360490077	1.95560424	-0.162701151	1.284755702
	0.3300721242	-0.2556242903	-0.2214993056	-0.009138375805	0.1321418048
	-2.23421761	5.048787488	-0.5071725188	5.180966406	-0.8559183715
	2.009910606	0.1893901537	-1.05785087	0.4827253716	-1.521597497
	1.958351372	-2.910939454	-2.516307025	0.7533438227	0.3570039435
	0.4199507097	-0.3149338084	-0.5078719589	-2.062161043	-0.9175950276
	0.5847244602	-0.1325515786	-0.6330146743	3.748962622	0.9713991034
	0.007757198174	-0.1271581356	-0.2583179402	-0.1857804463	0.5071580765
	-0.07452119003	-0.2062663813	-0.3600461361	-0.9027484554	-1.568875005
	0.6583942539	0.2586490613	1.61573542	-2.990658875	0.02819755132
	2.065443479	5.410407747	11.28637294	-8.543384352	-1.439002627
	-1.518073528	1.127958894	0.4309855884	-0.4166183469	-1.419790455
	-11.31846213	-36.28837549	-61.2370768	-3.507020077	7.074463663
	-1.746841662	1.260521556	0.08796274378	-0.5802539738	1.099810885
	-5.91032062	-0.4552528424	-0.1203010597	-0.1815283023	0.6883483242
	0.0300348701	3.822488643	-0.7863050721	0.5277533872	0.1992909247
	-0.3710851674	-1.958388771	0.01157486746	-0.009289426801	-0.4290746589
	1.04099588	-0.3837442011	0.122982863	0.08534491948	0.894577734
	0.2252702803	0.2144576056	1.289743882	-0.1287437325	0.08764936844
	-0.4695934965	0.5131763511	1.005356558	-0.2316199502	-0.8609235905
	-1.481224061	-0.003355542552	-1.202022913	-0.7203223215	0.1377766257
	-0.07495086597	0.7752740307	0.3872337168	-0.3869511856	1.782263553
	1.30173739	-4.36776755	-9.138446987	-0.2963598711	-1.203628402
	-0.2802087891	-0.1718284925	-0.1510744015	-0.3405736388	0.1896621049
	-0.3925061939	0.3060789245	-0.3670561024	13.23063797	4.600873921
	0.09449516998	-0.605324683	2.001185445	-3.235413357	5.291003211
	-0.5228357355	-0.01415287446	1.256987257	-0.5986613464	-6.396145008
	-0.08623761675	-0.05702732423	-0.3529291498	0.5349327161	0.4729828435
	0.5143034633	0.003087286709	-0.3908287886	0.8954040316	0.6901772273
	-0.2036060626	5.566357355	-1.589204338	-0.8353229584	12.94775542
	-1.166059418	1.676952596	-1.656839605	-67.16418524	-0.3359167296
	0.4893856382	0.5702335287	0.7537584413	-1.55303961	-0.1503423085
	0.7411409787	5.186126412	123.8420439	10.46898092	12.27305007
	1.472793934	0.5096530399	0.09632348781	-1.408141822	0.1247408646
	0.4538780123	-1.231748108	2.719544149	-0.2583024379	-0.4923263582
	0.6050879448	-0.5912754438	-1.985567471	0.3825850057	-0.1067740226
	0.136869303	0.496783128	-0.9612124136	0.3358944293	0.5006885845
	-0.03629236284	0.1970619749	-0.8735709846	0.2384446521	0.07016061068
	0.5298398706	0.01096526312	-0.7512772609	-0.8627851234	0.3468197225
	1.158492976	-2.590205004	1.105455584	0.0458835998	0.3908352434
	0.009264497513	0.1137516702	0.3521762198	1.672175705	-0.2605478694
	2.007335901	-1.031239362	1.40160898	0.1812893796	-0.03416679805
	0.5421387632	0.4730077344	0.4935577982	3.058427183	1.037630866
	-0.4669926214	3.082491751	-9.063071025	0.06835296606	0.3162879705
	0.1354243172	-0.3263422557	0.969556792	0.03050539681	1.453615703
	1.07385818	1.072438254	-0.3448755945	2.554226233	-4.998173772
	-2.523204598	-0.5683585078	1.162533054	0.424953312	-1.320834332
	2.658048101	2.465004054	0.1703730359	-0.1723146336	0.2230279165
	-0.4393821545	0.1297937039	0.1294063237	0.3779010107	0.5453113874
	-0.3119804395	-0.6808116494	-1.219808092	-0.8637267538	-1.060617926
	0.457063857	-1.896942993	1.821936283	-0.8320719528	10.60768064
	15.24231611	-2.653318922	1.766707263	-0.8711898529	0.8963830972
	1.435852551	-1.458215012	1.938608396	-123.2889118	-45.29387218
	4.57638761	-1.777999745	-2.713034932	-0.2067043953	-4.923929481
	1.595871688	-1.093166943	-0.3478501971	0.2226355446	-2.747636548
	0.1706733305	2.241570293	-0.3757020429	-0.1725839151	0.2367772596
	1.662781106	-0.1569850879	0.5753142322	-0.5325350431	1.468258076
	0.2147300678	-0.2014557444	0.01275167762	0.6211223657	0.218650436
	0.280071664	0.1747320315	-0.3770401899	-2.925000547	0.002708829979
	0.06134495161	-0.01249216327	1.076047636	0.9373252164	-0.4713893214
	-0.1422984064	0.3593215959	0.7050495779	1.129803737	-2.005944455
	-0.4520378943	0.425355619	-5.152721443	1.082157824	0.04214508882
	0.06559996719	0.5175617817	-2.336375756	1.302232134	0.6947883316
	0.8692326258	-1.806494158	1.911706892	1.397961039	4.620384031
	0.8915949967	0.1597708662	-1.023548858	0.4786194944	0.2280062725
	0.4440737581	0.1729650196	-2.758200653	1.71313153	2.542954144
	-0.4974926696	2.748253144	1.688019184	-0.2316120137	0.5086195257
	1.830436841	0.803355693	0.3480239048	9.978374154	1.105081655
	1.297415879	1.901094569	1.564316903	-0.3874163525	-0.359293335
	-0.3303643034	-2.325105364	0.06896790001	0.1837023028	2.131552462
	4.552380604	-0.2935982935	-0.402157356	-3.751154874	-1.313442495
	-0.6537614275	-2.267548768	0.9658660259	5.462743012	-0.2530795649
	-1.162542679	-0.6490864243	-1.178182433	-2.52715003	10.44817245
	165.8463833	6.716174624	0.2932062593	-0.5829519077	-0.6642780361
	-4.578280102	14.5126445	-10.3071105	1.139943683	-1.75158044
	-0.6043816032	0.7511393493	0.6005654565	-1.679741573	-0.7836787251
	1.809034929	-3.08536662	-0.1873195991	0.344755755	-0.05198056233
	0.7111823548	-2.318457202	-1.96012923	0.2015403009	0.1672574506
	0.1952056419	0.1804321413	0.07129477343	0.8513115822	0.8285811458
	0.5807910518	0.2702344922	-0.1618093187	0.690900474	-0.7833894485
	2.928656554	-0.5560330964	0.5155492057	0.03465116553	-0.998177562
	-1.006502037	2.958229521	0.6202335639	2.266046705	0.05123317796
	0.11524875	-0.2744840167	1.809272467	-0.4387989526	-0.1881495329
	1.392834489	-0.3014446751	-4.793533865	0.527527516	0.6362080521
	2.313346468	-0.6026111703	0.9371841601	-0.8299591281	0.1476619756
	-0.4619411464	-0.1668069807	-0.4971509104	9.693049868	-1.105921966
	0.9962883388	-0.7065915843	-0.7447575034	-0.7697350075	1.140927142
	0.2541958742	-0.3360545953	-0.01271649658	-1.273436694	30.43248493
	0.5116603641	-1.172494986	1.369006904	-0.8647078004	-5.711489445
	0.5819841705	0.1950193064	-3.881955502	0.193245496	0.03011301956
	0.5587769759	0.486799725	-0.3504432936	0.1230862889	1.396940147
	0.5915291012	0.739189815	1.917893201	-2.178019008	-0.9624362769
	-0.8095232188	-0.2513115447	0.9727722798	-0.593758425	15.83869614
	36.11649698	-149.9218362	7.247882601	-1.445780892	-0.2902795706
	-0.2046015215	1.011600295	24.81894106	-73.6388876	17.84409478
	-1.984086901	-0.3715590616	-0.4327811647	3.99653143	-1.385019031
	0.1035546473	-1.222156142	-0.3969803477	-0.0906409568	-0.4153846109
	-0.1576018986	-0.4096626527	0.2639023666	0.1365145919	1.23821124
	0.3006214226	0.6748919658	0.2339720938	0.367438113	1.598983335
	1.186575023	0.884158439	0.05125799586	0.3192720302	0.6106953144
	0.755915975	0.8501435491	0.616499932	0.8413643595	0.2027514936
	2.918562621	-0.1947712752	13.69647084	1.927363583	-1.988593129
	-0.5616036581	0.03660270925	1.386526177	-0.4139658878	0.6053281968
	-2.041701372	-3.223857442	0.1203899883	2.985639129	2.628243784
	1.912762729	-2.053436221	-0.8745505168	0.3998625957	0.2982043878
	0.7217425847	0.4738488297	0.548808046	-0.5977598812	-3.085733216
	0.188514517	-1.087093014	-0.2203989832	-0.1282208639	1.686813324
	0.6809340799	0.09316388375	1.097782024	-0.1499559889	5.356300069
	-8.919560026	-1.221867494	-0.1311735906	-0.3325903716	0.1143479063
	-0.2914142324	2.19417719	0.6308417274	-3.894577851	1.126235438
	-0.4052003366	-2.95572065	-0.2406536465	-0.2684378281	-0.2420418199
	-0.5193503434	0.5724406249	0.5759905408	0.3531113477	-0.4493410725
	-0.04106987376	0.8168189796	-0.8031409378	-0.1952540269	0.3851437128
	0.8548622633	-19.34286482	11.16054401	13.5188378	-5.776885555
	-1.515013989	-0.5953487387	0.2950632856	-23.96267309	11.1690178
	-12.50226516	-1.923256854	4.699173419	-0.4660280354	-0.08822722315
	-1.521854927	0.9640055912	0.2101619025	-0.06371274314	-0.1799876149
	0.5621895616	0.7397217653	-1.746308855	-0.7443928053	8.953715867
	-0.8729692815	0.310131043	0.2030283603	-0.1780255717	-0.7271075235
	0.004468343598	0.04353549517	0.1733044268	-0.2034338428	0.6281327841
	0.9585616568	0.2305916087	-0.4138107945	-2.471349602	1.182262266
	-0.5037811919	-6.409717839	-0.606261897	-6.222059321	17.83990299
	2.83499293	4.764573774	1.318345794	0.2761309717	-2.68813926
	2.098509035	-0.4117323705	1.719051544	3.35567841	-4.313654294
	-1.306247396	-4.894904603	2.993905398	-0.2190069882	1.748687917
	0.3609040607	-0.06848782813	0.8557225444	1.830976001	0.3394122051
	-1.336928751	1.20968411	0.2690822312	-0.1594080254	0.3692170872
	1.648117714	0.2142964482	0.1286073908	1.413621218	-1.204879873
	0.2994047916	-16.33246631	0.8343576331	2.469224078	-0.2939587902
	0.9502599223	-0.1044459379	-1.913088521	-2.232352535	-0.5039013211
	2.259417972	-0.3282187961	-0.4298948543	-0.1311774466	0.4927210981
	-0.271652386	0.9146284556	-0.589218393	3.283906551	-2.187357296
	-0.2386521173	0.3420906435	-0.3141531235	0.94869995	-0.5035807836
	0.0127123715	1.465897315	-37.23951715	3.554384648	0.1017180341
	-2.093344762	2.596892142	3.650411578	0.3361710664	-4.482193491
	12.47495615	1.844720591	-0.1640906816	0.6685291894	-0.5300062818
	1.438479488	-1.016171203	0.6829087492	0.09885975859	0.6321327188
	0.5482706801	-0.1307130676	4.469674546	-1.203715425	0.3500943341
	-0.1184848295	0.2593271249	0.2525495802	-0.8272289898	0.5018318471
	-0.0002862993834	-0.2574516636	0.2781287336	-0.2167354118	0.6556560236
	0.3221853179	0.2643911894	1.538775682	-1.038485507	-0.5354543162
	0.8443903511	-0.4939100523	3.317904071	0.4911679306	-1.081649031
	4.216397628	-1.416807007	-2.576143361	-0.3662413038	0.8775359753
	-0.2826142037	-1.406320344	-1.38297206	-0.7558367389	-0.6181652657
	-1.169953748	2.571473603	4.046217209	1.079663475	-0.004106590943
	0.5798186027	-0.673838204	0.2028112117	-2.147552627	0.6823299954
	-0.195428369	1.90563408	2.281802254	0.6253608331	-0.3876586591
	0.3873478812	0.918347631	0.0659331638	2.218040183	-0.4520351197
	2.547759032	-0.6022866573	-4.608900756	0.5225193633	1.400626524
	0.01859612782	0.7620698601	-2.224964295	-0.1859366901	-0.6291039997
	0.09966981296	0.5069493698	-0.3060503123	-0.2886567527	-0.5092967945
	0.7164379512	2.581604379	0.4065408051	0.2574113638	-8.133265395
	-1.674121783	0.4984496237	1.047216388	-0.1070245215	0.1032259452
	-0.2133149023	0.9096566722	-0.6264022668	-0.7344996269	-1.065455275
	5.467757888	2.799995218	-1.828252994	-0.4454922109	-0.2454392271
	-1.465029883	-12.39431449	-2.146615042	1.182401258	-1.075885865
	-0.05066894823	-2.786474995	1.431719467	0.2010407956	0.03463674823
	-0.3129211874	1.870277381	-0.2489919677	0.3950040365	-1.435768697
	3.591749959	-0.2140480401	-1.242075817	0.2420170846	-0.2048688134
	0.870916248	0.3383572867	0.510560958	0.5457367204	1.791653202
	0.09025737456	0.04260469011	-0.1090193534	-0.8885652172	3.775753941
	0.7147591607	-0.3074212706	1.111419025	-1.94806022	1.908931471
	0.8022630818	0.1300528107	-6.23423216	-6.077109284	-0.1154689765
	-0.3865493939	-0.9828111846	-0.4034870985	5.721521089	5.1575399
	0.7725239972	-2.95803458	3.006579337	-2.150695388	1.703760799
	0.3645204632	0.7232331519	0.2172520297	3.543767171	-0.2420992763
	0.005278132676	-0.4871454228	0.6282392554	-1.002749414	0.4185606247
	0.03185297139	0.6121111592	0.0141063573	1.373036721	-2.830968653
	-0.877045521	-0.9653033986	0.5027168684	34.16907503	0.5372669987
	-0.6314514744	-0.3190534646	0.4974482725	-2.713242073	1.351800211
	0.1011081591	0.4534005082	0.1741370588	1.055023134	1.604025834
	-0.5513044874	-0.3081223266	0.5129289851	1.111962249	-4.47743177
	37.74157111	2.411360942	-0.09838989537	-2.175239954	0.1154315702
	0.07805226607	0.1327626175	-0.3913206287	-13.41580262	3.063718882
	18.85064326	0.4149818708	-2.730091619	4.848173326	-0.6313415685
	2.108191125	-0.4031036688	9.3238862	1.03248564	-0.4918345609
	-0.1053663474	1.663153059	0.2717243252	1.739894261	0.248009114
	0.006951506317	-0.4018851474	2.097493329	2.739365845	1.256415507
	-0.6164028247	0.4985077276	-0.2333719436	-0.08040168552	0.6675659436
	0.05509275503	-0.9984268289	-0.09918688994	0.5094643278	-0.09131776387
	-2.315873705	-0.1984213153	-0.1301751977	0.5133850788	0.4687290643
	-0.671107588	0.5258386875	0.7173969567	-0.6634462077	2.727518298
	-0.4936944714	1.214095007	-0.6226620097	-5.329690792	-37.1569436
	-2.32895549	-0.3257400119	-1.989516434	6.289964483	-10.72808169
	1.249991812	0.5442867965	-10.34256609	2.320666831	-2.448799326
	-1.370265598	-1.544780371	1.423321534	-0.5080731771	-0.3407682443
	0.01588371021	-0.04959794059	-1.310387507	-0.02125300368	-0.6016488538
	0.314459561	-0.1326954613	0.3503978774	0.1079325609	0.4040775388
	0.02848230692	2.577429772	0.5812136274	1.338641766	0.7625203361
	-2.990250932	-0.1182961966	-0.02249855077	1.090083112	-0.7049138046
	0.06533108905	0.0418311935	-0.02740792643	-1.008854749	-0.3038028117
	0.2433064329	-2.81196341	1.106051169	0.006290602287	0.9519195096
	-4.108065355	3.05730278	-1.480011471	-1.12132776	1.027365172
	-0.279069632	1.206290771	-0.8963286442	-1.14633674	3.197797568
	11.1191989	-12.21973261	-4.086355151	2.046032993	-8.347913835
	-7.087529102	-2.633943565	-1.090667241	1.401480971	0.2232018044
	-0.1476897175	1.367124668	-4.1417428	0.06585432946	-1.739685268
	-0.2015507377	-0.1529960221	-1.418860807	0.762786753	-0.8234634493
	-0.1613875174	-1.430460838	-0.3428710323	-0.5591198682	-0.002627115778
	-0.8828857609	0.8417029958	0.8429690186	-0.144158344	-0.04654180774
	0.3287696943	-0.6064343453	0.0243188721	-0.4320484193	-1.317485101
	2.678261551	-0.0984561846	-0.6488165752	0.5668555587	-1.000469032
	1.614547336	2.852207788	-0.4225286515	-2.560207607	3.557300625
	35.44361485	2.003879929	1.260250281	1.057984858	7.977404174
	13.74942077	0.9528295884	-1.19180675	-3.348951729	7.778961211
	-2.890798495	16.95957474	-1.536020865	-0.2978799127	-0.4723435639
	-4.715450872	-0.6400200917	-0.04742737584	-0.2238021056	2.577096918
	-0.306493265	2.458277941	-0.6888195722	-0.09463628437	0.8019425196
	-1.078600545	0.8241760839	-3.645740922	0.6591110179	-0.470497431
	-0.06750159046	-0.2327591195	0.4698858802	-0.2313845922	-0.5403635907
	-0.008679768931	0.03372011527	1.978270473	-0.1965779701	-0.07884560789
	0.4778608522	-0.2012251539	-1.105973357	0.1996875778	-0.1929896778
	0.05614231899	-0.1349888844	0.6045295044	0.5977801671	-0.1621694739
	0.435606436	0.2809142698	0.1956971016	-4.698404563	1.533006585
	0.8961282564	1.306191712	0.4762300129	4.701909985	-1.826916353
	35.90169444	-1.359991721	2.688922241	1.45145657	-0.2376045014
	0.5684850272	-0.009296238058	0.9220653535	-0.8614991228	0.2700647148
	-0.340415155	0.5793801266	0.08068578492	-0.4669048229	-0.2769617138
	-0.5420168832	-0.5536696534	5.159088717	0.7952199543	-3.16033454
	-0.7700850695	-0.625449006	-0.5914207415	-0.03740846315	-0.6431888389
	-1.330060477	0.3818083298	0.1313251427	0.4726105759	0.04561922726
	1.858504223	2.177184202	-1.154159335	0.4151403093	0.7619808683
	2.339591965	-1.926858694	0.6994432719	-0.5346500455	-0.4718512955
	3.166238141	26.38468065	-4.242753045	-0.6951063125	-1.636531131
	-18.19382903	-10.54143126	0.7222418279	-0.116957592	3.394054103
	-5.683155859	-1.203463777	-0.888925628	-2.734025379	4.962244235
	1.059251014	2.367164388	-0.1661121793	-0.2966352932	-0.02600385712
	-0.201542661	-3.04461709	1.152270985	0.5854958157	-0.1294514145
	0.52874699	0.816459338	3.570889752	-8.259629478	0.9104795367
	-0.6875098202	0.2145123409	-0.3616899794	0.05620844745	-0.1221462423
	1.255186868	0.4959471725	-0.04389682605	0.130812674	-0.06952572412
	0.5736909078	0.8697581649	-1.393085129	1.568396043	0.3482267077
	0.7790079856	0.05580938253	-0.308288051	0.603312384	-0.368946223
	0.1626879736	-0.3252803421	0.2952422839	1.072643374	-0.1571240792
	0.3357765303	-1.108143282	3.264331757	-3.758895787	-0.1145466674
	0.6532571191	-23.86558117	-1.779741773	-0.8746789637	-0.3403697013
	3.038989408	-0.4666628597	-0.1879778255	0.05601587837	0.03216739579
	0.1007640978	0.3097750765	1.842096807	0.4627661879	-0.08908167175
	1.537274607	-3.085577362	1.408374505	-0.428849266	-7.958871612
	11.64879828	-1.072620154	1.139607168	0.6268819398	0.7923290495
	-0.1111941398	0.9958552873	0.2845663477	0.01362516834	0.1735557925
	-0.3180510132	-0.8731910596	-4.909584919	-0.1897054829	0.2603836755
	2.028302178	-0.3801795305	0.8211500509	1.154860536	-0.7085440691
	-0.01003170689	2.797405868	-0.5394830209	-3.855356173	1.239984556
	1.594892012	-0.3037965013	18.71544901	-2.431365234	4.761227322
	-0.3190957025	0.894681554	-0.6201695417	-0.2100316784	-1.227458944
	-1.591268265	-2.071811384	0.07002339192	0.3778178252	-0.3795764291
	0.6999490686	-0.4737008902	-1.438037726	0.5703193095	0.08163436109
	0.9151729261	2.227593957	-2.193813023	2.99879026	-0.5203008364
	6.535541689	-2.965899787	0.5984008647	-0.4047877302	0.09361042382
	-0.1578026752	-0.08522696423	-1.048393619	1.067317773	0.02787686338
	0.05667993278	-0.5685959158	-1.31951255	0.1242166697	3.396312453
	0.02094509608	4.337961208	2.009499403	-0.1907817641	0.1198943914
	-1.194719668	0.2076806789	-0.005497900024	-0.007951346775	-2.745756998
	-0.09638568504	-0.2041791517	-2.243757567	2.348559917	-0.4549964564
	0.2090474695	-0.4329225104	10.3756977	8.501581278	0.4573207992
	1.437951139	-1.155943375	0.2064009019	-0.4354691996	-0.8923052516
	0.4058975178	-0.1315359274	0.1185719395	1.052020258	0.4850764708
	-0.9195577657	-1.097114775	1.692734235	-0.3313441862	2.641715281
	-1.095691356	0.2640720944	-1.686189188	-0.03673314598	-0.3987605707
	-0.0782019318	-0.2412373155	0.2996629025	-0.1359967293	-0.2940375421
	1.147585281	3.875354736	-1.34240358	-0.2278015659	0.5409278783
	1.450306871	-5.142055324	-0.2212683513	0.8918079688	-1.05950394
	1.129762065	-0.1337468971	-0.4456682136	-2.808932996	4.01849605
	-0.8922670436	-3.810217058	5.248466734	3.95100744	-0.173725878
	13.3827289	0.7865562055	0.0758417551	9.558371248	6.334430654
	2.719948809	-0.4399852467	-0.2715881747	0.008312666205	0.5498198373
	-0.2399700438	1.396684999	1.213144734	0.162407588	0.719690552
	0.7698751896	-0.1063660335	0.96422442	2.825418413	0.3135640676
	2.944761989	1.307611703	-2.067101404	1.195934912	-2.105989132
	0.0670909102	-0.7014034967	-0.2947206143	-0.2161461568	0.1957758498
	0.2389514759	0.4008648354	1.725980024	0.7115317397	-0.3602382039
	0.2820801423	-0.2537102162	-1.020558809	-0.8373825934	-0.4719717165
	0.2140874594	-0.7305892395	0.7900762702	0.09079526614	-0.0830711361
	-0.6169426021	0.1663375354	0.03290465113	0.9299397322	8.373633963
	-1.326453061	-0.3755669981	-3.952628861	-1.429094094	1.095444014
	-1.398974437	-0.9459357359	-0.3192895783	1.368725378	-0.4039317351
	0.72508488	2.636535049	-0.8269106653	0.1173881231	0.1866656765
	-0.007092569018	-5.393553915	5.877556566	0.1352216186	-0.587815961
	0.02224959266	1.203904434	-3.316115241	1.358064412	2.426342886
	-0.3767368089	-0.3034651141	1.435093749	-0.04226590558	-0.2507646686
	0.3363344723	2.300530634	5.630813592	-1.914026429	-0.7941704212
	-0.2913971855	0.5511835818	-0.4932022918	0.61606958	0.8114958715
	1.512637864	-0.2597420197	-0.0262058819	0.9892175671	-0.1373736742
	-1.807001378	-0.4704472817	2.809899728	4.331808582	-3.270817893
	-2.145854708	-17.90202847	-12.56200061	-4.573710304	1.610699409
	-26.23006034	-0.8111029443	-2.206131863	-0.3738982225	-0.8817179231
	0.6296883396	-0.3184021041	0.06613333191	-2.321700711	0.6624760399
	-0.7679875851	0.9360972634	-2.521970605	-0.2971565933	-1.313316308
	0.1591720324	0.536262948	-0.1315383737	-1.694644773	0.6600927731
	-0.7684095114	0.8438706653	-0.5537059276	0.7560636527	-0.04124220085
	0.2064361513	-0.6663785208	-0.006703948596	0.2202144782	-0.9214870136
	-0.0966297775	-3.709733602	-0.02429964015	-0.217894737	0.9364848855
	0.1243823092	0.4531626405	2.594993378	0.0550827805	0.5109423856
	-0.6477047367	0.05834451563	0.3202246626	-0.7886966238	0.3250054569
	0.7214539976	-0.7675911862	-0.8168306167	-0.5128298546	1.793706551
	1.292558346	-0.6070263526	0.1961584502	-0.1246205622	0.1727061484
	0.1012924836	0.04530483782	1.826649113	1.147209448	1.403762049
	-0.1386728754	0.1839238879	-1.467666364	0.9451340669	-0.5219839987
	-0.7717102725	-0.462622719	0.2107476305	-0.4633880456	-0.7333974637
	0.4490798171	-0.4210373699	-1.135350126	4.834813718	-0.06426643374
	-0.003668648407	1.573052193	-4.753008748	-14.69397997	-0.7002735327
	-2.516400867	-0.1349903621	-0.06176421348	-0.4204140734	-0.5081673413
	-2.013835991	-2.176582742	-0.6075647074	1.353268841	0.09115618002
	-0.1257166645	-1.055186595	-1.122178079	1.151728305	-0.141524789
	10.10844779	-13.46896365	-11.05848065	30.33203979	-34.25175968
	7.589683394	16.85868019	-6.221912562	1.771721724	-0.9120219177
	-1.194870621	0.9890674725	-0.8209524613	-0.1146795877	-0.3733171495
	2.039373904	-0.8051247684	0.1964178499	-4.214520705	11.03887748
	2.067886573	3.644134802	-2.247466791	0.0138449093	-0.1784020657
	2.561265392	1.333803345	-0.5687406583	1.494920053	-0.1953052558
	-0.2076074142	-0.1639223479	1.3556718	0.135841493	0.242480047
	-0.161044738	0.1080696012	0.858096447	0.7390932504	-0.1686126086
	0.5630485956	0.4959640277	-1.376776791	-1.80333432	-0.9058848011
	-0.3187924998	-0.7022063367	0.06770297735	0.5295334059	-0.5279779861
	4.955913776	-0.5604526976	-0.106760624	-0.06019814753	-0.4393280712
	-0.4791080397	0.2002565069	-0.3064757217	0.5324094149	0.02372993323
	-1.001824481	0.464359061	-0.1646541794	-0.2832930034	-2.975584165
	0.3660422256	-0.1053508042	0.3379355997	0.3075557867	-1.243897456
	-0.7899372954	1.459308586	-3.309616713	-0.2081991737	-0.4662786743
	-0.418005469	-0.2625479898	-0.1969953217	-0.3183760632	2.375977247
	-1.384873681	1.917700101	13.67051947	26.06480284	-35.11924567
	-4.913533301	3.434689612	-1.72632976	0.001019329061	-0.4184840796
	-0.3823557708	2.235864698	6.658132776	7.038124003	2.555357838
	-1.592590507	0.213770431	-0.5115336496	-4.140995076	-6.421913653
	6.825218624	-13.80985052	-19.9727985	13.64493196	4.314447252
	38.84409114	17.55120136	-11.69715037	4.074107232	-17.56719144
	1.753915613	-0.8242050522	1.502413433	1.917437375	-0.2774430053
	0.08585730044	0.9651644432	-3.796443857	2.281592705	-1.684635492
	20.50498205	0.09064681773	3.239321365	-8.660802362	0.9813500485
	0.9770555155	1.546194239	-2.710883353	0.168001344	-3.40673699
	0.7600759078	0.005647873172	0.9400493427	-2.013070471	-0.01786854375
	0.03056914799	-1.38641477	0.1009271176	0.317449418	0.4259950124
	-0.6373679758	-0.002355871233	-2.058446546	-8.36087083	11.74254112
	-0.6274326494	-0.6442989583	1.764589678	-0.08762747452	-0.3076744359
	-0.7631207388	0.9773736331	-0.581056386	0.3423601098	-0.2622691962
	-0.5721180646	0.6134077261	0.2427678897	-0.3493527148	0.04188107104
	0.004769518037	0.6822202754	0.4329075112	-0.1266096184	-0.1200505602
	-0.1270231635	0.4395936887	-0.6336899422	0.003001707477	1.594857357
	2.907393437	1.055497667	-1.233624091	12.15734022	-1.778972789
	0.982199696	0.2941331283	-1.024167221	0.8498327154	-0.6680109857
	-0.8067722042	-1.133786171	3.499304609	6.981699261	13.0554535
	73.20984967	11.3932541	-0.9888697958	-6.012165275	0.037094385
	-0.5228268072	-0.1009387834	-0.7714320876	2.747185331	-5.909092553
	3.538653444	-4.218013199	0.1990568473	-11.43865717	-1.312033292
	-1.020026897	-8.486261422	3.479698457	13.63403275	32.89952265
	-51.19944315	-20.67283097	-52.07872611	11.71152834	17.58929698
	9.240400211	-2.409295414	-1.248486438	0.4504415208	-0.03863732687
	-0.5107838479	0.2136602195	0.3773728914	-0.9735918713	1.007735084
	-1.524940719	-1.483172613	-2.624802236	2.04794595	-1.282352737
	0.3189079589	-0.753930582	0.9702323082	-3.592208407	1.171201347
	0.2129232713	0.3979526597	-0.1640713124	1.337926397	-2.07279327
	-0.002143153499	-0.01123695779	0.5904340406	0.1979949574	0.532592802
	-1.033562543	0.4817983673	-0.001684282947	0.1376025165	14.57544621
	-1.270742256	-0.9376607563	6.732765511	-0.3792235514	-0.7924754364
	-1.196529424	1.344589868	-4.41913596	-1.343009099	0.6493758476
	0.4606704666	-0.9329059801	-0.439668417	0.4115694503	-0.3702922688
	1.454312645	-0.8333081017	0.8498467479	0.2024068321	-0.334545467
	-0.8473472378	-1.372246453	0.5809622949	0.3524805812	0.5404048773
	-0.2750838288	1.509883134	2.06541677	-0.4563016106	-1.976527747
	0.189125563	0.196670168	0.6040344618	-0.8211800661	0.1866969447
	0.1831007231	-0.2080128625	2.595818648	0.5155819436	0.4123077098
	-67.39210396	-41.7855521	-4.753608258	-2.053376816	-3.283590303
	0.1131398108	-0.208730612	0.05150970386	-0.1804232104	3.271803092
	-6.316117278	-5.109136952	-5.186271328	19.26607438	-40.60805493
	24.17352031	1.002466361	9.602145156	26.16113619	-0.1241983751
	-46.24716051	36.42051663	43.17289244	54.37168494	-11.5048764
	-0.4455576066	10.99907937	-6.776031914	-8.060494141	-1.257899403
	-1.192764096	2.749811947	1.26625809	0.6330277397	-0.08526194049
	0.5427511252	-0.3070096423	3.251409155	-0.5958185394	0.01984820616
	0.09190201199	-3.363288548	-6.245322902	1.54528857	0.8370367123
	-0.2784827049	0.2577063005	0.07107430063	0.32298154	0.3715769183
	1.702697642	0.8473122197	-0.3405814288	-0.3975628688	1.068663615
	-0.4485431767	-0.030878403	0.3818701953	0.5419339914	0.1218421685
	-0.8377385079	-4.26163681	-1.061217739	-1.680112511	0.1470042291
	3.373184407	-2.397780971	0.2684654739	2.724515697	6.784037248
	1.459609225	-2.10574752	5.913405054	-0.7865109453	-0.2648733259
	-0.5170837493	3.572253093	-0.2484217008	2.100406939	0.4497795213
	-0.4371561853	-0.06251120626	6.541771913	-3.017225957	0.4385153904
	-0.7023730586	0.7986775147	-1.3037732	-1.547301891	3.149519053
	-4.254376906	0.1284676087	0.5561910145	-0.9251680698	-0.207315107
	0.1061370504	-0.011168723	0.03092588893	-0.1458968082	0.2415109249
	-0.7528048295	9.718982247	11.23457056	-5.129731738	-1.408974616
	3.285508179	-1.637582682	1.180678522	0.7363766658	-0.46299481
	-5.5864297	6.486899703	4.490807297	-13.17793436	67.27521191
	-187.2737695	79.31358603	-18.84916986	9.316809549	-17.42572563
	-2.511819746	14.33587022	-7.631138339	-37.30745305	-45.57564487
	15.7378521	-12.75361464	-12.89578018	-15.65011984	39.16767177
	1.707939132	0.4474861631	-3.507089074	-2.378114434	0.2260363553
	-0.02005178536	0.04588350645	-0.160407054	0.001095221709	-0.4902579305
	-0.7899333838	0.4542617774	6.337692992	2.322430357	0.5528438187
	-0.7869830123	0.3475437592	0.5394259531	-0.1631209126	1.805861486
	-0.6854701475	-0.8905813604	2.891785467	-0.6469163373	-0.005086873934
	-0.2541569061	-1.330027845	1.042639509	0.1975329786	-0.1214362928
	-0.07595463115	-0.8130212554	8.921347472	0.03183324691	-1.521285734
	-1.354424809	-0.6274223607	-5.190101544	1.027570758	0.4530901904
	-16.14643261	-1.203839609	0.8656073535	-2.679885543	0.7860412527
	0.9406505997	0.6760875047	-0.4444440913	-1.152866598	3.982386071
	-1.316811125	-0.3282022565	-0.3301528465	-1.548524143	0.4484405874
	0.2864967175	0.4464760155	0.4016669297	-0.4144578929	0.120955946
	-7.489198817	3.39504988	0.1553766039	1.419431967	-0.1701952727
	0.02062789307	0.01154310848	-0.134394965	0.3822223582	0.077710561
	0.9672977339	1.391910393	-3.706039718	56.35484514	3.116564194
	11.4139753	-2.423253351	1.084110731	0.1796098924	-0.912358563
	-0.5954337922	4.586912837	-2.773801545	6.898726773	-4.050657073
	12.87422121	-11.46641467	13.4448409	-7.850699423	-0.1461614095
	9.604535834	-5.443237662	3.272951836	1.099018946	18.12740607
	34.60299621	-22.34033325	26.5929549	12.59032606	38.23511145
	18.79258491	-8.964836184	-2.670408534	15.92604517	-7.80493066
	0.8088880008	0.5812850931	-0.0937673357	-0.1036763537	-0.4254706435
	0.9595076627	1.605937976	-2.050882865	-2.085820121	-0.6247854228
	-0.9151350195	0.6025866372	0.9632836829	-0.4096351266	-0.2414420853
	1.17324552	-4.186947913	-3.223258056	22.92878585	-3.830306773
	0.08250963394	-1.008497408	1.627769867	0.3263316587	-0.754940285
	-0.002637582643	-0.02140289721	-0.161512134	-2.769440213	-0.2882029354
	2.502446059	1.377690379	-3.206439482	1.816728755	2.269007924
	1.050978444	-0.8719290662	-2.180362973	15.04412971	-6.47967319
	-0.9578121608	-1.046325457	-0.1298001771	-0.4603527803	1.398353968
	-0.8734580484	1.479244891	-1.137814745	0.6355667288	1.063601003
	-0.2124937892	-0.04517780363	1.270484547	-4.126129742	-6.675409324
	2.047154421	20.2075157	-3.314023784	0.3056380195	0.2037961121
	0.008873427431	0.07048556312	0.06785438716	0.7019864079	0.4717128052
	0.01875783369	0.7292375345	-1.594860019	-57.35308007	50.74860826
	-36.29808405	13.07887567	7.084896482	0.4966376474	0.7858161095
	0.5179752346	-0.03128416666	-1.677904103	1.851378343	-1.550849718
	1.464762213	-18.27797507	3.33703723	-16.65998089	6.43410834
	-2.499403753	-3.152499053	-3.501337869	3.117326961	-8.965362769
	-10.51287769	-13.87774261	26.89997133	-13.34631733	-77.19142815
	69.08497962	-22.7058862	-2.871868751	-0.5673642595	-11.6561461
	9.501179716	3.94988717	0.6695265105	0.4994557102	-0.1689227009
	0.456555245	0.6836644805	0.07961891828	-0.6783443163	-0.9653565682
	-0.516890584	0.8080807782	-0.06074296657	-0.3219741929	0.5357930493
	0.1263195565	0.4993271147	-2.428778964	-1.707487528	19.90600857
	-3.350320201	-3.85810134	-0.8548079777	0.4615001824	-0.02038136068
	-0.1118940968	0.3436939534	-0.4118620788	0.04991169641	-0.803985628
	3.017848761	-1.644844876	3.692561658	-11.71788809	5.767115274
	2.034915927	-0.5721724847	1.674953919	2.648712583	-16.5301532
	-7.779711592	-3.76054971	-0.9207574034	1.35870475	0.06791446054
	-2.070220187	0.6135689813	-0.1032398202	0.7082336303	0.1780715351
	-0.5779223962	-0.06608675152	-0.169032546	1.458402699	-5.791463442
	-11.88627567	3.264049336	25.84137292	-8.590543799	3.092450285
	-0.7170374139	-0.181253522	-0.06302954013	-0.8335625975	0.618083418
	-0.1433180785	-1.160885413	3.116919044	-0.3022684551	-31.49315336
	59.03166598	14.62302955	4.544349739	4.743365496	-1.310856679
	1.339371384	-0.7208807493	4.707040539	0.8463835885	-0.3826755303
	-0.392722727	-1.19464239	3.366969453	10.47435301	-2.17994226
	4.838421309	-6.749650614	0.9583819402	0.03307801276	1.928838088
	-46.43262518	28.10306148	-5.417988126	-50.82584746	14.56207055
	41.07861153	-20.29748038	-14.16332566	9.243256462	0.6257289256
	4.745200729	1.786822359	-0.8071770357	-2.875743896	2.088950408
	-0.7029850322	0.7212260865	-0.07217472172	-1.38631348	-0.6153395975
	0.8599486457	0.5452651234	-0.2566076589	0.2471008841	-0.188936995
	-0.9931215495	0.3439543458	0.1315358755	-0.3364029885	3.334195131
	7.756308869	-8.382917072	3.447219824	0.7001707627	0.4727094661
	0.2226654495	0.2914734825	1.128016248	-0.8857213	0.0061043462
	-0.2919457892	0.117269843	-0.2173385357	-5.384202822	-0.6066162796
	1.083917675	-4.924915321	-1.532584095	-1.318116267	0.7024895609
	8.39665156	-2.792341328	31.41168355	-10.5481759	1.128928585
	-0.361011465	-0.4992981398	1.080782805	-0.1377834164	-0.1662364173
	-0.05710251553	0.6908226212	-0.1570071821	-1.014755253	-0.3284238703
	-2.730119023	8.951150938	54.96308555	-45.43395963	-17.85786394
	-0.6562641266	0.183172162	-0.2313140306	-0.1431297231	-0.1817459121
	-0.0871321929	-0.9206723295	-0.115571004	0.5842615368	-0.7095586136
	-7.240590164	47.16737138	15.14992352	3.224532318	-1.468491588
	-4.037578021	1.300238108	0.009675791769	-0.0009485148391	-0.2530824255
	-1.463019445	0.1098758413	-0.168627619	-1.435965366	-0.03433943748
	1.905974384	-0.3668507494	-4.373285317	34.42816449	-3.495998662
	-17.77094482	130.2517473	6.550509938	2.955196565	98.45384343
	-27.25257961	-1.043642862	-6.071821925	8.846077044	7.156039448
	-3.10964214	2.365194943	0.2432704725	1.171087746	-0.6449878165
	-1.747162361	-0.458816056	0.07364533617	0.7505807769	0.3302956273
	6.986973801	2.450731557	-0.009688908505	2.809666698	-0.2432436246
	0.2217905546	0.2631832724	0.1541313735	0.3418304426	-0.1411243698
	0.1183936435	-2.526149656	0.6779976982	4.663949337	-1.128830933
	0.626825029	-0.03272036591	0.4917070105	0.8587565058	1.024457184
	0.07094662502	-0.0103818207	-0.6145237869	0.141833917	0.8233622151
	7.590679999	-2.80982426	-12.01766454	-5.182296677	-0.5743154364
	0.585515566	2.025508924	-0.7924527269	-6.671911347	-6.571470691
	4.103851871	-1.246055018	-0.2301556753	-0.7290301593	-0.4332026778
	0.7097053925	-0.8860630084	0.1476257754	-0.07368295269	1.577467062
	-1.161313793	-3.57258631	2.539948564	-12.1736679	-31.94184595
	6.801938998	0.7687085712	0.2937231516	0.8685773959	0.170957524
	0.1358973769	0.3403293019	-0.1369677756	0.828760813	0.17586506
	-0.520152422	-6.230451141	17.20598382	-0.7647830848	-6.28667695
	-0.2347879336	-1.006978152	0.6981737824	-0.05505473595	0.4388329734
	-1.399719884	2.483342709	2.813268039	0.9379612999	-8.089538409
	-2.730092269	7.686688314	1.379283524	5.060279077	-39.17314853
	-9.627180197	13.47498001	-62.50782668	-28.89597214	-54.40138967
	-53.86790131	2.454265485	-1.509968558	0.4797307871	4.776019606
	-4.205109185	-9.88357397	0.3551272168	1.174390399	-0.8209320195
	3.362149655	-11.74957788	6.162819093	0.293562234	2.086440259
	-1.818140015	1.450804216	4.108362943	0.5169822178	1.023676392
	0.03020391433	-0.5852952484	1.336779874	0.04241697709	-0.445135895
	-0.1145073158	-0.3621644208	1.779639374	2.991200391	1.088534748
	-0.9914517836	-0.2793987253	-0.2103932305	-0.2887090968	-1.509045662
	-0.2515787362	-0.1025959853	-0.117583521	-0.03190197287	-0.04569837883
	0.4845752331	-1.420299039	-0.04057832645	-0.05471808391	-3.088947001
	-0.4596521565	-0.3862502423	4.64578205	-21.5775095	0.3587655852
	-5.705635149	-3.825602931	-0.8480423005	0.8629212961	0.609606333
	3.176336905	1.435553394	1.242762179	3.425446618	-1.653318778
	-1.380168375	0.8054053113	0.8930678511	20.58829443	-17.00892453
	-27.41340734	9.123087164	-1.968416263	3.15712662	-1.107587
	0.06314464277	0.001410267261	0.1949896802	0.1468275288	-0.5307100573
	-0.02212514487	-0.08935008311	-4.933254431	2.912629415	-1.556033175
	4.332935074	5.866196607	-0.9638663102	0.1343485772	0.2233222127
	0.3392451619	1.128052248	-0.1486141517	-7.309613089	-1.321210829
	7.11147906	11.02368529	-9.563417308	-1.609210462	-8.142158314
	34.65093775	-21.55042964	43.84189177	-20.32900957	13.19822689
	110.9307271	-2.402883804	14.05022886	-0.6746536252	0.003877845298
	-7.506906438	-1.972412188	-3.619911972	0.1754288238	0.5112219312
	-0.68739447	4.963238134	-7.231458157	-2.708603422	-0.7010861598
	-1.626210604	-1.519831911	2.652531414	8.303328825	-2.652255425
	1.232170288	-1.630523073	-0.8478066759	0.2094416615	-0.322895258
	-0.06032767678	0.07961730732	-0.4898548762	0.5553000059	-9.268629284
	1.181722335	1.001003189	0.6936847224	0.1891384644	3.298878474
	-0.8321251858	-0.2161940538	-0.08771478656	-0.8227725331	-0.01798011717
	-0.2814281277	0.201155094	-0.9977113519	-3.447100808	14.37453861
	1.263157901	-0.02213100498	-0.2637677721	-2.797893988	0.2123353607
	4.829173728	2.76966859	-2.396230501	-0.2871302696	0.5676585829
	-0.218055407	1.744182973	-5.92200259	-4.748542638	0.8307885928
	-1.401875108	5.332637874	3.062472678	-1.055942618	3.782412195
	-25.19743853	124.3654035	-12.27014577	1.461796496	0.7660145412
	-0.5239217397	0.06515228011	-0.03546751087	-0.01861792014	1.222010344
	-1.242348796	-0.08464807276	-0.1506889751	-3.63129597	0.8506069049
	-0.7240283476	2.526746025	-4.352683812	0.4569665482	-0.1540032566
	0.4900254026	-0.1399203497	0.3580036818	-0.7563875145	12.02408544
	2.403625816	-0.2966258177	-15.00090765	8.027241376	-2.547962895
	17.29037696	-34.55950028	51.9829521	-93.10089928	26.91888888
	35.40051301	-121.2421286	-0.1711654998	-7.27119984	0.2012114148
	5.161603986	3.649667109	12.93888131	1.958950919	1.524231109
	0.4323360012	2.299139805	-1.246464025	10.44155337	4.699113684
	1.964446692	-0.5014777064	5.172024789	-1.826481785	-7.082727084
	-2.900539258	