3131	
	0.2907888204	0.08337429823	0.07282187748	0.1254442149	0.1579408593
	-0.6715437357	0.1213406617	0.1104697626	-0.3845151809	0.8635113262
	-0.2345022268	0.2660294379	0.3183427166	0.1137506082	0.09043800353
	0.2664038155	0.3038302688	1.280958447	-0.4673827153	-0.1421952911
	2.946723887	-1.24793348	-1.376454902	4.494066297	-1.525229438
	-1.693884836	0.4671347703	-0.4271457264	0.02232358675	0.2276432198
	-0.2105899063	0.4500363344	1.115264982	-0.6800681457	-0.1684712576
	0.0208037388	0.4670450981	0.08905870724	0.3542821339	-0.02445288462
	0.2060306132	0.03893450615	2.33737679	-0.7092982299	0.7099823664
	-0.2003150624	-0.6403961168	-0.4344518037	-3.158081486	0.1101646157
	-0.3283716512	-0.2995189089	0.7879633381	-0.1561736643	1.153378198
	11.75437143	11.57675777	71.28047921	-51.2048613	5.641599528
	12.79618219	10.5126009	-3.758541708	2.076901462	-0.4768403545
	0.2898594458	0.1016576897	0.6475961506	-0.7486046609	-0.83432754
	0.3930761172	4.614947089	-0.2786540467	-0.8808485703	1.856666233
	1.277960854	0.6262592485	-0.1852197135	-0.6113151632	-0.2516539868
	-0.3159252154	5.67468653	-9.026532884	4.737363296	1.549594894
	0.7136394236	-0.08185870032	0.8924462261	0.3950658196	0.723767379
	2.951710442	-0.3693580633	-0.7007208097	-0.1145663482	-0.1568395779
	0.4054136902	1.759961919	2.086860813	1.578706091	-1.320746413
	-1.047274044	0.3237384582	-0.03785064462	-0.2707959699	0.09710053586
	-0.134020958	-0.4142110689	0.545718519	-0.06306982738	-0.1162289809
	1.048896112	-0.3455778798	-0.1214558992	0.2870006878	0.05218679532
	0.1652777324	0.4143781874	-0.3817741782	0.4465855082	-1.409593968
	0.7761025427	0.04345127021	0.6823534086	-0.5745063665	2.66347634
	-12.06431005	-0.6032282314	0.3540520994	-2.366483476	0.1342714867
	0.2121781644	-0.4367876569	0.6797288298	-1.028399801	-0.1267112431
	0.04107473717	0.472187383	-0.02177017286	-0.2828608864	0.07263794962
	-0.08869314813	0.06714893812	0.1510692275	-2.095315311	0.1383959665
	1.091515674	0.1717982841	0.1713601465	0.01817224909	-1.469943389
	0.4085316864	0.3196098672	0.3169406723	0.2390339688	-0.4601944743
	-0.3001523286	-10.27973999	-22.01409339	-55.89338166	-29.40161649
	12.14575837	-14.38080073	9.590859086	0.3492444457	-0.8677673158
	0.4991192534	2.800622626	-0.241826038	-0.4618417164	1.407740956
	0.04170527083	-0.7777410859	-0.7724078885	-0.04802865278	1.240435696
	-1.800755492	-0.0005869782272	0.070566259	0.4168929691	-0.9138281838
	0.7275236254	-1.962281904	0.5957870041	-1.389834574	0.5366155864
	-2.898870472	0.5562318204	1.437212251	0.3525197725	0.5810159412
	-0.9847529803	0.1957646888	-1.040430999	2.846004998	-0.05116006595
	-0.6924526301	0.0738055272	0.06645940019	-0.5912202725	-0.8557387679
	2.016884578	-0.2454608589	-0.0446761559	0.3185677773	-0.2278084702
	0.1718288985	-0.1095139364	0.3069281546	2.205160349	-0.3391836145
	0.2565217547	0.812029585	-2.036936133	0.7267362773	0.2196131637
	-0.4588235642	0.6317695459	-0.08232226957	0.9544127273	-0.2346411132
	0.664193941	0.07429571234	-0.01278118452	-0.09553188691	-0.2545106002
	0.1748107493	-18.8763419	5.853135024	-1.873314716	-7.259627197
	3.573804389	0.1097397824	0.7278992717	0.01577305692	-0.2559391588
	0.1472619491	-0.2971206451	-0.1682719496	-0.008311488355	-0.1114847854
	-0.1094357525	-0.3054117398	0.25191207	0.1554396774	-0.4430427507
	2.858586063	-0.1149321786	-0.2462672148	0.3986997893	0.6974676422
	3.391418401	1.75061197	-0.01149396026	0.4408327166	-0.1075481222
	-0.7325339127	-0.6121597234	7.514900298	-1.407932665	15.73446203
	0.7521673088	1.054607448	1.668883346	-1.112494059	-0.963039229
	-1.182909422	1.625641577	0.4522217529	-0.6434339679	-0.5784007022
	0.07985046811	0.6598894384	-0.02661666719	-0.3119746468	0.5621618752
	-0.06044349981	1.13733406	0.708895455	-0.4388228507	0.4932461936
	1.547255101	2.113294799	1.240820339	-4.338232269	-0.4768959
	2.075767579	-0.5608331006	2.408326858	-3.018531666	1.369098378
	0.1417768457	-0.1527097837	0.8995059655	0.327896331	3.955255077
	-0.5962334774	-2.905480775	-0.102211687	-0.9002549078	1.221784244
	-0.6116843457	-0.36328964	1.009216644	0.01877575903	-0.1607031249
	0.1105575677	0.186133536	-0.4836747526	0.2351192764	0.4032781672
	-0.2806063304	0.189901104	-0.0002857807108	0.224459755	0.436027718
	0.4384477068	1.774970135	-0.02239865747	-0.2752001528	-1.472104879
	-0.7301076522	0.2435947227	-0.1405861497	-0.05186375505	0.1213245647
	-0.1533105089	-0.07974555358	1.206768114	0.7607081851	-8.7948845
	19.85386472	2.925881763	-1.37927569	-0.2545800291	-1.169390836
	0.1449070096	1.095162824	-1.660263203	0.4118402386	0.3853781975
	-0.4108018357	-0.09797080943	0.7925069901	-2.710952838	2.371387962
	-4.371923588	-0.6277071311	0.07576760018	1.660461775	0.4084923913
	-0.4479704912	-3.282183742	0.07295637293	-0.2073818324	0.8529865833
	-0.6548369587	-0.04207481108	-0.01977080971	-4.323107393	-5.006060964
	27.85570461	5.467159838	-0.6423238807	-0.2381953969	1.352132753
	0.4817401246	1.231214081	-0.08916496066	0.8272528228	0.9317368003
	0.2360572709	-0.4215096241	0.6734638937	0.02294364305	3.035748715
	1.494143418	-0.303654948	-0.6768983834	0.5194184907	-0.5157289598
	0.1690556868	-2.800935387	3.587875725	-0.6742017153	2.191411755
	-0.8362229602	-1.238856214	-0.7036779932	-1.226413411	-0.4773792674
	1.898141356	-0.4292310571	-0.1085523394	0.07475519658	0.8748252696
	0.9690025642	-0.6070848863	2.337268137	-0.1711854074	-2.383237869
	0.8283318065	-0.1170448939	-0.06979801077	1.431245504	-0.1743826849
	0.09384118337	0.07966650555	0.04619524618	-0.1389602297	0.3704463242
	-0.5718698228	0.460883872	0.03643389218	0.4426134356	-0.0712142815
	1.243205086	-2.456159556	0.3310254018	2.374105462	-1.282525435
	-3.439462201	3.627735993	1.830613033	0.411795987	0.3457056594
	0.4055545686	-0.5181147913	0.274313345	2.714950036	20.31969247
	-14.03066076	40.86645162	-6.054641726	2.039757984	-0.03784871784
	-0.08599068978	0.6182217063	-0.5996280507	1.171650648	0.8143510203
	1.116610407	-3.209684151	0.03362249796	0.1321664219	2.58471226
	1.214766159	-0.4487299448	0.8667908016	6.57144101	-1.074060327
	0.6968869153	-1.833749917	-6.300521161	-0.04519165432	0.5339144318
	-1.295215705	-0.3299492103	0.5355445362	2.586146009	0.9660788345
	0.2408687453	-2.750054131	-4.766776819	0.3093635987	-0.21592805
	0.7778337873	0.5598887157	0.3784660459	-1.132382334	-2.229393591
	3.310758819	1.092389349	1.148708978	0.930764374	0.560869646
	-1.338455	-0.1375059568	-0.2088146705	0.1448343176	0.2915003636
	-1.066470547	2.766057788	-0.07578851761	2.683766436	-2.861001334
	1.557225451	-2.597228809	-0.3183657239	4.659203176	-0.7520477717
	1.11834093	-0.9257361763	0.1240859715	0.3132947901	-0.6361476651
	-0.9755964457	0.642133704	-0.8717243265	-0.2139262816	-0.5462301909
	3.007494861	0.811911356	-0.1886539766	2.407947933	-0.2675237879
	0.040195525	0.05754898098	0.02404965048	0.1703954408	0.1050027419
	0.1866114243	-0.06966802289	0.07456790641	-0.4152475513	-0.6741445322
	0.2695522779	-0.8189575622	1.04481547	-0.6724942665	0.2334131527
	1.159294838	1.624377785	6.079006783	-3.788454397	-0.7263005892
	-0.594878974	0.4683179275	0.560175757	-0.09143809854	-0.7005007967
	-5.228274896	-17.02914158	-28.83724599	-2.20168914	3.517937134
	0.1427620953	0.6497742876	0.569510787	-0.2330770753	0.4133077264
	-2.740044543	0.1155080099	-1.051909504	0.3144685675	0.02381713516
	0.7220232133	0.8533350709	5.850780366	1.365622951	-5.069901707
	0.1071108456	-2.266762315	2.755233159	-4.442770061	1.051351877
	2.73208017	-0.7163670645	4.434066606	10.51354273	-4.152245604
	-2.386123071	12.21362936	-0.3207326008	-0.4790871596	3.339378705
	-0.4354856923	-0.6382532999	-0.595719468	-0.2139785658	-0.5518157151
	-0.9005737143	0.5325415924	-0.8342263417	-0.3810107365	-2.286276775
	0.9141565654	0.9654336384	-1.077110599	0.1554706618	0.3785382735
	1.161561396	-2.099692567	-4.171783996	-0.2659399514	0.2844935127
	-0.141450348	-0.1003937334	-1.025100812	-0.1149170746	2.523890551
	-0.2350100277	1.879217094	-0.713406599	6.290825561	2.008033636
	0.6026986251	0.6174750113	1.38357608	-1.524540731	2.656460116
	0.1364570838	1.380451439	-0.3730395483	-0.5221298357	-2.652526112
	-0.508532865	-0.2937864138	-0.1080279652	0.2524432344	-0.0272402302
	0.3631898882	0.1916647398	-0.06825330862	0.3967691366	0.3574769394
	-0.03832072554	2.575100718	-0.5751638932	-0.9296821453	6.089957457
	-0.219565664	0.546088259	-0.6751854638	-31.57244396	-0.5211980912
	-0.1172669111	0.2785119867	0.3535085825	-0.6018382704	-0.07638218465
	1.179171043	1.475316142	58.38444246	5.063675969	5.629002149
	0.6329916467	0.0498820922	-0.0455701554	-0.6492639456	0.1043195191
	0.4533925099	-0.6005908974	1.403726762	-0.6002752689	0.6101363751
	0.3395507084	-0.2090354088	-1.009864333	-0.517089903	-1.125431536
	3.792201595	3.260357732	-1.082028484	13.69062137	-3.833726842
	-2.440583137	-11.17254752	-0.8195382652	9.034473626	-1.580840122
	8.969795153	0.05548197307	-0.3204997983	-1.295161759	2.287219196
	7.636353511	-1.645578202	0.09187423694	4.575395265	-0.1870412709
	-0.1624054431	2.318505604	2.971532101	0.3067498455	0.7107162615
	0.506630611	-0.4066443473	-0.2657450843	1.231037712	-0.1867454374
	2.339862611	-0.3536739645	-0.1566068705	2.469341902	0.4369877786
	-0.01792475729	1.592345736	-4.072236796	-0.3305195743	-1.761011431
	0.4429739173	-0.2452582897	-0.4165142326	-0.8308769793	0.5162591684
	0.6124836772	0.1529262671	3.819558404	0.4690759157	-2.244983084
	-0.8463666217	0.1357942988	-0.4338456586	-0.5896204023	-0.06689898407
	2.651574393	0.1851001369	-0.07879161232	1.307872224	-0.223459569
	1.092271287	-0.1222350539	-0.5108100048	0.2528303763	0.1713319505
	-0.1235015199	-0.3167646968	-0.3515120638	0.3188364095	-0.3136875811
	0.1844700363	-0.7826231905	0.5844240809	2.993903533	4.113127377
	7.070910751	-0.5146132142	0.9171762538	-0.1802013584	0.5260876193
	0.6944030376	-0.09127338226	0.5611303135	-58.38885137	-21.26567365
	2.389151959	0.1806118843	-1.284401678	-0.3054914496	-2.300903739
	0.5507883766	-0.448863143	-0.1217358271	0.4073726367	-1.436184755
	2.823173369	0.6601507822	-0.2861551239	-0.05216523947	0.665034397
	0.8606967427	2.142073263	-4.062019655	-1.02619424	-3.359272256
	1.694245325	-1.138772842	-3.204079762	4.619043697	7.817424148
	-13.86112611	-22.929701	-2.329208806	-0.9003367456	0.3962904221
	2.475685891	-29.1872187	5.234509798	-0.9255439724	0.4522456348
	-0.3537687755	-1.940553527	2.281825282	-1.300875048	-1.184069034
	0.2010540904	4.75151771	-2.760303718	1.834265875	0.5727731747
	-1.666510088	-2.230447153	-0.9052687887	1.086934299	-0.3862850901
	-0.2145581322	-0.8067657982	0.6973634254	1.364164689	2.007041601
	0.875594178	-0.8970304972	-0.3793102882	1.357429935	0.0533625043
	0.6437626008	-0.5720862787	-0.5593015867	-0.1142505696	0.9923064365
	-0.5939450887	1.587355963	0.2717449931	1.031985888	1.883964252
	0.693484363	-2.607969239	0.8393028828	4.735825968	0.4207826301
	0.5583744616	0.8186042283	0.6044559333	-0.3508124435	0.1246950201
	-0.1394964188	-1.071958746	0.03080925411	0.09716731495	0.8658407176
	2.305729792	-0.6409477156	-0.2043178736	-1.661312865	-1.075211628
	0.7272540862	0.5966705969	0.218429535	2.648375916	-1.029203215
	-0.4195165323	0.03583808818	-0.7976535491	-2.87893964	7.391489429
	77.75185102	3.32016182	-0.2247159653	-0.4969556324	-0.4287781873
	-1.616051389	6.820685263	-4.88827515	-0.1227758484	-1.082428186
	-0.2379870434	0.09123886378	-0.06976884044	-0.7204865101	-0.2864773079
	0.8890881202	-1.413468117	0.3831944295	4.405579349	1.49362944
	3.047346541	-0.8396049088	-1.243070353	5.138843811	-1.379046909
	-11.46088631	15.46921128	22.40777318	-3.250259209	1.262653964
	-2.670176288	11.20219595	-6.11026619	4.646240641	1.388651816
	1.230940015	0.5490514899	4.078910907	-5.175917671	-0.05375108446
	3.545418955	0.8304125304	-0.8335982869	0.7539405464	0.8206870097
	-2.244563053	0.6302609593	1.814743457	-0.1562602131	-0.01401823835
	0.8043730429	0.5131451506	-2.078216701	0.4262205794	-0.1428024121
	0.8324510484	1.334754806	-0.5466856287	-0.3037694027	0.7551582163
	0.02845252172	0.1784804142	0.6855902826	4.6271831	0.1428946297
	1.00360991	-0.3547491231	0.2821626737	0.5724742395	0.9356047365
	-2.387235395	0.816956802	3.257900446	-0.6724217897	14.41272627
	0.1847353541	-0.4550042746	0.7059564335	-0.341001432	-2.678017763
	0.8639263518	0.09063013414	-1.822076475	0.1021066166	0.07053140096
	0.423830958	0.2479309142	-1.356712898	1.32798195	0.5441385247
	0.6611285441	0.148770151	1.011988756	-1.302114096	0.009815304101
	-0.3250806742	0.00562971571	0.4660635989	-1.051619911	7.735516734
	17.31506929	-71.08515572	3.125430598	-0.2621016302	-0.2121330587
	0.09468311991	0.767434031	11.6555272	-34.8144934	8.217628687
	1.464605992	-0.5189004921	0.2794090167	1.702087436	-0.6155020694
	0.01678106223	-0.3828082566	-0.2718582754	-0.02316244403	0.3829861955
	0.1704572446	-0.2469939551	-0.4875614335	-1.32214502	1.689283539
	3.611109579	-0.8242190269	0.7218153317	-17.45914899	5.131160778
	2.386055073	1.149235125	-8.882064716	1.936438583	-0.6917952416
	-1.447920453	0.5405439547	0.5418938539	-0.9536098085	-1.433421471
	3.454874448	-4.42330061	6.493364611	0.9198983935	-0.4863342384
	1.60387945	-2.07383119	1.219564684	0.4467850608	-1.369866385
	-0.7805588225	-1.432314262	1.633985427	1.511833931	1.313737601
	0.971748458	-0.2699667363	-0.4069347874	3.119982058	-0.8665213244
	0.1207707818	-0.3660647029	-0.2806605731	-0.4706684624	-1.027660963
	-0.4680951091	-0.2922375674	0.02350567201	1.261158683	0.2460265593
	1.012702662	-2.087725995	0.8349744211	5.057314979	-0.3284786632
	-3.978772192	-0.6945147778	0.161189729	-0.152950259	-0.1269982959
	-0.1996119992	1.165434577	-0.2523491681	-1.754381112	0.4815694433
	-0.1678520708	-1.353207249	-0.09339875366	-0.417245721	0.2168614544
	-0.09381304764	0.1305227329	-0.007005733515	0.2675979251	-0.04558308048
	0.008146732973	0.2586670357	-0.312773283	0.1817601466	0.4442583711
	0.9922493709	-9.345805997	6.922289128	3.88537443	-3.212682615
	-0.9209468245	-0.01073031843	0.05338832053	-11.12701465	6.279728164
	-5.923734532	-0.5417885098	2.189967483	-0.2316634633	2.384714329
	-0.7806600022	0.6627000352	-0.5831574959	-0.04188610652	0.2660030525
	0.3825360057	-0.08303800612	-0.7711102405	1.408929691	4.614900469
	-0.03050596434	-15.59638237	12.67493234	1.611297909	-0.5728877703
	-11.9989237	-17.94779824	6.008697303	-9.274783643	2.796200501
	-0.4431054823	2.564099839	-0.3033912102	-0.9881618047	1.178297598
	-0.06493077814	-2.809083225	-0.5324479846	-1.59046273	8.346335608
	1.332389418	2.088382555	0.6239623134	1.365568347	-1.294170729
	1.669390936	-0.1878060262	0.9698655101	1.481901716	-1.929459309
	-0.3851931787	-2.039452857	2.246141448	-1.140548666	-0.04701148376
	-1.222357286	0.6162459665	0.7501965577	1.484283153	-0.5694611118
	-0.3766334557	0.5490246503	0.8526834288	0.15383158	0.8251182585
	1.770865309	-1.445230183	3.105224815	0.273423857	-0.4431987286
	6.025866122	-7.577747794	-0.08596978643	1.123189427	1.565475206
	0.3623682452	-0.1347273169	-0.8327508365	-0.9942373302	-0.1908612603
	1.159867614	0.05020552869	-0.2573593279	-0.04368255371	-0.1449678784
	2.709675365	0.265611769	-0.4436388464	1.92185227	-0.8983702014
	-0.1472827088	-0.2149741556	0.3460680807	0.790710114	-0.1051278907
	-1.623451436	0.6756850778	-17.89031632	4.18590355	0.0603206473
	-4.366754553	3.002895167	-1.334747549	13.33773399	-2.815144755
	5.92359977	0.5618337059	-0.1016785653	0.1972636201	-0.2403012221
	0.3769729601	-0.6015867158	0.1467841491	0.3669379363	0.07480950637
	0.3170251294	-0.7510257975	2.298154602	-0.2055381109	-1.99098977
	-1.657970365	-0.7959566069	5.768232607	0.7374454759	-2.984508334
	-0.5103811837	1.099182366	17.85938148	9.028743791	-7.289911695
	-0.7139970411	-0.1633542104	0.4943408552	-0.2345449197	-0.2337460702
	-0.2563919302	0.6521311624	1.782968746	0.5490012246	-0.978628936
	1.847722296	-0.5323551817	-1.098646767	-0.06129152711	-0.03617923937
	-0.3768671531	-0.3424562659	0.2282317169	0.4070357064	0.1034614079
	-0.6570863187	1.06356634	2.228894721	0.3138478508	-3.20309017
	2.465251096	0.5312435	3.062481553	-1.026238181	-0.7998398962
	-0.2922693955	1.385718557	1.108960658	0.3678974361	-0.07288836871
	-1.026374804	-2.308778448	-0.5251846504	0.7839021805	0.5828816165
	1.201499733	0.729820083	-3.592686294	0.9319111739	0.6979530853
	-0.4033027838	-0.1029929498	-0.9842523515	-0.04191555565	-0.3205774613
	0.05409666428	0.2676086013	-0.7823077559	-0.02912619229	-0.193626803
	0.6078511213	0.9007777465	-0.4806256	0.03174318298	-3.466369662
	-0.938108956	0.1940928038	0.5325355752	0.6204622352	-1.5970023
	-0.1428926376	0.03776352908	-0.4436063801	-0.1469979492	-0.4047809367
	2.167411488	1.489226694	1.12626065	-4.93550354	16.70308567
	-3.137510431	-5.456185417	-1.899111755	0.6519739666	-0.3131984749
	0.07166074144	-1.175259241	0.8868242385	-0.3556866303	0.07327753128
	1.130188533	0.8550986785	-0.5615267175	-0.07716424285	-0.3029163926
	1.927546687	0.8769585943	-0.6651952612	14.96656412	1.334939593
	1.766714064	-0.09741740642	4.035528818	-8.478522606	-5.605943132
	18.4451101	8.218014437	0.6812378047	-0.04968248412	1.830953762
	0.4111085932	-0.04271386702	0.6948099775	-0.8363286951	0.5854957093
	0.6228714116	0.2025798024	-2.932065174	-3.006602818	-0.05233636793
	-0.2948612265	-0.3881106517	0.0294160329	2.749713479	2.398834474
	-0.1539776839	-1.40826678	1.640043952	-0.732477272	0.3666111989
	2.862398916	-0.8863444471	-0.4806841225	1.479903838	-0.2017262296
	-0.03295549838	-0.2431404117	-1.060224075	-0.09916162335	-0.7164324026
	-0.6517642352	0.1916565766	5.518734837	3.61642146	-1.074596662
	-0.09450119108	0.1633409998	0.1991954692	15.43139985	0.03279882468
	0.1011099762	-0.03662480584	0.6950452118	-1.272954761	0.9121106709
	0.2916000425	0.1571305753	-0.001787944729	0.4557468248	0.7155957842
	-0.2486868723	0.0635044307	-0.0139105213	1.582774249	-1.616911762
	17.80771613	1.072799774	0.06139361338	-1.010640663	0.4663639784
	-0.8276214288	-0.2714116519	-0.2820562012	-6.183790658	1.36098244
	8.960157135	0.1508159778	-1.283160692	2.224247656	-0.6465321204
	-1.723096246	3.940347735	4.048591355	3.240049629	0.2393535469
	0.2991718455	0.9905961053	-0.04295817631	0.8769106824	-0.03508828979
	0.04354724666	-0.05177103363	0.8160076935	1.335258069	0.5428571889
	-0.2839705965	-0.9831730878	1.33492883	-0.5481223721	-6.832225634
	1.759201174	-0.4695725677	-0.1975558323	-1.880401759	-0.9730985834
	-0.5313888308	2.267860125	0.8112786344	-1.180781084	0.5523729305
	0.1001654399	0.03854615483	-0.1310866672	0.1442167269	1.01078953
	2.198465352	0.2683966805	-0.327952394	-2.561225113	-17.31274535
	-1.241062801	-0.202594572	-0.2887426555	2.880550274	-4.682932018
	1.130818526	-0.5244992568	-4.581638079	0.6940622821	-1.450323162
	0.2274885998	-0.6808868988	0.4952167995	-0.3379679329	-0.4616532062
	-0.7721608331	0.03876250771	-0.4140898399	0.1491767147	0.01855579379
	1.234849442	-0.1676774099	-2.214982181	2.445119784	-7.069802634
	-2.714010911	1.758914019	3.13654555	-0.7680593198	-1.096976127
	3.752820871	-3.524561974	0.2681691185	0.3626897097	-0.2083685233
	0.007006914423	-1.038060381	-0.1577283702	-0.4425677627	0.1197666486
	1.089904812	-1.399211745	0.2711638587	-0.09805324455	0.2509180825
	-2.036021761	1.258114142	-0.6894649811	-0.3923886798	0.6093943746
	0.1804596296	0.7118474344	-0.4407931824	-0.1836372557	1.779633472
	5.220534043	-5.707261791	-1.946796967	0.7694906885	-3.626893817
	-3.366405515	-0.9228698659	-1.150613181	-0.4644035915	0.1170092912
	-3.921566328	1.293819856	-1.956295411	-0.02402520055	-0.6685621577
	0.02357135915	0.02913253525	-0.6097440187	0.3873631765	-0.07427112116
	0.8793686888	-0.5827011162	0.04813386091	-0.2310436379	-0.1571922082
	-0.69433949	1.702509962	-0.4242867258	-0.1567276831	-0.2177048159
	2.681999154	-0.2002220622	-0.311092101	-0.3003424688	-0.4066394262
	1.364864844	0.2232552202	0.006737405008	1.361243184	-0.3020505512
	0.9950859665	1.227112595	-0.2192180395	-1.0373647	1.458646295
	16.87070684	1.479279897	0.3800773024	0.2232404978	3.889688093
	6.611427743	-0.656844613	-0.3300550162	-1.395678636	4.065308676
	-0.2034828273	7.627561889	-1.392660359	1.411664884	-0.342631877
	-1.850867675	-0.2294524867	0.1901285315	0.2472818398	1.273417947
	-0.0586991637	1.120105081	0.2378152301	-1.010158555	0.8538242247
	-1.156336439	-2.345212513	-0.7748748608	-3.154687858	-0.5942980759
	0.4322512659	-4.047095939	11.62208179	2.956551108	-0.78428029
	0.9013708818	-1.913304069	1.899247629	-1.700372534	0.6523626959
	0.1004885875	-0.06191045634	-0.6701682208	0.8409088586	0.7940511916
	-0.05039495382	-0.003683182857	-0.2680079801	1.047281639	-0.4574038994
	0.1942065011	0.05114338209	0.4859014279	-2.196879213	0.8628503966
	0.2998595699	0.2712880977	1.437213254	2.153386216	0.1590745174
	16.94738146	-0.2993046233	0.7431123939	-0.6125355248	7.509731967
	0.4527632099	-6.439807749	1.233311159	-0.4294310125	0.2995021439
	-0.08623798305	0.1694059795	0.3707417232	-0.2225199084	-0.02285793964
	-0.3597817944	-0.2974814766	1.647886374	3.046050696	-2.054042875
	0.3756990306	-0.2146304701	0.09496915512	0.2349903946	-0.2777718813
	-0.2138333341	-0.3866855481	0.4021045035	-0.1144912354	0.6394515039
	0.9401150482	1.104673737	-0.3863886845	1.571753198	-0.7633468665
	0.1529646418	-0.769312537	-0.2568821455	-0.5470289366	0.2139496335
	1.492995451	12.5919387	-3.120669277	0.4384707972	-0.8489938651
	-8.371960831	-4.941146123	1.760680017	-0.8069242912	2.728756494
	-3.18750863	-2.453661812	2.973262741	-1.138380196	2.533481412
	-0.7428393418	3.253448461	-2.032094809	0.1755041281	0.3184488684
	0.1488439954	-1.320920286	0.06637158991	0.05115661101	-1.148191194
	-0.6640544736	0.5763249189	2.256355185	-3.596457289	-1.687628097
	-0.4772114962	0.5208486838	-1.069971542	16.58864244	7.408258465
	-0.7136529922	1.238963618	-3.473135038	0.5425474495	-3.814098957
	0.8847286659	0.2309118963	-0.4797537852	0.7656867508	0.09718123754
	0.213644883	-0.3654113166	0.0269105388	0.4587776599	-0.1465322027
	-4.00883971	0.2082492341	-0.471542272	0.6751627415	-0.1924196733
	0.1886686491	-0.3498507942	1.670177674	-1.753684561	0.227946078
	0.1203321662	-11.11771393	-1.604222211	-0.218741224	5.091111326
	-0.9350361851	1.308183896	-0.9491048408	1.61169089	1.852010705
	0.5601244452	0.1683489792	0.8624359169	0.06624917403	-0.3383099349
	0.7257404979	-1.286141914	-0.2097693161	3.475352061	-5.632624979
	3.036185108	-4.48328264	0.7398385102	0.1797634729	0.008185591407
	0.67125718	2.465253066	-2.956560123	-0.5803662206	-0.02367620039
	0.4665849747	-0.449915235	-2.121476317	-0.1029068043	0.9793460028
	-0.2129029724	7.349532636	-1.197141001	2.03089553	-1.043546736
	1.637586133	1.237036113	-1.039065156	-1.351123719	1.030978708
	0.9225510081	-0.05481367955	8.981479801	0.4122943052	1.92147207
	-3.025325074	0.1033166864	6.640106513	4.732568853	-1.293401344
	-0.3019560995	-1.316623119	2.610932171	-10.13220467	0.03914766848
	0.2947328303	-0.08096791601	-0.6949316228	1.049282981	1.592189097
	-0.1271854728	1.414147326	-0.4131700807	1.006975577	2.88135043
	3.403040303	-0.6823641319	-0.4769792434	-0.3620671766	4.03309303
	-0.6674874589	-0.2983039417	-0.5646875223	0.6273655377	1.237419874
	0.3004442533	0.2924092377	-0.6392311979	-0.01528150818	1.641730609
	-0.1371743017	2.093224472	0.9762070967	0.2164226038	0.2547136047
	-0.4550684749	0.3397269397	3.024872594	-0.02782461083	-1.159629157
	-0.08631089845	-0.008009593649	-0.9595685653	0.9852988049	-0.2788737715
	-0.1936286708	3.335030346	4.556175334	4.171804888	0.05006415357
	0.2081738287	-1.200693948	8.169442367	-0.694269385	0.02139875678
	-0.341567252	-0.01416994603	-1.067466925	0.7540654877	0.289655522
	-0.5135090144	0.6549151433	0.8867128426	0.08044620984	1.894571166
	-3.447209619	19.92528586	5.04799809	-0.1067001719	-0.1038879276
	0.5498156409	0.1911197101	-3.120194316	-1.147652175	1.205790677
	0.6177072754	1.676842405	-0.5816090458	-0.2617813749	-0.01282570214
	0.9363996648	-2.415152781	1.080448921	-0.2180790419	-0.1872994438
	-2.545239785	4.611618866	-0.5021626504	-1.046737751	2.079972171
	-0.3091069469	-1.487073588	2.404706127	1.859638041	-1.3025474
	6.218610602	2.603824748	1.638066457	3.474148329	1.444512369
	1.368093222	-0.1404980733	-0.3311832573	2.306809819	9.002970516
	1.538615781	0.4320683201	0.35075739	1.441701775	0.4512529079
	-1.046793026	0.9234703697	1.326108953	0.7941384398	-1.68692978
	1.73833287	-0.530867622	-0.7838315419	0.8286266622	-0.9176954901
	0.384434008	-0.6406646883	0.1181023618	-0.09983997341	2.473662516
	-1.229079729	0.1751049433	0.6483237132	0.4534611512	-0.09915735289
	0.08666927195	-0.00822372878	-0.2522267068	-0.1356494983	-0.1080748519
	0.2170762748	-0.2614528762	-1.571568643	7.123786918	-0.07811525051
	-0.3098254095	0.05594775896	0.3093302039	0.4774138981	3.973106523
	-0.3385437461	-0.06352751178	-2.224675725	-0.3839620778	0.4761334255
	-0.1050516634	-0.3182797132	-1.171810413	-7.523307637	-0.8155282158
	2.106070866	0.7884738712	-0.2586025976	0.7685707034	-0.6681049841
	-0.1084459855	-2.412962716	2.887146732	-0.5381924179	0.318371325
	-5.403521091	1.617371369	-2.604606912	-1.28820589	1.103975742
	-0.1943324884	0.5132875629	0.5735820742	-1.414829978	0.4465149767
	2.019300436	0.100071585	2.994448892	-0.6910650103	-0.4357590024
	0.004308776943	-0.02604380824	-0.3405013389	0.3795589046	0.838788089
	0.8196656674	0.9077551696	13.66229426	-2.491106632	-0.5976174182
	-0.6602864244	0.7321940482	1.653336441	2.147489574	-0.6917596015
	-1.247492738	-8.119144348	-5.885195659	-2.726381462	1.124886762
	-11.91094024	-0.8217505837	-0.7533258461	-0.2249008952	-0.2219762165
	-2.130888191	0.3545100729	0.3607272623	-0.8048090426	1.544250176
	-0.1506608741	0.3231309672	-0.4730738996	-6.116670565	0.8411380313
	4.28427771	-0.2144365602	-0.8408961376	-0.4758526417	0.1698801024
	-0.3130223711	0.4074587266	-0.1045043189	0.1976348194	-0.08788100035
	-1.130381875	-0.2412871775	-0.2018747065	0.5786112427	-0.1829498329
	-0.1991936002	-1.703029141	-0.0009294710907	-0.1348342984	0.3329309169
	0.8727970989	0.6659561397	0.7364332035	3.940312731	-2.548609359
	-0.7128889737	0.3606441287	0.1862385456	-0.2497048041	-0.09172819301
	0.1430938613	-0.02895578545	-0.4552567042	-0.1608315475	0.8732509114
	0.676714692	-0.2143207807	-0.5927942826	-0.279746581	27.29872621
	8.623723843	-9.341808096	1.89295758	0.6046134176	0.8279468102
	0.5912360798	-0.06643181871	-0.7215126772	0.3416449364	-0.6574313
	-0.2805886827	-0.4230228419	1.308933529	0.03337587366	0.01854918471
	0.998041399	0.01375552009	-0.3276680572	2.206331525	0.1932962497
	-0.09407002583	0.5689477766	-2.206003862	-6.894370441	-0.451845395
	-1.024802369	-0.1351660976	0.1104767882	-0.1185205929	-0.1346787566
	-0.7961294554	-0.4615674148	-0.4360017439	-2.376261842	-0.9662708465
	-0.6148548651	-0.3585890183	-0.6540688872	1.063479669	-2.668733803
	5.660678485	-6.441724524	-4.968876864	14.34949112	-15.68960142
	3.392199013	8.156504117	-2.774938733	-0.6638346925	-0.7470982257
	-0.4347084394	-6.783774523	1.019280323	0.4441234079	-1.036270228
	-0.8254191786	-0.4681938876	1.11713248	-2.983901645	6.323760445
	1.222377082	0.7623821616	-1.200490152	-0.0299341743	0.383227229
	1.217899884	0.7190442513	-0.188507215	0.6849170176	0.7392055718
	-0.004930761701	-0.08369822137	0.893028654	0.05202002618	-1.206267493
	-0.04570759478	-1.08514762	0.9137445449	0.311808964	0.02344969958
	0.1618311918	0.4075872064	-0.9563887318	-0.4717329903	-0.7501480696
	-0.8334996744	0.08052753567	0.2317242641	0.05503514413	0.3399092694
	2.260744138	0.3550889725	-0.04572508347	-0.06620585551	-0.171856886
	0.04498704241	-0.3002314398	-0.1170183207	-1.081170286	2.561835711
	-1.456272432	-17.73712437	-3.791336794	0.2136296468	-1.388204997
	-1.335144547	-0.2042010649	-0.2270887356	0.4283359397	-0.3147681182
	-0.4739138399	0.5841715486	-1.285589826	-0.2108432296	-0.1360814565
	-0.2209718446	0.04023540238	0.4053657217	-0.2172254824	1.041853825
	-0.1704790792	0.823384186	6.476780403	12.28269771	-16.26892574
	-2.378186444	2.017535804	-0.8134123136	0.08075245371	-0.1138874145
	-0.1566302648	0.9969649294	3.18045696	3.252002171	1.491972204
	-0.3254331629	0.2190486286	-0.6255431493	-1.875079221	-2.959664164
	3.964522196	-6.192252246	-9.328983088	6.531781405	2.182069978
	18.37291012	8.416305365	-4.225661123	2.053010828	-7.768410371
	-0.54170917	0.5257336333	8.495176607	8.698777769	2.64552843
	-7.332104637	5.59239365	-1.687227418	1.679969787	-0.4134202303
	8.02620609	0.266352291	1.929295045	-3.694239422	-0.1783190462
	0.946484469	0.7686117666	-1.257150474	0.06267548238	-1.515332219
	0.2596560137	-0.23230759	0.5251956043	-0.9307977095	0.1844183134
	-0.3329777764	-0.3344986602	-1.001324918	0.2446817345	-0.03123995717
	-0.2494664465	0.1010338416	-1.026547706	-3.946667992	5.402320903
	-0.1633234739	1.629443042	0.8144886469	-0.04068978987	-0.07234840338
	-0.3242764093	0.5176242372	-0.1174609547	0.1724147277	-0.08336630218
	-0.2548514834	0.3239812646	0.386708656	-0.003172716583	-0.1563638519
	4.568121951	-1.95722944	16.88798197	0.2662909872	0.2134275511
	-0.2545326817	1.870184657	-0.212540387	0.8743133303	0.5554224374
	1.405509318	0.4999829223	0.7327345813	5.610450549	-0.5709884721
	0.5180648246	0.4205918732	-0.3562336392	1.350751037	-0.4450516556
	0.02674199941	0.01262073132	1.701670322	3.27566506	6.215381698
	34.41793856	5.307671425	-0.2884876285	-2.771849147	-0.02929520399
	-0.1405836179	-0.1187652843	0.8586366722	1.108367799	-2.537976786
	2.18382404	-3.323595744	-0.2646885115	-5.39887785	0.2902879735
	-0.8966248701	-3.43714573	1.50026329	6.746721823	15.59970361
	-23.90726547	-9.469413615	-24.36434979	6.019035233	8.14246768
	4.466439678	-1.247149189	-0.7122090952	-4.928025015	-39.77622663
	-1.998948612	-15.50924984	1.849279634	-0.6635719809	-1.166256692
	-2.951349435	13.97362699	-0.8189117815	0.7542398155	-0.8273354206
	-0.154429657	-0.4028585794	0.4199435904	-1.706498007	0.8202746439
	-0.1048661657	0.1436582166	-0.06881205017	0.6698740074	-0.9121337022
	0.008830446478	0.06147414819	0.3524934667	0.2073064502	0.4497227789
	-0.4154248826	0.184549187	0.5385877844	0.2011654222	6.754212291
	1.797574036	-0.779253426	3.065696822	-0.8276204845	-0.220058968
	-0.4765340789	0.9427567499	-2.014529524	-0.3751738071	0.3102652445
	0.2275999901	-0.08483168746	-0.2860478567	-0.05816593155	0.433659377
	0.5639039862	-0.2537950123	2.186437035	-13.19213703	0.3900803588
	-0.6269875077	-0.388466897	1.403525428	-1.573853504	0.2052500501
	0.8771519224	0.6417315765	1.017259602	-0.5041407921	-0.6733013471
	0.2308147265	0.1573247191	0.1631478889	-0.3388366481	-0.4788869048
	-3.34453459	0.4985964871	1.924951505	-0.3132886646	0.1983347165
	-31.70304352	-19.57594943	-1.999091361	-1.0319363	-1.506282502
	-0.05603483834	0.1766851023	0.3467367914	0.05377944848	1.611592511
	-2.765333253	-2.879124526	-0.3644065163	7.319901896	-19.03388075
	10.92150965	1.020871279	4.407888399	12.4521943	-0.7495539388
	-21.51741738	17.31599639	20.35472026	25.64869434	-5.05977976
	-0.409372922	5.479577818	-3.355755184	-3.065540239	-0.5929491639
	-1.257274385	7.699071104	2.397458007	4.466325721	2.778568165
	0.9479698501	-0.7608062384	0.732721179	-3.226557196	0.704748227
	0.002077256943	-1.24144023	-2.721109784	0.6325369299	0.5969990453
	0.01735827961	-0.05764493184	0.3743546357	-0.1926324089	0.08873658626
	0.8770690939	0.3641369582	-0.1006820045	-0.02862709772	0.4731333657
	-0.08000108854	0.3042393181	0.3851867387	0.02354449535	0.1969944464
	-0.6484340576	-1.950528279	-0.9312636692	-0.5657112211	0.3946337231
	1.696354323	-1.108394033	-0.7936481128	1.641325905	3.321310706
	0.6660829996	-0.8084608297	2.772441922	0.1029217768	-0.07868288871
	0.1349476193	1.528189572	0.4747196953	0.04159682215	4.526128227
	0.8284273298	-1.847310383	3.362526238	-1.502757784	0.8582590498
	0.123715855	0.234778833	-0.5900791352	-0.7089919874	1.712422045
	-1.648615845	-0.4145274155	-0.1598188527	-0.3750158401	-0.119470575
	0.8506323718	-1.162158588	0.4452518301	-4.172661482	0.01637724752
	2.553348072	4.485358682	5.580787737	-2.474354014	-0.546170679
	1.618997788	-0.6030527699	0.3019359424	0.40283524	-0.2414562591
	-2.461524694	3.079304395	2.357432702	-5.729001394	31.67902229
	-88.2239139	37.74070626	-8.146523992	4.511073972	-7.893864498
	-0.6477464251	7.487904615	-3.499853015	-17.34018893	-21.22673481
	7.624153668	-5.59607168	-5.97183069	-6.715816269	18.35430237
	0.6669978186	-0.3493843629	-1.577119955	-0.06977798647	-5.077211779
	3.598534393	0.8202093414	0.0688087315	-0.1866600651	-0.5166966167
	0.3551857538	0.3841657503	2.954200648	0.483732696	0.2846847426
	-0.1107582197	-0.1091979988	0.5075029419	-1.555415193	1.116934024
	-0.2634630857	-0.3410976968	1.29749568	-0.3419053219	0.00857842953
	-0.06198807006	-0.5060718489	0.6187421774	-0.5267861047	0.09913067466
	0.005434290815	-0.01579342952	4.28778	-0.1171200988	-0.6021693592
	-0.7120979607	-0.1349720583	-2.443117075	0.956803448	0.02924767478
	-7.547574002	-0.657366283	0.04032793149	-1.148603774	0.3309787839
	0.4677948431	0.09528191241	0.2407383558	-0.3948150926	1.749220038
	-0.1238807159	-0.1851936391	-1.336499003	0.03380364777	-0.0877932022
	0.9070380224	1.597120729	0.03850831371	-0.3300108474	0.3756597441
	-3.356806963	2.124015676	-1.702693934	1.102575082	1.099464517
	0.581453541	2.818122127	0.1121743462	1.709917564	-4.400532428
	2.086592494	0.432168806	-0.9058527794	26.33679336	1.604828996
	5.165012327	1.160565891	0.5145198895	1.323640444	-0.3955261357
	-0.07875036428	2.306664798	-0.7276550117	3.379366879	-1.827641307
	5.711168141	-5.900052582	5.604514665	-5.472077212	0.7658412969
	4.649917744	-2.597457355	1.01514107	0.160309905	8.772076483
	16.44452185	-10.22278416	12.70499005	6.219475656	17.79952866
	8.755894981	-3.404546487	-1.352493486	7.986946222	-2.136860687
	-11.35970728	3.475450055	-1.409229541	0.09440085763	0.4541130297
	1.291206762	0.9608291353	-0.9112762549	-0.695585527	2.328969983
	-0.3980141874	0.1737653414	0.4758383737	0.1157026684	0.05069012522
	0.8497035536	-1.857919697	-1.800508098	10.78822627	-1.71708769
	-0.046550876	-0.395445	0.8636567151	-0.1178949435	-0.2138994518
	0.05750463752	0.09849588036	-0.2488663651	-1.087005462	-0.2897300795
	0.7428807727	3.651253717	-1.87752715	0.9058511585	0.9812411175
	0.4278812874	-0.5441522972	-0.9476881124	7.284434416	-3.027574935
	-0.5628766796	-0.3644321811	0.5394709967	-0.1519518593	0.6868289721
	0.8613049894	1.374254238	-1.550949475	-6.118743096	2.491321078
	0.169214914	-0.552814266	-0.986397779	-1.931439777	-3.100021357
	0.5626564637	9.539680982	-1.146648317	0.5255402634	-1.786169529
	2.12555551	0.7887032327	3.060811203	-0.3491608136	-1.070288624
	2.98939618	-0.3871685101	-0.8068858693	-26.97305437	23.74992037
	-16.86249838	6.37271173	3.13567038	0.3650082711	-0.02914155178
	-0.1396236078	1.298731442	-0.4486477882	0.9975307694	-0.5282143521
	-0.7540257818	-8.529860094	5.839481295	-7.972098186	3.760417393
	-0.8109423631	-1.13090739	-1.483085085	0.5827300558	-4.440353976
	-4.454775994	-6.224146001	12.79399639	-5.791994271	-36.29821774
	32.46503469	-10.17641517	-1.616186509	-0.9014500921	-4.576919607
	2.345613028	-1.556546866	7.099624666	-6.076786447	-0.2169294205
	1.456682961	-1.264071358	-0.7624070243	-0.2081567462	-0.4141192225
	-0.4417836232	1.09086828	0.5970719334	-0.05029224729	0.2424903634
	-0.4202415013	0.5268239612	-1.118394345	-1.2759193	9.420287454
	-0.8698669448	-1.900367138	-0.3177327272	0.1522654958	-0.0166061636
	0.09411982561	-0.2569487454	-0.1387238379	0.05691351175	-0.3108496395
	1.740108471	-0.6947761699	1.460584508	-5.728234917	2.750754123
	0.9872045388	-0.03277994437	0.8277489142	1.446379867	-7.758551602
	-3.711333721	-1.441110594	-0.6389488841	0.7171630063	0.05993701358
	-0.8654104478	0.4336163733	-2.084109953	-2.851268643	18.99908698
	-0.4341709841	0.5450510445	0.2619575831	1.782781585	-2.648142843
	-5.493600122	1.591724283	12.72420043	-5.358515844	1.898513534
	-0.5271066333	0.3811202738	-0.004286087215	-0.3118819393	0.2330633276
	-0.5567746357	-0.01673380796	1.477725124	-0.2917188573	-14.74239663
	27.7039238	6.948760416	2.01577886	2.237459423	-0.6827488175
	0.5883585724	0.2523512749	2.062508364	0.2151226629	-0.2910523586
	-0.06458111978	-0.364006602	2.463802466	4.530408745	-1.305341854
	1.45650305	-2.701221222	-0.4676904493	-0.51390417	0.9237658646
	-21.18750843	13.43939707	-2.60570926	-23.80299295	7.747092115
	20.36725175	-9.170475513	-6.724528603	4.968568655	-0.4505600611
	3.10636939	-5.163612337	26.11778255	-3.523469334	1.661254111
	0.2682636152	0.2663649047	-0.3838970442	-0.09573215481	2.731589704
	-0.2448693168	-0.3684105894	-4.549301332	-0.02990319167	-0.1850795077
	-0.3572338151	0.6568451432	-0.8273355989	-0.1325037957	1.624378052
	3.681789985	-3.954763926	1.776315609	0.1612137575	0.2026700664
	-0.2220730203	0.1098948068	0.5971421909	-0.339904248	0.124085745
	0.004402353304	-1.263263267	-0.3249313804	-2.416225087	-0.1805959221
	0.5878631557	-2.315995107	-0.7650213988	-0.5446921741	0.1926561319
	4.214703661	-1.144930203	14.82919712	-4.832240003	0.1011623657
	-0.205170463	-0.2554625805	0.3533926313	0.09512300242	-1.044707766
	7.158823315	-8.051162391	-2.273452029	-0.2288038784	-0.2383590622
	-1.499782658	3.95527073	25.87545168	-20.26792935	-5.495277822
	1.317568084	-4.142489277	-0.2019347729	-0.1445818947	0.6751187077
	-0.2588839317	-0.2366383783	-0.05785045025	-0.8767005409	-0.4202604597
	-3.359810467	22.1595275	7.092096732	1.5183874	-0.312979707
	-1.81234648	1.030008908	-0.1681874519	0.4021784632	0.1470845972
	-0.4341552997	2.237725941	-0.1018348044	-0.7048101603	-0.4833733691
	1.008973949	2.965057021	-1.967147849	16.4653348	-1.522024084
	-7.762111145	61.00716766	2.859523075	1.788250223	46.15432445
	-11.89883482	-6.347891098	-2.709526954	4.706029874	3.126739531
	-1.095304872	0.4696405328	3.938587033	-3.767277878	-2.70879857
	-0.02902292004	2.713035191	-0.9075659318	0.04807871797	0.3779186612
	3.080538292	0.8170994795	0.9748715134	1.300683215	0.8717052937
	-0.3602872236	0.2228037136	-0.5610984673	0.4393675773	0.07178994801
	-0.1341065821	-0.6838756966	0.349341504	2.157990164	-0.05217779792
	0.09984491865	1.072891225	0.0571414224	0.4560490273	0.3745819165
	0.7224060091	0.1200568308	-0.2119374971	0.2213479772	0.4363208866
	3.601279913	-1.314065767	-5.659487686	-2.422184097	-0.302191965
	0.4061454253	0.4150488983	-0.4905395395	-2.857412707	-3.205138198
	2.263788464	-0.3734489023	-0.02154949835	-0.1413378593	1.567374887
	0.05230159771	-0.6317271414	13.15938914	-2.165886986	1.345492536
	-0.6470731174	-1.075703895	2.989493337	-4.435439765	-16.25938912
	-6.406135096	-25.00260622	7.737680185	0.008643371252	-0.8070435007
	4.695911468	-1.52862903	-0.3007395996	-0.5487784574	2.845725231
	-0.26722816	-2.826408369	8.109838154	-0.471048995	-2.664516672
	-0.0207872584	-0.5884423888	0.02249547845	-0.6402067184	-1.910194969
	-0.2605024906	1.418676724	1.179415217	0.1871143402	-3.59013716
	-1.012434485	4.028164034	-0.3347603674	2.608700242	-18.25502181
	-4.504965371	6.776807629	-29.32999232	-13.35599454	-25.4212366
	-25.26792134	1.648140322	-0.1980387949	1.235251234	2.124265152
	-1.69015855	-4.502465788	-0.5931678254	-0.7355988444	0.9648167639
	3.415283095	-5.379590793	2.965113177	-1.108781404	1.784723152
	-0.5354527831	0.4789150086	1.958880902	-0.01746538261	-0.2672081947
	1.922431829	-0.3605449402	1.227830434	-1.437749832	0.02077110879
	-0.01646003742	-0.01447855507	0.9206552884	1.515894629	0.4261534766
	-0.4031436924	-0.2210655957	1.130600115	0.1160751824	-0.6612561124
	-0.03869856164	0.2393983174	-0.0249560714	0.03563347452	0.1335497043
	-0.07966056036	-0.3590715252	-0.002737359081	0.1258619204	-1.45838592
	-0.2198317369	0.1942221496	2.292940861	-10.18584531	-0.008715686072
	-2.642462287	-1.747907461	-0.3087705071	0.6127565223	0.5086417854
	1.250162555	0.3704902484	1.464076555	-0.274954326	-1.67321232
	0.7633309417	0.1230877072	0.2897789602	9.570257581	-6.766510253
	-16.0574823	31.68131833	-46.52192441	6.907462742	1.88362033
	-2.261259323	2.961235125	-0.9111942786	-0.2239591313	-0.2849366388
	1.352111461	-0.04861348174	-2.300960145	1.240565031	-0.9361146925
	2.185066724	2.771164932	-0.003918698785	-0.06293360747	0.3491593665
	1.20461044	1.851501774	-0.3360490613	-3.109701081	-0.4256348012
	3.473151566	5.338370971	-4.275215385	-0.755321177	-3.301676366
	16.43310494	-9.917807707	20.80734569	-9.349536311	6.302247111
	52.11833222	-0.9803762268	7.211609533	-1.739486233	0.3701025172
	-3.389273835	-0.561635771	-1.841806866	0.2704683682	1.69204853
	1.457408976	2.031841503	-3.373403991	-1.035518703	-0.4644003896
	-0.2569692273	-0.3167572328	1.46127499	3.962359722	0.4062272558
	1.126406373	-0.9746774985	-0.6528510265	-1.667275327	-0.7932010111
	0.3226116843	0.006933040978	-0.185903129	0.2367068018	-4.333557917
	0.6462727422	0.4901818294	0.5245686379	-0.6190372884	1.374176954
	-0.4617917216	-0.08546184825	0.0001894336613	-0.3863316963	0.08016236434
	-0.0003471854966	0.450707875	-0.5608154529	-1.589887791	6.813385494
	0.5379528546	0.03898163107	-0.2697780228	-1.128145975	-0.6439460648
	4.783309725	0.3375980508	-1.095791434	-0.1918399876	0.3854707278
	-1.602742144	1.074736559	-2.607118808	-2.334128871	1.983715275
	-1.310142398	2.527788884	1.100492939	0.9583883184	1.975303296
	-10.63426674	59.60129416	-15.40643566	-13.29691496	-5.863494005
	10.55789112	-3.915377993	1.401804223	-0.4671678786	1.18895374
	-0.4299308782	0.2354368851	-0.1175771566	-1.71760085	0.6881913801
	-0.1013825948	1.085404631	-1.47686279	0.2085756395	-0.1510966076
	-0.3057975607	0.7054512966	-2.899869597	-1.396016066	6.015235437
	0.9687366298	0.4239395882	-6.830169592	4.044998519	-0.8852261589
	8.474102484	-15.95892405	24.56305828	-43.72357465	12.73322047
	16.84283017	-56.845643	0.02691917708	-2.728830013	0.05632253451
	2.713424379	1.788910408	6.176452497	0.8239817351	1.425401346
	-1.645740015	0.7775679291	-2.665255949	5.546050552	2.125059823
	1.126061771	0.2124738633	2.474838277	-0.698168388	-2.89022794
	-1.524574964	