3131	
	0.2692354693	0.6122526483	1.318596002	1.327197574	0.542411701
	0.3505910517	-0.1164247523	-0.2789185672	-0.2830833771	-0.3591971402
	-0.469203772	-0.3381516873	-0.3540623592	-0.6001990231	-0.9695473126
	-0.3342806596	0.1870242767	0.2358974013	0.3593840165	0.1467599739
	-0.0688589479	0.9399282446	2.42360118	6.478756152	13.49418513
	-13.41937851	-43.08393114	-51.7535402	-26.15794453	-6.391128131
	-1.728622947	-0.6313253265	-0.3134605123	-0.1528642572	-0.02762273984
	-0.002355207567	0.003186865042	-0.01998782994	-0.04636686969	-0.08149496813
	-0.1290801878	-0.1655339669	-0.2145779036	-0.1365118719	-0.09946908092
	-0.1469696143	-0.2707124195	-0.5921629948	-0.8687542067	-0.2919868646
	-0.03991062378	-0.02846018495	-0.1301608672	-0.4349504708	-1.634401955
	-4.432564945	1.036966329	5.258209164	-43.17140375	-11.56356565
	0.4318777738	0.6397576838	0.1913546663	0.07572649216	0.05958949701
	0.04655578374	0.007520329351	-0.001011681515	0.0005876665691	0.005284811893
	0.03394149041	0.100244642	0.08804867782	0.08468301162	0.04715202527
	0.004692556781	-0.02020847701	-0.05126391703	-0.06792871204	-0.1165164296
	-0.2638274837	-0.5901056662	-2.260128748	-0.6768863589	-0.1741157142
	0.5873997766	4.256960058	16.54041445	38.56355104	143.7855223
	163.5263205	-6.545774181	1.116011377	1.357353113	0.3574632099
	0.05056045267	0.1376719571	0.185080591	0.1850707106	0.1738186083
	0.1704140674	0.3392434751	1.277327625	5.31182423	9.653090093
	2.722805816	0.5058209576	-0.1677574983	-0.2827791122	-0.3197817292
	-0.4194531764	-0.5548249736	-0.3698165091	-0.3814183395	-0.6106072065
	-1.064949159	-0.2123396458	0.4183675682	0.4390560251	0.4910491555
	0.2238412734	0.233584357	0.9564372577	3.275052223	8.175018739
	14.95674248	-11.46984846	-47.55274979	-54.66598402	-22.85115499
	-5.46945396	-1.450018852	-0.6115457525	-0.3662402694	-0.1529432218
	0.001803698731	0.04287127683	0.02426922635	-0.01246975934	-0.04510782178
	-0.08236820938	-0.1207673829	-0.1747147076	-0.289594655	-0.1544426734
	-0.1019208078	-0.1380395791	-0.2598525065	-0.5433757738	-0.7350834756
	-0.2569264645	0.002004704097	-0.01160106974	-0.1562811388	-0.629461114
	-2.400462366	-8.046163204	-0.4362661641	38.16014401	61.14395756
	2.304140898	0.7057846515	0.5186796508	0.1397204917	0.06779869868
	0.04690719871	0.05710264921	0.01272821116	-0.001539318445	0.008010866459
	0.005687227785	0.02570166345	0.06171250875	0.09243652479	0.1109812801
	0.058808088	0.007028446624	-0.0165131093	-0.04262711284	-0.06116977463
	-0.1042155243	-0.313400564	-0.6147805214	-1.426216711	-0.585092015
	-0.06987584292	0.3898527311	5.374645568	20.74778118	103.4866142
	215.5689107	312.8106994	-8.814012897	-1.182832307	1.878697616
	0.2727881469	-0.005205773984	0.1313530781	0.1749801521	0.1752565991
	0.1947832729	0.166812973	0.1991272207	1.426025068	7.098030971
	13.55107398	5.626930771	0.5236955308	-0.3914848996	-0.344541832
	-0.4133745676	-0.5617197333	-0.7487680701	-0.4773860235	-0.4827646729
	-0.6005490536	-0.7580599008	0.2285997079	1.164222395	0.9813339272
	0.9860414065	0.5214368074	0.5326252029	1.296328932	4.437642361
	9.35297408	7.847010693	-9.75192947	-46.49073479	-41.7254499
	-10.37101427	-2.566278761	-1.107704528	-0.8151070898	-0.4706082383
	-0.1574372786	0.09715446801	0.1556656062	0.08941559147	0.01081425058
	-0.04071369849	-0.09839079537	-0.1482183351	-0.2108404485	-0.402310892
	-0.1676658657	-0.1162493541	-0.1322938744	-0.3263010174	-0.8166018598
	-0.8767870928	-0.1923026711	0.1426540242	0.06066506137	-0.1196192066
	-0.4608542021	-1.091530725	-1.668867264	0.1074679072	10.2163343
	46.81526209	11.04452053	0.7206696132	0.3485700805	0.09971887656
	0.06232155005	0.04876309136	0.04294062152	0.02023667224	0.005038569731
	0.01581839995	0.01651968197	0.02468885418	0.05678709646	0.1468787924
	0.2432057067	0.1024780482	0.01962764775	-0.01198749057	-0.0212568652
	-0.04637537488	-0.07809587026	-0.2387747134	-0.6728745438	-0.8764643332
	-0.3103068599	0.2829326173	1.743279322	8.414039411	20.45382294
	130.3320874	207.0246005	96.27073268	-75.7923622	-4.379684379
	5.149006094	-0.2162166178	-0.1840581644	0.2092486931	0.2406418466
	0.2150218164	0.2054847692	0.1928728038	-0.4981132355	1.664832176
	8.917915564	3.506761151	2.745197855	-0.2505055128	-0.6364304375
	-0.4495955345	-0.49550554	-0.8024175452	-0.6254683106	-0.6297419649
	-0.6958363967	-0.7008537492	-0.8123407481	1.041385004	3.155822423
	1.907467776	2.592359793	2.12129044	1.427956342	1.588284661
	6.520048588	12.76018867	3.914691401	-16.78509503	-63.27993004
	-0.379101098	0.8295008373	0.06046045838	-1.35758315	-1.413130878
	-0.7303680485	-0.1635185087	0.3173081561	0.3948516407	0.2023241639
	0.04855518509	-0.03085198952	-0.1006144577	-0.2067965844	-0.2324227636
	-0.576734625	-0.2186585528	-0.1298537805	-0.1444432813	-0.5270842502
	-1.601349866	-2.240920104	-0.2310467678	0.471211212	0.2130989867
	-0.03187467478	-0.1715543733	0.07262045852	3.571160056	5.924452702
	0.8716480582	7.223171495	1.668908031	-0.06903604424	0.2344304946
	0.1073950349	0.07871767277	0.07736754093	0.06450301991	0.04420493343
	0.02117597869	0.02635545122	0.03981245874	0.04019000998	0.09162988737
	0.3128794571	0.6155054378	0.212087855	0.04459949366	-0.005723640828
	-0.01598202517	-0.05305260854	-0.06315870468	-0.16869453	-0.3769961326
	-0.5790871327	-0.1891634169	0.470214398	2.799321622	10.10358324
	23.05834125	147.4246412	350.5616137	0.5456766051	-3.91556343
	42.05863829	22.59399576	-2.583119485	-0.5573875704	0.4458613976
	0.4255934095	0.3269714522	0.2871030619	0.2437261979	-1.225921477
	0.6192927992	26.09937459	1.11709961	-0.2985713805	-1.550046364
	-1.152724576	-0.6732513522	-0.6259983224	-0.6672391736	-0.5870002772
	-0.6383737978	-1.097420283	-0.7838338584	-0.5365690108	1.685294422
	6.392539504	4.096943076	6.142967093	6.302033038	3.696338297
	1.35284503	11.03816366	28.30231424	2.498789784	-6.368142769
	-89.94949258	11.65654834	9.260158305	1.875333087	-2.265841059
	-2.39234604	-1.263422298	-0.1591758872	0.8102465849	1.05316015
	0.4076639156	0.1238181787	-0.01642788271	-0.09265067906	-0.1629433599
	-0.188345462	-0.2472268703	-0.2076065147	-0.1792956235	-0.1563591847
	-0.491894657	-1.689868189	-2.974170412	0.1920696631	1.217317352
	0.5415566249	0.05049401354	0.04386296524	0.4248355771	3.824641612
	16.04081509	3.345783184	3.605888437	1.646627074	0.4744924401
	0.5182126746	0.1917834402	0.1557745309	0.1509664202	0.1154563598
	0.08766324618	0.04491926475	0.06290560601	0.1041931008	0.07388010116
	0.1503822173	0.5759638926	1.199434696	0.3546765377	0.07631966908
	-4.453218745e-05	-0.01912746066	-0.05084685355	-0.06619964038	-0.177130924
	-0.2604534701	-0.3922593474	-0.1295149123	0.3693874062	3.012272106
	10.84376111	30.01659235	78.7769058	184.3003855	7.87676976
	-83.14203166	-359.2035905	-65.09138333	-11.75220534	-0.7098594384
	1.077081952	0.7988204612	0.5153616136	0.3926453654	0.3545744169
	-1.511298181	-1.880019119	25.68652366	7.80839601	-0.468045891
	-3.416168568	-1.950265453	-1.086631596	-1.034395554	-0.8102876967
	-0.6228051951	-0.6970540428	-0.8718347035	-0.8877601986	-0.1394982804
	2.182768735	15.08747293	17.53609956	17.17695596	14.7835366
	8.243148054	-0.3224531462	13.713164	66.11879057	1.429196012
	-9.982843941	-37.33720093	125.3301027	33.6281362	2.477006948
	-4.753626611	-4.593233261	-2.471671225	-0.06692904929	2.152528338
	2.655962551	0.9338615577	0.3701400634	0.03483287467	-0.09330210264
	-0.1472264882	-0.1843495768	-0.2165402613	-0.2484572691	-0.3893621023
	-0.1460283154	-0.4440191652	-0.6043323222	-0.9609797998	2.362887959
	3.049870453	0.9095088962	0.03998912829	0.2169217991	1.052711595
	2.01165003	4.463187537	1.611650072	0.8791288305	0.9376310383
	0.7581637961	1.26786901	0.3169957145	0.3254806372	0.2411630522
	0.1410946375	0.08820848034	0.06931726762	0.135726045	0.2566495351
	0.1281580691	0.1681713297	0.6369569846	1.228721283	0.4570306777
	0.09408605801	0.006401807349	-0.03627145403	-0.05333594197	-0.06987472736
	-0.1606566179	-0.2504416922	-0.2467394241	0.02541945651	0.6514457143
	3.266367891	8.626018016	30.99483069	35.32979556	-48.78668856
	-76.34411308	-98.88022493	151.2201957	-20.1262262	-2.563719453
	2.207520049	2.87927052	1.486681043	0.8410103569	0.557598239
	0.4351429351	-1.178880055	-0.9942146644	9.318107638	3.555316697
	-0.4290587963	-1.941633893	-2.122698533	-1.946946985	-1.796842148
	-1.126927616	-0.7139713821	-0.7037839073	-0.8385352567	-1.298291472
	0.002435374247	2.770825035	19.54474978	49.38625773	25.84561494
	23.70612208	14.19755505	-10.4317812	-13.33401207	66.52922337
	-17.29604316	-5.363711247	1.501618776	37.83954523	25.21859258
	-7.177396494	-13.15115701	-10.26900857	-5.126437987	0.2488680058
	4.988833013	4.685485683	1.844871665	0.6562010778	0.08477901938
	-0.07409066553	-0.1748508891	-0.2446845096	-0.2893529704	-0.1921201515
	-0.307581305	-0.2020307998	-0.1453690542	0.1526125367	0.7830947814
	4.722634845	7.28137754	1.288768791	-0.0575223285	1.147981845
	1.988568981	4.813782044	7.218921237	3.898059407	2.167947809
	1.478361349	0.7237408549	1.948752094	0.5758772115	0.6703893314
	0.3856409023	0.173590449	0.109878621	0.1105347215	0.1995463694
	0.411454779	0.2039998582	0.1591610802	0.4274958442	1.094795294
	0.427476478	0.09988154681	0.01293513852	-0.01166224507	-0.03847337823
	-0.05328229177	-0.1181839007	-0.2451786316	-0.1565659556	0.1662949105
	1.122844474	3.167521767	4.567242366	9.122572509	8.648594764
	-237.0327537	-757.949517	-72.96550149	-128.2845469	-19.6456341
	-1.877073015	4.330314688	6.022619959	2.370113876	1.244099546
	0.6870572254	0.5414073469	-1.277961606	0.4019318278	3.745217676
	1.030109865	-1.018014472	-2.39174085	-2.487150137	-3.888517046
	-3.603757939	-2.048453373	-0.9030968177	-0.6023609089	-0.6744166138
	-0.8058022434	-0.07463714431	1.412256038	5.355814106	15.63117234
	8.296981824	31.26082363	25.29784392	-37.81479175	-85.42202069
	1.613962926	-62.27048403	-16.52789643	32.75651848	7.105376383
	16.77535463	-26.4265183	-31.50630343	-19.77824411	-8.338473128
	1.586707983	12.03524961	7.98488426	3.632163039	1.113815075
	0.09877900868	-0.07320392748	-0.2339398538	-0.3321323852	-0.3645457485
	-0.515856166	-0.5337847159	-0.3390410274	0.1900071832	0.8644492276
	0.8721426358	2.715946301	3.235654933	-2.238808962	-1.707030122
	1.573761795	5.683017006	6.281316112	5.114768849	2.520569223
	5.821707121	4.395620687	1.080598827	0.6573013383	0.4641256138
	1.232744266	0.6043812234	0.2714092338	0.1336784284	0.1597756475
	0.2698251095	0.2992140087	0.1914820066	0.1158304515	0.2372890253
	0.5663451521	0.2919426588	0.06915253751	0.01206571004	0.004681064843
	-0.007013921189	-0.02365371524	-0.08918301166	-0.1488909044	-0.1131482671
	0.1282916687	0.9268289633	2.298716471	2.004686955	0.6471478392
	59.45367318	37.82922545	-477.4427741	224.5334476	-132.8966658
	-43.90708589	-5.286452755	5.353634889	8.240061711	3.161321214
	1.73160432	0.9881025622	0.772422109	-2.71465674	2.215890989
	2.137376789	0.1987419122	-1.733912402	-4.044416212	-3.367940914
	-5.685564475	-6.295905607	-3.248682111	-1.356498123	-0.6340249542
	-0.6354451511	-0.6304937969	-0.1281581041	0.8767449854	2.778869568
	5.709905738	9.679323508	54.54210152	70.41474372	-58.56940501
	-211.5596425	-38.9643597	120.1359805	-30.01970387	219.3125292
	-32.33722642	36.41415911	-73.26952346	-53.14194072	-27.45027081
	-8.421023796	3.306681752	23.16930016	11.22424247	3.72417793
	1.163760456	0.256408683	-0.03714633407	-0.3587320008	-0.5705477249
	-0.6557383197	-1.238860374	-1.37457431	-0.3821331253	1.028826084
	2.38680792	1.021675744	0.3539607984	-2.019785391	-10.85562657
	-8.988996885	0.5068808806	1.854724995	3.796519278	2.439655693
	0.8777715152	1.080093364	3.780938302	0.8544254295	-0.9628870315
	-0.1287551224	0.5371369323	0.4218532938	0.4540264842	0.20539368
	0.2314236904	0.2643428232	0.2236202482	0.1029306465	0.0663564836
	0.1241795371	0.2227317746	0.1217780623	0.04164801294	0.01379116731
	0.0192944284	0.04440118736	0.06219494052	-0.07754871582	-0.1465904091
	-0.1478034503	0.01121945421	0.5924044864	1.889847421	3.489369185
	18.01611385	209.8700486	391.0706799	-244.5914379	-824.7195853
	-227.0745524	6.138602754	-17.84923556	3.985699417	6.884709152
	4.275112478	2.470461336	1.227350547	1.130938311	3.029687988
	7.735299448	2.887642663	-0.1799010338	-2.746935634	-6.85535724
	-5.255854012	-7.983352861	-8.724019164	-4.176960313	-1.665631691
	-0.763830773	-0.6639414524	-0.693792273	-0.3005566338	0.3081091245
	1.326173696	4.159799814	15.51703714	87.94858997	205.430239
	-58.88103027	-462.2906783	-497.341847	187.3124518	77.26968018
	137.9491342	744.2323061	337.8379211	-232.5357937	-96.77062889
	-29.85004694	-13.38549223	-1.681098695	19.37232508	6.920901404
	1.216361241	0.6040606424	0.3575203176	0.1070823333	-0.5384741819
	-1.021827321	-1.174216108	-2.086274793	-3.348373557	-0.6984351553
	2.008093607	7.05941456	1.639118629	-2.505008174	-16.23020849
	-24.74902553	-6.113664196	-0.7486156573	0.9287699893	1.838000217
	1.181413441	-0.1993439954	-1.953197687	0.8028001679	-1.121094547
	-4.183518831	-0.6941295523	0.3266253166	0.3152392398	0.4025271058
	0.2611050426	0.358492159	0.3974167679	0.288413767	0.02688091945
	-0.05284137086	-0.007353849746	0.06273319413	0.04034690869	0.02488127986
	0.02800064317	0.06453816788	0.1638074177	0.2816238976	0.165521691
	-0.1025021418	-0.2858354477	-0.1396435004	0.2923461729	1.796743915
	5.380416619	23.15995542	147.8917506	321.76102	-28.47265377
	-668.5401196	-195.8911868	77.06807819	-34.92051999	4.273586687
	7.734413184	4.832198709	4.322733485	1.841028616	1.490215902
	121.3025014	32.47840156	4.788276307	-0.6087102036	-2.984425655
	-7.729664095	-9.301465486	-11.90852915	-8.697018734	-3.897753342
	-1.517645541	-1.013477919	-0.8059581067	-0.7385631067	-0.4560771931
	-0.03481164606	0.8511935846	5.657177268	16.38065513	61.26517218
	124.7019254	-27.46280028	-340.0882772	-648.2822834	21.31124626
	298.8006881	64.2187017	-0.9477308368	318.9395679	-105.0937876
	-78.58369224	-13.70177686	-15.72794215	-20.1713222	4.252767958
	6.300653661	-0.2265695769	0.102034932	0.7545714318	0.6106933103
	-1.032236756	-2.162393754	-1.717624799	-1.866451939	-4.344802458
	-1.131959297	0.7854961726	4.30606834	1.371505698	-3.080518192
	-25.89014842	-71.37571395	-4.99535607	0.07409721569	1.231893658
	2.707945785	1.570662156	-0.1105555046	-3.421527452	-0.3394928882
	-4.202198808	-12.14919504	-1.438718943	0.6090272328	0.4571105854
	0.4089432311	0.3344068338	0.3434936539	0.3185324277	0.4691230588
	-0.1094836563	-0.3038713985	-0.1648238056	-0.03855489297	-0.003849847323
	0.02665038426	0.05608429864	0.1573800703	0.4630805405	0.8134261418
	0.6509410311	-0.1848384477	-0.8103088255	-0.3835890681	0.07781106886
	1.406732111	5.013092119	19.70759255	74.08230863	147.8641984
	6.958730829	14.30735947	27.05814393	49.76922501	-92.12026752
	-20.10283932	2.359113213	3.156533449	3.478990751	2.574082322
	1.778819855	163.8685503	33.10564093	6.357835843	-0.4035142842
	-3.322368188	-10.31211054	-18.79925192	-19.77913389	-6.083108797
	-2.504812021	-0.805910575	-0.8299964813	-0.9858585321	-0.8268395553
	-0.697717948	-0.4309604175	-0.3217999143	1.917792577	13.00461598
	35.100958	49.18016775	-38.34749546	-182.5378837	-355.1979339
	-60.35711317	134.9455392	-13.16091224	-218.5083018	-115.4912116
	-105.3944385	-32.18769067	-6.079647689	-1.318318136	-13.75028524
	-1.812466639	1.389460938	-0.3317240503	0.09786181104	1.949779536
	2.276750796	-2.228526289	-5.396459405	-2.185114201	-0.9660547458
	-1.40512507	-0.7447705766	0.3498032279	1.791675633	0.3537231836
	-2.835674092	-10.08329717	-20.40112357	-6.865166175	-0.1393085906
	0.6307989629	1.30399042	1.103807804	0.4587439614	-1.284165722
	-1.474828844	-20.10826366	-42.51048317	-2.089986245	1.730998304
	0.9157405295	0.5055913676	0.3019712444	0.3152747115	0.1856364546
	0.05572572114	-0.6505175836	-1.037461176	-0.4561766587	-0.1354766102
	-0.03304933373	0.0426093554	0.1089304445	0.3523867888	1.132545246
	1.562604574	1.437926458	0.03254990893	-1.92237397	-0.720957019
	0.06288766037	1.00198584	3.399516599	15.37296958	43.07989461
	70.66949217	18.55664398	30.46998255	38.38564422	24.53813285
	-45.20229386	-23.68442931	-0.04090796671	2.222071296	4.447020444
	2.515651777	2.356295583	35.65011729	-41.99051915	9.274136128
	-0.9268503053	-3.194272864	-12.96867169	-29.92422997	-31.73855126
	-1.637045338	-2.272848166	-0.08491549739	-0.7153630974	-1.434068596
	-0.9750238271	-0.7182232472	-0.8804114442	-1.789431326	-1.270573775
	7.436567356	17.70156719	15.12634337	-30.97593423	-124.6420109
	-175.3002326	-46.79188427	49.33209216	-23.72936612	-135.120005
	-47.43509757	-66.53568247	-13.95502479	-8.267932942	-0.03694450076
	-3.480819426	-3.74142038	-1.025676945	-1.559250695	-0.140271197
	4.055644136	5.817862082	-4.619636779	-12.69761912	-1.114561163
	-0.5622943113	-0.5374763503	-0.3053433722	0.1645103868	0.7140741698
	0.005997749923	-1.478044253	-3.615946805	-0.7635528061	-0.1443091241
	0.1159028665	0.3155942635	0.5932057671	1.271422461	0.8007837849
	1.342661417	-0.3677138611	-31.04954795	-118.5915111	-18.77122944
	5.256635285	1.926527265	0.9059341167	0.3716402983	0.2316414341
	0.08179659832	-0.2456117396	-1.418174337	-2.17192359	-0.8853105034
	-0.2378885916	-0.04635683159	0.08640740379	0.1897275327	0.5112510657
	2.023788842	3.642091044	2.925697345	0.7921137289	-0.3869065391
	-0.3144862733	0.1814790525	1.013842146	2.943661494	10.68844406
	25.55608323	35.55251176	19.07211793	32.73483606	102.3307208
	41.24929956	-5.433637215	-4.68373361	1.710050015	2.400342252
	4.563660137	2.486725592	2.422310606	-1.814297161	-10.38951344
	80.06190686	5.608802167	-3.625533676	-14.23727718	-22.85741914
	-60.18545177	-2.16187066	-1.483213255	2.084297019	-1.075855073
	-2.817288916	-1.592028774	-0.8718640464	-1.170698383	-3.386892658
	-5.846672354	1.513471411	6.841880924	2.028344543	-21.39565056
	-68.66991179	-93.14212973	-30.49808014	17.98378896	-6.914420662
	-27.15685171	-21.44412203	-18.15566943	-5.232987701	-7.473076162
	-3.605988671	-1.54223338	-1.285820643	-2.367583649	-4.342836309
	-0.4305229513	9.596571936	16.64765757	0.8976614115	-10.8726329
	-2.74065731	-0.3286622299	-0.2355731236	-0.1573957423	0.0408170141
	0.2350072529	-0.1157966092	-0.8027801752	-2.063674635	-1.14721069
	-0.01769339872	0.04811494113	0.1787519608	0.3698606524	0.7773569269
	0.7337599857	0.4815243116	-1.04060176	-12.67115378	-41.9431182
	5.548691852	22.70743218	5.097664189	1.805359099	0.5259463134
	0.1911549628	0.05631324802	-0.2134773076	-0.9362579287	-2.146864965
	-1.121203355	-0.3090174654	-0.06686118416	0.16428377	0.3859249207
	0.8145875609	2.432997881	5.256149296	8.484263738	2.61945318
	0.29092493	-0.002929969067	0.2441137489	1.036295182	3.052533763
	8.212631893	15.38039821	17.6638913	12.97540738	21.43183513
	42.15766205	19.10230787	-0.1355952268	0.1128019875	2.714122802
	2.687396387	2.354862855	1.55607761	1.359844784	-3.050725389
	-3.234220049	32.11747924	-0.1366861531	-6.719079777	-20.43479732
	-26.18260927	-38.54757902	-13.91560141	40.55460192	19.5128041
	-2.654841503	-6.090033821	-2.825262265	-1.048150508	-0.9731557399
	-2.724531638	-2.752886696	-0.4251529526	0.6090971728	-3.241518242
	-16.36675552	-30.01455038	-47.60302828	-15.18669271	4.639385492
	-3.308009459	-15.55149723	-12.36452045	-8.974610876	-4.924182408
	-7.778770237	-4.699966847	-2.302092465	-1.570752402	-5.915868368
	-13.02899268	-1.017050487	22.30022315	47.15096607	7.438817443
	56.48142214	2.257853708	-0.09546423653	-0.04573469182	-0.1053001908
	-0.0245921689	0.0171516943	-0.1565267471	-0.5381335208	-1.081387509
	-0.8327044682	-0.1825634135	-0.007684452985	0.08606999507	0.1913016143
	0.2965363603	0.2829453407	0.01107621118	-1.080309771	-5.225131474
	-8.831869892	22.82005291	44.18865587	10.06744744	2.878428827
	0.773384678	0.1993806353	0.07424592504	-0.02029771307	0.1307609762
	1.38039781	-0.4904432908	-0.3165554618	-0.2518539685	0.2129798223
	0.4575662255	1.269510763	2.151296796	3.028537557	3.244974348
	1.990583095	0.190916592	0.0595102047	0.2112671845	0.8142462442
	2.812662516	6.854248626	9.893592047	8.872789481	7.281727895
	13.85474908	18.2167203	4.645225222	0.3642608897	0.7771333439
	1.962118415	2.380520629	1.892118927	1.379331822	1.044439657
	-4.218729824	-4.533024419	-0.3838561735	-4.073736797	-6.444199259
	-36.10052114	-116.9024173	-61.75358171	-46.78046274	63.0003281
	123.6627629	0.8590649075	-10.89451572	-4.269951422	-1.220409685
	-0.5666884946	-1.216525203	-0.3278392144	-0.2938949245	-3.574210681
	-7.322642999	-9.131900269	-18.47186392	-28.11185655	-8.761588065
	1.010986018	-1.785482943	-6.192800287	-5.593164093	-5.485827146
	-1.794363344	-4.536862036	-3.545310145	-2.896830542	-1.100311406
	-6.19415927	-18.43144149	-2.727195266	13.37977575	53.21035357
	-35.50586715	43.94572101	2.05408801	0.1316488702	0.3291149033
	0.0418767429	-0.04466874956	-0.08328420055	-0.1672560188	-0.2925492534
	-0.5538373975	-0.3514900468	-0.2547088653	-0.04893354233	0.02820625505
	0.09325325522	0.1349388659	0.06506820017	-0.1722666468	-0.7123360359
	-1.857373281	-0.4510850616	15.21998476	18.4938904	6.030137866
	3.06038189	1.048153518	0.2374770145	0.1208544746	0.07731508738
	-0.2316907996	0.6818694894	-0.9672872901	-0.6343461337	-0.6765043815
	0.216642689	0.9789258196	2.564058632	2.643039947	2.108413892
	1.763597398	0.747615655	0.1014489485	0.1022103506	0.2439141983
	0.6053913664	2.050348572	6.267886428	6.481907646	4.830476734
	4.019525423	7.25068661	7.58277398	1.769589543	0.3951339456
	0.6139348115	1.145346297	1.204539927	1.377676323	1.106966238
	0.9139299467	-2.908813921	-3.666084794	-3.698099676	-2.968349704
	-10.84855812	-51.3458506	-147.7747531	-298.2426385	-112.0446028
	39.77998115	-64.13881345	-72.33071755	-23.91987454	-7.070458954
	-1.385543707	0.607356226	0.4620246949	2.654097988	1.224480287
	-5.585253998	-11.53068304	-12.25349731	-11.25413411	-14.17200693
	-4.303898856	1.162109984	-0.6137131853	-3.25733445	-2.98371016
	-4.423645335	-10.07492499	-4.599107027	-2.380470149	-2.61642095
	-2.068745454	-3.030119683	-8.800353222	-4.181106582	2.560166227
	5.645224245	-78.58317411	10.84488946	23.13757208	6.232711853
	1.101898221	0.1762824263	-0.06039670061	-0.1582326414	-0.2331198395
	0.1118369917	-0.261915297	-0.07348635312	-0.1785221254	-0.06924553764
	0.003813182454	0.05030528303	0.0727474384	-0.02311948526	-0.2813356173
	-0.5441756181	-0.5761353226	1.600776193	8.741616432	10.12201355
	9.535845328	1.633077371	0.8142430229	0.2525464863	0.1957760971
	0.1663822795	-1.904572979	-5.2147929	-4.684633201	-1.700961085
	-1.569979907	-0.1751403826	1.153403415	6.80622968	4.602901168
	3.069383587	1.421673761	0.3316771611	0.07604735562	0.2073721582
	0.4791070937	0.7822887765	1.536131507	5.371696602	4.288782017
	2.484312534	2.00250147	3.290221656	2.993904928	0.9404905109
	0.3892437325	0.4954425821	0.7227960389	0.6683576592	0.6964783359
	0.6135948311	0.5388956332	-2.026409176	-2.275370313	-1.99109473
	-3.41909513	-12.97810219	-49.13812858	-95.81792491	1.520526107
	-268.1913474	-123.286975	-272.4925238	-251.7150542	-52.5497934
	-10.11425417	-0.4570433079	8.577312296	12.56999508	10.03607184
	5.809323239	-1.699122157	-6.126163563	-16.16790798	-10.52757178
	-6.280134692	0.6658611201	3.852395855	0.7401733517	-1.389538721
	-1.781105412	-1.869995361	-3.682183707	-2.478254982	-3.592583034
	-7.326090882	-4.834615684	-1.644700768	-1.271038228	2.815879301
	0.4517347988	0.1148837925	-37.46096218	5.859314369	31.60869294
	13.27182194	1.567309741	0.1787561031	-0.1271126353	-0.2545302253
	-0.1172437309	0.7618878559	0.09311091185	-0.001103371132	-0.0564801313
	-0.03046090724	0.002109314824	0.03843566716	0.03040810478	-0.05682071003
	-0.4425184785	-0.7521859227	-0.2960729376	1.422002571	4.296828081
	4.638949349	6.348486473	1.7122741	0.6967531959	0.3428894958
	0.3289022878	0.5615961027	-4.286978193	-10.28122368	-9.652536637
	-6.403038184	-3.745153242	-0.4716845701	5.440711721	20.37467569
	12.26960052	4.719036458	1.772131908	0.04459570537	0.002502146371
	0.3671997688	0.8610297195	1.196915624	1.370330787	2.004414789
	2.064020814	0.991541879	0.540870611	1.194642684	1.383062867
	0.6495367315	0.4490868355	0.5709234514	0.5060401201	0.4603517073
	0.4045088667	0.3596470934	0.3180848581	-1.213058568	-1.57839574
	-1.352365681	-2.697350776	-7.386446471	-16.69110131	-30.26759256
	26.30428717	-35.40368715	-15.02485989	-725.2107197	-511.1963469
	-94.53812063	-7.323094067	4.26585063	18.87199585	53.06913096
	17.05762337	11.23177974	0.6744321563	-3.450809298	-8.940558927
	-7.76229766	-1.290096642	10.37561934	12.58492	2.881050841
	-0.2748793192	-0.9898471236	-1.544013151	-2.027331938	-1.215573113
	-1.862823754	-5.21789244	-5.741302696	-2.291132066	1.861551533
	11.57887129	1.198762335	-1.034307821	-11.98089201	7.806257818
	43.06877604	18.29691837	0.7745914359	0.07475408066	-0.1813832805
	-0.5012968372	-0.07869549441	0.2766738777	0.05318833057	0.02163226701
	-0.001530028638	-0.0002322874996	0.01034832341	0.03162631352	0.008921037238
	-0.1373140359	-1.211082251	-2.05883857	-0.567365738	0.9771310386
	2.232833068	2.172476608	2.961311155	0.833897241	0.3738734819
	0.3472397979	0.3759408962	1.266448545	-7.56511252	-19.07725525
	-24.01016264	-19.66720527	-8.093759371	-1.030002953	10.89233483
	42.74561635	35.33617114	10.16434724	3.054607892	-0.5813941937
	-0.1922515884	0.7711139862	1.579167725	2.060993619	2.589754102
	2.270458785	1.288168208	0.01914571428	-0.97407164	0.09453379082
	0.5516354513	0.474671931	0.5591845206	0.9015874287	0.4952736561
	0.4337076996	0.3268401138	0.2559060155	0.2297582591	-0.8139733203
	-0.9953934249	-0.9745760218	-1.624010603	-4.835382244	-10.33816134
	-9.257627835	13.23259681	35.09855178	526.3195068	-266.289624
	-452.6669391	-127.7053835	-14.73598614	10.05960604	26.96452747
	32.11003005	32.00006721	24.6754643	1.447526958	-3.10739834
	-5.418602521	-5.393793887	1.381687122	20.95856113	32.78819959
	11.30119049	0.417387953	-0.2425714259	-0.7902634953	-1.020392758
	-0.7818427274	-1.293984979	-2.703945828	-2.243912252	-0.06729940593
	1.510748279	22.14516105	3.842753159	-0.5101749875	-3.520710378
	4.929186231	20.71308191	12.88157254	2.877135921	0.1947932398
	-0.08858935514	-0.2449599107	0.04538576601	0.1871562227	-0.002786611921
	0.08804696352	0.06446696527	0.03924333232	0.009801727823	0.03120367886
	0.01785416216	-0.2022735239	-2.170427887	-5.844102728	-1.214993026
	0.7748538524	1.553194536	1.287078853	1.420497247	0.4835550869
	0.2435410672	0.4021399834	0.02430000501	-1.472897685	-11.40768732
	-30.05296908	-47.8993195	-44.97965299	-18.51465733	-1.752707474
	13.56644056	53.00997886	31.26572249	1.110314395	0.7561529486
	-3.24566046	-0.3981122613	1.12630022	2.694249202	3.322926587
	3.958634892	3.099579323	1.541378636	-0.9148772867	-3.340949566
	-0.7277909997	0.07326186007	0.2954233781	0.580395883	0.9169776944
	0.5077743247	0.3931613549	0.3776760671	0.2360641896	0.1862368819
	-0.6517820729	-0.7953233994	-0.8866680847	-1.330819395	-3.13781862
	-7.97591727	-2.310723523	17.24424054	100.818074	606.2346721
	272.4477448	-157.363554	-52.58766038	-6.650739912	18.20110367
	46.81270961	45.6849762	46.31683836	53.85605436	5.834555107
	-2.243013463	-3.175914486	-2.331755215	1.411815558	12.26867052
	15.39235731	18.18299238	-1.052293396	0.4763069833	-0.1963206298
	-0.5191022888	-0.5335668008	-0.86782198	-1.450333686	-1.113889426
	-1.742627242	-0.7282515033	16.64727343	5.859787432	0.1375488279
	-1.089379392	2.436596931	7.310479831	5.221609498	2.334923573
	0.2188707828	-0.01595826771	0.01696357592	0.4509134213	0.4246955894
	-0.1287431518	0.2742296472	0.2075446406	0.1103061382	-0.04630936701
	-0.1953493029	-0.02478422917	-0.3662812164	-0.008540971713	-3.515172863
	-0.3647540398	1.159650789	1.615331846	1.033024128	0.7689883759
	0.2833045811	0.1413243132	0.1834036932	-0.16998106	-2.71969033
	-15.49266482	-42.95794557	-83.58210476	-78.83351462	-37.27921305
	-3.335574439	16.29585493	38.16989158	7.835448553	-20.33427163
	-4.319678103	-13.00783868	-2.247305146	0.6781108609	3.418168388
	4.377235578	5.837630783	3.704220295	2.365173389	-1.682288675
	-7.507761306	-1.53436702	-0.172685789	0.2326259693	0.6756031914
	1.25294041	0.6137937959	0.3766579093	0.4559378216	0.2683831828
	0.1937021176	-0.7423206431	-1.035817643	-0.8984723963	-1.421602712
	-1.914905511	-3.640560606	0.8396387069	16.66295373	58.98719161
	270.7035617	156.9677099	-36.6769355	-22.29268226	7.108184077
	48.18600804	103.0646771	78.29482529	44.3824002	15.310449
	-0.6158824535	-2.839436301	-2.013440641	-1.151267426	1.020603965
	6.537669715	14.17366756	81.13632452	18.49743436	2.739833179
	0.2321622308	-0.4192999167	-0.5120725841	-0.6020697619	-0.8727033069
	-0.7381413743	-2.997571651	-2.856144638	5.523451207	3.01054826
	0.1935363105	-0.4308592702	1.159819913	2.562221801	1.967227611
	0.8217910731	0.1659388309	0.1436072497	0.4248998417	1.81697539
	1.897952126	-0.7977677632	0.6089937178	0.447431518	0.263545228
	-0.154749504	-0.4281649205	-1.021068888	-6.01694556	-3.866035407
	5.947795817	3.67695976	2.733673968	2.165587919	1.028417971
	0.4879545463	0.1700680257	0.07493782333	-0.0132051005	-0.7070926896
	-2.820083491	-13.70467314	-46.94796061	-114.3069729	-94.17898004
	-39.88974783	-6.195714446	5.982253027	9.931540116	-4.846758088
	-54.65679386	-31.15764149	-46.75446995	-8.711772453	0.2055129726
	1.640587022	3.907919444	5.575501506	7.81510957	5.706785774
	-0.9493220054	-9.531414752	-3.024498549	-0.3169842358	0.2307935804
	0.7554082612	1.655161891	0.8287106934	0.3962569461	0.3375171056
	0.2772059788	0.2315176236	-0.7368544878	-1.12979673	-0.7694916429
	-0.9836237797	-1.162141178	-1.422508849	1.39832077	12.00954884
	33.87945289	102.1461467	67.22418074	-5.585898967	-3.292709768
	26.59086631	190.3964942	428.213707	156.8789456	28.01947125
	4.804032036	-14.1215801	-4.769108699	-1.927642623	-1.071228027
	0.775478215	4.98126192	18.10851683	72.75784693	32.58559487
	4.998611801	0.1687055713	-0.6262208941	-0.7468020716	-0.5948769933
	-0.6705086382	-1.135551543	-3.793095207	-15.06078133	-2.065262928
	0.155585294	-0.3297575014	-0.6717255747	0.3744109614	1.242159995
	0.6873553733	0.3237436829	0.1012005175	0.6527080855	2.86727979
	4.859642658	7.065736133	-3.353813857	1.808308113	1.114472558
	0.5740568858	-0.2275555199	-0.8215255017	-2.833558625	-9.688161696
	-17.31850922	53.21340624	18.95038351	5.30478582	2.1939453
	0.8957900068	0.3282752776	0.1081175269	0.05235174728	-0.03843331636
	-0.689373041	-2.445153926	-5.61986259	-10.01623835	-59.69966481
	-17.51638219	-12.60033673	-0.612648838	2.223406618	-0.1724713701
	-13.95252051	-10.6157484	-2.749881937	-3.940984695	-7.138389619
	-0.239280796	1.111771263	2.686324666	3.469143875	5.605758341
	6.101060214	0.8973343977	-3.408302762	-1.91596319	-0.07834603934
	0.2436671591	0.6656742383	1.048300627	0.7321616672	0.4347702482
	0.2503016114	0.2460843994	0.2846843749	-0.7132839147	-0.8128964798
	-0.6890059878	-0.7271034835	-0.8359673395	-0.7122703564	0.6355826086
	5.151335689	17.11111292	43.57263625	27.43903099	1.212572134
	5.234220441	41.90743548	221.3969029	1079.254159	301.9897464
	91.95330844	10.3144472	-9.114490137	-6.699989635	-2.488679056
	-1.748712463	0.1329938052	4.172642451	15.20319649	36.37859279
	19.95049065	4.950580879	-0.22761201	-1.087490635	-1.247428023
	-0.8427174181	-0.676197248	-0.9624619454	-2.268720468	-5.699092983
	-3.489658969	-1.546908376	-1.021598821	-1.767001613	-0.3264804578
	0.3527587649	0.05590141427	0.1623838014	0.09630079015	0.879826543
	6.570409938	7.855413501	7.077466436	0.8068770567	8.242277312
	1.310837274	0.7639955878	-0.2961042242	-1.428738173	-2.60641115
	-3.406939434	-5.87598554	19.09534838	21.75958939	5.005216547
	1.217629331	0.5051427287	0.1857368468	0.08484106955	0.0766606837
	0.009941904385	-0.1633548114	-0.6516754095	-0.6751473334	9.983605613
	95.70146154	14.7414703	0.1275478118	4.753617459	1.426541838
	-2.227442972	-5.683354723	-11.37858781	-9.060539814	-7.133912688
	-0.8064006526	0.5485666858	1.535130469	2.06999351	1.605880223
	2.996861157	3.733971892	0.6666719667	-2.216251775	-2.837495301
	-0.1870775833	0.2889868082	0.542953024	0.606956398	0.4612237181
	0.3015261001	0.1990964712	0.221472121	0.2181435457	-1.069503839
	-0.8645400712	-0.7409261665	-0.7014323311	-0.9863167153	-0.766404827
	-0.8239739629	0.7506442705	4.0338855	19.61138921	13.77527913
	3.075497911	6.635611215	30.68385729	104.8602312	290.3927486
	60.45074436	37.45670185	1.974444695	-7.617387661	-5.190261489
	-3.173497905	-3.705740422	-0.8413548467	3.731681335	18.59025301
	51.04234659	21.29719598	4.530045189	-1.28430773	-1.85463942
	-2.324533182	-1.20055861	-0.9852527921	-0.7597610518	-1.30753361
	-3.270742399	-2.714554977	-2.572444149	-1.977506168	-3.445610697
	-0.981360226	-0.03536768235	0.1164658794	0.2625404354	-0.1470312554
	1.757382928	12.6657308	11.78638405	4.492454483	0.594498337
	1.654844798	0.3491595543	0.9632050957	-0.1349298801	-1.018234451
	-1.016336976	-1.467985048	-1.407446016	3.782819913	5.83554224
	1.267295363	0.3947422051	0.2066477549	0.09487571212	0.07827593237
	0.1402764627	0.06522289109	0.05238708586	0.5408685252	4.555376479
	11.10298782	119.7460732	29.7794564	-0.6055606184	11.81080243
	1.588617453	-2.558696408	-5.205821908	-9.040645772	-2.777862653
	-0.2076576618	1.449655988	1.804933145	1.920034673	2.258822725
	1.290379001	1.945099462	2.321234877	0.6251231046	-1.410006348
	-4.142476164	-0.3416264822	0.450585655	0.4889219087	0.348790402
	0.2478687881	0.1797958462	0.1425551789	0.1540365685	0.1889375332
	-2.066760161	-1.375585693	-0.8712547177	-0.6588844801	-0.9244006417
	-0.9752965596	-2.38806214	-2.127900048	-5.385873419	6.677995617
	7.337189788	3.238046405	5.694928207	22.18240478	54.79453354
	49.62829217	-39.44396086	3.996136903	-0.8642233111	-7.743518964
	-4.462553783	-3.556546	-7.286412281	-1.363545405	3.781793116
	12.58684917	30.23135671	15.91139718	-1.37741306	-3.909084318
	-3.923310058	-4.973087481	-2.459458126	-1.581112442	-0.911327261
	-0.8980191186	-1.54211995	-1.90634812	-2.64664952	-1.801238387
	-2.236876884	-1.036504242	-0.1223273231	0.3617177402	0.6905548175
	-1.032331894	0.5108453961	33.0349584	16.18434031	3.672191384
	-0.9307353389	-2.476464642	-0.1203696376	0.003500303814	-0.1657162605
	-0.2941920848	-0.02431045066	1.297932409	-0.665906733	3.195744956
	5.702868534	1.13525112	0.2081233549	0.09949191551	0.05460165672
	0.06949086454	0.08970289257	0.07553352888	0.1768691637	1.150718224
	6.325427348	17.04423555	41.42276956	37.66861804	2.397763298
	6.198101969	-2.842161052	-2.873563322	-3.450091801	-4.403561078
	-0.6289044498	5.18646292	5.298600783	3.674242639	3.364277922
	3.887153594	2.166051231	1.596550322	1.45730796	0.7552402639
	-0.04711759084	-3.318150987	0.02132426198	0.7405029009	0.4799536941
	0.2372014061	0.1555763021	0.1242291673	0.1324949656	0.1240119989
	0.1309456954	-5.071724456	-2.462600314	-1.294845308	-0.7092779972
	-0.788320144	-0.9274479636	-2.145822124	-2.52175837	-5.497626215
	0.1772865565	3.115672113	2.505645656	5.404364071	16.85588059
	34.82535491	19.99634439	-11.75079835	2.694359355	-0.8964224179
	-4.177884773	-4.51579147	-4.531030947	-10.84176759	-1.047275129
	6.590712355	10.29509046	13.88662548	5.552045556	-4.278485172
	-3.944652508	-4.717864042	-9.994651845	-4.149947578	-2.240774303
	-1.174936748	-0.7085553632	-1.291608931	-1.183132088	-0.4504822571
	-2.592730441	-2.101632686	-0.8762055628	-0.1061980531	0.5975696461
	1.654568484	2.418571028	14.83125437	71.15630801	8.124272506
	-2.678070934	-2.733420064	-8.9900169	-0.9966518399	-0.85517626
	-0.375303513	0.04064421413	0.640397244	3.739219608	6.051173838
	3.855905494	2.057594289	0.8839159981	0.129026661	0.06021546673
	0.03129955204	0.03997195557	0.06967851784	0.06547808592	0.1795062514
	0.9008654007	3.82639979	7.729714888	12.96126247	21.45010012
	1.684737445	0.8443575336	-11.61044668	-4.378015566	-0.6480886953
	2.369434497	1.028728493	4.836735177	16.99560217	5.34047478
	2.400496375	3.865492363	2.141575241	0.996963428	0.7218646531
	0.5201696811	0.7694137684	2.725800916	0.9588437912	0.8007654342
	0.4125274717	0.1817777391	0.1113600976	0.1161911356	0.1871639228
	0.1400319387	0.1391274197	-12.08907895	-4.760608608	-1.759696488
	-0.8787021011	-0.8076294979	-0.9264125205	-1.455516503	-2.05152547
	-3.622477663	-2.412776441	0.04651035022	1.065216412	2.814065923
	7.695073674	14.60603585	7.847699236	-3.580906964	0.4612707546
	-1.216061554	-3.623129274	-4.794625574	-4.922648667	-5.656385032
	2.861697596	15.65506892	16.03566486	11.09705647	3.888373968
	-1.190437006	1.459881443	-2.347615878	-16.31878676	-7.177197048
	-2.889705767	-1.34879524	-0.7559092793	-0.8102549977	-0.8534762093
	-0.5061935033	-3.024266394	-3.055261143	-0.9197711022	-0.1483428566
	0.6523084547	1.957488803	-2.075281562	66.76620478	126.7000552
	-9.883189735	-15.64055625	-21.70617079	-3.964848322	-1.755132622
	-0.9277459489	-0.4539046553	0.04661015521	0.7860279425	3.426962393
	5.381383657	2.441729791	1.085395916	0.2758108906	0.06547559084
	0.04513252723	0.02291005233	0.01900311118	0.0413633589	0.05754459109
	0.1466048278	0.5855274574	2.375400418	4.369271523	4.628800871
	8.177189774	2.557146804	2.138932557	0.2548747579	-0.5853742053
	0.4156384868	10.49570499	0.1742011762	-0.7517349979	6.213140596
	7.975714546	4.073422112	2.427870837	1.174668889	0.6121413155
	0.6171173662	0.4990642535	0.5262278709	1.371980608	1.059740826
	1.139763609	0.4298751324	0.1625546393	0.09999952677	0.1139362006
	0.2280493054	0.1902985671	0.2040958807	-9.615356306	-4.620148553
	-1.87644575	-1.016412544	-1.149348566	-0.8811702929	-1.282510875
	-2.452124547	-4.217492626	-2.583510591	-1.001799506	0.2226473076
	1.233821587	2.363178944	3.168152904	2.483976258	-1.318920468
	-0.2766035354	-1.166178156	-3.037911122	-5.095304793	-3.287851251
	-2.18137923	5.084815497	20.84771191	22.17955856	11.4380259
	4.192083716	3.688384874	12.0455325	-2.879783196	-20.81774028
	-10.51382616	-3.725353987	-1.387281938	-0.5908040656	-0.4716833191
	-0.5197808644	-0.4432847955	-0.8462110946	-2.078240647	-0.6774810368
	-0.2217712913	-0.08644262807	-11.60647531	-86.39307156	-71.44797173
	72.85478993	-75.21314861	-14.90598818	-53.93417903	-13.02272361
	-1.010877786	-0.8244857337	-0.3838334703	0.02055659613	0.5173108082
	2.654717417	4.417823539	0.989152555	0.5240560451	0.1875933015
	0.06203824768	0.0268662514	0.006168081921	0.008250620453	0.03709526485
	0.05495538713	0.1344626285	0.4284847496	1.302604155	2.816177459
	2.896473492	3.3771769	2.061996127	3.003767146	9.861067127
	5.722651978	-0.3953851466	-9.76191709	-3.714615992	-6.587377402
	-4.861564748	2.244740596	2.90267141	1.192902827	0.6299713303
	0.5059165268	0.7529426331	0.4786360649	0.3563161818	0.6064715906
	0.6556002069	1.286020638	0.4940925931	0.1684557859	0.117431216
	0.1222387727	0.185328208	0.2520978971	0.2610353645	-17.59182385
	-4.950415246	-1.935212047	-1.26650541	-1.634117783	-1.051958254
	-1.176062162	-2.651391667	-3.906107875	-3.568970863	-1.204734954
	-0.1426997086	0.4603995423	0.5441668949	1.021023827	0.8199055273
	-0.5946229543	-0.4603744859	-1.154734801	-2.528009993	-3.441650456
	-2.447118345	-1.001798266	2.406855574	9.88254609	17.67301851
	10.58488056	4.870763056	6.840358013	26.66788466	1.08270075
	-23.78620117	-18.25038131	-5.93212121	-1.676221753	-0.6436981757
	-0.4087283438	-0.6385055015	-0.4589813227	-0.6794345783	-1.138325433
	-0.4795846543	-0.2307309715	-0.3998527978	-9.261568899	-81.13471231
	-98.77806498	7.974208395	1.494576664	14.10778582	-18.42240741
	-18.02239872	-1.826638001	-0.7327236177	-0.3073096819	0.03757876474
	0.4704629236	2.061857047	3.830551369	1.003668914	0.4211855643
	0.1554381011	0.07361933802	0.01751379521	-0.005664237446	0.000562548542
	0.03436336423	0.0707766985	0.1382168028	0.4101992406	0.7823901137
	1.284059295	1.364450085	2.384364659	1.558315021	2.905622521
	3.632507315	9.394315593	3.408559817	-5.652840983	1.992002375
	9.668578927	-0.5608354707	0.7329933691	1.326546423	0.6374253924
	0.4792316907	0.406379331	0.5891470965	0.37115288	0.2443356116
	0.3365087137	0.4464470611	0.914285482	0.4825343237	0.1699931114
	0.1307077059	0.1578982517	0.1842058892	0.2982608887	0.2452724773
	-12.90782223	-5.942306134	-2.08109485	-1.802406321	-1.786521284
	-1.178171594	-1.134119458	-2.149637424	-3.553424525	-6.416032621
	-1.620781515	-0.2705711076	0.2152342183	0.2061910746	0.2310135394
	0.4423496513	-0.4618413216	-0.5199166828	-1.20710901	-2.776378877
	-2.745597711	-1.905914672	-0.8148674906	1.341508835	2.02255989
	11.50546182	9.302929141	5.344661647	7.681724087	24.55659192
	2.078766725	-20.00592026	-20.33012369	-7.569867754	-2.051051031
	-0.7826777025	-0.4184276081	-0.7991869539	-0.6243347596	-0.5624708432
	-0.9915873922	-0.3708456258	-0.2741413778	-1.212421024	-10.92423754
	-59.41074234	23.37042496	18.58741458	101.7279693	92.02234457
	-4.630118728	-15.32331011	-2.729985761	-0.6210597128	-0.2364023815
	0.06697794135	0.5412868291	1.899242813	3.522809131	0.8942336219
	0.339085331	0.1370458534	0.06061536422	0.01374702422	-0.009858358031
	-0.003739046129	0.03060966308	0.08828539484	0.1445979004	0.3652081778
	0.650479454	1.268852698	1.511126761	1.463274234	1.300750393
	2.198440257	4.721143632	4.62846321	8.968359998	-0.3745689515
	6.494658969	31.94121595	4.121914655	1.058036217	0.9544916214
	0.5297592499	0.3893169506	0.3744179471	0.4481947131	0.2896048649
	0.2124465231	0.270009168	0.3966705334	0.6917819172	0.3914876284
	0.1627965569	0.1570527695	0.1695251574	0.1741360031	0.2672021686
	0.2285960361	