3131	
	1180.033884	-356.7240792	-616.6895112	37.29408671	44.7675952
	-4.047566347	-96.72054133	-148.7249109	-96.99956368	-250.3675054
	-651.7365658	-620.8335323	-336.2867066	-378.3092176	-678.6362318
	-288.5344663	-49.51432363	-0.6633845226	-15.89832015	31.23505742
	-33.47220382	-5.185646212	-15.1729263	9.060508952	9.053530423
	-9.371877786	-63.15955602	-73.76864991	-42.3955884	208.3750798
	-498.1437804	-33.1079238	-67.13674998	-31.39624317	-10.51709783
	-2.575202271	-1.530657036	-3.876962548	-7.112735786	-22.47158074
	-100.8725048	11.08661289	57.97821958	-58.30632045	-45.74424445
	-4.967443347	23.93181062	12.89683772	-2.368579398	-15.59728326
	-18.81524603	-9.782441075	-7.469822643	23.67417312	80.50156149
	42.23476488	15.06571366	-10.01538152	19.95542236	-11.47039465
	-36.91912492	47.30495632	17.63943474	56.11298521	59.79381926
	-32.35497589	19.76428395	213.5268202	181.3008047	-87.71990002
	-4.605017067	-5.180904141	-2.596169624	-1.977758468	-1.503525935
	-0.8524817431	-0.713920454	-0.6249362923	-0.4168625939	-0.2099251066
	-0.07751017759	-0.01240929005	0.02047882748	0.05798177707	0.1444079059
	0.3540417811	0.8062301854	1.562530003	2.073458315	-0.02999992124
	-7.9637638	-24.81559385	-33.04511697	3.312693313	10.22201477
	7.118236265	3.650294141	1.609188359	0.7450282911	0.4972009836
	0.5139345036	992.9287291	-499.7709207	849.6662932	-42.74021783
	27.60244903	-3.02856218	-104.311498	-150.3282122	-36.84802561
	-115.324691	-540.7733213	-548.5162746	-191.9147263	-106.9112554
	-449.9463781	-224.8163961	-30.2403743	1.584767019	-51.42840484
	-8.152130381	10.75940734	-2.808977545	20.36502588	2.367606588
	12.55109388	-14.88569483	-58.73216903	-82.73176858	-6.017304307
	-26.97458976	-61.46412341	-30.26864374	-81.03152968	-26.88989579
	-11.094437	-1.432100734	-3.640926739	-11.69681992	-41.12061529
	-34.08148568	-35.09171125	133.9047396	35.38154835	-63.36288151
	-44.00123594	-4.119541414	19.56499604	17.37474008	-0.1454960229
	-24.98411083	-46.22984607	-23.14991123	-10.76782175	4.276679036
	37.91575859	18.12509287	1.485732056	1.422875035	-2.3533996
	-11.63554887	-18.37043912	12.53343817	-4.969258031	22.08078213
	69.61294832	-10.97760687	-4.043553728	33.49956116	-142.9494662
	-398.2016751	-24.30112709	-6.173269305	-2.783666305	-2.322397865
	-1.696532083	-0.9267521539	-0.8518008161	-0.7622089123	-0.4903844903
	-0.2326276012	-0.07818108955	-0.007794611058	0.02515980713	0.06384710007
	0.1584598018	0.3978648227	0.9383328888	1.851152455	2.263441498
	-0.120240233	-8.842922709	-31.27280925	-41.63958431	-0.8124037506
	14.53664037	9.012245256	4.145769256	1.7426646	0.797228488
	0.5629180248	0.5937443009	-894.8067866	-647.7725084	671.0805377
	-701.9527301	0.7205363584	3.035227698	-130.5577191	-176.2810437
	106.7417049	244.7852144	-222.2783257	-351.0689104	139.4048379
	453.7607935	67.65971913	-60.18867368	-1.960079305	-27.97704111
	-234.2766543	-123.0513386	51.78355856	5.600699251	-12.56550888
	5.183290857	12.39906556	6.685104969	-75.10348968	-75.00500514
	8.621848484	-89.54259183	-3.876151462	-68.79137179	-75.33666104
	-24.90716759	-10.89190514	1.57917759	-12.54972579	-5.304290045
	32.50356661	-59.57095836	44.18759427	538.00558	75.36597179
	-75.96694483	-31.09869208	3.090665952	16.41081949	22.99213448
	9.300774853	-27.71924824	-108.3892892	-100.7820116	-19.52001232
	-4.891291562	4.520155643	-10.95778128	-11.5996369	32.66680356
	-11.54883106	-16.24157318	-9.417178204	27.62814628	12.26959712
	-8.278021336	19.27735142	0.06095665101	-18.19746552	-15.39139725
	-31.79962413	-98.06754609	-12.81812444	-7.697155834	-3.06979924
	-3.179285058	-2.083960551	-1.114378154	-1.358434518	-1.25742724
	-0.7452647202	-0.3088586805	-0.08055396676	0.006459547006	0.03828645922
	0.07750411631	0.1903744793	0.5106110234	1.339067803	2.900369941
	3.390752715	0.4782992017	-6.710541178	-39.83949327	-59.1245649
	-15.52020525	25.81320366	15.77882633	5.726202114	2.23748136
	0.9981408909	0.8063135536	0.9469914809	363.4550969	-155.4477486
	-549.1807709	-124.2637893	30.53332676	43.54235311	-139.2785129
	-264.9115474	196.2515381	657.0495947	170.6066158	-178.1748681
	401.3222813	921.9271961	439.5569733	70.26401496	1.501401645
	-8.77430963	-74.55638994	614.4052814	-11.72191088	-21.75456492
	15.2957524	17.21685471	-0.9042038784	-20.7146435	-99.68743467
	117.1200814	17.46693686	1.806799949	78.15549304	-39.43628301
	-65.00216867	-25.80433966	-6.989584096	-5.496197608	-29.56703367
	-10.92400617	78.77737605	172.9508843	75.27686351	-8.378749
	2.339959438	-53.02983211	-9.906033255	26.38294097	18.8176917
	19.41870748	27.45860933	4.61269876	-4.865578283	-197.0225331
	-29.42192805	-10.39698227	-4.592510801	-20.56335809	-16.32568196
	-10.64353566	-35.3222285	-33.06740796	6.781013274	73.44695933
	65.92474128	-11.36276952	-3.925369276	5.666725113	-36.32316888
	-29.97517971	-20.13747561	-16.03559649	-17.74210567	-14.38873575
	-2.339721976	-1.570283531	-1.24386571	-1.265905955	-2.569755961
	-2.373006383	-1.251251924	-0.428598457	-0.0651284192	0.0417722911
	0.06418593812	0.09854638162	0.233827367	0.6789700581	2.052125512
	5.08568448	5.778409164	1.820871956	4.415288792	-6.709224559
	-47.76992763	-31.15514633	58.81139666	29.33005209	7.787254566
	3.186162564	1.368890725	1.348487089	1.800744928	-91.812139
	-71.33572704	306.4748985	9.488287024	117.1495154	164.4186115
	-24.22230765	-418.5313521	89.63604687	828.5673373	359.2449698
	-253.9532676	249.8403663	949.053997	471.9948252	25.98972553
	-15.91706946	33.15135227	-32.22549916	-129.6660063	-377.3859012
	84.73572886	-0.5856000239	15.76513206	-24.29587958	74.38668167
	-174.101379	-4.342531096	5.033522929	34.66654412	155.1294723
	-19.34060035	-50.0119127	-19.47579196	-3.571254629	-12.20818187
	-100.5641314	73.91096136	90.51256531	-166.8017879	-88.08160563
	-14.40290194	-40.8151122	-23.76254456	4.570638299	62.95493022
	26.19360354	14.23744231	16.03252143	20.80782544	223.2071294
	-161.4864747	-68.11059359	-22.19890884	10.79375654	-9.237391492
	-16.38704201	-14.23551793	-24.30469123	-1.509848175	43.59686271
	128.4227073	77.13576281	-18.19700107	-2.197854335	49.40170673
	-43.98033904	-7.067550088	-10.44109537	-27.24681368	-44.72493012
	-19.67091906	4.99569822	10.83078464	4.295394272	-1.310670828
	-5.38716895	-4.694819545	-2.118397556	-0.5496634654	0.01294076888
	0.1207253892	0.1106443374	0.1256097781	0.2714309753	0.8260693652
	2.760533366	7.680087525	8.282298958	0.09241083797	10.03242423
	29.07922608	-36.47860019	-66.26634518	108.930865	45.46234384
	8.477250968	5.370691551	1.966360965	2.51020548	3.786173267
	3.772357452	47.37107411	-60.85910984	-11.16033874	177.3621621
	59.633779	270.2724359	-476.5731936	-231.9058761	739.5024805
	304.3256336	-553.6532915	-349.1223677	503.3106283	278.4668857
	10.42328848	8.546567617	0.8176573155	-12.8527107	69.0410149
	91.71739976	386.0113688	-54.05694793	68.08908801	-6.211854209
	-57.15641538	-35.046831	94.8153697	-45.34775166	66.68638694
	121.7374388	-41.11099679	-6.863488893	-5.876366018	-6.252313366
	1.252647453	-15.0161625	-56.64106684	-28.37710203	-53.62734525
	-67.93129896	-19.11779188	-171.0645448	-77.44237775	-0.2213562029
	59.13114399	35.89370826	10.58270686	1.708579877	9.188146863
	116.9940829	-58.00082591	-66.17250434	-42.68195692	109.092664
	-0.5026781907	-16.43010781	4.826137556	27.14735391	17.36135628
	30.65518814	64.04562176	51.9368674	-10.36978536	-2.308585457
	106.4885743	-21.57191192	37.89419116	100.2898106	-38.45137522
	-73.44152801	-21.1455213	21.71878877	30.00931948	13.51135536
	-2.297725948	-11.9269974	-9.351471961	-3.428648567	-0.532766193
	0.2480523744	0.282445998	0.1896644685	0.1576797492	0.279282434
	0.8099262135	2.596124981	6.413276886	4.377685647	-9.721547519
	-1.223111071	8.294340149	-20.37638425	-12.72203159	101.6570164
	36.10140431	6.390563286	12.77627128	2.715016589	5.057388812
	8.532132948	1.358868875	12.24515839	-17.53441004	-27.42235211
	498.8724686	-505.827897	336.3703623	-102.7481816	-519.5715582
	448.2335217	158.6091259	-732.7286744	-802.2364969	-28.62660041
	103.2402978	49.16447446	6.524789115	20.06041702	21.64506969
	2.494433988	-25.52467547	514.3004329	425.1386099	-16.06342031
	-44.40746634	20.64379422	-9.18009531	35.496963	-24.32758622
	453.8090366	-103.9552904	-104.9547928	63.58147034	35.38867854
	-13.11843609	-2.948162652	63.92215759	-35.02310927	-18.91886194
	-22.96381993	-14.58051119	-8.838483596	-122.2610994	-115.5061822
	-7.301627948	38.14414887	33.33636564	8.129921422	-10.00596155
	-10.96880424	24.02979852	-27.16352026	-37.38046563	27.46502642
	77.90043958	-34.43055409	-39.81243097	14.5630359	86.16428371
	44.35276081	13.63011555	1.140024298	-36.02077483	-24.96463891
	-32.69341515	18.97993872	-23.30053091	20.10033864	112.9835088
	-71.06565397	-127.5336942	-17.83405861	44.10359594	46.17932715
	19.9074055	-6.356481099	-26.31218106	-18.15108324	-4.973857885
	-0.003117355191	0.8204294245	0.5867548406	0.3170223526	0.1972447415
	0.2517429468	0.6001481306	1.508380848	1.719507017	-8.056525806
	-32.12157261	-13.94669803	-9.962679827	-20.64937647	27.96689894
	89.99090767	19.32294637	14.44785739	42.68429574	1.954138798
	9.847291597	19.42807549	-37.15764612	-114.2329749	-25.36428993
	207.0003955	1716.351076	-688.1033498	-38.02966768	460.5019237
	-196.4840227	115.1820879	71.03640567	-549.0904409	-657.2349215
	-167.8573909	-1.053475005	-24.01175198	16.38239749	-0.6052463568
	4.137912568	-7.311521699	42.67075602	-788.4275802	-624.9209794
	-24.28092034	-168.8491713	72.94228791	26.89610844	15.61011682
	-70.48897919	85.62007823	-164.4416268	155.1287965	91.53602204
	-63.71924165	15.015722	5.788128466	28.68727427	-60.34001504
	-6.88641203	-15.37181325	-12.36434556	-15.07258293	-30.06069982
	-52.11262849	-0.8057839623	20.95553823	20.25359744	5.36795526
	-12.41528485	-27.00642721	-4.588533048	-27.33296082	-144.1712736
	18.03858306	159.6416033	-5.177118116	-110.3772891	-5.293597337
	67.33198438	34.8583885	-6.829072716	-23.11636473	-134.4070895
	-54.93635164	-44.49551556	-28.38450529	11.14564612	-37.95199197
	110.1266998	-124.4644161	-219.4897474	8.126891084	82.08031226
	76.74874408	25.66339809	-13.4900659	-55.12844493	-32.84677626
	-5.480754412	1.902607452	2.032192341	1.109168468	0.5078167746
	0.250409669	0.2116058883	0.3359347914	0.3957182433	-1.798922758
	-15.89000063	-67.66942695	-26.42558985	-18.87695719	-22.05954642
	18.2081729	56.49314151	12.72844367	20.24585448	86.67880649
	-11.77783363	14.17230104	38.87298568	-6.049805403	-28.58265242
	25.47886373	418.0659056	2616.437278	-459.1420158	83.83157323
	-323.5201519	271.0864393	-133.2667089	100.3102161	-126.2579927
	-106.013459	81.86808391	28.86222634	-15.00481284	-5.18262176
	32.56770905	-41.60511141	67.43545532	23.24243409	1726.4337
	272.403957	579.588844	36.19390224	22.70641695	87.75583637
	77.51472355	107.9662689	-563.9622046	100.8476247	-50.82817122
	-220.3565764	133.973521	95.48658256	9.41017805	43.83007756
	-18.50258468	-5.769838503	-16.25159255	8.411824703	-15.83114571
	-11.46925704	-16.03459395	4.030087211	13.79303447	10.15847018
	3.083585345	-12.82834314	-63.8675083	40.81363773	-5.227317434
	-49.63150851	-39.01635496	26.86901644	1.159343301	121.6656801
	55.97620243	1.756973488	5.774622269	-21.26532219	-5.759374478
	-69.52251788	-34.51462945	-18.89385111	-27.22872793	80.04940611
	-73.93334109	161.4964404	-161.9934093	-344.967351	88.21356909
	133.7036048	128.833651	30.28169299	-17.95185714	-104.583271
	-50.92572892	-0.8249428903	6.871731569	4.290751396	1.911066823
	0.7653053479	0.3213725295	0.1878786366	0.1588958349	-0.1401498918
	-2.388659509	-10.87501358	-31.23868031	-21.38009948	-23.11572913
	-23.03647989	10.26540529	20.05553466	12.92035846	8.882340856
	-78.65776851	-96.94479448	12.39462471	64.62700074	-44.24933815
	29.14023768	44.57342962	-203.1131691	322.9512075	-1104.720916
	715.1530318	-76.79752365	-43.26569629	-213.6533684	71.84461003
	264.1675346	469.8422053	425.3808034	52.86574534	-58.20553002
	0.6130374189	23.57492142	-31.31927187	122.1114135	-77.99940797
	779.6941598	116.8238905	230.4003489	70.53741906	86.54265182
	118.7063212	212.7902603	30.85283287	1891.198523	-348.6585325
	-18.06386603	71.89002868	335.5546206	17.12759861	-10.14979877
	54.66290091	4.162973121	-1.91904782	-11.22559596	0.03854518257
	-15.07316681	-7.35763168	-3.984897556	11.45221057	13.3819163
	3.675404743	2.09043444	-0.843951565	-23.812317	18.28061293
	2.55130379	-21.75991935	-18.10277561	-19.64681117	-24.98879889
	-333.0697281	-10.86523005	-28.87640702	-0.7012513191	-23.66222159
	-6.055915422	279.0838595	36.1318126	-6.771575947	-15.5867716
	16.27358853	-135.9078077	293.5256505	-99.53818638	-430.695444
	241.7281879	116.10339	188.3937008	16.25063389	5.272679361
	-161.5654036	-53.6970096	18.78339486	17.44918893	7.900471606
	2.96544734	1.064209638	0.4065543087	0.1944479534	0.1004498849
	-0.2085168958	-1.698368354	-6.256956478	-13.95704426	-15.09012428
	-32.13046238	-29.7417954	3.591058572	22.03655262	20.37247352
	33.35146219	-91.42065225	-134.6399831	24.86607575	98.99673695
	23.02191191	32.94923786	0.1158179883	-492.3981224	-2197.744296
	987.600357	-207.3267515	-55.70789559	107.4202862	172.7920881
	16.87896386	258.7946174	676.4256873	555.9392695	-74.35527701
	-207.4687157	25.9549315	19.23935411	-128.5302825	161.6582087
	-240.0146022	1719.925353	228.6273658	238.9763496	260.6084811
	207.4297846	-47.35393022	-51.46902081	96.15803184	755.9798242
	-634.453567	256.0383505	-316.5997676	247.3984161	-91.3201695
	-5.027470551	59.15755607	27.89626441	6.686369078	-2.914394318
	-4.856041863	-29.65784156	-6.840432379	1.678082244	28.00651228
	20.70162425	-4.588219252	-1.855728395	1.428924281	-6.164759098
	8.722523574	4.833303939	-6.916075962	66.81008354	5.256985672
	-7.245491674	-49.50318661	-12.85915529	-23.65833863	24.42668299
	-35.98528106	-8.98840578	27.73370138	1.586235268	-21.9986015
	-10.24310682	24.19512581	-155.1869269	435.8840757	122.3495652
	-303.8006713	376.176756	-154.4653128	240.2878256	-66.47826554
	112.5646759	-162.4607621	-1.32426729	67.62308566	35.22729467
	12.42919538	4.046318321	1.339768287	0.4956566904	0.2332981836
	0.1390223192	-0.01924473794	-0.6608039786	-2.269954486	-4.198983267
	-10.21943119	-40.97154788	-39.51810253	-5.836870497	10.58430124
	15.78530629	21.16600357	-32.67008943	-64.7072497	58.78922003
	133.4414353	-133.485738	42.85436957	-11.31162394	300.5993632
	562.6344165	116.4113025	-153.9024448	84.89417555	-271.8811114
	16.87953066	-187.3338755	-231.6343187	300.9128087	345.8106228
	-375.9247634	-502.3794508	172.7711265	1.508457577	19.22010072
	35.09389407	-201.1342339	3700.051333	1196.100714	370.3963363
	610.1028476	105.6231444	-462.1530023	-3827.918402	-5.90342726
	-688.1875964	-30.56344944	247.8475983	716.473775	-395.2432563
	-643.9357507	-14.63879224	149.892547	52.7393819	13.05403709
	4.273943023	2.91197728	6.503185972	2.209070229	3.72031259
	40.16421724	13.4378385	-23.94336051	-6.736774499	2.314570552
	-0.04127395898	2.804136273	0.6740576873	4.456074743	152.3914756
	38.3662092	-3.40110902	-18.80169773	-3.829953337	18.52053699
	115.5798109	-76.24000969	154.0998569	-19.39676207	-19.9967937
	-44.66325342	-17.88475358	-11.7281725	-138.6998563	364.2265365
	228.3554833	-24.43745127	288.2060731	-623.6304448	395.1928939
	-339.6005099	297.2175665	-71.23849204	110.3907488	135.9637847
	53.31705919	15.83672001	4.709880295	1.508457507	0.5832984597
	0.3068912736	0.2503328778	0.2970693071	0.311151638	0.1735612288
	1.246427994	-0.8325073789	-20.59300266	-23.23224216	-9.76569898
	-8.994435093	4.587865779	19.73316172	20.53297531	-7.298669962
	78.8163701	141.4446911	4.411512983	125.6933236	9.374579846
	296.7419439	1923.30513	-558.8791469	87.88752469	-33.36277688
	347.8731277	44.20755311	-218.033093	-666.0769838	-282.494251
	54.84979982	-546.3245845	-816.3690411	529.8509043	49.40802062
	14.70347753	19.15225713	141.2231528	5011.266259	-20864.75525
	3033.85328	-4425.447631	36.42205938	-29.36024017	-275.9312266
	176.275624	-141.0972656	258.7032819	-350.6088424	402.8375952
	884.262552	-84.71672112	79.29041968	375.0766938	92.52321141
	12.42878823	9.907356311	11.89234727	52.77696285	16.54207396
	8.870985978	79.63169572	-105.0608499	-62.10520895	-10.37839189
	7.412790995	3.982241709	-0.9589056555	-7.046585233	-14.39417726
	41.44862771	19.72092648	-3.767213784	-7.908111423	-6.835877199
	44.31609597	-104.2250837	-541.6858138	386.707542	39.96807226
	-10.52779607	20.56501938	-18.94508652	-60.16509951	33.26914308
	115.4911622	57.14175643	3.330111697	48.89898211	-593.517793
	888.479577	-642.0905848	318.9600299	-79.28386639	114.0032216
	141.6790266	53.54285113	15.53707292	4.605407406	1.536874626
	0.6912204765	0.431269409	0.4309568049	0.7311355539	1.318541749
	1.472635204	1.741911905	0.8820556204	-9.882201851	-11.85173279
	-9.378579437	-32.28145615	-7.818299823	19.32096931	35.67632559
	10.45890511	61.23587018	111.9425985	33.53421019	45.44438284
	14.72049898	-34.66694603	-2538.577699	321.8632397	9.595339088
	-4.738354036	-230.7832679	20.74615482	-65.28715964	-565.1948754
	-277.6767103	91.16220293	-159.6540307	-791.6590375	543.8407052
	-178.9545662	-5.651939377	-15.93317701	-184.3602681	-3150.318495
	3617.30767	-219.6656462	223.9703051	-217.4052583	-110.8695647
	-31.75761938	-132.9473887	-59.27835231	10.69897171	-18.08614261
	-344.8630501	583.8640675	326.6795028	8.180694782	416.6069746
	104.6036199	6.47967449	15.43275983	13.10407458	74.91701237
	23.2009149	23.83105508	271.8542982	-44.18050868	45.88935629
	12.49026231	17.60146672	7.383603166	-4.867859431	-12.53929849
	-35.18058006	-3.985797279	1.973751033	-4.525758708	0.7991894708
	-18.81773116	-226.3679508	32.19278271	-31.67020361	-24.82598569
	-85.70973053	-25.05512183	-12.89208269	-1.658717194	-25.74890091
	9.861111905	-33.58167627	20.69982828	68.31449021	34.92903575
	-54.7818427	60.18744006	-10.1630328	199.4670453	-129.8948722
	1.743137631	53.91939835	31.22572423	11.8207223	3.928822887
	1.507748949	0.8962649649	0.6481506112	0.7009516306	1.378765892
	2.854093673	2.84600008	1.301303061	-0.7879915273	-5.543829976
	-5.2801926	-1.371460253	-12.25676618	-1.006544208	46.34368983
	13.34154066	3.631867582	34.19067402	69.03591043	42.2557456
	8.42594845	7.740486276	57.94966232	974.6543732	115.6561194
	-35.17141405	-34.57798724	-50.40345142	-1.094586305	-12.11641917
	-76.3451751	482.0733766	169.8360969	636.7293246	-237.5067689
	121.1464688	-466.8319227	177.2148675	574.091297	1844.970042
	1236.512893	-702.8171317	-1007.750634	-0.9856616142	158.9652518
	-413.6283066	149.2126991	-159.1727942	327.7741771	-538.2506081
	561.6333498	-473.6395184	-95.02330192	140.1928327	-255.7247247
	-233.6428578	21.02347041	3.205827592	20.41614926	55.7611095
	-146.1992144	17.27965529	53.46333343	-110.8772455	2.404004379
	26.43611295	16.15530193	30.55989649	5.946425752	-12.05945339
	-11.93541292	-13.17595337	13.37956156	4.654593414	-3.068276641
	24.79390714	16.8576437	64.53370466	28.62191952	-43.71397973
	-22.24817042	-30.08077906	-14.74425354	-9.752745643	62.72595102
	-9.581023144	-10.82990457	-212.2877193	-21.00568639	195.8039586
	22.32675408	-24.80368345	159.5648601	133.5519005	4.977895618
	-40.45733454	-10.11743825	25.04406163	18.8666267	9.16072211
	3.369050295	1.600348499	1.371363017	1.040470022	1.093681916
	2.383869626	5.706719044	5.359983272	1.182818042	-2.582032832
	-4.642369544	-2.446122887	5.71814329	17.91329542	38.42282763
	232.2986752	-3.035177958	-16.36013037	16.89949258	37.22041812
	-5.32056442	-23.04463086	-9.782361293	-118.1622939	-283.6601563
	-50.13284887	-129.3740749	-3.583510604	134.4936915	-23.18811053
	18.13788769	-32.42983825	30.89756409	-855.6736503	860.2863267
	169.2840137	71.76408657	-184.4910492	256.8060083	932.6567099
	-1111.092086	-866.4185051	-33.8699399	340.9233995	450.5068735
	169.204583	-460.7994618	-140.2345475	170.274818	13.13868193
	-151.7049032	-19.3608631	197.5156744	-326.9750097	-64.03780687
	131.929686	196.4657198	66.84107511	9.681895343	5.159135352
	15.48264964	4.280253157	12.11349612	259.9616744	-39.98858552
	-3.269753383	25.12099362	16.05673415	29.64747771	-14.29582125
	-26.62227224	-13.04258159	4.6291669	59.5986499	15.88588403
	2.931795428	80.71133791	23.03152187	-73.41319914	164.4667452
	24.06167066	-15.95045878	-72.2886179	-23.81306086	-16.74923393
	123.8417076	-1.16098452	-5.516370881	-14.76317917	6.542403095
	-5.731226565	-6.534676472	-97.98529833	246.840989	207.4780946
	-191.0762121	-37.59391308	2.853708087	40.49605642	26.8555378
	9.88791236	3.221768575	2.006025282	2.499076234	1.766052126
	1.652963133	3.807315798	10.23071192	9.492230606	0.5895169731
	-6.303017024	-6.660979173	-2.834365417	4.004561435	14.37702439
	-5.473891312	-76.01633863	-53.34408363	-35.43922579	3.140994617
	18.79521012	-11.76027212	42.67564894	-16.78133261	64.29683229
	41.65606609	28.53900942	-186.8665338	146.1970004	-571.3266197
	661.0573959	-431.6724798	-65.03374909	-23.13953029	68.41707286
	627.4334264	75.72505825	6.981603392	-27.32050538	-19.34653634
	-520.02498	114.8867675	534.563034	108.5712891	-162.1219922
	-678.9984412	-22.39229199	-168.8541985	178.2526818	162.5268464
	-564.5860419	496.3085234	-604.771603	506.1344893	-38.31050917
	-157.7562705	111.1217653	-244.1690718	-13.28658464	4.959837363
	-22.6815545	-60.35856809	44.04265343	114.9986827	-373.676308
	-45.00359445	34.77625834	-6.171201857	17.66996311	-45.59654178
	-60.84366053	-41.95618336	-16.16616531	3.989150008	31.78049365
	20.3726809	35.00606948	200.5751788	104.4749307	-94.14112171
	147.5922487	34.74462319	-11.06311135	-41.58336673	-12.69672801
	-81.32743594	335.5271554	-20.25343602	-32.51582802	138.8789752
	-18.14442543	-29.86018825	-14.43615381	-23.68593115	-21.96539627
	-177.9774951	-441.6263934	26.08794607	15.86302985	65.57856299
	42.83774738	11.29087314	2.984851122	3.011747622	5.244509108
	3.139644519	2.524124955	6.218787538	15.1817654	11.82974904
	-1.528472814	-10.97330954	-11.67734811	-5.297624528	0.7697497346
	6.229417845	-7.707484489	-48.42698305	-39.5344306	-47.08810263
	-12.10835644	5.100232531	-74.03094102	28.68777661	-44.03629888
	-11.11349528	27.93855516	-36.1248345	-7.066126337	-159.0747284
	353.7091891	617.7759027	25.72044016	172.5182997	-117.5819364
	28.92367152	236.96736	-25.54631356	-2.419286689	13.06090199
	18.20547176	-582.0882557	260.061641	-222.6110867	-386.5222416
	283.947864	-245.1815449	6.402830938	-27.07137302	270.785749
	203.6194024	-467.8446727	347.6041565	-536.4300952	360.2435823
	79.95905243	-94.1255522	214.6690489	-89.8363426	-34.64455258
	9.778439318	-17.05862262	-158.1635038	49.94653596	68.85522794
	179.6834324	36.8809814	107.3645217	-64.24843134	34.35853584
	-94.26963747	-94.30256343	-45.64394354	-16.27892064	4.117830246
	14.23641827	14.94028881	32.5772955	92.85483228	35.37819089
	-84.26895322	12.89588169	65.20846293	-6.706241188	-13.48518485
	55.71623969	275.1253497	88.31018413	-384.9176237	47.99864393
	-100.0947282	-236.1633934	1.38754913	-5.992695689	-18.96412606
	-22.16248391	-50.87683514	-110.2231663	297.1160919	16.95105355
	15.76782547	29.35056861	8.207270434	1.950072363	5.513692424
	12.33564459	5.777151262	3.833933156	8.950217081	22.26112923
	6.168874632	-6.439387259	-11.96870554	-16.28778489	-9.23297296
	-2.48073681	0.7045413087	-6.440687938	-27.2977506	-32.43303007
	-104.7380777	-28.1266313	-9.273323908	-41.0598022	73.3348902
	-22.66894415	-16.54442691	265.0850121	6.243077928	-12.42505594
	-50.12098489	-21.76863463	111.6707248	-73.15606796	246.8834476
	108.6408131	-307.5718553	0.4833614889	-18.46655679	29.44917799
	-0.2916356008	9.203627963	-120.2170969	169.9164314	-76.69379415
	382.1510587	181.0903059	-5.482802602	60.63756732	-11.40885762
	146.6580696	166.417399	-185.1411497	217.8685397	-227.2814629
	55.67820522	-297.606014	-61.89604324	313.3489121	12.92742789
	-46.61918136	47.15451665	102.9198531	111.5032087	87.05611098
	132.5917188	146.5898227	81.82807255	-5.029080858	-83.62125022
	-27.10526037	-138.9204148	-115.0021575	-52.69659401	-14.49354928
	9.874988534	10.76349211	18.05000825	31.9017018	25.26323568
	11.15296736	-25.83128059	-18.0359622	10.78428378	-10.64074161
	-2.089317307	-12.27396294	-90.05744979	-45.27402339	13.20803354
	72.72513369	-282.7852554	1346.049965	-174.4144808	-9.819773738
	-50.9523203	-15.18023697	-12.47822841	-7.819539212	108.5342278
	-114.5519706	-42.33084988	21.73336062	4.629064103	-0.04660583818
	12.90002064	32.34097539	10.98031699	5.610144168	7.600427478
	15.94196479	-6.266591118	-15.89474011	-15.97216032	-26.9496873
	-14.35167411	-5.828273858	-2.165731934	-7.145800458	-18.78435173
	-24.02011964	-49.75273146	-24.60652164	-13.17279639	107.3594928
	194.7723834	34.72500531	73.13462419	-89.0416498	137.3878158
	-22.05475914	37.60914782	-427.5645781	2600.371179	-42.6548993
	315.1211714	-2767.726594	788.2317616	30.2713919	-1.660902128
	9.577723196	10.00309583	14.54853049	-21.89612635	-175.7649736
	24.08571694	-271.8467618	25.95306854	4.4015052	19.02799857
	-11.99245528	44.3643226	75.81464	-32.32830466	207.1293941
	35.30405468	93.71985891	-129.0349669	79.04455194	272.463805
	21.67624597	12.78824483	41.02416318	-151.8994954	685.5241492
	-268.7472021	133.2600182	98.36743061	115.5106002	-17.20939397
	-137.889729	642.7607801	-96.29679522	-132.1339063	-58.37550468
	-9.079425215	27.1849941	14.36363632	34.74920945	54.55410037
	-17.35399239	40.12517456	22.8341413	-33.30608973	-39.51697426
	-24.63423722	-11.74809489	-107.0806063	-17.47965335	-104.8016239
	228.0068361	-30.44907392	38.31948487	31.39981131	-65.68235614
	33.35348484	-127.5360223	-1.674361957	-6.860123141	4.324680433
	-13.80337275	-37.93202932	-8.100804096	55.29301083	0.466372641
	-3.853498332	40.53591187	95.27229775	22.84081024	9.612336959
	5.962024063	4.468449618	-22.34837164	-25.06933816	-24.44718751
	-58.2622424	-21.60889324	-7.56294654	-3.336981988	-7.84123502
	-17.64818528	-21.55052281	-23.16921044	-13.79493171	-10.93857757
	166.0657349	-277.8884341	-4.155544385	-51.68971265	66.92315182
	679.0798864	221.320532	412.8036352	191.9801472	-331.1874249
	115.2963468	-481.7707079	57.28134274	2113.850448	-88.83807841
	24.59403552	13.53229613	12.28297684	20.63024007	4.796293808
	-275.5144927	306.1003065	-95.87993917	-21.28669615	10.44322882
	14.04843861	14.92610555	10.1130744	22.88717454	24.54484447
	85.87609116	108.2220427	180.2227324	106.8308152	178.9109155
	224.3420953	17.912351	19.03020458	36.66850493	284.2112229
	-93.27142487	591.6342956	91.64278537	-171.1156893	158.9373195
	-49.95723148	-1512.343968	7550.634976	350.4688115	40.59725978
	-21.13176579	2.600294999	67.48971092	21.50647091	65.03383688
	89.78439285	-63.17386497	73.27143458	69.91135046	245.2353279
	-92.11069038	-44.65545626	-28.19680091	-288.0419066	-17.18653839
	-18.11654255	96.85965405	-76.64908498	288.8699083	12.58957355
	-62.92217185	212.5246511	238.7566376	299.7677672	93.94891714
	-34.75282311	-192.4618503	-5.316679187	37.32289516	129.2548776
	-19.26852163	3.269767602	166.3635401	291.1140162	61.47951338
	21.50052523	7.796704877	1.938094254	-13.94966647	-20.46611077
	-26.46238146	-99.91707761	-29.82706986	-7.186684089	-3.190186902
	-8.948483595	-22.36604598	-26.45720876	-12.12956708	-7.14119639
	-8.607039085	65.79352885	-14.91195055	-27.35938576	-8.997531953
	22.43151551	-1028.732462	-1538.762364	168.278013	-109.9776224
	105.1264558	12.4260721	-486.0113724	305.3746181	95.05243823
	-57.78045395	43.64247608	11.57044853	14.17873783	22.97020294
	-13.96421268	-212.1941526	73.11089004	89.15755992	11.36652102
	4.510563297	9.831651781	38.86078114	7.509305703	-1.879716923
	13.26579521	60.50754484	92.46207364	174.9771674	145.2792358
	76.47465216	-1.384091348	38.19719948	42.78627168	43.84505343
	61.45237287	-6.052624121	-106.0802346	-84.49281166	914.1954028
	15.33141498	192.3791912	-414.7109248	-3911.233596	-55.71846738
	245.6125216	7.293241694	-5.145206851	128.7134662	3.573382544
	47.44122682	14.17258672	-11.70943432	10.85311894	12.92098753
	-12.90064311	-385.7644577	59.51080691	227.2842336	74.70846141
	167.4775511	203.7138544	-421.3333442	76.48098974	-34.63472214
	-247.4843598	-80.05979459	507.2231237	168.1431555	-112.6752131
	148.0694957	-36.31812618	-587.6219723	-29.76958649	3.659884992
	84.0466276	-90.51657321	49.73723456	378.6068373	486.1558442
	200.7904121	59.33684562	13.56232013	2.542784267	-5.380809316
	-11.90375331	-17.88647453	-41.34329014	-17.94973098	-2.880562184
	-1.527405377	-8.532132821	-22.18560986	-25.09193374	-1.257127215
	-0.7861547771	-8.8963714	130.2219282	-28.23608877	-40.34457851
	-13.12587504	-176.5000695	780.2244226	-473.6480696	120.3020123
	81.71033621	26.44845318	-3.606932031	-101.437284	-673.903218
	8.715696031	38.76629171	60.24983848	28.79641739	14.33707938
	-9.506163363	-70.37690039	220.5235187	-141.3494474	72.79367729
	10.60200713	0.3678663709	11.65395386	33.40651664	15.19936081
	6.486310113	25.88298424	-2.778020693	-5.546893595	118.4767632
	79.44800794	-59.26480527	-166.5297678	4.486682736	9.609283918
	82.23441927	96.42668713	-183.9344957	-69.4627966	1152.202001
	-10549.82815	-98.09234968	178.2782138	6945.051964	-655.0772053
	2411.916482	1149.973877	31.90259215	-85.45475204	132.9658755
	-70.38303805	30.88905461	-103.6559841	46.8349226	8.99755952
	-11.50185174	-281.3994785	853.5373207	-26.15688619	190.1098469
	145.4678625	182.0202998	50.37816584	-46.23288661	-38.47187968
	-839.4698335	-5.00959404	20.83742825	258.7987985	795.5768354
	-423.9313769	507.9072424	117.9941554	218.6779689	3.5351577
	-63.02451376	-31.70436428	-73.23603098	35.79038234	241.680177
	-459.7378294	70.08317086	108.8641424	20.5114986	3.23926859
	-2.022229983	-6.392123126	-9.90605088	-15.91367003	-2.072633153
	4.598441035	1.269353255	-6.466087127	-16.65446383	-12.66394303
	9.253547643	1.107454579	-17.30420091	165.0350379	-91.31236567
	-10.94917178	-170.0147015	125.7139782	-530.7882137	17.4222936
	124.1794345	-42.33075966	-10.86107665	21.40084597	-1.934050072
	-3.494395772	41.27797375	33.67516778	107.1120125	54.70059998
	30.99617056	-7.138058681	48.13207981	17.06255925	-199.156948
	60.74525339	19.78677029	1.68427651	9.237644533	16.21385824
	6.234140106	11.18335625	42.30238757	-53.30914074	-149.9055718
	63.85930963	13.9291235	-126.1374609	-60.04728203	343.1084542
	-16.22401308	271.0527374	147.994229	-354.3913034	-121.5301467
	149.0627295	478.1476186	-11515.83843	2291.365189	-12636.22922
	-1180.857733	5674.037855	54.82684268	8.118602507	12.31234609
	44.31887122	-96.6917852	77.74852235	67.88984156	53.78885228
	93.53889715	-57.48770489	-7.297439513	-239.5054893	-1334.53119
	203.2707984	129.7324812	118.3095412	-1013.078149	2.724607181
	-189.8227314	-75.59215571	288.0192243	11.08867645	-12.10146916
	-674.9614487	-8613.177772	2114.654264	67.91513103	-138.4965139
	3.701998376	-195.8154057	-34.68588831	-99.86841805	-13.62770353
	-203.3249455	-335.0829103	-138.6436129	42.3995195	13.01149522
	2.415272841	-0.7010786905	-2.859295621	-3.438606031	-1.705437702
	12.76651129	16.56042839	5.023943135	-5.344270457	-16.1411818
	-7.947567672	5.456579681	-6.802551365	-39.30315728	-229.4485531
	116.0045978	49.0762835	29.74985021	-21.95977348	-7.984955425
	32.32571407	-19.38832129	-29.50814246	29.09842256	4.42873479
	5.7495104	30.65798496	-58.94367768	24.54948978	48.08535526
	32.28961953	12.85230855	-5.454750345	74.69437672	-164.4016782
	58.46656756	104.1995142	22.47892382	0.7512107096	10.41422245
	21.98359243	13.27194747	-161.9897898	232.9504354	-2.797675105
	-240.373822	80.7679886	-20.78882492	-150.6548844	-41.31378172
	98.33117958	-325.7785378	222.9733065	365.7588011	-309.0838918
	-220.691695	224.1105266	1279.635027	122.8354326	2258.724663
	-3842.094819	8958.454456	-6238.23726	-5104.164441	-243.151497
	176.7918939	-28.46939537	137.3706851	46.1624142	88.20170995
	-44.12041634	126.6203092	140.8764121	54.82515128	17.52413198
	-115.3398964	295.2286607	57.70260629	192.8225826	93.61339544
	105.4759937	1.681823345	1.477270093	21.31527334	-32.51807926
	-36.70687184	97.50998069	-2449.936687	4690.3248	538.0910582
	-45.23483037	-76.57931139	-51.2723936	-17.47819392	-154.2456256
	-31.78928341	-42.10781856	-22.57043916	3.852681219	18.61911991
	6.47881862	1.729364013	0.04510561157	-0.8548764665	-0.2090274876
	4.497086985	26.33284757	38.69494554	10.25936178	-5.794882004
	-22.8266738	-7.350022752	2.504421246	-5.629189934	-35.03039227
	-19.65968074	-2.684278656	-27.41503765	54.79622876	5.086287655
	-34.9502226	-0.0475510794	44.45805122	-30.85422866	1.924662558
	6.206142917	-7.652492139	-32.68145288	42.11731432	14.66223271
	10.34678753	1.5018256	-9.883201175	-9.532626987	-131.1824886
	129.183887	204.8481715	-82.50703331	-55.5773796	-2.175723797
	6.367749469	13.7442566	8.817525482	-16.40708658	286.2577486
	77.69959083	-108.778552	210.1782965	-22.15007481	-148.4129329
	-2.983343526	16.47064484	-478.0927147	-79.66193755	361.7741471
	59.94603814	149.2990268	126.5714968	51.25271379	124.1308769
	-796.4744693	-5854.586811	45557.51083	-10471.2233	-7036.336819
	305.5492404	60.08625574	17.91429096	-26.98454737	-52.58520773
	54.17154571	27.29927095	4.889156139	-56.70853285	-97.26080379
	-333.3038726	-103.6323844	-34.07902165	-49.19289428	128.1001422
	48.01660762	204.9985737	107.0229789	156.0310456	-75.10898962
	88.47450627	1.256027389	-4.760266665	-51.3216213	663.081622
	-293.0035724	-5.973485614	-111.3523432	-17.51006776	-4.813646616
	-37.75665474	-5.67119789	-8.526713068	4.487003342	7.697949647
	8.359784539	3.690601082	1.646028014	0.6243187834	0.2269480321
	0.9433043781	4.687239293	21.76924619	50.52173236	14.53708214
	-3.482161196	-29.29167054	-6.214756348	3.550690138	1.140044426
	-8.333578282	31.25511694	-25.75542405	12.03249139	-11.08744251
	-10.91196447	-28.51419208	-12.97213152	-12.36243977	-9.336252473
	-21.12951747	-2.281091662	7.938210931	53.87876906	-38.8247127
	4.159514222	3.055688269	4.295593746	-35.26309178	-19.06314816
	192.5257477	0.0989228119	-286.6230046	-28.86043588	-66.80419884
	5.043393317	7.349780551	7.157767557	-0.6255645761	-139.2492635
	-139.8917861	-164.3636509	13.3536387	195.1522404	-39.75606677
	-137.3770676	108.8693386	164.978829	-219.4050754	-199.9157537
	68.50761774	227.1985775	119.1584548	79.79335084	84.77648053
	-82.58661873	-376.6283087	9386.471323	-18097.87967	-2937.47998
	-4510.035329	67.43713835	45.31842046	36.92657871	-13.80578566
	-21.60354483	28.45660843	20.30817945	-476.0440881	-540.1704257
	-1.475983377	-50.6665182	-29.28876714	-20.92873534	-110.4201831
	55.26042962	-706.1650839	250.4864932	199.4595628	507.2416347
	-337.3150249	100.9546735	-672.0539577	72.47567186	57.78081083
	-70.26871978	-135.1470391	173.4650259	-55.48684169	-13.07932198
	-18.43928201	-114.7841722	-20.42543532	7.328326458	26.27705305
	9.187740654	2.043932161	2.741121897	2.167461089	1.264804335
	0.9496568706	1.317766881	3.60559463	12.84652811	38.80769754
	13.11179551	2.384871386	-9.678364821	0.926646155	8.754692038
	9.815160381	6.523188142	26.15795564	-26.10737632	94.00844494
	-29.91142859	-7.771269853	-25.09916113	3.085366083	-58.63934044
	49.49155707	-20.95182791	-11.21376278	-5.739825418	-60.0328502
	-21.19932671	27.11091183	-18.27953684	54.26479818	-20.2411459
	-115.4155762	-118.4568408	-43.50062874	132.9489479	302.7276917
	12.1553594	11.79351021	12.60348491	-10.74486792	28.5548982
	-48.98748337	-67.29174328	-11.75778552	20.89694858	-159.6426683
	-85.23460734	-132.6778966	224.1410161	371.0895022	90.82490619
	-123.7057657	-300.2170824	92.29793327	227.4444328	171.6546308
	159.5843084	-47.10116073	-654.9396053	-2054.809916	7575.402333
	-362.8692432	342.8361555	223.8437567	145.973393	-8.112937227
	-13.11365752	-7.672877844	4.684213117	18.36066659	-198.9929792
	-2354.053324	-105.8479222	124.7489967	-210.825194	95.22076082
	114.7606663	-21.64795598	-149.1666306	195.9672308	297.0665408
	-1681.993441	-369.7483183	122.2751079	-17.59046733	411.3829628
	98.39822184	-39.75098197	-35.88298674	7.880359103	-38.6346459
	-35.61505898	-91.09546608	-32.2884043	-11.11927945	13.95749153
	46.46075523	9.353902956	-6.683688224	1.737131605	3.454315314
	2.185589289	1.738925445	1.553243151	2.570604216	6.463220379
	15.71804972	8.0805916	3.264511386	2.893318476	6.882817571
	18.08429253	24.88741427	21.24101338	29.43702811	-10.39342343
	22.45231229	-37.31213483	-26.91589921	-18.89339076	-26.13531968
	-34.4177214	14.23683796	6.841342439	-15.00754046	-0.487900476
	32.05164007	0.4736264629	11.21081867	-12.55473267	52.15339774
	-3.654171753	-25.64141312	98.88175839	-45.94409529	45.9282453
	-380.8865402	-3.590156296	11.60612219	9.61802598	-11.98084004
	89.00319799	-31.46897612	8.46574111	216.4322167	-23.131893
	-8.435592397	146.6823515	-128.3283526	284.6491861	502.1160266
	334.2532366	12.49985211	-332.9677313	361.1298207	185.5798008
	268.6015243	361.989829	16.63192202	101.9038848	-212.5931732
	-2348.601036	-491.1885768	951.7111307	154.6149846	96.5075436
	26.4097498	-9.817885632	-9.278696937	-23.76954443	164.4077818
	193.558275	4259.020245	69.06341865	131.3693744	-20.09042885
	-5.084659816	-46.60835881	18.56692998	160.4765286	197.9567985
	-1197.404981	1780.592067	269.6402171	-326.5607779	96.28795277
	80.26665766	66.7397104	-43.12834393	-31.82955102	-14.16205503
	-26.44584454	-36.02934484	-40.50559345	-21.65774435	19.40813657
	14.26475335	22.32962847	2.100449091	-23.4642475	-0.7862131794
	5.922063304	3.633791317	2.939172905	1.966585662	1.963864987
	3.587096973	6.739724266	4.779634371	2.879583225	4.338892934
	11.87863751	23.79449331	43.08054753	48.20137903	-62.52405479
	29.30866921	-62.81733054	-29.68437761	-96.0780635	-42.36974461
	-17.77607458	45.25301502	11.0438578	3.290036323	1.50736101
	-6.384638816	14.39669556	22.13437693	10.04893067	15.49718566
	27.0217653	-14.35266492	-13.57762062	136.4908343	-43.82013833
	259.507021	-650.4976533	-19.03606389	9.52229509	3.044768346
	27.73086219	-21.76069069	-155.6854333	35.50828015	-60.3918002
	-19.84839174	-3.507354381	243.3040396	-252.9305049	285.62452
	586.6860916	517.799167	113.375452	-289.3806408	119.523186
	137.8676694	339.7780827	490.8935497	-91.6877911	78.25899465
	125.0862578	115.3894754	-35.20156035	-11.02263946	172.8570066
	38.4554895	30.62099244	-27.57478041	-11.92842801	-34.49095143
	128.1272933	-894.590023	1331.965948	-249.434595	64.67731851
	104.1256222	-41.66522949	-34.30398776	14.84109248	94.96494139
	152.3273161	121.8674871	124.336099	-352.860955	-292.7665899
	75.96809902	-42.62204267	198.4915853	-74.48847288	-66.69083529
	-61.966325	-23.41559034	-67.06150338	-110.2205364	-5.746888261
	74.53364171	15.84753507	12.79495793	2.013123396	-18.61328287
	0.1498618507	11.22166374	5.805417919	4.581927457	2.620891162
	1.73297415	2.349009374	3.790454029	3.675539661	3.134298901
	6.287738572	24.51982958	24.32211231	29.5872087	45.707215
	33.25600534	88.52072398	-27.35241571	-27.70665454	363.0788945
	-57.82651011	-74.4461732	-1.998814114	-5.269171348	-4.846649719
	20.95948365	-31.04014186	-33.67799253	-7.128706346	3.169984503
	-30.69020615	21.24103143	-25.78662227	-60.45330348	0.222578629
	-354.4715376	360.8636077	-692.4229534	-31.11201555	8.022286105
	4.477754121	10.98502996	-87.98631149	227.2620592	159.3915216
	32.77006386	-16.30269324	-11.34998819	-101.7004469	-499.1743695
	241.5128626	615.2120895	602.3409654	188.0537273	-425.9525365
	580.023623	123.4668216	364.8936132	551.5939535	-224.8265959
	170.0650651	-723.7215802	-18.3226848	19.31305741	251.1701225
	141.2047893	18.36989556	57.67875181	34.35474512	-6.919805564
	3.128428122	234.9667767	-1437.950646	-1353.150609	-265.1454819
	81.91450504	10.730049	-94.50130968	-339.9737688	555.4336415
	-1007.125538	228.0744936	139.8349024	-8.057352959	44.26950132
	246.2788139	138.0763162	1712.591292	1283.500334	47.62426213
	-43.55418046	-24.64003202	-14.69302184	-1.506568204	200.0020961
	34.52260647	167.8774276	12.90322604	10.65890132	5.785561217
	-12.53865767	2.18238061	17.20584783	7.864163463	5.549187082
	3.129437723	1.718615572	2.015948819	3.05520959	3.387457961
	3.35964597	6.988103904	28.27999567	38.71396924	19.12406871
	35.57247895	