3131	
	349.4680655	-107.7577246	-166.3403257	-13.21224467	-8.129009501
	-4.244606754	-27.17919976	-42.54321475	-27.23490164	-72.55446336
	-191.0009031	-181.4572615	-96.75827786	-107.4636035	-193.8956704
	-78.73678083	-12.24997343	0.8431850344	-9.304224469	-71.03008369
	90.22843739	-10.45159599	-1.670072601	-6.536801662	-531.7677174
	-7.870491119	-22.2941205	-27.62986057	7.11591282	109.9284804
	-159.9895289	-21.33185697	-22.76476838	-10.5964347	-4.085268681
	-1.618788307	-0.8747042314	-6.168264731	-6.553402519	-10.05423348
	-6.812100961	25.43477712	10.54552766	-11.21580083	-8.907156937
	-2.621325389	-0.5137407306	-0.1656659092	-1.018973014	-4.21306627
	-8.487529575	-7.680574129	-3.963453374	-3.178637059	-3.009782049
	-2.09330449	-1.270366741	-1.578976613	-1.540693803	-0.1813312642
	2.840166725	5.765879362	6.11908951	5.496079352	3.753838873
	4.728387314	15.23000452	36.92013368	0.4384621166	-38.95317416
	-9.70911465	-2.887519121	-0.7988141489	-0.09604582203	0.0468310134
	-0.02050613947	-0.1141615723	-0.1351461237	-0.0976801671	-0.05140880994
	-0.02089494096	-0.006863535801	-0.002796626106	-0.003730901098	-0.008259644791
	-0.01894704111	-0.04459768625	-0.1078022942	-0.266710214	-0.6796462458
	-1.721712784	-3.251033344	-2.188406561	0.3378765294	1.560032022
	1.463352361	0.8882983633	0.4651645346	0.2342933013	0.1442090329
	0.134341724	290.4854519	-139.8786861	248.6809095	-18.90655918
	-7.201220476	-4.234435529	-29.16311752	-42.9176957	-9.228069883
	-32.42073027	-158.0663423	-160.3301417	-53.99239076	-27.93626506
	-126.837361	-59.14616414	-7.382591605	-1.771065517	-21.58447673
	-14.04364562	89.96007521	-32.87605635	0.9455014596	-37.19245684
	375.2683988	16.72225671	-23.72020283	-27.36226134	-6.380169628
	29.71193214	-36.66894379	-15.51359375	-24.56942931	-10.83487259
	-4.089436815	-1.53910667	-0.9218979889	-9.761918042	-6.334507565
	-4.938899726	6.757441721	49.86452805	14.34941733	-10.88742043
	-8.791705622	-2.313725477	-0.2957611726	-0.008251023656	-0.8708070361
	-5.077309707	-12.80129436	-11.53264746	-4.753923808	-2.911050211
	-2.825182827	-1.875795524	-1.268309114	-1.636356259	-1.490579398
	0.1646300524	3.577421944	6.973104032	6.625632078	4.928726309
	3.196482752	3.537384949	8.547213885	14.12752538	-29.61367842
	-99.46813063	-15.44997385	-2.918248841	-0.7029550308	-0.0121902277
	0.08924808386	-0.02420307528	-0.1499246458	-0.1698482757	-0.1160607532
	-0.05716948291	-0.02122792993	-0.005923337503	-0.002022046658	-0.003396552632
	-0.008435257477	-0.01998303891	-0.04752562896	-0.1144453627	-0.2763193556
	-0.6696654212	-1.608955232	-3.065237742	-2.152153439	0.6013471648
	2.123759213	1.814063763	1.02144092	0.5148259247	0.253155685
	0.1590877138	0.1487764791	-258.2718931	-191.7183027	194.6980763
	-196.9314308	-11.48404592	-1.191989197	-36.45210615	-50.428441
	32.72840433	74.01978412	-63.50887453	-101.8763209	47.53341713
	138.9156316	36.65414534	-13.81698482	-9.294972511	-8.219314489
	-62.82515529	-14.97679368	-12.63901443	-79.67402239	18.86047378
	100.9438149	-519.4475777	-26.77644165	-25.74892102	-20.08226501
	-9.685473002	-17.94365606	-8.932554442	-18.75084235	-25.64734243
	-10.38346009	-4.515952828	-0.8904926217	-1.317464039	-28.1805606
	-5.627595443	1.619683122	22.63439232	146.830102	29.72154191
	-8.996278065	-7.321837424	-1.289090007	0.3761522262	0.5453459809
	0.303204702	-2.73886361	-21.7732535	-27.73514113	-7.858111907
	-2.860118987	-1.606669453	-1.119827609	-1.244589137	-1.737677739
	-1.389192999	0.9517650003	5.72891035	11.14788156	8.698601428
	4.46900811	2.099376931	1.615065712	2.636175559	3.012574985
	-13.89842977	-37.0666962	-11.13729832	-2.372551249	-0.4443047939
	0.2517890882	0.2286194666	-0.03924394983	-0.2788560993	-0.291740373
	-0.1785522849	-0.07614316744	-0.0222306023	-0.002851008601	0.0005357981868
	-0.002124843318	-0.008488361252	-0.0220794983	-0.05418584138	-0.130557329
	-0.3007249919	-0.6470970136	-1.345395344	-2.420095849	-1.596797133
	1.43466704	4.146289763	3.000289826	1.451885257	0.6835520009
	0.3174855544	0.2116776719	0.2145985833	81.70838673	-50.35593956
	-151.9690191	-47.2662063	5.926028932	13.68486191	-38.38175229
	-76.53518769	59.374326	196.3372563	52.31990603	-50.29907613
	122.9331246	277.2602348	150.9492111	-279.7357504	-322.4578562
	16.85912548	-17.5551178	162.7248567	-23.46851324	84.6769612
	181.9342692	-319.1724496	1565.497102	-10.7189294	-31.31600364
	-14.29022024	-9.684316275	4.627818348	28.06824066	-10.43965637
	-22.82164561	-9.19120639	-5.678050606	1.848980273	-13.27315215
	-99.05426999	-3.761110337	3.462743728	8.203678377	35.85166553
	9.589459207	-8.31852005	-5.085366846	0.7456556174	1.834325294
	1.537146757	2.818053754	8.579881407	0.7243064317	-50.54514812
	-13.61437078	-3.026775037	0.361702937	-0.1530784108	-1.28104386
	-1.526216471	-0.7825200846	2.070187794	9.119476808	19.35229159
	12.26844853	4.186393959	1.134109589	0.04115529749	-1.303082446
	-1.420888372	-6.600700913	-11.97216178	-5.726290385	-2.32719595
	-0.00147658087	0.8376686384	0.5200766005	-0.09246366637	-0.5903866861
	-0.560698326	-0.3006086582	-0.1057251866	-0.0192988897	0.005071286209
	0.006057466606	0.0005296071086	-0.00826984425	-0.02535902221	-0.06585987003
	-0.1628771346	-0.365203203	-0.6714517625	-1.029523347	-1.357822857
	-0.3142924639	2.977424515	8.62244629	5.254205611	2.162903805
	0.9760979918	0.4190982318	0.3139400535	0.3615085106	20.93712762
	-1.50395392	68.00548042	2.887701839	35.91919397	45.55853461
	-4.368709348	-121.8373236	27.85094853	247.2889191	108.4087376
	-72.69798608	76.52897225	285.8878363	144.7410653	23.1058685
	-161.0935468	144.9842777	-18.42130266	-15.87338911	-109.2475483
	182.3504293	-355.4578535	99.31041277	3.117156696	-275.2713593
	-36.91725485	-37.93374031	-16.44932509	32.49072146	76.678473
	6.066201015	-14.58310838	-8.147092847	-8.382432456	22.44925872
	-21.8860151	-189.4228277	-10.46591006	-27.97357582	-15.40564075
	1.71882603	-14.53984776	-11.40256262	-3.59742329	4.075580136
	4.240879223	2.619904487	4.828297425	18.16029841	44.1908141
	-37.65875803	-19.54540383	-2.721175313	4.258914817	1.05005412
	-1.67135689	-1.27583609	0.3238036427	2.955067408	10.57803145
	25.91196083	13.88817649	2.897558289	-0.02610211316	-0.8383317724
	-2.14556543	-2.375452156	-3.760651778	-8.071256951	-9.529296193
	-3.482373148	0.9421343357	2.109982057	1.077172129	-0.2468385572
	-1.298310468	-1.102706966	-0.5046249695	-0.1354506916	-0.001956478518
	0.02318189155	0.01667519815	0.005356520348	-0.007425351939	-0.02965191479
	-0.08348162101	-0.2200530415	-0.5117007019	-0.847496562	-0.8727536118
	-0.5688461639	0.7498672975	4.580811908	14.62068612	8.071150671
	3.009396989	1.409805798	0.5305221679	0.4906180202	0.6658588936
	0.7875147074	-3.697542459	22.03157232	2.688224791	54.23299521
	12.5616294	77.16635268	-138.3557434	-66.16024049	220.7061148
	92.17533494	-161.777334	-100.8395968	150.7785345	88.26653606
	55.09162405	183.8797347	-287.2228262	-47.79923243	-122.4702771
	-124.8341615	122.288857	-63.28196035	46.97898199	21.27618834
	-37.32823892	-13.41240919	-60.52327954	-21.37904295	89.70912502
	41.48518586	1.634199353	-1.044593973	-6.066334019	-4.742904567
	159.2999446	34.06094143	-31.42081256	-8.229170868	-16.44607877
	-17.93524751	-10.13920595	-41.840864	-21.06533402	-3.973222007
	5.148095814	5.718274769	3.013779015	4.405229631	12.70708343
	29.91433812	-13.91766327	-16.7050285	-0.384957723	12.10853726
	2.417958912	-3.34721785	-1.597370057	1.388655772	2.88208953
	7.005589528	13.63733858	4.629711171	-0.9984960327	-1.768716166
	-1.628709641	-2.005981771	-2.360971469	-2.396432081	-10.59416349
	-18.26800922	-4.713121207	3.405906146	4.872030334	2.0820844
	-0.6392452078	-2.883140874	-2.148152349	-0.8015640605	-0.1320880567
	0.05154247048	0.06067003359	0.0356072607	0.01347540087	-0.005332691605
	-0.03407509381	-0.1055982214	-0.3051576323	-0.7863793242	-1.305952932
	-0.9936157236	-0.2473736997	1.135055511	5.082263156	15.48847747
	8.698642326	3.631937006	2.008536307	0.5572778539	0.7856565833
	1.301352484	-8.896695255	-9.746063846	0.1053566741	-5.576710184
	148.454354	-144.8486271	97.10425546	-27.33924564	-150.1880463
	133.8472675	49.04916231	-214.9609293	-235.1744542	-5.699866115
	44.89993334	-2.907649622	-101.4757601	-18.48501645	-274.0309016
	1052.698884	-9.000338249	144.5144509	32.36573208	-47.81295743
	-18.89747244	2.998485552	33.40075655	-17.14741732	1004.936537
	-33.68538217	-54.72680387	-1.160629414	19.50530072	-4.365807869
	30.56247362	227.4551032	183.2266667	6.77781759	-3.095531231
	-7.090496307	-7.54735265	-7.439370658	-31.05364607	-27.4234912
	-4.815153781	2.891587264	4.417228938	2.441416153	2.863205377
	6.596853641	11.3260694	-9.476448766	-16.16321473	3.111627051
	22.32788964	2.942061391	-7.926457888	-2.775064049	2.770117639
	2.557496583	3.165723593	1.37222033	-9.890445807	-6.841099318
	-4.285022415	-2.377898467	-2.370977962	-1.280159886	3.003490235
	-18.40666103	-33.99896555	-4.279662935	9.33452942	10.63240809
	3.727015092	-1.518934595	-6.373962748	-4.055353855	-1.130472811
	-0.009418128858	0.1821176961	0.1316202285	0.06702635565	0.02622161709
	-0.001089325312	-0.03665997658	-0.1253985402	-0.3956954638	-1.160088443
	-2.113771841	-1.40011974	-0.2314682142	1.116012382	4.477494691
	12.5020601	7.138994766	3.73824214	2.432284701	0.1987756379
	1.265948918	2.636044708	-12.2489729	-15.47859989	-3.854076298
	63.02443272	508.7439147	-200.6847077	-6.558118757	131.389364
	-50.92336119	34.60168481	19.47051188	-160.2182538	-193.1411848
	-52.19819433	53.97700498	-1.859869784	-12.27798192	-16.69369389
	1064.125548	-1486.026943	4.382353197	-228.263765	-166.9685317
	-36.17112283	-38.39258787	6.074147655	146.1772774	-22.2587615
	-68.87787118	127.9681595	-56.18970763	66.59109875	48.78236736
	-43.18648064	201.2191785	339.9520759	-381.6093335	-14.09352963
	-4.651151443	-3.837801536	-3.717154543	-4.484834929	-12.79303739
	-13.52571442	-3.08672536	1.283010199	2.426284851	1.48987576
	1.114776719	1.973398888	2.840592208	-9.574041765	-26.8732373
	1.611237834	30.38445689	3.249329767	-13.82702436	-4.964885672
	0.2069185344	1.178417117	0.985248021	-3.203098911	-24.24336256
	-12.5808336	-6.399631535	-3.376219373	-3.931914531	-0.5413553654
	15.99965226	-32.8016946	-60.90461213	1.689005597	21.04309822
	21.32450412	5.889528566	-3.113474637	-13.65938652	-7.150176787
	-1.193549209	0.424742266	0.4579955543	0.2544197364	0.1152470569
	0.04486270561	0.006363416672	-0.03470175938	-0.1309040974	-0.4277403271
	-1.325862335	-2.780318051	-1.874424852	-0.3474884222	0.8858885958
	3.097168947	7.609702552	4.832135775	2.472814624	0.6016976571
	-1.380379562	2.031198249	5.334784042	-6.688719761	-5.363308553
	10.43007347	124.6843728	775.11675	-133.77837	29.8302527
	-79.84182706	61.72725831	-28.2732755	2.708368863	-34.70962273
	-30.56224836	33.50616825	154.2555888	30.55518853	53.30932893
	-57.34532066	-4.231790639	163.5705188	-2.894318361	515.816816
	60.76588015	-32.06856716	91.34588662	-88.41125254	134.4705645
	-108.167314	-43.48309854	-173.8370801	-23.71634837	-2.118324039
	-53.75434195	-33.20753054	-313.6919053	363.992913	-465.3476915
	-58.0798172	-5.101921566	-2.300576632	-2.077188999	-2.648680724
	-5.319507341	-5.049514051	-0.8119912794	0.9126175285	1.313247028
	0.8093019119	0.05848350146	-0.8442865306	-0.2324159938	-5.693467581
	-14.5059596	0.1667466151	15.11742084	-4.634399953	-22.88443097
	-7.029833106	-2.175290903	-0.4495260196	0.9971786598	8.334322424
	7.694027674	-4.402500305	-4.399422931	-3.641796145	-7.466069742
	-5.342445257	40.02681198	-43.98901003	-97.34305035	21.70583415
	35.19071939	37.09717174	7.159524679	-4.513471437	-26.42243466
	-10.78497963	-0.08943023888	1.540277911	0.9743496376	0.446671914
	0.182753464	0.07017718718	0.01802520119	-0.02637175641	-0.1159283415
	-0.3688431441	-1.068047973	-2.250591932	-1.804476833	-0.4073385164
	0.6458621176	1.895478143	3.96979734	2.820419302	0.8326462544
	-3.903981946	-5.796659241	3.361605129	10.28406693	-3.359135679
	1.006440381	7.332748616	-60.39942654	95.66866735	-321.7455177
	203.9127886	-15.07363164	-7.209543191	-48.16294672	11.62937068
	80.237201	140.2701489	122.5928772	56.10875773	-7.758397535
	-4.345534416	185.1933813	-29.72220494	4.585276023	-18.79706591
	236.3355218	-3.516920308	-477.0830997	101.7572806	12.74986272
	90.68346778	11.93845694	-16.07948535	529.7164025	-112.038476
	-7.636680907	-33.06980646	87.35502012	-110.2375797	73.50426188
	-90.84211615	-64.90446572	-4.342395356	-1.24971707	-1.15410906
	-1.34770671	-1.806263648	-0.7762672946	1.484825768	1.242375449
	0.9180468559	0.5425569866	-0.00930363927	-0.8295901823	-0.6432565919
	-2.25924017	-2.910701171	6.170714015	7.104280052	-14.47669711
	-74.65973014	-13.11849852	-3.426873099	-1.35321642	-0.2991547429
	19.95287591	55.02677331	12.74191765	-0.9131176996	-3.571215662
	-11.91075183	-17.60046072	82.93602135	-25.63007087	-120.9432517
	62.63106761	27.84300645	53.92369348	3.161266974	0.237560199
	-39.05919826	-11.0732286	4.247241349	3.923356432	1.821861679
	0.7114514343	0.266970882	0.102212491	0.0349899022	-0.01149942268
	-0.08687639924	-0.2691202667	-0.7007112662	-1.359068407	-1.223788723
	-0.321961401	0.4893506591	1.152531305	2.112967493	1.745299676
	0.1535845755	-6.366010294	-11.18410582	6.005907902	18.23373344
	-4.338123899	4.039579367	-5.883682136	-145.0665738	-647.9652737
	284.772795	-45.85658872	-9.447988832	-19.9043828	-27.12934566
	0.09154540305	77.51084188	201.4810146	164.9746368	-22.46240158
	-56.3332877	-129.5671146	-40.57491767	-43.18791099	-88.5965143
	-65.99517552	508.1196007	56.54603545	97.42362592	114.2766827
	50.71408957	-29.56490794	-35.14443664	429.576195	170.7606535
	-190.5392671	36.18670749	-76.75632992	37.51819672	-40.15502778
	21.15987625	-1.207609329	-2.930249544	1.369450752	-0.03517716639
	-0.6371691062	-0.4119908218	0.5437789118	2.721565839	4.983988274
	1.97986714	0.8625717837	0.5570276987	0.2348054582	-0.2205232406
	-0.1105424743	0.3330687045	5.15337251	16.6646181	8.018750596
	-5.89724132	-26.73174788	-10.40426874	-4.207309721	-2.050790965
	-7.74242032	24.18687449	32.15360229	13.33735997	-0.8020748492
	-4.07411955	-13.40154106	-22.43336618	126.2640055	34.65875217
	-76.21664511	97.52598341	-39.9609348	67.44558541	-18.27619567
	24.97061136	-28.85508231	-0.8754282748	15.11923693	8.154750644
	2.975639042	1.012449595	0.357214172	0.1410159841	0.05951825241
	0.01028062036	-0.05207692312	-0.1739051604	-0.4133110517	-0.720986092
	-0.6584107413	-0.1511872221	0.3915618315	0.7582545528	1.319562858
	1.540908263	0.9936139529	-1.844453317	-3.410379685	11.3855395
	27.78254836	-7.824790329	10.63110869	3.358150778	91.07915287
	163.9591232	36.85063979	-31.28624109	-1.889396034	-56.5643835
	-6.795784984	-49.69759774	-66.04020102	88.9837411	102.217685
	-110.4238236	-146.5580176	25.46459844	30.32590284	3.103494124
	70.9374941	-56.14856164	1092.989685	347.0826092	96.80188661
	151.2735862	95.01316272	-152.9897875	-1155.753176	-20.56875537
	-244.8385602	-15.07841631	47.22822794	200.1887401	-108.2924675
	-186.5981119	-6.17550429	45.98151653	18.24037168	5.594755958
	0.9944784803	-0.341357394	0.2938526822	2.782847522	7.247444336
	11.84870556	2.894057617	0.8886117149	0.7994128406	0.6368471752
	0.2487669427	0.3743467245	1.72622681	8.74059982	28.55760428
	11.82981832	-0.8664018531	-8.50610217	-5.282957297	-6.280044398
	-3.388779864	-32.04864173	49.13476196	23.27245652	7.336948539
	-2.924197479	-4.502934371	-10.58125625	-14.94639103	102.5081516
	64.87742592	-6.485851432	61.87175898	-172.154575	114.2824379
	-93.28143802	70.91322702	2.291193877	18.74514087	32.55752283
	13.40639819	4.044606524	1.25085405	0.4367259562	0.1897326241
	0.0972797427	0.04196576154	-0.01471681575	-0.0992407106	-0.2319468172
	-0.369556626	-0.3207823894	-0.03361075028	0.2974815471	0.5778238765
	1.139034012	2.126054816	2.841022713	0.9723934198	1.647365191
	14.42317649	31.35090676	5.48791289	24.66005239	12.19525905
	87.3007318	568.1447554	-149.2970559	-12.25049645	5.400751283
	88.73237881	10.83610772	-62.03494841	-196.0564819	-80.08415953
	15.98668866	-160.5761222	-239.8067646	159.4639646	-23.74792144
	-11.80610583	-177.8212616	39.70924551	1478.920562	-6188.991804
	883.415326	-1322.546119	-8.660789833	-15.67363415	-100.2512819
	35.29808254	-37.66857764	88.71169279	-99.34021641	111.256226
	254.8813276	-28.55735514	20.14434605	110.5583987	30.99036207
	8.272397315	1.616293468	-0.4757664278	0.5789148111	5.641550221
	15.9109212	29.1095596	5.303148861	1.050495751	1.388358596
	1.350696815	0.6426023198	0.5997766953	1.842539383	6.386121968
	16.47638003	9.851914768	1.826866724	-2.489350087	-8.286884536
	-17.8157928	-24.40108067	-141.6977524	88.94854852	24.91279389
	3.042540316	-2.718979629	-2.253183479	-6.93410007	-6.92011393
	36.2864701	30.15050542	9.489298505	10.82785345	-164.0651102
	249.4889013	-169.7033728	70.57740871	11.22281991	19.93264039
	34.93822441	14.39775923	4.180151631	1.30639619	0.498288304
	0.2617551488	0.1612122436	0.09150142867	0.02832839821	-0.04297209064
	-0.1306448986	-0.2077457647	-0.1876434712	-0.03034681351	0.1983812299
	0.5274199569	1.379476688	3.901816847	6.826481915	2.969799406
	2.866590208	11.67316074	24.15130281	6.369400315	14.47321144
	5.911890326	-13.23774605	-747.9929501	88.15347098	0.1984282079
	-11.54514091	-51.14754634	0.5737680069	-22.32240621	-163.7604623
	-77.66510924	22.00302584	-45.03162264	-232.5823415	153.6574371
	-39.83353973	-185.3666449	-4.075000438	-52.15041372	-935.9378339
	1057.383842	-80.01948383	31.50748065	-78.62365815	-47.7847921
	1.746240326	-41.98084309	-14.8898642	-16.8217743	-15.54250357
	-102.0392861	167.6466198	92.10438212	1.104387233	116.3991615
	34.92190351	7.561172214	1.032179273	-2.661172719	-3.724521714
	8.597905183	21.31990558	61.36720464	12.20527659	2.319253312
	2.601574269	2.692774629	1.028420468	0.6187735526	1.524499623
	4.249448163	8.586945999	6.428017628	3.892859452	2.207477678
	-9.638911204	-41.1724725	-11.67453437	-36.10797988	11.64544178
	2.845460687	-3.714928839	1.02109905	5.101350094	-3.230973745
	-9.213003733	-6.296131935	12.16382671	19.38982228	4.318275471
	-41.74721565	55.26019731	-19.38116205	38.91167801	0.7560832885
	8.380105976	17.97777698	9.560084704	3.323554407	1.204973809
	0.5721536913	0.3927473348	0.2778626356	0.1746508237	0.08616671003
	0.004385419682	-0.08074992483	-0.1591799187	-0.18944125	-0.1157641924
	0.09181148191	0.5449071475	1.982500432	8.303633321	16.76523052
	5.196513604	2.411208095	6.790184484	13.26460591	3.523122398
	6.225820401	3.493302573	25.56108326	278.9719694	35.79598998
	-5.33514103	-7.509492059	-18.90612689	-2.31196957	-8.650582986
	-22.86008081	127.4167334	44.64269543	189.1994042	-71.88293358
	47.23125902	-134.3646672	44.57348862	175.9380342	536.7793996
	341.4470229	-212.6331045	-367.8324463	52.31370502	51.78568759
	-158.9097838	348.4967475	-35.29921799	129.5892725	-161.6441478
	132.7162616	-137.8556699	-29.29956375	34.57386457	-59.07856595
	-36.14369595	9.64789037	3.94212287	-0.631585799	-5.407214693
	-12.57787813	15.1966421	29.78654107	23.0733533	8.316028235
	1.422412859	3.923164826	4.678251544	1.171982157	0.418959063
	1.164129082	3.063093977	5.605632513	5.42869298	7.112126969
	10.91438101	-0.3187738071	-15.1124967	4.834546453	-6.689253961
	0.7088520702	-9.878145098	-6.599252376	8.762108659	18.36593588
	-0.4296934058	-10.81328622	-40.81020986	-2.680219335	28.55842325
	6.308914133	-6.370179175	51.63462041	21.77553311	-0.420652685
	-5.367763844	2.475128333	8.774310759	5.874581479	2.548067239
	1.127771379	0.7342920335	0.6590562044	0.4980859139	0.319379021
	0.174247959	0.05475118064	-0.06361096414	-0.1899707568	-0.3068759418
	-0.3078206622	-0.07129898188	0.4961364188	2.256041693	10.17355202
	32.72741336	7.54397194	0.6930962184	2.468928431	5.353925225
	0.06065984491	1.812802675	-4.187052944	-30.04080526	-61.27271354
	-6.630369998	-33.58856656	-6.362949619	8.492236696	24.23686292
	-21.44567397	-9.163520735	9.263820603	-242.819304	253.8454768
	51.95077599	147.9978128	-55.27790921	82.90899679	262.823513
	-321.0847797	-246.1282184	-36.41418823	195.6479783	898.5217717
	-200.5606464	-127.5587623	-56.45923153	82.48020364	-28.24755341
	-50.11386442	-12.70898533	40.78464798	-94.23729087	-19.62203672
	9.814753375	14.53088707	11.27293525	2.797304424	-2.667105786
	-6.840089783	-4.592903463	12.2792079	45.27796078	12.90185065
	4.614598881	-3.684905931	1.827782521	4.933520079	0.03319983818
	-0.1460214877	0.8538161905	2.505025139	4.849707241	5.930251646
	12.50702066	27.28370534	9.90952094	-2.518932999	31.36032534
	6.737903992	-2.114521137	-12.4879589	-3.626403387	21.91129671
	43.75646656	-1.302344487	-6.857662368	-19.643611	-8.500942643
	8.453192292	1.913965566	-1.761985611	55.46921681	30.22340887
	-51.36639157	-8.218801354	2.407039877	5.760311303	4.555996852
	2.226910437	1.191943358	1.101919869	1.218052575	0.9167731924
	0.5727252204	0.3150480591	0.1204574534	-0.07068832703	-0.3003377773
	-0.5827762002	-0.6964133146	-0.3710221494	0.2666708345	1.634150403
	5.508449201	13.70447014	2.38602139	-3.499610988	-1.467628294
	0.3444595856	-4.117029486	0.9865017021	-3.81496006	-9.04263998
	-17.08477606	-10.4693228	-47.59527928	2.530478668	-150.0659435
	193.2471042	-116.799988	-15.40508012	-8.13650158	-4.501904503
	185.645412	30.78896543	22.22817241	-51.09127904	9.380278705
	-172.1677237	23.59346602	41.4958177	-14.30678067	-37.91688807
	-252.1840456	4.550165326	-43.45764391	-134.2332619	-112.0313689
	-159.2074363	94.98138688	-174.6253315	140.9480811	-14.77731963
	-40.79273396	21.32449613	-47.13489443	-5.459701858	0.2591565724
	-5.892293908	-12.88111071	0.5036810724	12.3732566	-83.54631409
	-11.32403953	2.812096779	-15.70349932	-14.30607923	-11.77946019
	-4.970067555	-1.187091716	0.6616601868	2.230910078	4.289594798
	6.572836783	16.24751929	48.59420745	20.72168894	-4.77917705
	27.48778924	11.2504341	-0.9815977328	-6.900819388	5.755772167
	37.34308038	75.43703565	-18.58703127	-9.024044328	-22.28790853
	-17.28189361	-6.494843443	-3.425451703	-5.937898192	12.16473777
	-39.42649221	-117.4341712	2.093271929	6.185415829	4.843950822
	4.216858805	2.209661167	1.443924188	1.884533055	2.416565066
	1.710993363	1.011752147	0.5376830957	0.2109961756	-0.1007589139
	-0.514650363	-1.129984972	-1.471364636	-0.9043281305	-0.09717470721
	0.913024431	2.646205173	4.038735157	-5.079537077	-10.72543589
	-5.720426794	-3.23191529	-2.626026884	7.447665403	2.637518569
	8.171182668	21.03462304	7.49709306	-16.3742436	-29.41246873
	95.32774344	181.3791596	7.191673648	29.45130563	-27.46902011
	-18.31041548	75.62949033	-4.879041461	-16.27500515	-107.0281766
	-13.16931782	-182.9462947	319.0158614	-70.40365991	-109.9260079
	-16.18642005	-88.52386098	31.45359485	117.4127719	717.0556084
	-26.06995713	-125.1563372	59.18284463	-154.145009	93.59409472
	7.543854578	-17.26607969	56.55254347	-20.408361	-13.21155799
	1.30676707	1.281423883	-11.81636348	1.805438726	33.95233945
	26.39072996	9.629119598	10.18448643	-37.01465893	-48.48276099
	-63.29618597	-14.36725882	-2.291306287	0.7815824961	2.469083906
	4.006849339	6.438098106	12.60662989	28.36261293	16.23515732
	-5.945810321	12.70492347	5.326478195	-1.164076978	-2.941995583
	7.693076271	51.46331007	27.14188334	-84.25859657	-17.74238872
	-21.65653874	-12.68833139	-26.13579844	-7.276138878	-8.380454153
	1.409754553	-20.01090882	-39.34590765	53.97208919	13.57602862
	3.682995437	3.723243282	2.273890826	1.932398078	3.542915214
	5.093357109	3.216254317	1.764169472	0.8804553607	0.3309791827
	-0.1533974436	-0.8653579673	-2.143397903	-2.988305207	-1.808124539
	-0.5627491632	0.3082227272	0.9591475694	-0.1473437065	-9.047195044
	-16.34162022	-9.144738718	-5.656504043	20.2817021	25.14895372
	19.53896919	19.78017953	56.83838185	27.22980337	4.076463556
	-19.4589461	-3.62700382	44.22719077	-5.706894087	72.91455318
	17.72064107	-72.28841707	-2.0633065	-1.587923362	-226.9876171
	-29.92216324	-30.43116718	-26.46842679	-52.28898106	1.548130804
	229.9363584	22.1097537	26.19065379	317.1739718	-57.16161349
	-84.18486072	249.7668436	-52.02140577	-3.127312701	-63.4238392
	9.571090251	-77.86904223	-10.18169383	85.40923238	8.186447469
	-1.982061259	7.363809611	25.84058716	46.07885524	-5.121009048
	39.03923472	52.28451672	35.40415705	10.18132644	-28.27077091
	-9.21750679	-171.2369606	-22.19703013	-2.211959519	1.369229927
	3.648225581	4.436252522	6.658955835	9.686869703	14.82057834
	10.91411016	4.724137537	10.48165152	-1.493763871	-3.054894179
	-4.085699077	-8.164554245	6.322241787	0.6359061637	-29.05955099
	-14.16573182	-46.59369748	379.6427808	-24.20003044	-10.04844688
	-11.87907249	5.248440759	-3.462774702	-10.03116374	22.77716179
	2.601016431	0.3328811886	3.96924637	2.554624813	2.788957234
	7.307002612	11.54751813	6.101022425	3.054295535	1.408021711
	0.4933270717	-0.2131764456	-1.342397538	-3.819636143	-5.770836121
	-3.211599392	-1.093247986	-0.1316960446	0.0797497591	-1.456856662
	-7.694836982	-13.20231399	-8.864535328	-6.027977424	32.4835605
	31.29820004	34.72994799	15.40034614	5.168497651	52.75861016
	21.65847716	19.15009555	-117.7069667	766.5686274	-4.724835908
	82.21303732	-815.3187971	230.6444947	5.615908474	-27.31451485
	-49.65688288	-11.96533518	-99.90791548	-17.26856484	-55.31089458
	-20.5026394	-77.24316343	-91.7820922	215.2149159	-87.03767004
	-10.54372864	69.51316922	51.73610173	-70.29514171	-79.14080048
	-22.12444464	16.57298199	-32.20640005	19.79001976	76.28682936
	12.03286381	2.72012263	12.09409474	8.216479979	187.3377421
	-22.93375592	20.41133806	28.53290513	12.04281898	0.4141645454
	-35.59723428	198.5150608	-29.10545222	-5.013477474	2.03565982
	2.59047244	6.579385705	5.350960958	7.160273112	7.760904682
	8.196121553	8.706739925	17.22077637	19.50845205	-10.88849166
	-6.35342074	-9.83798027	-31.92178031	-8.870230219	-13.89696357
	-24.54609318	-15.4271034	-9.098688568	51.26347341	-8.265345645
	10.43708351	2.817682112	21.53400034	10.68136065	-5.774227559
	-10.27148018	-6.717200311	-1.604253288	6.582328232	3.185843472
	4.428627366	17.60371517	29.27299456	11.9137356	5.315463579
	2.225943406	0.7298511244	-0.2338019381	-1.766769372	-5.771901289
	-9.829973415	-4.954908796	-1.56558493	-0.3890292622	-0.2697948122
	-1.438747258	-4.997858727	-8.050863362	-6.213894912	-4.720196101
	18.71723804	-66.00943723	-5.351132658	1.869098241	20.09019118
	188.7000529	54.90493506	115.4690798	27.99442702	-79.70179674
	33.39230824	-135.9560146	9.466074265	621.6448288	-18.72246471
	-5.598869985	51.608833	151.4141184	276.0887843	-5.814497083
	-85.35605531	130.913596	-26.54669484	-16.31068388	-12.48213593
	-19.10475804	-37.79884651	4.427237739	-19.84368942	-540.2824762
	-100.0322057	25.2362538	47.42236409	24.63540757	44.59138693
	60.41055886	10.92675688	5.106050245	18.27635784	64.45594029
	20.19758672	160.4591024	37.92400646	4.070436966	-167.7529061
	-13.29722975	-439.7320237	2239.107402	107.7566532	19.42266925
	6.036675003	3.225363435	12.56247378	5.629496691	5.056364255
	4.502961147	3.101297154	4.191027386	16.13639877	29.16795998
	-34.29566556	-8.289044948	0.2244270027	-66.88338975	-4.497465629
	-7.72936277	-27.88474765	-10.37067389	19.24429731	-5.112849656
	-5.511140226	58.37006759	47.41549345	45.26972389	30.69571472
	-19.50796403	-60.09764122	-12.270192	-2.89377181	9.217352863
	3.446467173	10.87933464	53.83292798	83.10009607	25.68625673
	9.506241403	3.458304328	1.049869106	-0.1620358757	-1.771591152
	-5.98476478	-11.87962341	-5.899806848	-1.697854208	-0.4433930748
	-0.3235736303	-1.047430491	-2.864820883	-4.369888912	-3.722638512
	-3.061659697	-170.269576	-23.46504471	-10.00285637	-7.478632467
	-0.4106974502	-301.6234862	-453.4363872	44.90294669	23.8299847
	-18.41773828	-3.384359215	-140.6280773	49.03998098	39.34176033
	-20.5435297	6.338608177	-104.714543	-117.3356443	-31.45553632
	-26.42644093	-62.83698213	-11.01325394	133.0770824	1.753888745
	272.8561752	129.0502265	-131.7646764	-4.629919839	-303.109457
	-8.258430616	233.2630399	64.46971967	44.81501676	36.8418477
	19.29644808	11.28582313	9.296590342	6.138839165	14.82029091
	29.41722237	-11.37900045	-5.901396977	-22.07467914	271.18308
	-197.9309225	65.87053019	-115.0600103	-1153.271906	-12.46387665
	75.24787666	9.674868477	-2.018135401	18.77809551	4.052294986
	0.1373080703	-1.216268613	-1.879769389	-3.605379818	-5.863114186
	-5.420097781	-73.42571355	-15.93225632	52.59471469	8.939186646
	32.75049154	-10.81941002	-95.33078292	0.7401430425	-31.76784139
	-51.29117135	-16.03571951	134.642731	71.52696969	-23.84977198
	52.24399755	-12.48847667	-153.8651156	-23.34703838	-7.993179038
	0.3485768437	-0.09794179035	23.91322414	105.4368633	132.3812834
	57.50874916	17.52062809	5.104267095	1.381682798	-0.01699727883
	-1.341968585	-4.082950593	-7.704672874	-4.38297035	-1.232231404
	-0.2874301171	-0.2243629815	-0.6538949352	-1.53954195	-2.23788656
	-2.033015624	-1.751454796	7.292386652	-18.36203167	-6.898471638
	-15.73227498	-38.79124316	217.6183078	-141.9531754	32.85349037
	84.03801289	-12.58523123	-16.62508789	-37.83520183	-193.5557603
	-3.377501269	19.87425961	125.1806926	10.15996386	58.26574644
	-36.39878791	-20.71977363	-14.64123663	-41.489887	54.35076778
	-26.94403076	23.18109775	-33.38342208	-29.46646115	-44.39986752
	-54.92930241	99.56559245	97.04166679	21.06351761	23.46011214
	18.66136755	-11.35333433	-15.70766162	21.68964634	4.338631738
	27.98917099	22.30805019	-51.3297914	-12.93968023	339.2282054
	-3120.512642	-26.05851579	60.31810373	2059.189098	-190.1895135
	716.5605566	338.7578539	16.15473847	-22.23881841	12.8680385
	-2.08744995	-5.017835631	-6.462494267	-6.606370715	-12.48953961
	-14.06085267	-53.25131326	237.7888418	-25.4512404	58.97811068
	48.45462415	41.4561301	-25.6419257	-27.16949769	-24.68829809
	-234.6500499	-20.31027412	-33.25085175	76.62425152	230.619301
	-132.8937467	152.3481244	26.30473538	-22.48370068	-9.229067872
	-18.16785863	-8.439512895	-10.60561075	10.29330689	45.67647375
	-107.9502009	7.39335162	19.50327871	6.103051407	1.504376291
	0.1065668817	-0.8502017845	-2.302380325	-3.764765799	-2.138725067
	-0.3904239731	0.04068488725	-0.04481567093	-0.3341561979	-0.7670150756
	-1.070866026	-0.9892725073	-0.8532217142	41.90702773	-28.04046967
	26.12193716	-46.93339591	-6.29011176	-143.853296	-8.123625538
	34.91589375	-29.28489711	-109.4289234	-16.1652623	19.77101002
	-20.95909044	6.195202402	80.53711152	-132.9335696	-90.52744924
	34.32011401	-25.30804317	44.79081886	67.1616729	-69.5438108
	-16.39403885	23.78537476	10.24953233	-24.20282489	199.3096856
	-42.55998708	291.416107	-82.21942951	-21.37899075	-50.02725447
	6.664477	0.06319673007	-32.99940353	-4.451153667	84.6702424
	-4.373617249	75.75748666	43.36278391	-102.7780793	-38.04791333
	64.19325428	141.4902275	-3406.467157	680.5737205	-3740.064833
	-345.9699639	1680.702511	16.67770822	-4.229758278	-54.51000841
	17.75496255	-5.958125637	-8.500836382	-4.175801543	-9.063656872
	-20.01905851	-10.11423415	-23.14385986	-60.27348876	-381.7094572
	46.32369508	46.9159056	18.38503391	-275.4917287	-16.10154799
	-40.29937125	-36.03485471	79.46203976	-60.76196154	-8.99614267
	-204.2870702	-2552.223555	623.4378382	28.08349053	-11.68206372
	-15.29756481	-37.63405756	-17.23791844	-23.27800089	-10.09676542
	-27.98689705	-96.46236026	-37.20831843	5.011743972	4.08646276
	1.17422484	0.1421881678	-0.4772330617	-1.169772507	-1.577059187
	-0.4545470218	0.6845366932	0.5216542375	0.1811747891	-0.07839063286
	-0.2931797448	-0.390389373	-0.3051842068	-0.2065710831	-43.16169942
	-74.80110648	118.8890278	183.1971568	2.427813573	-18.97937422
	-2.8684032	36.17997845	-21.85144009	-263.2115607	40.04640472
	97.56424741	3.376959772	16.96201743	-2.303794839	48.14665061
	557.6009224	-55.06281444	-9.251496679	128.6244696	-59.1467049
	354.2065528	1.478497715	43.26552157	108.4120929	168.6533585
	60.21937188	39.05306747	-50.90737571	50.06956404	-26.64929558
	-65.43768449	12.7592288	-7.638861001	-43.60241372	-5.44197405
	25.40812205	-89.90537602	61.97614999	105.3291046	-82.88518327
	-56.15059757	64.86927614	376.3587084	36.45497034	670.8792326
	-1135.570735	2656.374413	-1847.222737	-1511.98909	-74.25205284
	16.63938814	79.98182661	1.720207264	-8.14744077	2.566454753
	-5.336030408	-19.21813694	-11.75192219	-11.01988491	-20.65963321
	-51.25419878	69.95481594	42.18000327	35.31085264	-24.57703965
	17.7091782	-10.35449712	7.776071782	501.8295189	78.10178735
	-6.525389557	22.77138459	-728.6435845	1384.855283	160.8444641
	-2.961780997	-19.90193785	-20.31063373	-14.93757871	-28.92056978
	-13.26434255	-19.45848051	-33.9263629	-13.62101259	0.8173141764
	1.914457116	0.7239416857	0.1212658895	-0.2378957636	-0.5191594002
	-0.4151344555	0.8440454177	2.027083163	1.124660331	0.4232731389
	0.1368674577	0.04647415583	0.09693622682	0.25477305	0.3690522715
	-14.90053756	-20.44381255	-11.06283297	-85.69249889	-7.356201342
	-8.559257528	-6.060107541	18.84782256	-1.911163312	-24.02776318
	-24.63735383	25.44308257	16.8644803	71.32978034	-32.72393748
	-83.05256733	-392.3036191	-199.6234012	-3.828682534	-31.61448449
	31.57120173	-60.81335875	-19.28668232	-15.64353753	-4.559221304
	-14.8706776	-15.91909443	-23.5625419	-33.33247263	15.8808457
	-17.72494993	-25.90317539	45.14240139	-5.05984658	-42.73786347
	1.401730601	2.803944412	-141.041213	-20.18395956	104.048182
	18.4390667	24.99075454	38.11116085	44.73474453	33.56399002
	-231.0599137	-1731.601316	13499.77628	-3101.364408	-2085.347215
	87.36752283	19.77244399	285.0224534	1.737596043	-4.486367488
	17.23614789	7.0741121	-8.578980961	-23.44714405	-21.91986209
	-80.03983065	-31.27565064	29.93890567	18.01814858	20.17058608
	-31.25064438	54.04861251	52.40669825	52.83726164	5.727513242
	56.22119407	-36.64747741	121.2387234	-29.82579424	199.4433156
	-82.38158628	-12.60602596	-20.36059457	-12.49517	-10.65697221
	-18.83869488	-10.07497049	-9.921328256	-13.24605453	-6.087952191
	-0.2966212177	0.7825103434	0.3957521031	0.08831096485	-0.09825360448
	-0.1694794374	0.1457077613	1.474360393	2.924452541	1.588818984
	0.6105605539	0.3251815575	0.3594831065	0.5877927436	0.9069129901
	1.075827692	-5.177986422	1.76086785	-4.199867096	-32.00036188
	-13.74649858	-5.964655083	-5.940876573	4.902850886	39.39492189
	2.703225332	-17.99307955	-13.93789103	24.83775907	4.746557289
	-58.30528576	15.31213977	280.6434885	-46.56179046	6.15563251
	-15.94030696	334.5263819	-105.3164012	-49.24109668	-16.43190194
	-34.09770787	-172.267413	39.11676785	-25.79666005	-41.24291892
	-36.26076741	-38.30878888	-13.13434883	34.16536656	-5.199464018
	-36.94600399	29.62339859	45.73219211	-63.52421212	-57.28157271
	17.47912854	62.50940224	39.682699	29.72023993	25.7855399
	-14.22357048	-107.8315218	2781.591273	-5359.727896	-870.0248627
	-1336.694442	17.60296102	27.93202739	-223.2768777	-43.31441723
	-0.9454046364	36.91291991	2.442127025	-138.939367	-159.8491304
	-8.831529942	-25.77650961	-22.22585243	39.43986629	24.83295693
	-8.619861665	-187.8394694	65.93056074	61.17504978	99.73981951
	-84.79911661	-9.231522411	-187.2131662	39.98362122	13.19238188
	29.96713697	-42.33505808	-5.066360426	-11.45805876	-10.27162335
	-11.80161468	-17.15658703	-6.985503505	-4.862013346	-5.700233564
	-2.944600734	-0.3919692172	0.3019038391	0.2076524937	0.06274142015
	-0.02390583449	-0.005727832328	0.3110592923	1.302083763	2.460746873
	1.514475171	0.662412957	0.4906040374	0.7208887338	1.246143741
	1.904909547	2.187574731	13.18556138	33.16549377	1.450074445
	-9.404709762	-3.960256651	-5.007197722	-6.219964639	-10.78652661
	25.54729183	40.91851303	-3.331611959	-11.36350888	-4.893140905
	5.666438283	250.1209478	-136.5245137	-51.28575858	8.175709777
	-29.98201463	-49.78955987	191.9161879	-31.66664151	4.180883557
	-37.52863119	0.5974548811	-55.19369903	488.3802463	-44.76219278
	-13.23390035	-28.84877712	-15.89696616	-13.00707136	-17.21582411
	-7.397097635	-34.00284974	63.33939228	107.6324268	25.83742086
	-44.52279661	-74.75236576	35.20390873	63.89183109	51.08038857
	48.19851982	-14.22898593	-189.5293928	-600.7331788	2243.866372
	-107.5807482	96.7188608	64.10337695	-48.4316087	345.1332524
	-20.2181471	4.548100305	24.8935765	12.06231524	-58.98844659
	-689.0366046	-34.90949033	-12.29849217	-42.74257362	132.0046339
	236.0998358	4.471664886	-50.40770459	43.32241291	64.57797522
	-484.8286147	-110.2015678	-16.00927044	-30.94252624	91.36489616
	29.63409636	8.18345158	-20.2619001	-5.376167373	-8.052405232
	-10.67110433	-14.44563243	-11.28620193	-2.720358512	-1.218318213
	-1.939460791	-1.165738215	-0.1961149444	0.1364470587	0.1170431445
	0.04839509714	0.01191517866	0.05543088493	0.2927423984	0.8825867992
	1.518845419	1.080449126	0.6115069249	0.6518611672	1.173139594
	2.15725764	3.462507252	4.006930224	-13.18338726	30.96856239
	20.67763779	-11.95785523	-10.7552845	-6.887523016	-7.223005229
	-4.783321283	11.40466157	37.52169917	22.84666005	-17.70722703
	-8.715298636	45.34022739	114.1447402	-437.1600236	-80.72437621
	-20.55387474	-41.25621657	5.178641071	-36.31928643	2.72733838
	-114.2258561	-18.44415796	160.2548973	-312.1479243	188.6762198
	-28.86839733	-9.769877474	-90.96553886	-0.2651180939	-6.538707815
	1.619973706	29.09438736	-35.55499107	81.44735066	146.9329447
	97.75207836	-1.432789121	-90.41608806	97.33938938	55.95352421
	80.94961868	105.3362787	7.061133615	-0.8443977413	-73.01065527
	-686.459967	-143.495927	270.0080178	56.47524583	-17.66489547
	421.4405133	17.3466185	11.45009638	21.43894452	36.09894423
	61.7807757	1261.771172	27.15413219	-1.894858073	-21.7477129
	34.16483498	55.44115566	-51.29581497	-19.30969877	37.02558235
	-333.7926326	518.1166449	63.93655742	-81.64751588	-9.018355185
	34.4189117	30.01856876	1.937347614	-14.56597102	-6.751810362
	-7.608961793	-11.87170205	-13.36707698	-4.845608014	4.283306032
	2.534676036	0.3834257478	-0.1091353027	0.01374335349	0.09803377474
	0.08134904316	0.04318557392	0.02771192819	0.0702661974	0.2300620736
	0.5570336271	0.8676838433	0.7071888768	0.554436563	0.8303686051
	1.696291905	3.086805889	5.068494335	6.264975717	-32.86106743
	5.618445464	-9.768561025	-11.98252168	-11.11315949	-15.35656818
	-9.653625309	34.84741394	33.16137218	-35.56974396	78.40067028
	-9.347362938	-19.60777419	57.39431886	55.82472306	138.2230455
	852.9382001	2.281253204	-33.85687474	96.99463803	-150.2159465
	6.5977683	-199.0319034	-18.53561537	56.94114575	201.6223569
	-156.90855	-31.79142706	-29.03288704	-207.1730464	11.96699015
	-7.951885032	7.819963435	48.73519462	-73.81858747	81.9875559
	172.0232852	151.8460003	32.17494786	-84.77858374	46.12056114
	41.47415128	101.50483	142.3952964	-7.405355587	29.25604862
	-15.69898952	13.71035613	-17.30692668	42.91578549	49.85599463
	509.9670897	-814.2644636	-31.97263869	16.17381782	20.58462651
	32.80369243	-262.8220324	396.3976363	-64.01771995	-3.903267578
	-37.72748858	-13.85396541	-10.73526297	7.395597367	-25.64687894
	57.40676954	-18.58498775	55.39960914	-78.93244671	-80.47250332
	17.13491468	13.86768546	65.47268947	6.26537077	-15.39440009
	-9.897688777	-7.650636549	-10.53357021	-10.07174422	2.140721582
	15.70729248	6.976844978	1.946870245	0.4577395773	0.1468697599
	0.09759232391	0.07153608189	0.04341358325	0.03440190572	0.0702649276
	0.1816070578	0.3771460188	0.5456006829	0.5063140726	0.5300271704
	0.9957475566	2.193396858	3.708648699	5.475306977	7.087853467
	-24.35669438	8.220618991	-11.73094568	-2.715018087	79.07514845
	-15.57646169	-19.51440164	13.90436632	88.01034577	-82.82402911
	98.4498334	-4.468741324	-13.39563532	-41.52702758	-272.0252303
	-65.74652218	-798.596934	-108.4794977	-14.04991931	-39.84209278
	-79.60504889	-262.8487765	-191.5600733	-30.39104226	-272.89553
	485.9739775	13.09503161	-12.41009382	166.2024861	-158.0936859
	543.9433444	-18.92230266	1.393361969	-2.696277475	-147.2296664
	68.784486	180.4840894	176.8272784	53.6499149	-109.6924016
	162.0229689	38.46132239	107.8027582	161.6452839	-35.47489145
	23.7647874	-188.992658	-0.4599867185	5.411766107	54.33246409
	17.84452807	-915.5171839	668.473939	319.087003	43.00030278
	24.17558806	48.75884216	-424.6289095	-394.3268533	-78.258412
	-3.575067517	-108.8525425	-31.81836139	-83.29463612	132.5044509
	-275.2348206	55.74393566	16.04026726	40.56026009	-38.4905857
	-16.26968085	53.58897033	496.505897	367.1039799	20.9699764
	-13.40855028	-10.59101433	-7.31300501	-8.092108253	-5.671786296
	6.427232468	28.11812069	11.0014267	2.659597042	0.6365909976
	0.1876932436	0.09915262682	0.07007233668	0.0447020159	0.0368711794
	0.07012305985	0.1661860255	0.3230726359	0.4527358736	0.4469087961
	0.5267610231	1.054808415	2.396697804	4.018215006	5.417248305
	6.844590554	