3131	
	0.4892936675	0.3723282051	0.1807877663	0.02630789702	-0.06592938535
	0.3560326298	1.051707667	0.8700925371	0.370073906	0.2554185457
	0.6238258541	1.141830083	1.061058461	0.2161917774	-0.1755718833
	-0.1316807341	-0.05827221124	-0.2482133443	-0.3843684096	-0.2970633297
	-0.2794925423	-0.4603144695	-0.2996744121	0.3446257494	-0.3523275873
	-0.1984036362	0.06847919038	0.2905664426	0.7098702936	1.092741853
	0.7231389088	0.2577957694	0.2621976392	0.3337113629	0.3566842634
	0.3661677999	0.3470363556	0.2989141271	0.2559023865	0.2780541066
	0.3397581425	0.3015369319	0.1095935558	0.01610046108	0.1527354713
	0.1878861629	0.0597657432	-0.1622135929	-0.3977046414	-0.4545569884
	-0.2951225221	-0.08975753474	0.08698152929	0.4234188786	1.131755028
	1.610985285	0.9437487757	0.3269876203	-0.424312867	-0.4473736499
	-0.171471071	-0.02754706387	0.006732704958	0.003207428612	-0.01099715571
	-0.02634933592	-0.03695051911	-0.04058162026	-0.03972275584	-0.03916848117
	-0.04045283349	-0.0420019239	-0.04359349247	-0.04540451763	-0.04515736066
	-0.03966469375	-0.02804271664	-0.01293361459	0.0005916418732	0.008309791813
	0.009682948629	0.007791615744	0.007130990577	0.01059427907	0.01784322326
	0.02600535728	0.03191826056	0.03409783791	0.03308284322	0.03089740851
	0.03005783094	0.03215938861	0.03698072752	0.04274613036	0.04743729831
	0.05013985564	0.0510817187	0.05076372831	0.04966551027	0.04849829977
	0.0480599151	0.4495006685	0.3711434494	0.1873777171	0.03468676359
	-0.07200536795	0.2479510018	0.8614029378	0.74573732	0.2843776333
	0.1574368424	0.4894341039	0.9738566677	0.9439363536	0.1998516883
	-0.1976121866	-0.1421272502	0.02008296712	-0.1043845262	-0.2810781668
	-0.2289728594	-0.194243347	-0.3077522891	-0.09755388396	0.7307052131
	0.0802106394	-0.08905307117	0.08874325035	0.2740068861	0.6311545514
	0.9842176421	0.7351044194	0.3107393388	0.2825891269	0.3542880814
	0.3771913693	0.3816850775	0.363364118	0.3237720845	0.2923161466
	0.3199804042	0.3815684229	0.3512241921	0.177381097	0.07828107966
	0.2034281562	0.2344600205	0.07481405675	-0.1775836335	-0.4272593436
	-0.4939354074	-0.3298635365	-0.1021756769	0.08162517706	0.3734725699
	0.9799190499	1.466723736	0.9295318333	0.4492320436	-0.2304680797
	-0.3608052789	-0.1413264028	-0.01816342841	0.009073831318	0.003932179781
	-0.01043360616	-0.02596851071	-0.03703192402	-0.04126365979	-0.04075900345
	-0.040090845	-0.04105742956	-0.04233773364	-0.04371973961	-0.04541871343
	-0.04521936345	-0.03991802689	-0.0285662634	-0.01368683926	-0.0002219245284
	0.007596132384	0.009138188349	0.007409950406	0.006862653207	0.01040140183
	0.01772906359	0.02599666942	0.03202006005	0.03428546911	0.0333198108
	0.03113453359	0.03025147209	0.03229409715	0.0370675702	0.04280992163
	0.04749504067	0.05018865532	0.05111718022	0.05079241703	0.04968967912
	0.04850587934	0.04802170841	0.3664787855	0.3459739852	0.1963648774
	0.0563519033	-0.05663420082	0.1137434671	0.5124828841	0.4178475312
	0.03423509092	-0.1019021745	0.1908389118	0.6259047727	0.6368868493
	0.1098712454	-0.2401232512	-0.1649491764	0.2429351896	0.3081699844
	-0.0021844396	-0.03790077432	0.01890205713	-0.005127276633	0.3874125485
	1.565465153	1.059289262	0.2643503315	0.1371617025	0.2334440092
	0.4880691292	0.7356954809	0.6101043589	0.3498333371	0.3323851754
	0.4074984279	0.4313272542	0.4227466964	0.4034638175	0.3861236557
	0.3921303519	0.4470693172	0.5083759214	0.4785707509	0.3454611545
	0.2783884279	0.38893545	0.3826767408	0.1333057948	-0.2122969282
	-0.5082616502	-0.5984944501	-0.4271344085	-0.145040242	0.06881983915
	0.2783647646	0.686331478	1.113843627	0.8859113996	0.7298993341
	0.267327404	-0.06610837979	-0.03836564102	0.006629990743	0.01312520305
	0.004953024412	-0.00930702774	-0.02506123478	-0.03705273976	-0.04265056134
	-0.04322258863	-0.04264402339	-0.04289906896	-0.04335211197	-0.04417333323
	-0.04564168029	-0.0455041746	-0.0405218845	-0.02970223634	-0.01539826878
	-0.002280219225	0.005539910475	0.007359638797	0.006068229137	0.005983155007
	0.009917791861	0.01756580804	0.02609673787	0.03232409628	0.0347321313
	0.03384932127	0.03167903772	0.0307560049	0.03273451892	0.03743399719
	0.0430921162	0.04769018983	0.05031161872	0.05119453202	0.05084366307
	0.04971658459	0.04850236589	0.04799081611	0.3355415757	0.3309381567
	0.2044257343	0.09129906813	0.005095697833	0.06623129765	0.245346307
	0.1016419698	-0.2929648874	-0.4526220212	-0.1386300044	0.2824075585
	0.339156623	0.01899580088	-0.289724908	-0.2293649777	0.5919157069
	1.004810648	0.3253212863	0.1953122154	0.3363970184	0.2786451132
	0.6315909918	1.908127297	1.610613596	0.4777855584	0.1335451754
	0.1694965445	0.3445932511	0.4983722894	0.4241844206	0.3020815963
	0.3653772285	0.4785920214	0.4974469279	0.4660411795	0.4454825492
	0.4654325987	0.5396827974	0.6483260905	0.6998321467	0.6358296491
	0.5368080233	0.5476249058	0.68876719	0.6475893613	0.2690186677
	-0.2199759244	-0.5934632149	-0.7347572193	-0.5754230182	-0.2096916101
	0.08436134432	0.2079286153	0.3775287362	0.7037922673	0.9269046933
	1.193380739	0.9305642933	0.3303454052	0.09106083514	0.03225066247
	0.01537358983	0.00544611238	-0.007939736782	-0.0238002213	-0.0369379928
	-0.04427976547	-0.04633735994	-0.0460624312	-0.04548768511	-0.04483367271
	-0.04488661328	-0.04603750284	-0.04594534048	-0.04132475967	-0.03116238798
	-0.01763627539	-0.00507434506	0.002636727008	0.004774653071	0.00409495927
	0.004711068856	0.009265570169	0.01740289804	0.02630404482	0.03279124341
	0.03536995807	0.03458731649	0.0324426789	0.03148458166	0.03339760181
	0.0380064816	0.04353818566	0.04799078582	0.05049154208	0.05130185242
	0.05090835476	0.04974088661	0.0484851318	0.04795079782	0.3837622301
	0.3582167143	0.225461141	0.1320131492	0.08026260934	0.08528595646
	0.115802061	-0.10511323	-0.5839699188	-0.7412928905	-0.3323404192
	0.07901480334	0.1512805467	-0.03571965664	-0.3239319074	-0.3897555813
	0.8329170911	1.751234691	0.4457744371	0.3430994458	0.7653953154
	0.4518837723	0.27653124	1.149434073	1.125809111	0.2645656349
	0.02082193241	0.0877745486	0.2401628013	0.3771906744	0.3673618524
	0.3338588848	0.4500613793	0.568239433	0.5462275513	0.4788987036
	0.4569849428	0.5241204372	0.6958486606	0.8917866192	0.9238891184
	0.7667185226	0.6416958188	0.7211694337	0.9527594762	0.9697010054
	0.5143907049	-0.1369097432	-0.6150707168	-0.8399034218	-0.7324063841
	-0.2652675212	0.1882429731	0.2467847338	0.1564465027	0.282834613
	0.8290540352	1.63704592	1.54998659	0.6744322375	0.1828276723
	0.04030760864	0.01180826395	0.004466012983	-0.006809952947	-0.02252135312
	-0.03675129993	-0.04576442984	-0.04929422811	-0.04944320932	-0.04818439492
	-0.04648685537	-0.04576624191	-0.04656146943	-0.04645814801	-0.04213537469
	-0.03258283715	-0.01984351798	-0.007919050189	-0.0004148626389	0.002000165892
	0.001964760766	0.003360666761	0.008620968711	0.01731213113	0.02661366439
	0.03336141717	0.03610047392	0.03541183842	0.03329490956	0.03230980449
	0.03416616477	0.03868436441	0.04407160951	0.04834750062	0.05069994444
	0.05142157542	0.050973928	0.04975303229	0.04844553886	0.04788785591
	0.400494345	0.3915450826	0.2851243866	0.2003021542	0.1535072392
	0.1323367028	0.1151587156	-0.07328961309	-0.4808471968	-0.5934319763
	-0.2043311665	0.06850042034	0.06952326375	-0.06840793035	-0.3139098501
	-0.6051087286	0.6358959549	2.016114336	0.1298513928	0.2796710193
	1.29276937	0.5847535261	-0.3228616769	0.08322570822	0.3478002446
	-0.09169810032	-0.1314801123	0.007867171448	0.1806371896	0.3806851435
	0.5162624773	0.5783578398	0.6574916976	0.6655608208	0.5469898587
	0.4365323688	0.4113140165	0.5192591177	0.7978049394	1.116865481
	1.144968296	0.8488820693	0.6220766288	0.698516051	0.9988108534
	1.181742691	0.8260900577	0.05722062576	-0.5280135101	-0.8418070175
	-0.8140418379	-0.2354286257	0.4770954022	0.4994645679	0.1265946064
	-0.03227871992	0.4597905436	1.581874373	1.759435103	0.7948718274
	0.1829123375	0.0188536166	0.0004116179728	0.001426741349	-0.006433842312
	-0.02166485077	-0.03670108872	-0.0469300087	-0.05152913835	-0.05207111514
	-0.0504364784	-0.04803529196	-0.04671587175	-0.04716229625	-0.04695318428
	-0.0427667555	-0.03361562863	-0.02147767849	-0.01012167247	-0.002884190128
	-0.0003127359822	0.0001730890044	0.002254455624	0.008160244776	0.01735959845
	0.0270103416	0.0339618182	0.03681166133	0.03618522255	0.03408692189
	0.03308595465	0.03490746264	0.03935547043	0.04460811495	0.04870618618
	0.05090587686	0.05153510864	0.05102686378	0.04974182914	0.04837309866
	0.0477897123	0.3496583608	0.3940472231	0.3617377157	0.3002866914
	0.2320744627	0.1915188081	0.2368250433	0.3769673396	0.4662277764
	0.3656791119	0.3356502378	0.2198557044	0.05388889823	-0.1002383958
	-0.2627506993	-0.6720301282	0.1708631615	1.758685268	-0.1442999608
	0.2122997551	1.79519138	0.7443371183	-0.7090019145	-0.569944449
	-0.09574467296	-0.2578102382	-0.216174382	-0.05106064951	0.1490384908
	0.4500283088	0.779497492	0.9338357591	0.8859084074	0.7018007252
	0.4788068449	0.3397675066	0.3062730096	0.4285533672	0.7832323886
	1.238044103	1.319101869	0.8853384602	0.5069564245	0.5060059547
	0.7585544292	1.107899374	1.10131926	0.3236376579	-0.3406084384
	-0.7030816955	-0.7335469238	-0.03186470777	1.035140522	1.050322125
	0.3653269109	-0.05929083865	0.1778532361	1.152332692	1.447244712
	0.6313647417	0.08659374485	-0.02817999462	-0.01709499515	-0.003563549192
	-0.007232392217	-0.02166954455	-0.03705632832	-0.04779769212	-0.05280379108
	-0.05356214128	-0.05189993806	-0.04927500098	-0.04764000328	-0.04777589207
	-0.04734222788	-0.04306690315	-0.03400055088	-0.0221368363	-0.01115428943
	-0.004196011431	-0.0016448032	-0.0008881228025	0.001641359441	0.008011376746
	0.01758180586	0.0274634267	0.03451571968	0.03739574712	0.03677757033
	0.03467761967	0.03367405888	0.03549524459	0.03991462069	0.04507068351
	0.04901911164	0.05108316877	0.05162694479	0.05105539623	0.04969711159
	0.04825848296	0.04764661262	0.2812328833	0.3631637937	0.3947855656
	0.3843307981	0.3074030185	0.2273833997	0.3215894102	0.8360676479
	1.513871975	1.479601684	0.9901364275	0.419255311	0.06581595705
	-0.1275524109	-0.2120349301	-0.5144278874	-0.06710149244	1.47637682
	0.3255266244	0.5560370322	1.975553068	0.8193211486	-0.7682290146
	-0.8010282255	-0.2707465717	-0.2489667458	-0.2145435546	-0.09021567698
	0.1174589128	0.4976785504	0.9524934761	1.105869893	0.9053369145
	0.5987277865	0.3503803559	0.2126688359	0.1614325249	0.2644800515
	0.6247389821	1.157625882	1.376904304	0.8742874989	0.3257592085
	0.2277415725	0.330119409	0.7063792326	1.25856187	0.5926792607
	-0.1165104737	-0.4658336998	-0.4940508487	0.3018264191	1.712059858
	1.76796627	0.8069872012	0.2101115166	0.2253523016	0.8184908747
	0.9674324636	0.3378070999	-0.04626987464	-0.08112732269	-0.03579047992
	-0.00976053501	-0.009436330985	-0.02286319272	-0.03804551765	-0.04850736108
	-0.05317397303	-0.05387631734	-0.05246737445	-0.05008647957	-0.04843988979
	-0.04832165424	-0.04754571836	-0.04294228836	-0.03361378252	-0.02164504381
	-0.0107777538	-0.004071517631	-0.001732037492	-0.001017769676	0.001643036718
	0.008224472344	0.01797285448	0.02792686772	0.03495171522	0.03776449763
	0.03708672542	0.0349567044	0.03396515581	0.03583048544	0.04028024492
	0.04540146593	0.04925248696	0.05121464898	0.051687117	0.05105155407
	0.04961201356	0.04809592909	0.04745297321	0.2274976202	0.3181822571
	0.4060363497	0.4514802208	0.3685063615	0.2122383412	0.1914060416
	0.6651028781	1.76209235	1.926862378	1.356133086	0.5551713613
	0.08032536255	-0.1375316244	-0.1774410155	-0.3005606477	-0.04617851072
	1.208194013	0.9321357538	0.9293283278	1.555344383	0.6356009549
	-0.6282380017	-0.8049334881	-0.3838165433	-0.2267992361	-0.1839039962
	-0.1296645219	0.06187097063	0.4667276834	0.8923493381	0.9030745518
	0.6258763321	0.3759109331	0.2008583961	0.0790940142	-0.00635454072
	0.05716477232	0.3506771532	0.8039671534	1.234685624	0.8283985266
	0.09737008581	-0.06094629908	-0.008477058967	0.2770827497	1.355586168
	0.7918773456	0.03976411559	-0.2524877953	-0.2249370804	0.5348400341
	1.979964555	2.063520963	1.110648272	0.5973945373	0.5139724076
	0.7228138853	0.6202806855	0.1052230085	-0.1432093679	-0.1182826844
	-0.05036134978	-0.01617980616	-0.01303630356	-0.0253727373	-0.03979631918
	-0.04927319744	-0.05295520178	-0.05330048774	-0.05227017602	-0.05044606326
	-0.04902395997	-0.04871332282	-0.04750927173	-0.04238131716	-0.03249807518
	-0.02009239367	-0.009094922027	-0.002589026314	-0.0006183841449	-0.0002405923319
	0.002234932882	0.008763865241	0.01848421655	0.02834474851	0.03521279661
	0.03786043771	0.03705227608	0.03486150692	0.03389784677	0.03585692329
	0.04040592308	0.04556864095	0.04938948771	0.05129313886	0.05171182817
	0.0510122806	0.04948462728	0.04788506258	0.04720892879	0.166881642
	0.2560337724	0.4255946201	0.540883534	0.4237039924	0.175856821
	-0.06699397456	-0.1170353282	1.535153368	2.257891236	1.563964904
	0.6291547962	0.09029187957	-0.1318418324	-0.1465513917	-0.1617154238
	-0.005761152373	0.8091612019	0.8891136512	0.7206440382	0.7466116278
	0.2688811341	-0.4652432216	-0.7566162092	-0.5534122567	-0.2946196548
	-0.1707951494	-0.1823569275	-0.02188331462	0.3826380515	0.6947317918
	0.506958167	0.2356805614	0.1452260063	0.07047232368	-0.05429095205
	-0.1997145029	-0.1760903489	0.04474113632	0.2415607957	0.889251806
	0.8348408514	-0.1233825886	-0.3462117213	-0.02739289809	0.3826866743
	1.606306281	0.865020962	0.02728656523	-0.191603652	-0.07397113935
	0.5308359004	1.526069067	1.381870449	0.8263714625	0.8627544559
	0.8741997037	0.7797366211	0.4552272597	0.001107584105	-0.1735059509
	-0.129137601	-0.05758541633	-0.02189378089	-0.01771641548	-0.02904624835
	-0.0423052894	-0.05036340583	-0.05268542765	-0.05240962384	-0.05166449777
	-0.05044165803	-0.04933451849	-0.04888227354	-0.04722258691	-0.04146878132
	-0.03086653993	-0.01782292182	-0.006526366226	-0.0001582595284	0.001364462503
	0.001207740425	0.003258047959	0.00951856631	0.01903495297	0.0286610424
	0.03526474367	0.03766430976	0.03666375975	0.03438654321	0.03346809238
	0.03556939474	0.04028582048	0.04556845007	0.04942983157	0.05132031302
	0.05170290173	0.05093980981	0.04931897225	0.04763199696	0.04692132452
	0.0749655768	0.1579572878	0.3798227032	0.586450743	0.47918145
	0.1794961284	-0.2581702885	-1.052506553	0.5912249596	2.484187217
	1.743780104	0.6776662214	0.1011441744	-0.1184652164	-0.1153225606
	-0.1026934144	-0.03073820588	0.4066201286	0.4820517605	0.2267667146
	0.06555783907	-0.04385884284	-0.3696548429	-0.7811334145	-0.8606823508
	-0.4892180088	-0.1660757383	-0.2234265702	-0.1084099999	0.3246385531
	0.6265333147	0.3146343892	-0.01005540318	-0.003737470178	-0.02415454949
	-0.1962723275	-0.4337066648	-0.4402818934	-0.1933996205	-0.1934721918
	0.6237288503	1.083754725	-0.1667479857	-0.5550666195	0.1561109286
	1.061871706	1.99332747	0.7543946512	-0.182594966	-0.3206799061
	-0.09013254035	0.4483629827	0.9799882553	0.4048112949	0.1838590632
	0.9420005344	1.175909054	0.8714438035	0.4045769111	-0.0033734759
	-0.1478369375	-0.1155141781	-0.05666416363	-0.0259735431	-0.02275405875
	-0.03339455999	-0.04540209517	-0.05202682081	-0.0529925431	-0.05192531233
	-0.05114370894	-0.05025428459	-0.0493664984	-0.04879700027	-0.04672431536
	-0.04037101486	-0.0290599309	-0.01535696339	-0.003704768435	0.002588174636
	0.003683731297	0.00293925551	0.004456400091	0.01032726293	0.01952952029
	0.02883176561	0.03510349996	0.03719972789	0.03596408254	0.03358587373
	0.03273056725	0.03501440227	0.039954352	0.04542376825	0.04938771576
	0.0513049387	0.05166689517	0.05084154854	0.04912520072	0.04734951236
	0.04660381707	-0.06292867214	0.03000157727	0.269301418	0.5468163213
	0.5491988985	0.2917338913	-0.2592906547	-1.514765732	-0.6082816411
	2.048875138	1.708076509	0.7074833772	0.1425793591	-0.08530676825
	-0.08160598768	-0.09295666264	-0.0995365833	0.1194001002	0.1501725198
	-0.1111295673	-0.2706092458	-0.2010480358	-0.34001362	-0.9110932436
	-1.342693955	-0.7963110289	-0.09802051362	-0.1801985678	-0.1458820395
	0.3218474713	0.843716227	0.5922947898	0.004408407727	-0.05896945885
	-0.08666229051	-0.3626468843	-0.7149021941	-0.7310896657	-0.3317299073
	-0.1091714746	0.9764761421	1.720572292	0.1301098507	-0.4818256504
	0.3255974839	1.586413105	2.072519309	0.4381268391	-0.5067517962
	-0.5637788786	-0.2319360682	0.4197770406	1.085808005	0.5484573559
	0.2071298305	1.081997981	1.34157034	0.8892953496	0.3784940173
	0.03338830012	-0.09368389451	-0.08564447219	-0.04827596764	-0.02734639708
	-0.02701059588	-0.03761066792	-0.04871574983	-0.05434305885	-0.05433016732
	-0.05243290437	-0.05114545923	-0.05007877251	-0.04915694913	-0.0484652302
	-0.04608416869	-0.03928370107	-0.02745127407	-0.01325059935	-0.00130288278
	0.004966561355	0.005744508109	0.004508617452	0.005536478802	0.01101521496
	0.01988065364	0.02883763974	0.03476072981	0.03653471539	0.03504768544
	0.03256768706	0.03179114287	0.03428280648	0.03948046327	0.0451801144
	0.04928921054	0.05126133633	0.05161426223	0.05072948461	0.04891889237
	0.04705612259	0.04627584977	-0.3074989388	-0.1473136988	0.1459544453
	0.4687563379	0.6381543506	0.570620811	0.06990786612	-1.246437011
	-0.9610534425	1.354601693	1.456547924	0.7757967491	0.3066698833
	0.02267096335	-0.03040050557	-0.1114004829	-0.1944355873	-0.06414212014
	-0.01614848091	-0.2232315708	-0.3358346554	-0.2305515184	-0.3305460485
	-1.037414475	-1.799297661	-0.9654884043	0.2208304909	0.01157821554
	-0.1213709121	0.2801121471	1.132053749	1.226250445	0.2496627549
	-0.04429168817	-0.1155689796	-0.562223957	-1.020394745	-0.9922304093
	-0.4147534431	0.3102424521	1.778598427	2.316188884	0.4803912717
	-0.2030425722	0.3750099739	1.491542429	1.652589344	0.05628780146
	-0.7870417993	-0.793268427	-0.4162297597	0.3520323069	1.486131423
	1.657080085	1.099480012	1.359367999	1.309104141	0.7650139581
	0.3120712119	0.06301454273	-0.03634349692	-0.04838581641	-0.03362530092
	-0.02490505413	-0.02915014211	-0.04072185263	-0.05169670809	-0.05709115698
	-0.05671533783	-0.05408609978	-0.05183725504	-0.05002173421	-0.04875540207
	-0.04792268386	-0.04537291551	-0.0383623499	-0.02632698909	-0.01193259192
	0.0001534395906	0.006426913287	0.007046617628	0.005526811768	0.006240356826
	0.01143820928	0.02003372565	0.02869468613	0.03430556293	0.03577783597
	0.03405124051	0.03148000018	0.03079051544	0.03349496792	0.03895659747
	0.04489892106	0.04916885938	0.05120780101	0.05155829423	0.05061888519
	0.04871928737	0.04677395965	0.04596044146	-0.7195013137	-0.4116183827
	0.01561592195	0.3618326379	0.6517667507	0.9185192024	0.8341326142
	-0.2043891998	-0.3756958615	0.9650883278	1.185357826	0.9759028664
	0.7432203765	0.2913412977	0.05861048196	-0.1423851813	-0.3077113911
	-0.1939243704	-0.07537352114	-0.2045401356	-0.2760796154	-0.1995537822
	-0.2926572581	-0.9404296742	-1.66506344	-0.3049203499	1.138590155
	0.2955659056	-0.1756995577	0.04448996512	1.049906616	1.685286205
	0.6024507515	0.05661222931	-0.06079406408	-0.7555541901	-1.277011728
	-1.127661282	-0.4530362812	0.5043912796	1.92185531	1.946469254
	0.2470584611	-0.1585769987	0.2665353908	1.033792397	1.057341189
	-0.1830054134	-0.8909048748	-0.9022061732	-0.5505108623	0.1894625285
	1.453230946	2.178906658	1.659501289	1.350923724	1.023835006
	0.5110810631	0.1943960513	0.06669652893	0.01144507171	-0.009308754588
	-0.01373707816	-0.01780942064	-0.02802584918	-0.04183997925	-0.05372803239
	-0.05976290054	-0.05967547777	-0.05652032862	-0.05303988945	-0.05005935827
	-0.04820836481	-0.0472250276	-0.04464276508	-0.03767360603	-0.02579814383
	-0.01158182774	0.000421288775	0.006688994697	0.007310971456	0.005762609622
	0.006414656338	0.0115232081	0.0199863654	0.02845897614	0.0338395634
	0.03506603873	0.03313515303	0.0304878916	0.02988084403	0.03278012689
	0.03848304384	0.04464766428	0.04906459786	0.05116415146	0.05151329903
	0.05052606398	0.04854648975	0.04652565286	0.04568099713	-1.217541295
	-0.7051205464	-0.08364250648	0.2308544576	0.4383495258	0.9469117585
	1.535773825	1.105259193	0.4967230727	0.8266240057	0.9458808527
	1.23485195	1.411109658	0.6976628831	0.1783720406	-0.1541479354
	-0.3959726393	-0.2771771499	-0.07350302358	-0.139423696	-0.1978989686
	-0.1665215538	-0.229427468	-0.5808511529	-0.7356559049	1.330898871
	2.522815813	0.4322341321	-0.4978920234	-0.382492969	0.5292336338
	1.503105503	0.9110359827	0.3998150235	0.2373123748	-0.7840076993
	-1.346074157	-1.065086083	-0.4106121026	0.4002529513	1.306661666
	0.9473124476	-0.2823898047	-0.2548446526	0.3035032867	0.7636651476
	0.6275662285	-0.2154274235	-0.7850915932	-0.8429884121	-0.571390063
	0.02202071775	0.9798900136	1.576053658	1.153198631	0.8048755446
	0.5586686012	0.2171803031	0.06387863851	0.05775781273	0.05303543885
	0.03140984808	0.01109520996	-0.005716263233	-0.02302354666	-0.04039792973
	-0.05428671857	-0.06173256636	-0.06245661331	-0.05904998822	-0.05435537831
	-0.05009352941	-0.04757427333	-0.0464512851	-0.04393124526	-0.03719432674
	-0.02578343331	-0.0120904674	-0.0004109723151	0.005796978216	0.006540572204
	0.005200131331	0.006052567224	0.01129157027	0.01979547181	0.02822137219
	0.03348248443	0.03454324342	0.03245715394	0.02974569944	0.02919969817
	0.03225377994	0.03814998287	0.04448761602	0.04901081036	0.05114802013
	0.05149185055	0.05046536442	0.04841802012	0.04633069404	0.04545765068
	-1.502791403	-0.8471511572	-0.06327435721	0.143589774	0.0009951078343
	0.3852730768	1.479489282	1.674327578	0.9408035109	0.6903460713
	0.6846098138	1.204759182	1.62328153	0.8625020656	0.2551954815
	-0.08680903773	-0.3300900977	-0.2208632688	0.002545853992	-0.0586564573
	-0.1431735895	-0.1678012403	-0.2151617667	-0.2653547928	0.1227043867
	2.28008634	2.85796664	0.02781455019	-1.028372104	-0.7810745688
	-0.01020608801	0.8699866644	0.9591587224	1.111657186	0.9829219753
	-0.4485143443	-1.092930344	-0.8141696509	-0.2964949839	0.2396866129
	0.6906288864	0.3444761142	-0.2944822081	0.06564949082	0.8240446022
	0.94838602	0.4346483316	-0.133341651	-0.5332517528	-0.6321395355
	-0.4644322465	-0.05771513412	0.4736678294	0.601945693	0.1635735332
	0.04763836625	0.1006431768	-0.01366466627	-0.01832281287	0.07372466051
	0.1062997243	0.07918483542	0.04151605698	0.01113186935	-0.01423990827
	-0.03629078256	-0.0530810992	-0.06246899991	-0.06432981867	-0.06098556733
	-0.0553863314	-0.05004848294	-0.04694421976	-0.04570593807	-0.04327789422
	-0.03685122439	-0.02606410077	-0.01311773784	-0.001963241442	0.004094620216
	0.005008083334	0.004035445698	0.005292480204	0.01085385122	0.01956587176
	0.02809002639	0.03334901768	0.03433232336	0.0321427279	0.02936976475
	0.02884665428	0.03199770432	0.038020888	0.04446163017	0.04903083848
	0.05117061086	0.05150170783	0.05044602685	0.04834544957	0.04620202719
	0.04530386689	-1.137345027	-0.5571464689	0.2018503025	0.2226971203
	-0.3750982481	-0.5264192971	0.7697746382	1.376419625	0.8595364177
	0.5179416779	0.448977396	0.8037309035	0.8507973099	0.4198539859
	0.2126822686	0.09529821841	0.03989475084	0.1521747487	0.2178257309
	0.0433558789	-0.1131662753	-0.2162926859	-0.3037466009	-0.2134295564
	0.2752898815	1.590903811	1.461079037	-0.8765000573	-1.495587915
	-1.008430445	-0.3160809681	0.2453731837	0.4664747383	1.496111005
	1.938040964	0.01418659535	-0.6326895587	-0.4897301065	-0.1709412677
	0.1328202089	0.3460190348	0.1889533944	0.0387651311	0.6268515236
	1.514518111	1.30895061	0.3196680498	-0.06979716273	-0.2287230729
	-0.3130898598	-0.2424342413	-0.0213004732	0.1686158086	-0.06573836988
	-0.5671302879	-0.5571910923	-0.2605224229	-0.1230575134	0.0223725379
	0.1724829419	0.2004332809	0.1434168669	0.0786458266	0.03181840423
	-0.002523032956	-0.02992330813	-0.05012838218	-0.06168103409	-0.06480557835
	-0.06185179619	-0.05587676729	-0.04991417132	-0.04642850744	-0.04509811228
	-0.04272735752	-0.03656477949	-0.02637156596	-0.01420449255	-0.003675189981
	0.002130589089	0.003176451517	0.002614019987	0.004372311056	0.01037545584
	0.01942128108	0.02816293126	0.03352084982	0.03450667176	0.03225895726
	0.02941721068	0.02886681602	0.03204639444	0.03812092796	0.04458518844
	0.04913134509	0.05123355047	0.0515435863	0.05046993117	0.04833199533
	0.04614365391	0.04522405829	-0.1639504531	0.2338734179	0.7836645419
	0.5698299816	-0.3386675523	-1.026938698	0.002838510068	0.8128887955
	0.6281043658	0.4281636398	0.3626235603	0.4822480674	0.09399278487
	-0.08586833497	0.1433548485	0.3225945651	0.613841405	0.8305654058
	0.5836714455	0.1684319036	-0.09307577171	-0.2864525255	-0.4461653637
	-0.3067600194	0.06484316179	0.4349209463	-0.1543107863	-1.580018881
	-1.724329467	-1.151863822	-0.4924074378	-0.180856263	-0.3100686432
	0.8370725124	2.35410528	0.001253345439	-0.4336529025	-0.263739663
	-0.0870980839	0.07203605563	0.1819312842	0.1654142516	0.2779592989
	0.9632133357	1.88098477	1.443856892	0.09269097309	-0.08283040446
	0.105213076	0.1171279211	0.1046240302	0.1351015398	0.07676004585
	-0.3187013403	-0.868728741	-0.9898693677	-0.6351344459	-0.1010003133
	0.2976167859	0.4392857091	0.3721321721	0.2338801407	0.1227927846
	0.05459547199	0.01059413604	-0.02218098767	-0.04577774229	-0.05937675825
	-0.06370769048	-0.06144097184	-0.05571727993	-0.04970654892	-0.04610122764
	-0.04469370861	-0.04230236873	-0.03626203283	-0.02645889196	-0.01490094882
	-0.004960271573	0.000509965784	0.001569847842	0.001328485076	0.003555757528
	0.01002480987	0.01946619525	0.02849813018	0.0340220278	0.03506938521
	0.03279815281	0.02987465985	0.02924351898	0.03238184639	0.03843273295
	0.04484331515	0.04930076423	0.05132841815	0.05161088973	0.05053107078
	0.04837178202	0.04614985053	0.04521277829	0.7125350432	1.045323217
	1.475325455	1.127043116	0.07018637613	-0.7997391079	-0.2694525292
	0.4352842226	0.5140583002	0.503668992	0.4829877954	0.4820329144
	0.06288612237	-0.1025978742	0.1636352405	0.4545603721	0.9696639151
	1.339892565	0.8939662389	0.269840516	-0.07649206533	-0.3245950824
	-0.5090502362	-0.3070443921	-0.1158417804	-0.3173956976	-0.9711598804
	-1.732914861	-1.79193386	-1.423424408	-0.7302858413	-0.3968595434
	-0.7674279472	-0.04983744739	2.249979874	0.2593787887	-0.484625345
	-0.1882197193	-0.05460215631	0.03030291366	0.09319767674	0.1347279484
	0.3283481543	0.9618345693	1.79191698	1.263129309	-0.2166375979
	-0.05879276088	0.5463357915	0.7209521221	0.62604803	0.4237524259
	0.1397409244	-0.3102385471	-0.8904841971	-1.386240681	-1.252263333
	0.03072150097	0.9847861734	0.9837480016	0.6523490753	0.3535493277
	0.1714680017	0.07680796276	0.02312741711	-0.01429187929	-0.04067091513
	-0.05586300429	-0.06116889275	-0.05978302644	-0.05488930703	-0.04940114478
	-0.0459410937	-0.04446643166	-0.04196194144	-0.03585685852	-0.02613415565
	-0.01486792566	-0.005357454956	-0.0002688723697	0.0006310303941	0.000510107329
	0.00305714601	0.009923050749	0.01975217234	0.02909206669	0.03480662557
	0.03594737378	0.03367599491	0.03065906451	0.02990091857	0.03293703834
	0.03890014749	0.04519425283	0.04951262881	0.051439461	0.05169172705
	0.05061702317	0.04845100593	0.04620620275	0.0452556886	1.016516793
	1.372405678	1.85178032	1.605534016	0.5264775272	-0.3431815702
	-0.1785556971	0.3068918958	0.5560209692	0.7380962781	0.7731183176
	0.7003141363	0.3829681783	0.1607780773	0.2363776968	0.4288620279
	0.8693938136	1.262629331	0.887683776	0.2705537192	-0.1085747781
	-0.3923137774	-0.4542044857	-0.02206694511	-0.1803473133	-0.7256099424
	-1.178805307	-1.535942163	-1.87342548	-2.063571937	-1.234893463
	-0.5040325239	-0.7192023432	-0.3505131046	1.982260448	1.499637679
	-0.02109815113	-0.09806806378	-0.05054724553	-0.01160198384	0.02424459593
	0.07262917357	0.2435431162	0.6835296565	1.327454721	1.000951967
	-0.2127985041	0.3073586089	1.109959348	1.417260962	1.283335018
	0.8227723528	0.2939393758	-0.1929028229	-0.7674497612	-1.697955664
	-2.114427457	0.2805560893	2.226454632	1.847456818	1.024440519
	0.4867564011	0.2173971192	0.09511262679	0.0330731447	-0.007552516434
	-0.03561463278	-0.05169153709	-0.05760151083	-0.05712196702	-0.05344424059
	-0.04891562412	-0.04581865755	-0.04428629636	-0.04158550238	-0.03523642226
	-0.02527525745	-0.01394117425	-0.004641831869	5.782379056e-05	0.000609529312
	0.0003479238426	0.00298909085	0.0101120802	0.02026038646	0.02987457251
	0.03576457102	0.03700402352	0.03474603767	0.03163122965	0.03071624653
	0.03360742442	0.03943898579	0.04557873622	0.04973259351	0.05154846908
	0.05177245312	0.05071191266	0.04855067063	0.04629221059	0.04533208524
	0.8323330408	1.192451206	1.717413351	1.666135998	0.7436268266
	-0.04792418558	-0.05166939501	0.293813425	0.6612709867	1.010117234
	1.067927927	0.9129050201	0.6538519453	0.4100273987	0.2972214789
	0.3104845666	0.5285369202	0.8168690674	0.6212773987	0.1637738301
	-0.269792905	-0.812122395	-0.6234713995	0.703989531	-0.1268274249
	-1.039622225	-1.176777274	-1.240982039	-2.037879393	-3.228223458
	-2.195420065	-0.6898634759	-0.4500567059	-0.1656740686	1.601975952
	2.191291849	0.6302158222	0.02259838887	-0.07883271718	-0.06442732946
	-0.04531713406	-0.01779253437	0.0914292501	0.2400345091	0.6648595103
	1.031466881	0.6104731333	1.253630011	1.482036574	1.697751637
	1.730049105	1.175022717	0.4576723075	-0.06027249323	-0.5623492441
	-1.612742978	-2.489170599	0.7961331947	3.696558046	2.75639045
	1.360108163	0.5901921005	0.2485092602	0.1060690432	0.03888249732
	-0.002998274859	-0.03138362171	-0.04754343509	-0.05363405514	-0.05390336033
	-0.05153397201	-0.04816061064	-0.04554577202	-0.04396217108	-0.04100979331
	-0.03429173229	-0.0238578016	-0.01216795755	-0.002876878055	0.001458430182
	0.001509257116	0.000854102785	0.003344227432	0.01054834642	0.02090533734
	0.03072268495	0.03674485499	0.03806786515	0.03582815409	0.03262042149
	0.0315404537	0.03426882174	0.03995248811	0.04593208047	0.0499264767
	0.05163968751	0.05184122196	0.05079981325	0.0486501314	0.04638485811
	0.04541843128	0.5203788867	0.7966292611	1.222961466	1.237039636
	0.5897295284	0.007235108818	-0.009279675645	0.2798916289	0.6869410928
	1.087773234	1.096900606	0.8787025915	0.7130196783	0.5591566122
	0.3257479337	0.1832309793	0.2294473543	0.4059200909	0.3377212069
	0.03669876256	-0.4713885061	-1.523325169	-1.238405505	2.094058684
	0.1942887076	-1.355565101	-1.194511781	-1.016189931	-2.20269322
	-4.605106553	-3.393565882	-0.9517082476	-0.2263072484	0.07618857935
	1.182813495	1.800649036	0.6965518173	-0.007277498096	-0.1596095266
	-0.09400693892	-0.07930968317	-0.1197959537	-0.0435002158	-0.09032358739
	0.2367608662	1.502098033	1.886409445	2.340894079	1.203751383
	1.004708826	1.492631724	1.226715691	0.5327312243	0.03909480383
	-0.3376825054	-1.065168611	-1.673034896	1.574354528	4.343087987
	3.054193014	1.441931415	0.6092590038	0.2528974743	0.1071554761
	0.03976770421	-0.001176979226	-0.02854039248	-0.04407192191	-0.04998096345
	-0.05071218517	-0.04942956853	-0.04710914642	-0.04495486026	-0.04331496265
	-0.04009845244	-0.03297842723	-0.02199023759	-0.009811607005	-0.0004006540849
	0.003621953128	0.003101185608	0.001875789455	0.004008736263	0.01111972291
	0.02155664093	0.03148823245	0.03758829595	0.03896837976	0.03674374375
	0.03345547886	0.03222419777	0.0347988926	0.04034830869	0.04619576223
	0.05006647546	0.05170269962	0.0518901104	0.05086751169	0.04873057212
	0.04646239027	0.04549218123	0.2958707525	0.421784555	0.5770360624
	0.5068677784	0.1625129476	-0.1096525781	-0.04747463603	0.2265505424
	0.5685191029	0.8231935777	0.709468402	0.4987676517	0.539582046
	0.6240661576	0.3097980248	0.05087067842	0.05412007103	0.1665382714
	0.1577439202	-0.02751128061	-0.4570856029	-1.498440797	-1.206253892
	3.715193731	0.7483256342	-1.661170006	-1.354278678	-0.984508666
	-2.140319899	-4.826073824	-3.469999544	-0.7658007013	0.01340298127
	0.2243961692	0.8295899671	1.124636915	0.3946501208	-0.1509560091
	-0.2096215147	0.07721669322	0.08466422501	-0.1824637118	-0.1148925198
	-0.02879388913	0.5655854668	2.180007224	2.138428368	2.492744783
	0.5729665657	-0.1106916141	0.7483222913	0.948249609	0.4788153792
	0.08882913042	-0.1512696221	-0.4517898995	-0.4090271591	2.033862825
	3.569193915	2.420503811	1.18478828	0.5280053593	0.2279443348
	0.09806076637	0.03582246923	-0.00211107761	-0.0273570202	-0.04176105975
	-0.0472578024	-0.0481232824	-0.04746418988	-0.04582005052	-0.04395644584
	-0.04223687163	-0.03879375341	-0.03135111391	-0.01990985347	-0.00729802716
	0.002262050919	0.006047928479	0.00499335177	0.003144142472	0.004798721698
	0.01167748201	0.02207100966	0.03202997164	0.03815889338	0.0395676037
	0.03734809914	0.0339955374	0.03264434997	0.03509842519	0.04055382866
	0.04632604424	0.05013405316	0.05173249121	0.05191527003	0.05090604923
	0.04877775654	0.04650761566	0.04553521241	0.1559274453	0.1252943239
	-0.06369609516	-0.2500288701	-0.2760702046	-0.2505710235	-0.1125961613
	0.1559901324	0.3861633138	0.3672074459	0.07758417353	-0.1209411689
	0.192132763	0.6755886187	0.2797199353	-0.1583861846	-0.0738431248
	0.04585800492	0.07044352678	-0.02899775883	-0.2764487742	-0.7534081104
	-0.2709503728	3.693581966	0.6757533179	-2.019366399	-1.740801441
	-1.213458108	-1.553524542	-2.090253571	-0.4803897673	0.6067727768
	0.4352963251	0.3175856414	0.6224780429	0.7045132158	0.1829299989
	-0.1940470695	-0.008098397167	0.8085646294	0.6895875226	-0.2080421228
	-0.1620178551	0.2069146977	1.279232338	2.69210264	1.249460226
	1.730143587	0.7336856741	-0.1584098131	0.4029267165	0.6711235771
	0.3688303832	0.09737458029	-0.01667300012	-0.02174873594	0.4241234958
	1.977472333	2.298157505	1.453325775	0.7848571276	0.3945417942
	0.1839317895	0.0811630453	0.02797572638	-0.005403755787	-0.02784249957
	-0.04085089177	-0.04581815276	-0.04651587772	-0.04590982061	-0.04439746131
	-0.04254779778	-0.04070816595	-0.0371177921	-0.02953341547	-0.01790773402
	-0.005092749726	0.004551188254	0.008191133387	0.006741643359	0.004348304233
	0.00550977789	0.01207470874	0.02232594704	0.03224194588	0.03836598298
	0.03978017032	0.03755276244	0.03415388323	0.03272576501	0.03510857127
	0.04052754138	0.04629904662	0.05012010676	0.05172766371	0.05191576082
	0.05091117114	0.04878378801	0.04651027767	0.04553634875	0.08135909099
	-0.05583518258	-0.5052757479	-0.7484243976	-0.5049082645	-0.2886413697
	-0.1253998808	0.1234454418	0.2805882769	0.06775822827	-0.3906250339
	-0.711614861	-0.1884959152	0.8523089484	0.4533963579	-0.3595173697
	-0.2292834881	-0.03049354439	0.0361591699	-0.007073755247	-0.1686727477
	-0.386086454	0.0481020061	1.993373252	-0.2069992099	-2.407747684
	-2.353960396	-1.797804895	-0.7733770422	2.474566927	4.44183417
	2.687657146	0.8735758299	0.3254651502	0.5754516581	0.650747524
	0.2416931032	0.0005155411044	0.5475476422	2.233483551	1.735527913
	-0.5682144459	-0.3011567644	0.2033121287	1.293916433	2.41177031
	0.7519949574	1.313123877	1.762857999	1.021001123	0.799241522
	0.6366533276	0.2928578758	0.08252703406	0.06897685432	0.2382900435
	0.8018396635	1.784363241	1.530864987	0.8269104775	0.4795900474
	0.2708119543	0.1352734416	0.06022560841	0.01770524346	-0.01039126708
	-0.02980147607	-0.04132865818	-0.04568957525	-0.04596194425	-0.04487033109
	-0.0429285841	-0.04078776921	-0.03877922945	-0.03513575123	-0.02764426932
	-0.01621030959	-0.003546868768	0.006038312987	0.009616997693	0.007972462958
	0.005218282321	0.005969983681	0.01220344155	0.02224857026	0.03207399814
	0.03817643615	0.0395822265	0.03733660243	0.03391155617	0.0324544401
	0.03482121693	0.04026557851	0.04611324619	0.05002446838	0.0516888331
	0.05189242785	0.05088327925	0.04874793539	0.04646827989	0.04549267191
	0.1145878686	-0.042472134	-0.5737251322	-0.8417707642	-0.4965666446
	-0.2159637019	-0.03336801378	0.2270292623	0.3935867126	0.1650455432
	-0.3433186772	-0.8635717179	-0.327958642	1.190481217	0.9745767951
	-0.2178872869	-0.2948585133	-0.06950517573	0.03873689751	0.03749787067
	-0.1216720891	-0.3961413023	-0.1980998535	0.5528271335	-0.8937759544
	-2.59860886	-2.990527971	-2.735751374	-0.9007645816	4.49269144
	6.635621753	3.519573377	0.7644678623	0.08488926098	0.6710729756
	0.9961917948	0.636781828	0.3747939642	0.9080059106	3.096551112
	2.720174058	-1.369018085	-0.6347307101	-0.006307722388	0.614405829
	1.297680005	0.5722284845	1.149267754	2.184604915	1.882146246
	1.244816929	0.6911799608	0.2453568072	0.05006655409	0.1078422874
	0.3764614637	0.8676832575	1.375981115	1.167683902	0.5779248457
	0.3138664622	0.1784901052	0.09010672604	0.03853442718	0.006632187428
	-0.01625855437	-0.03285603162	-0.0429502808	-0.04661884768	-0.04625284821
	-0.04426986261	-0.04145772422	-0.03877418115	-0.03654960958	-0.03292510672
	-0.02574245351	-0.01489055909	-0.002784070657	0.006544319273	0.01011456023
	0.008480718244	0.005595948957	0.00608482465	0.01202309312	0.02183480205
	0.0315438207	0.03762070306	0.03901437056	0.03674843449	0.03332035321
	0.03188020551	0.03428093819	0.03980309446	0.04579045333	0.04985647201
	0.051618832	0.05184790088	0.0508274128	0.04867667457	0.04638771533
	0.04540947731	0.2775978265	0.1783596991	-0.2596370849	-0.5768845198
	-0.3392503335	-0.09627772651	0.1178511619	0.4387295271	0.6555338284
	0.5262754399	0.2337699785	-0.2367160227	0.02332422604	1.403665575
	1.365400731	0.1816123883	-0.1689919527	-0.0458286304	0.08238304474
	0.1374648597	-0.009388888717	-0.3455453564	-0.3355043642	-0.06172363545
	-1.052822813	-2.489864141	-3.301263958	-3.55069827	-1.921704991
	3.019708246	4.934522511	2.34800814	-0.2669309547	-0.5972973721
	0.895815588	1.842198324	1.459461049	0.803053606	0.3807369109
	1.483916239	2.735967376	-0.9526193042	-0.6563382658	-0.1672319984
	-0.07409121966	0.1488947093	0.07203252526	0.5872394613	1.491349674
	1.638075834	1.187431208	0.6202773757	0.1731874081	-0.0105997244
	0.1017793987	0.4453219168	0.9085189945	0.8802707525	0.7294031075
	0.4136758612	0.2072418372	0.1057418085	0.04972933679	0.01828118492
	-0.003761448572	-0.02211508417	-0.03644921751	-0.04527918998	-0.04818147491
	-0.04703046323	-0.04393817697	-0.04001551792	-0.03664482004	-0.03416807492
	-0.03058592775	-0.02384074647	-0.01387107555	-0.002684270752	0.006169927749
	0.009736623527	0.008275522417	0.005473925506	0.005861803681	0.01157291854
	0.0211548602	0.03073958724	0.03679431293	0.03818098556	0.0359027108
	0.03249551021	0.0311084952	0.03357791858	0.03920996894	0.04537492014
	0.04963643936	0.05152467468	0.0517877042	0.05075326464	0.04858298482
	0.04628174004	0.04529882267	0.5530864317	0.5459596226	0.2995922418
	-0.08643030762	-0.1027690698	0.02573859189	0.2460770123	0.5921608961
	0.8085357265	0.7865902904	0.9348709628	0.9181822342	0.6203522328
	1.182379594	1.167258033	0.3677443533	-0.01634498841	0.0004058943333
	0.1651329139	0.3258435972	0.231347946	-0.1265044464	-0.2468116874
	-0.2259807289	-0.9812532688	-2.181674662	-3.112469595	-3.701844541
	-2.732531532	0.7517208763	2.158289385	0.2960473186	-2.055575547
	-1.789471824	1.217191353	3.265286457	2.783014185	1.358641146
	-0.3985612352	-1.191996509	1.740499117	1.239162285	0.2165402245
	-0.1567467667	-0.5039992755	-0.6347794201	-0.5803530425	-0.1379409602
	0.5370720884	0.9098769129	0.8003883381	0.4317984294	0.06407222642
	-0.1120339854	0.04909393034	0.4961561034	1.068810897	0.9322811139
	0.4559750741	0.2385030775	0.1056862236	0.04084474434	0.01425846172
	0.001040834627	-0.01229527987	-0.02711832233	-0.03991829983	-0.04776975256
	-0.04990948538	-0.04793731226	-0.0437242626	-0.03867025945	-0.03459037405
	-0.03184705149	-0.02828503331	-0.02198500027	-0.0130204871	-0.002969129425
	0.005238211598	0.008766466119	0.007565091345	0.004990797162	0.005406234249
	0.01096357219	0.02034175635	0.0298097096	0.03585045045	0.03724169906
	0.03496583325	0.03159774874	0.03028189412	0.03283223629	0.03858016832
	0.04492890215	0.04939606751	0.05141956245	0.05172133238	0.05067468977
	0.0484848283	0.04616846226	0.04517665193	0.8334146357	0.9312815643
	0.8918840011	0.4467660175	0.1408318637	0.1166363761	0.3039947417
	0.5859236328	0.7006031668	0.6337080589	1.043342465	1.661380777
	0.8019322364	0.6051183316	0.6388925813	0.280137761	0.02475465099
	-0.00342757014	0.2582965962	0.6085183913	0.5920638399	0.1641789684
	-0.09503641458	-0.25360906	-0.8868766956	-1.831863233	-2.615077748
	-3.266702063	-2.900307047	-0.7294673684	0.1219238721	-1.585471835
	-4.101657236	-3.302279806	1.524869363	5.073640175	4.459689211
	2.089663223	-0.5835832317	-2.429849418	0.8882956453	3.055606509
	1.282191679	-0.06021963838	-0.7088419978	-1.083912073	-1.112793833
	-0.7003258182	-0.103491493	0.3363582338	0.4313308263	0.2404507762
	-0.05279400614	-0.2525722224	-0.0637864997	0.6057402194	1.36416745
	1.258671575	0.5482653013	0.1681010578	0.0277241227	-0.01234051565
	-0.01406563317	-0.01192418951	-0.01826971224	-0.03067910925	-0.04266861401
	-0.04990366046	-0.05140630745	-0.04871737061	-0.04356514617	-0.03755202516
	-0.03284971963	-0.02985971559	-0.02628491617	-0.02033417569	-0.01227817583
	-0.003342372988	0.004173119174	0.007624437731	0.006687783874	0.004384127282
	0.004888052756	0.01034805315	0.01956255059	0.02893655954	0.03497719042
	0.03638842563	0.03413002841	0.03080554279	0.02955405098	0.03217163493
	0.03801518971	0.04452335136	0.04917552579	0.05132280874	0.05166178904
	0.05060801736	0.0484028465	0.04606835983	0.04505843173	0.9909647199
	1.16622675	1.293290912	0.8309598239	0.3029960236	0.1452329449
	0.2957036712	0.4633567471	0.4002283162	0.08435426009	0.215296572
	1.400502961	0.5122575795	0.03585242766	0.2165195223	0.1450964925
	-1.898336818e-05	-0.05560087656	0.3078360509	0.9048889469	0.9866313695
	0.4278670621	0.0120171419	-0.262199049	-0.8274501638	-1.57661611
	-2.162192208	-2.735046909	-2.738286254	-1.409682065	-0.9837724922
	-2.840513063	-5.727614032	-4.666285656	1.636274318	6.654285424
	5.997528928	2.780201347	-0.3619014929	-2.425173998	0.5641351387
	3.664285071	1.820435066	0.00518887042	-0.7776841226	-1.291366807
	-1.428278056	-1.033390201	-0.4242031001	0.04138020177	0.2156728084
	0.1165602518	-0.1389954595	-0.3889906593	-0.2408543833	0.6537331309
	1.703109382	1.447314754	0.6667726259	0.1769055073	-0.009995667326
	-0.04597609384	-0.03250996466	-0.01992026957	-0.02157867601	-0.03261182008
	-0.04434053201	-0.05131615088	-0.05241567284	-0.04924180076	-0.0434813804
	-0.03682569762	-0.03166953698	-0.02849272471	-0.02490372469	-0.01916011811
	-0.01171697115	-0.0036076681	0.003360129301	0.006739547914	0.006008382412
	0.003915595713	0.004489094307	0.009878861106	0.01897758805	0.02829675893
	0.03435910254	0.03580734258	0.03357666451	0.03028197147	0.02906078607
	0.03170658717	0.03760386522	0.04422455453	0.04901703088	0.05125686529
	0.05162273003	0.05056884596	0.04835767397	0.0460025309	0.04495287134
	1.03365693	1.215159445	1.415929456	0.9813680276	0.364117709
	0.139877339	0.2742728879	0.4001137341	0.2447992105	-0.2010290706
	-0.4148396351	0.9017062496	0.3564533625	-0.2204641828	0.05681953179
	0.09033128956	-0.01181610602	-0.07893138913	0.290261867	1.015809367
	1.188216407	0.5639323828	0.05065497036	-0.268358196	-0.8084955497
	-1.493728975	-1.997823096	-2.496418947	-2.624900753	-1.604346287
	-1.32188209	-3.204727944	-6.258253833	-5.327501155	1.437501004
	7.244893314	6.745775794	3.125718268	-0.1854953747	-2.264776821
	0.3843729568	3.744938003	1.998397826	0.01265666749	-0.7906756002
	-1.336020953	-1.527900509	-1.151381834	-0.5264258949	-0.0466455295
	0.1480447674	0.07581506998	-0.1647027061	-0.4335621459	-0.340033495
	0.5723528986	1.757684434	1.414661408	0.6680057633	0.1819671073
	-0.0209725765	-0.05881051562	-0.03985131687	-0.02286391134	-0.02252171406
	-0.0330564607	-0.04482938795	-0.05182875621	-0.05281929983	-0.04947126882
	-0.04351816906	-0.03662622873	-0.03123892651	-0.02796307152	-0.02440131762
	-0.01873522126	-0.01149275103	-0.003704689515	0.00304398228	0.00642641655
	0.005810223618	0.003791668836	0.004346684638	0.009662460898	0.0186978952
	0.02801873253	0.03413319652	0.03563454734	0.03343750206	0.03014397724
	0.02889428173	0.03150665654	0.03740174659	0.04407996503	0.04895775278
	0.05124289175	0.05161341136	0.05056754785	0.04836763766	0.04599486381
	0.04485184531	