3131	
	19.58306882	4.943661279	2.444564948	0.4373103816	-0.1221982191
	-0.2573892627	-0.390066222	-0.2813047087	-0.2292353882	-3.04668411
	-12.21439267	-11.82406095	-4.185524675	-2.508139169	-7.738148904
	-5.388016617	-3.674585237	-2.110489322	-0.9306171131	-0.2486778294
	-0.6541934482	-1.765360325	-3.538551856	-8.572036062	-24.43462417
	-11.20897705	-3.284293744	-0.6071987309	0.3302585773	0.3187092068
	-0.0666634971	-0.05100569575	0.06863287199	0.1553958203	0.2267156938
	0.173298505	-0.1065530057	-0.3347093166	-0.2819462202	-0.1633601846
	-0.09374111897	-0.05709305485	-0.02955247571	-0.01194489599	-0.003611609418
	-0.0003042609911	0.0009403487604	0.001423613804	0.001635103815	0.001750535946
	0.001834521642	0.001912998111	0.001996684489	0.002088079233	0.002185536762
	0.002285762281	0.002385025904	0.002480079817	0.00256903017	0.002651933821
	0.002730025193	0.00280277396	0.002864249351	0.002897420458	0.002853456279
	0.002582258729	0.001627308753	-0.001184155449	-0.006953602369	-0.01063891591
	-0.00569639445	-0.0006017107959	0.001890626495	0.002903597347	0.003320836634
	0.003519066872	0.003640181544	0.003736268575	0.003826270094	0.00391687753
	0.0040101556	0.004106322957	0.004204799777	0.004304645412	0.00440477205
	0.004504062229	0.004601435545	0.004695884906	0.004786493932	0.004872442987
	0.004953008636	0.005027559532	0.005095550479	0.005156515714	0.005210061997
	0.005255861794	0.005293646619	0.005323199978	0.005344347079	0.00535692496
	0.005360613759	8.737987451	2.318681551	1.737480633	0.2831356448
	-0.1225388051	-0.2427497999	-0.4155296217	-0.2412018856	0.2475609419
	-1.239015313	-8.722896893	-9.573296577	-2.381506527	0.7818252085
	-4.502039103	-5.781928269	-4.589562112	-2.467476672	-0.9250833311
	-0.02825152556	-0.6363148392	-2.028856534	-3.658317405	-5.558816562
	-13.15559054	-8.749273676	-2.673136265	-0.360728462	0.5647199636
	0.4993313349	0.1116073572	0.01854832241	0.09925450409	0.1914799742
	0.2910178267	0.2356984785	-0.1373545013	-0.4298438954	-0.3377834301
	-0.1824419988	-0.09797598129	-0.05798200835	-0.02961727963	-0.01177564688
	-0.003464762482	-0.000228353704	0.000978827058	0.001448732562	0.001655407218
	0.001767231701	0.001847046913	0.001921239383	0.00200130999	0.002090094653
	0.002185806565	0.002284794914	0.002382926347	0.002476625754	0.002563925438
	0.002645306774	0.002722826891	0.002796342139	0.002859413076	0.002894472846
	0.002853649603	0.002595660106	0.001716207665	-0.0007367110902	-0.005635541869
	-0.009212130372	-0.005218367265	-0.0004458931953	0.001946792604	0.002922149588
	0.003326623035	0.003520534334	0.003639989116	0.003735295779	0.003824848178
	0.003915173196	0.004008292513	0.004104408911	0.004202923744	0.004302871902
	0.004403140669	0.004502591642	0.004600129149	0.004694736245	0.004785490961
	0.00487157103	0.004952252237	0.005026903519	0.005094980514	0.005156018549
	0.005209625551	0.005255475183	0.005293300268	0.005322886273	0.00534406412
	0.005356702507	0.005360733243	-3.811919633	-3.755785385	-0.2889690143
	-0.07156791181	0.02010787816	-0.1396760463	-0.515852144	-0.2033134607
	1.595984165	2.707594122	-2.86483668	-4.607038735	1.669873097
	7.76992653	-0.3052954212	-8.307786647	-8.468522062	-3.797340145
	-0.8816255753	0.8884150198	-0.4446289716	-2.867026562	-4.547236302
	4.02770794	12.46884568	-2.247988022	-1.323688697	0.2508006594
	1.334769305	0.9941560875	0.45534957	0.1999903096	0.1868529454
	0.3037221172	0.5201818466	0.4828148612	-0.2296817187	-0.7505251761
	-0.5173245766	-0.2441673176	-0.1137839871	-0.06077310476	-0.02947737032
	-0.01135065714	-0.003226318724	-0.0001146931224	0.001050424738	0.001513313959
	0.001718598897	0.001823534899	0.00189086496	0.001950895001	0.002018619975
	0.002098319589	0.002187905174	0.002282564278	0.002376772634	0.002465769291
	0.00254721646	0.002623038887	0.002698391846	0.002774791172	0.002844335011
	0.002888565055	0.002864552089	0.00265528058	0.001952848566	0.0001150422995
	-0.00333630257	-0.006000846955	-0.003580985494	1.702475197e-05	0.002046606851
	0.002940843429	0.003329750133	0.003520217613	0.003638156141	0.003732291301
	0.003820825956	0.003910334971	0.004002919131	0.004098812673	0.004197386026
	0.004297604554	0.004398277332	0.004498198297	0.004596221953	0.004691299053
	0.004782489224	0.004868961426	0.004949988687	0.005024940614	0.005093275292
	0.005154531284	0.005208320014	0.005254318689	0.005292263841	0.005321945664
	0.005343203992	0.005355931001	0.005360106801	-4.867260777	-4.916289659
	-1.104952176	0.2027698521	0.7865675869	0.2063571834	-0.7127617201
	-0.4218021693	3.573882842	9.361530167	1.512710172	-1.632985555
	5.200969526	18.78489842	4.325244733	-12.15446701	-16.3839765
	-6.383282547	-0.4430434459	3.443409731	0.318904716	-4.444534635
	-8.389796974	8.166265898	111.7203889	9.455491277	0.2280604278
	1.183796868	3.112382948	1.922720078	0.8914560471	0.4061070931
	0.3108647339	0.5130370234	1.044131109	1.11544257	-0.3905788927
	-1.348075245	-0.8295366044	-0.3429471388	-0.1383907509	-0.06333465656
	-0.02835588282	-0.01053545819	-0.002880735529	4.756444091e-05	0.001174810484
	0.001645336514	0.001855552571	0.001947151865	0.001987084993	0.002016098624
	0.002057097755	0.002117360298	0.002193983658	0.002279532153	0.002365439456
	0.002444286463	0.002512703538	0.002575806028	0.002646274692	0.002729546187
	0.002813491421	0.002876461886	0.002881869264	0.002741103322	0.002238334209
	0.0009741406995	-0.001277689944	-0.003120787855	-0.001977534605	0.0004479092445
	0.002113804978	0.002946780967	0.003330757653	0.003520680269	0.003637099528
	0.003729206311	0.003815651289	0.003903344816	0.003994643064	0.004089879461
	0.004188369077	0.004288935578	0.004390229589	0.004490910355	0.004589734983
	0.004685592213	0.004777506958	0.004864631872	0.004946234866	0.005021686617
	0.005090449375	0.00515206719	0.005206157362	0.005252402929	0.005290546226
	0.005320383771	0.005341763702	0.005354589695	0.005358840931	-2.788391678
	-2.561376322	-0.374395817	1.351547583	2.620031941	0.9783941607
	-0.8660111129	-1.212490207	4.303431792	14.60595052	4.166252028
	-2.453687414	2.961011613	19.35551323	8.044188998	-5.871130572
	-12.44639081	-8.662901539	1.105983629	9.61588909	2.719279432
	-4.848811229	-12.65895845	0.3772251919	27.80108701	0.03153581891
	-0.8549154332	2.536640696	7.493869421	3.619632949	1.47682599
	0.6313538394	0.4616395277	0.84698608	2.145619785	2.638538678
	-0.6550890341	-2.002167955	-1.193437481	-0.4576043385	-0.1683167691
	-0.06668553026	-0.02688686065	-0.009565907593	-0.002480546042	0.000268112272
	0.001392100184	0.001905052522	0.002132842208	0.002197122443	0.002179895582
	0.002145845376	0.002133882854	0.002156445263	0.002208368976	0.002276719892
	0.002346844387	0.002405827691	0.002447567027	0.002483568672	0.002543793701
	0.002642371015	0.002755513033	0.002852286485	0.002901928326	0.002841997432
	0.002521555095	0.001670088067	0.0001087485827	-0.001436694743	-0.001205645545
	0.0005287281827	0.002070209751	0.002931454726	0.003334859115	0.003528009403
	0.003641966763	0.003730138298	0.00381235466	0.003896244156	0.003984715054
	0.00407831171	0.004176239046	0.004277046345	0.004379087927	0.004480778915
	0.004580704756	0.004677647765	0.004770574833	0.004858612027	0.00494101901
	0.005017167909	0.005086527044	0.005148648385	0.005203157575	0.005249745764
	0.005288162966	0.005318213095	0.005339751528	0.005352687202	0.005356990997
	-1.297782864	-0.9242080991	0.7070634479	3.364325871	6.419303986
	2.348701019	-0.5933691291	-1.844661589	2.852500255	11.10873489
	2.892356307	-7.562434238	-4.072258986	8.518961154	5.310465933
	-2.504330115	-6.958564445	-10.52386086	5.976713683	26.67992383
	7.369457223	-2.033888933	-8.441426451	-1.63778695	9.769125715
	-0.2686941071	-0.1864608345	6.891694447	21.3190897	6.750293998
	2.246162993	0.871268714	0.6186849638	1.286145832	4.161185952
	5.93785126	-1.661974207	-2.61766446	-1.467052339	-0.5600110936
	-0.198103337	-0.07155312495	-0.02617104471	-0.008795426895	-0.002085446733
	0.0005755430378	0.001783328189	0.002413318995	0.00268274074	0.002688319973
	0.002552974901	0.002393403023	0.002279567051	0.002231680468	0.002238520163
	0.002275925908	0.002317453258	0.002339101553	0.002327651035	0.002306685657
	0.002345685848	0.002478231534	0.002649708816	0.002806696957	0.002924169028
	0.002965034412	0.002816645808	0.00224222668	0.0009506502058	-0.0008631166988
	-0.001500903832	8.825182287e-05	0.001883242821	0.002908278214	0.003358271106
	0.003554681387	0.003662606473	0.003742880396	0.003816662751	0.003892834379
	0.003975417887	0.0040653617	0.004161630568	0.004262239559	0.004364995425
	0.004467879702	0.004569182969	0.004667510502	0.004761735796	0.004850943515
	0.004934380747	0.005011421474	0.005081542297	0.005144305807	0.005199348634
	0.005246372367	0.005285136532	0.005315453453	0.005337185358	0.005350244457
	0.00535459555	-0.4104963164	0.04225317827	1.860290304	7.304393133
	15.65869926	4.396449999	0.05703956761	-1.227214613	1.182661384
	4.889280089	-0.1576395581	-11.85929685	-12.23308662	1.004096933
	1.766108245	-1.027685421	-1.637788775	3.539841203	6.653504628
	59.61113645	14.23562011	2.374680154	-4.504369264	-0.9982782324
	7.023296007	2.106440135	1.855066573	11.4969526	63.3354986
	13.37883374	3.072027117	1.082886288	0.7238143075	1.623958658
	6.750080019	10.92097924	-5.632675849	-4.322931927	-1.854996339
	-0.663081005	-0.2246428175	-0.07625281742	-0.02594488734	-0.008217356794
	-0.001677883371	0.001044601399	0.002507952772	0.003408324156	0.003763005196
	0.003638811858	0.003260070006	0.002853334328	0.002546631046	0.002369888117
	0.002296663196	0.00228025267	0.00227182752	0.002225374288	0.002109549336
	0.001969068689	0.001963989299	0.002172399299	0.002460124295	0.002724779914
	0.002952249671	0.003140604014	0.00320387223	0.002881095781	0.001653819768
	-0.0009331484689	-0.002810346871	-0.0008866111085	0.001610094848	0.0029344507
	0.003436293283	0.003623778366	0.003717074524	0.003781855065	0.003839096278
	0.003899961726	0.003970756501	0.004053161116	0.004145585483	0.004244988145
	0.004348160066	0.0044523136	0.004555234866	0.004655236816	0.004751044615
	0.004841679831	0.004926371126	0.005004494921	0.00507553882	0.00513907916
	0.005194766452	0.005242315186	0.0052814963	0.005312131712	0.005334090862
	0.005347289359	0.005351689268	0.08140558166	0.6091772505	3.122526249
	14.84960413	39.94332614	6.676833347	0.579223864	-0.5075889271
	0.4909800093	1.71381948	-1.168373095	-8.143748912	-9.917468742
	-1.206284953	0.2578494998	-0.3250748912	1.625670448	15.40350168
	71.16563327	-114.5604553	-9.917382551	7.614034229	-1.81003115
	-0.8811079222	12.51571131	4.356230304	1.884652393	5.631845452
	22.32535519	11.29794694	3.14767125	1.196246709	0.6876573709
	1.301417183	7.055378584	14.40570694	-16.51162732	-7.865985736
	-2.42339713	-0.75773957	-0.2409880056	-0.07790188597	-0.02522899764
	-0.007590734831	-0.001180242023	0.001817498623	0.003870875947	0.005358123787
	0.0058739485	0.005458844155	0.004579617867	0.003690301849	0.003023081476
	0.002614596185	0.002402349721	0.002295263145	0.002202855287	0.002036207701
	0.001719391726	0.001328937742	0.001231546036	0.001609474659	0.002126729781
	0.002582286026	0.002994145543	0.003429553369	0.003846636512	0.003953089708
	0.00297621008	-0.000515424803	-0.004378017326	-0.00200837438	0.001500468792
	0.003143445643	0.003632737257	0.003775117765	0.003837967476	0.003873612349
	0.00389881268	0.00392977966	0.003977619576	0.004045248554	0.00412976039
	0.004225999493	0.004328864869	0.004434202281	0.004538934223	0.004640891918
	0.004738566786	0.004830886066	0.004917052584	0.004996446469	0.005068569935
	0.005133016806	0.005189454744	0.005237613795	0.005277278342	0.005308281309
	0.005330500236	0.005343855103	0.005348307933	0.2770405792	0.7445516358
	3.130713079	14.98951409	59.28584867	7.138098481	0.5810374669
	-0.1855942769	0.1954700359	0.4725851103	-1.006821957	-3.575010722
	-3.065090188	-0.2686804914	-0.2718852336	-0.459336206	1.591232079
	8.766802835	28.83406244	-22.09221415	-5.857194888	23.62263664
	0.473362822	-6.723699049	23.67822851	7.041497946	0.5675476131
	1.02405323	11.58811782	11.13150047	3.730596738	1.33778096
	0.6048543841	0.1290718238	2.898736799	9.201672693	-22.73373533
	-10.87482215	-2.682657858	-0.7644463449	-0.2337986912	-0.07361292359
	-0.02319765351	-0.006720855993	-0.0005179398042	0.003131096174	0.006447660058
	0.009186255953	0.009987173289	0.008915926241	0.007010242453	0.005186379858
	0.003853540682	0.00303487321	0.002586138874	0.002331082985	0.002103935474
	0.001734547862	0.001043061718	0.0001370440246	-0.0001558728925	0.0005951997668
	0.001554790704	0.002339563814	0.003060591384	0.003936128895	0.005043316318
	0.006125452512	0.006284774263	0.002931896715	-0.003358030239	-0.001805684552
	0.002182517885	0.003780994826	0.004047128721	0.004074535669	0.004084353793
	0.004067205301	0.004030569928	0.00400364666	0.0040076746	0.004047378537
	0.004116717023	0.004206286692	0.004307464885	0.004413671659	0.004520351498
	0.004624544088	0.004724376406	0.004818638305	0.004906498832	0.004987344898
	0.005060698493	0.005126175614	0.005183464828	0.005232314651	0.005272525111
	0.005303941742	0.005326451377	0.005339979602	0.00534449033	0.2579937962
	0.4548925413	0.8275056876	-1.531968449	8.049099025	-0.5862257183
	-0.4841206968	-0.1748874857	0.03099075834	-0.01649924732	-0.8138504328
	-1.156203399	2.187464283	1.611566371	-0.7499081725	-1.46238248
	0.3220458176	4.326375855	9.118622701	-7.034293423	1.140335818
	24.68780111	1.762994729	-21.95503553	4.558756985	3.20013359
	-2.903376032	-6.111158878	11.4771974	20.00743878	5.145852054
	1.477928286	0.8050577681	0.1377295002	0.04286541789	2.27950004
	-11.23265261	-7.434884101	-2.063034985	-0.6279670354	-0.1979006571
	-0.0626879702	-0.01964339276	-0.005626178002	0.0003145739127	0.005363844484
	0.01132071825	0.01672980603	0.01799260549	0.01543768938	0.01143426909
	0.007816598535	0.005270766211	0.003737801036	0.002894271606	0.002404478044
	0.001973108693	0.001285210849	-6.096826021e-05	-0.001986424915	-0.002697478828
	-0.001162776872	0.0006072868431	0.001931403481	0.003158105539	0.004823894847
	0.00732495237	0.01063049922	0.01381992754	0.01299000909	0.00534315762
	0.002804567431	0.004801300236	0.005205810583	0.004811695657	0.004630000497
	0.004565261159	0.00445388405	0.004297222316	0.004158708655	0.004080370497
	0.004068711233	0.004110297225	0.004187221693	0.004284348007	0.004390809957
	0.004499529509	0.004606254142	0.004708552559	0.004805022663	0.004894794641
	0.004977269449	0.005051996727	0.005118620731	0.005176855347	0.005226470775
	0.005267285052	0.005299158066	0.00532198729	0.005335705168	0.005340278888
	0.1941508437	0.243117714	-0.2278819523	-7.91781766	-34.67634237
	-5.979891693	-0.8080891325	-0.1448479185	-0.04758031568	-0.2793643506
	-1.047286348	-0.776899361	4.88047018	3.135606267	-1.940235445
	-3.671665846	-1.502300934	1.055404073	2.2329658	-2.309336989
	5.604036805	45.63952579	8.113510311	-3.727292218	-6.823877017
	-2.936888173	-11.29575317	-25.62516585	5.46146802	12.22352067
	3.693603815	1.243952484	1.35148459	1.133611146	-0.01944088167
	0.1309432568	-4.802224871	-3.550400431	-1.28116437	-0.4433418954
	-0.147901194	-0.04745960421	-0.01500702898	-0.004636577186	0.001153969998
	0.009102317853	0.02051803574	0.03168292547	0.03357167968	0.02765957453
	0.01939043501	0.01236507767	0.007640650119	0.004885362075	0.003394191305
	0.002538176377	0.001812944524	0.0006781250048	-0.001668035427	-0.005401446839
	-0.006999754223	-0.004004169432	-0.0008899768664	0.001247077079	0.00326659292
	0.006313604289	0.01153946679	0.01962503585	0.02938488875	0.03390486869
	0.02556121395	0.01528145348	0.0108275927	0.007795430877	0.006071382578
	0.005625519256	0.00548733116	0.005204442436	0.004811827009	0.004458749478
	0.004227533116	0.004123473444	0.004116049005	0.004170510144	0.004259813812
	0.004365577237	0.00447643825	0.004586057961	0.004691173904	0.004790133975
	0.004882035588	0.004966309688	0.005042546037	0.005110425292	0.005169691924
	0.005220141364	0.005261612167	0.005293980406	0.005317155595	0.005331078213
	0.005335719768	0.1736179448	0.3302123074	1.352900352	7.319129371
	4.535041922	0.6699061514	0.4240500125	0.07668831263	-0.03947768015
	-0.4993605177	-2.047319255	-2.825630961	1.019973962	0.5951729991
	-4.888317866	-7.760362766	-3.377411726	-1.281746483	-1.249354183
	-0.6614721463	14.3999599	89.29643972	7.051302939	16.30102973
	-24.41145911	-7.858808547	-18.78098409	-87.64815672	-11.14936422
	2.709715876	0.7687950213	0.7502425036	2.468131601	2.976650344
	0.8046364563	-0.06631677473	-2.068005586	-1.698109238	-0.7443025449
	-0.2843467427	-0.09763932546	-0.03029005073	-0.009917489496	-0.004533717196
	0.001438619179	0.01519869906	0.03780599568	0.0615756757	0.06389762375
	0.05039521904	0.03351291249	0.02009460562	0.01152257247	0.006716352698
	0.004181779089	0.002758172124	0.00161878641	-5.646675564e-05	-0.003565956971
	-0.009745608845	-0.0130609096	-0.008064421526	-0.003132130078	8.345627717e-05
	0.003284500571	0.008637359097	0.01884172175	0.03639776501	0.05962311313
	0.0738636416	0.06183003565	0.03864173598	0.02172237153	0.01175543318
	0.007957136948	0.007400909033	0.00725243174	0.006639399679	0.005775963021
	0.005011520827	0.004500088112	0.004233114976	0.004141591054	0.004157958766
	0.004233784449	0.004337628679	0.004450897813	0.004563940377	0.004672311785
	0.004774074501	0.004868327892	0.004954565373	0.005032436719	0.005101670051
	0.005162046731	0.005213391326	0.005255565528	0.005288463453	0.005312008048
	0.005326148907	0.005330862677	0.1084246791	0.2387294717	1.163220701
	6.297636343	30.6344093	8.930999637	1.316154231	0.2382642983
	0.06766483166	-0.5201644081	-2.944430712	-6.334302716	-1.76611799
	-1.307856411	-6.988471184	-12.42764847	-4.852717039	-2.573363556
	-2.434688112	0.4748285551	10.02610133	114.9329458	-533.8081734
	56.25305066	-99.29810855	-15.81684221	-9.463466164	-26.75319088
	-8.455299402	-1.009528395	-1.184431979	0.1050504943	2.840591277
	5.494956026	1.67674266	0.1653503023	-0.8651103947	-0.8086117182
	-0.407906634	-0.1634551338	-0.0510150374	-0.01140685224	-0.004860491302
	-0.006986497287	-0.0003582647483	0.02472037366	0.07005641891	0.1220192825
	0.1229206488	0.0923046651	0.05820362264	0.0329764523	0.01774336788
	0.009573466679	0.005391398735	0.003090561649	0.001352933495	-0.0009212380666
	-0.00530424199	-0.01318959604	-0.01874105132	-0.01284875731	-0.006393540252
	-0.001971258989	0.002916231556	0.01194764349	0.03075705822	0.06608020371
	0.1168122739	0.1506859316	0.1260705538	0.07746164169	0.03883985384
	0.01699389233	0.01061141407	0.0106400401	0.01065616623	0.00935874558
	0.007544313485	0.005995267319	0.00497729717	0.004428804194	0.004196649105
	0.004150779622	0.004205195322	0.004305995792	0.004422458381	0.004539801186
	0.004652023501	0.004756953448	0.004853788624	0.004942146379	0.005021767641
	0.005092442921	0.005153997982	0.005206290756	0.005249208739	0.005282665935
	0.005306600044	0.005320970761	0.005325760531	-0.02077620197	-0.07803701783
	-0.6013811825	-6.27112495	-36.39219353	-3.720749149	-0.2695308777
	0.1605437661	0.3478120483	-0.04618205633	-2.124800294	-5.691716479
	-2.960193659	-1.421241624	-3.819520502	-10.13315266	-4.697900006
	-2.645095815	-1.745515271	3.422032135	-4.535157661	-51.06884534
	59.45396119	-7.782506329	-24.66897321	-12.1003135	-5.570028218
	-8.595157456	-2.986310532	-1.660393499	-2.064057528	-0.6886787172
	1.564401279	4.037934683	1.755435665	0.3004849488	-0.3261082028
	-0.3708082743	-0.2035508594	-0.07164937669	-0.003809363291	0.01194076164
	-0.0001962044614	-0.01566800282	-0.00805137294	0.0385231961	0.1293913118
	0.2460718257	0.2376157289	0.1686335904	0.1005875533	0.05396624795
	0.02747566999	0.01393569906	0.007210397691	0.003554921372	0.0008956849256
	-0.002160706224	-0.007122382953	-0.01515485546	-0.02174991381	-0.01796160538
	-0.01145403222	-0.005794896607	0.001454307095	0.01611437697	0.04928636448
	0.1173549214	0.2252715031	0.3023987508	0.2433765112	0.1408438743
	0.06367193483	0.02285848049	0.01429858333	0.0167894949	0.01728573133
	0.0144764486	0.01072941734	0.007696956601	0.0057782926	0.004753737686
	0.004292232966	0.004147960427	0.004170817577	0.004268557888	0.004390235656
	0.004513420883	0.004630350041	0.004738888862	0.004838546708	0.004929172775
	0.005010645865	0.005082838427	0.005145629336	0.005198914329	0.005242609353
	0.005276650047	0.005300990095	0.005315600153	0.00532046902	-0.1335395574
	-0.2854395899	-1.103017371	-4.372838806	-13.77169195	-5.232523189
	-0.8546545287	0.2814175463	0.9685229526	1.002045863	-0.6678296357
	-3.107649561	-2.568752768	-0.6018745163	0.2547316816	-3.96515812
	-3.005625607	-2.039656472	-0.5255478971	6.864521189	18.8549976
	-21.87704363	6.135610135	-0.5425613646	13.17254336	0.1990772061
	-3.091820151	-1.709293781	-0.7013194002	-1.832263003	-2.677243713
	-1.570537204	0.3683988073	1.813184063	1.05091366	0.2611174987
	-0.09619250131	-0.1506403095	-0.07494998714	0.008967660418	0.05627039037
	0.04673950676	0.003537114907	-0.03879334118	-0.03067253031	0.05580209102
	0.2358210291	0.505626634	0.4595179559	0.3053956765	0.1717127467
	0.08726284643	0.04229953153	0.02045916981	0.009904140298	0.004156720115
	-1.152375712e-05	-0.004411737385	-0.01046157406	-0.01894053259	-0.0266315705
	-0.0263872298	-0.02059335862	-0.01317334871	-0.002621147613	0.02020816214
	0.07644396805	0.2038060095	0.4321502011	0.6090361882	0.4605425033
	0.2444147221	0.0976560421	0.02562988527	0.01909989443	0.0289508555
	0.03030902644	0.02403190623	0.01636254757	0.01056252128	0.007074233584
	0.005264123552	0.004438048714	0.004142919895	0.004123170335	0.004221263746
	0.004352733193	0.004484448086	0.004607326631	0.0047200142	0.004822745175
	0.004915775074	0.004999186188	0.005072957048	0.005137029199	0.005191340627
	0.005235838219	0.005270480841	0.005295239252	0.005310095808	0.005315046105
	-0.2032268181	-0.3758725592	-1.149211258	-3.266149753	-6.541029038
	-3.170702222	-0.7617017017	0.6889157808	2.142097742	2.94571825
	0.9046828284	-1.507998016	-2.19862592	0.2749460836	5.036749223
	-0.6285713091	-1.917235238	-1.838822405	-0.920492495	2.040992578
	3.818037869	-10.51723977	0.0831565187	8.377778721	52.85885542
	9.988789426	0.2673828325	4.855737272	1.806225521	-2.132472688
	-3.279478464	-2.405757332	-0.4711877998	0.6228672732	0.4956164266
	0.1705738888	-0.006060116408	-0.03618409905	0.01833024461	0.102552848
	0.1535642009	0.1070671744	0.005021922267	-0.09470951453	-0.08871697284
	0.07024980438	0.4178099167	1.06247751	0.8849096372	0.5450164497
	0.2877275893	0.1383938659	0.06421343782	0.03004080675	0.01386607845
	0.004881401659	-0.00183581064	-0.008762005418	-0.01747640634	-0.02885251606
	-0.04052445947	-0.04477528313	-0.03837864999	-0.02738832651	-0.0123346399
	0.02137688889	0.1123557362	0.3423546035	0.8225390655	1.234835191
	0.8566604064	0.4080405831	0.1392489542	0.01528150179	0.02543752823
	0.05406804154	0.0560313073	0.04168076414	0.02612063459	0.01525280508
	0.00909656674	0.006026923581	0.004636967447	0.004117435996	0.004047253474
	0.004157221988	0.004307765923	0.004452455435	0.004583018988	0.004700492094
	0.004806544915	0.004902094614	0.00498751056	0.005062904417	0.005128289924
	0.005183651381	0.005228968778	0.005264225573	0.005289410499	0.005304518212
	0.005309551455	-0.2382855037	-0.392124084	-1.014893601	-2.354101678
	-3.657584804	-2.248814208	-0.5897937608	1.336375572	4.039427614
	6.449591996	2.839880031	-0.9557288938	-2.905356772	0.5208772393
	4.279888916	0.3990125754	-2.099491924	-2.199123723	-1.961173326
	-1.264958511	-1.806329272	-7.494514787	-1.741651945	5.72307715
	20.868573	8.337862167	6.229644571	16.54524753	5.385083661
	-2.666335885	-3.854957324	-2.983299635	-0.96234616	0.06047590604
	0.1929875551	0.09977373894	0.03059567635	0.03235849144	0.1063507547
	0.2425699373	0.3342590758	0.2195915291	0.001241607315	-0.224244192
	-0.2270057925	0.06150060659	0.7002674066	2.298383736	1.6869045
	0.9523256483	0.4703280681	0.2138196241	0.09556157449	0.04395199146
	0.01972417375	0.005687859604	-0.005393148807	-0.01700906931	-0.03127275137
	-0.05000861766	-0.07173875989	-0.08342073253	-0.07270131066	-0.05408423928
	-0.03336888256	0.01274106148	0.1505830553	0.5410008056	1.520614028
	2.486868267	1.542198186	0.6458131576	0.177964772	-0.03390448248
	0.03625365983	0.1079703904	0.1068385367	0.07377020726	0.04260089146
	0.02268419423	0.01213229349	0.007112082293	0.004876259272	0.004032663959
	0.003916662384	0.004066275355	0.004252763011	0.004417141471	0.004557599447
	0.0046805363	0.004790129426	0.004888283726	0.004975747248	0.005052790355
	0.005119506901	0.005175930634	0.005222076306	0.005257952996	0.005283568101
	0.005298929009	0.00530404585	-0.2661946792	-0.384253348	-0.8624621466
	-1.769232512	-2.489453439	-1.874567289	-0.5658972159	2.111757581
	6.760221611	12.15608453	5.364962725	-1.697028294	-6.541771297
	0.8498979722	3.053316729	-0.05397302651	-3.490516727	-2.791558995
	-2.425795123	-2.883079981	-2.222161533	-3.774574253	-0.9469650161
	3.453611341	9.116840648	5.720435388	10.56711734	40.54294691
	10.84992265	-2.873412619	-4.065622128	-2.899490756	-1.09172302
	-0.1761689993	0.04572373468	0.06087895149	0.05256573024	0.08594117003
	0.2097115746	0.4712033801	0.6784152354	0.4311001635	-0.01320448066
	-0.5185711403	-0.5397105333	-0.01949660621	1.049357967	5.187611539
	3.158503764	1.617834289	0.7451356655	0.31952495	0.1388984877
	0.06417027535	0.02856810589	0.006499619602	-0.01212709752	-0.03227859006
	-0.05698050483	-0.0906049313	-0.134450718	-0.1613393931	-0.1374697762
	-0.1026187414	-0.07588783593	-0.02001270679	0.1696343716	0.7538132097
	2.521853085	4.690901644	2.580045632	0.9372538969	0.1858824431
	-0.1863144586	0.06408589136	0.2266011843	0.2064336151	0.1308068512
	0.06954972385	0.03400631207	0.01649130436	0.008578750169	0.005121185282
	0.00382279979	0.003692910105	0.0039368486	0.004185962346	0.00437876587
	0.004531466154	0.004660437823	0.004773708608	0.004874505095	0.00496402959
	0.0050427277	0.005110777522	0.005168263835	0.00521523709	0.005251732625
	0.005277776921	0.005293390347	0.005298590552	-0.330129772	-0.3965216915
	-0.7637673071	-1.416819906	-1.969510396	-1.921244423	-1.058077267
	2.776164974	11.76705631	24.45112443	8.659191697	-5.969208038
	-18.83268554	3.201172434	4.103798044	0.1122567279	-4.889221225
	-2.988319354	-1.843111293	-2.166718653	-1.624877629	-1.682130477
	-0.1622105018	2.257107013	4.919934312	4.811242676	7.103598704
	19.0467845	8.154126455	-5.963925313	-4.628216611	-2.525140247
	-0.9857031963	-0.2456552017	-0.01462967615	0.04895697204	0.07500448483
	0.1368872215	0.3283594893	0.7964768783	1.266709536	0.8069695364
	-0.04269615461	-1.184834462	-1.209913954	-0.2511699572	1.278346393
	12.69466078	5.763591786	2.655716045	1.135974503	0.4577252507
	0.1970191808	0.09421815373	0.04241701067	0.00719037776	-0.02462412464
	-0.06018804784	-0.1035127982	-0.1647843026	-0.2558764145	-0.3170405925
	-0.2574472339	-0.18774071	-0.1572085605	-0.1031182188	0.1273922099
	0.8219362664	2.963513985	6.703984162	3.614999494	1.174291039
	0.11398291	-0.6032581031	0.154978464	0.4904720958	0.3982859823
	0.2289540682	0.1117965449	0.05043106656	0.0224260698	0.01046149577
	0.005336592229	0.003418319737	0.003340727315	0.003763785379	0.004109096324
	0.004338819327	0.004505372118	0.004640581844	0.004757517845	0.004860929407
	0.004952494149	0.005032830892	0.005102200034	0.005160736858	0.005208527574
	0.005245633961	0.005272101709	0.00528796422	0.005293246645	-0.4980550973
	-0.4719768593	-0.7733351273	-1.245967241	-1.706843657	-2.617734981
	-2.897710927	2.305058948	14.71659625	52.7423002	14.15035429
	-9.448784537	-49.27577432	12.39882198	7.900340732	1.702003734
	-2.529240135	-1.878777558	-1.059344876	-1.065141893	-0.7754915834
	-0.5363768472	0.3192251178	1.805470923	3.543744969	3.753763085
	4.168373668	6.005334054	-3.701463577	-15.52214857	-6.478388786
	-2.440932816	-0.8657023541	-0.2451623564	-0.02895060777	0.05530476806
	0.1021153424	0.1856962068	0.4274569198	1.053488444	1.914330881
	1.375188122	-0.06431078473	-2.712148955	-2.490815172	-0.4730828132
	4.826819817	41.45955012	10.35073471	4.212558738	1.651365403
	0.620101861	0.2739939962	0.1411884504	0.06511988801	0.007544496502
	-0.04754589129	-0.1110287586	-0.1863887504	-0.2958191249	-0.4877307779
	-0.6303939598	-0.4755297908	-0.3306405595	-0.3054072379	-0.2800149968
	-0.01818847103	0.6703573306	2.363495041	5.117801795	3.432864202
	1.172012439	-0.07739462282	-1.702405461	0.4648175543	1.075110379
	0.7568210582	0.39023519	0.1743888536	0.0727935175	0.02998486892
	0.01276508887	0.005587527129	0.002867065091	0.002885618707	0.003566305219
	0.004031354204	0.004300626057	0.004480464297	0.004621431878	0.004741807803
	0.00484773056	0.004941278207	0.005023214347	0.005093872296	0.005153434963
	0.005202023456	0.005239725689	0.005266606378	0.005282711778	0.005288074385
	-0.8457620143	-0.6510223779	-0.9742421949	-1.354001894	-1.92618704
	-5.584418487	-8.37510375	-0.3178955245	9.076545649	23.30309345
	10.46385632	-4.523848925	-13.91939651	37.89526346	13.92592253
	3.426254913	0.1459842105	-0.4027950905	-0.2836640305	-0.3377131764
	-0.04231430294	0.250619595	0.7073092141	1.910324962	3.704440085
	2.994535072	2.047381885	-0.227341094	-11.20112139	-29.39674378
	-9.047150702	-2.42856095	-0.753387695	-0.2114302778	-0.0172462833
	0.07418982395	0.1363217967	0.2342529333	0.4858550524	1.088124442
	2.053920902	2.065442165	0.1089920835	-6.383511046	-4.418119891
	3.231052699	-6.178307405	176.1950419	23.7986613	6.540504737
	2.246973388	0.774344716	0.3797473054	0.2203180344	0.1039214942
	0.007127035493	-0.08929744045	-0.2040917287	-0.3327699849	-0.5182796751
	-0.9247529033	-1.268747361	-0.8611806513	-0.5562088969	-0.5629508629
	-0.6226864557	-0.2961600898	0.4228012012	1.857979567	3.632025191
	2.721954011	1.021166632	-0.298526792	-4.634232406	1.496485737
	2.344031339	1.394774345	0.6381542248	0.2601513635	0.1007462181
	0.03879520975	0.01542061583	0.006128743026	0.002537041023	0.002514997087
	0.003409348975	0.003971368035	0.004269045138	0.004458077269	0.004603458734
	0.004726822885	0.004835078613	0.004930516763	0.005013990682	0.005085890466
	0.005146441724	0.005195798763	0.005234074861	0.005261353262	0.005277692654
	0.005283132529	-1.192629689	-0.9313372922	-1.474324934	-1.889216403
	-2.65832638	-11.08091945	-20.94103533	-3.907728294	4.036295785
	9.639421161	4.197085638	-3.511309232	-4.004990499	19.4169974
	10.79879783	4.024965825	2.470278559	0.840435472	0.2577894585
	0.2393590998	0.6983710454	1.077359422	1.109490605	2.038970149
	4.275655333	2.773423757	1.083784199	-2.050268921	-10.35697964
	-15.60453786	-6.278336442	-1.824564293	-0.566210335	-0.1491776442
	0.01456530369	0.1097978806	0.1878642898	0.297730673	0.5434131572
	1.073266097	2.071425217	3.290809756	1.486366544	-16.17317479
	-8.585952957	20.95044129	20.78937855	-71.85870301	15.17958689
	9.009466721	2.677352964	0.8398074222	0.5453217427	0.3644631349
	0.1717503633	0.004904790246	-0.1649168169	-0.3768322485	-0.5924641419
	-0.8749741451	-1.724287476	-2.574005966	-1.509482298	-0.8770787419
	-0.9786902855	-1.241211478	-0.7196537961	0.1761856071	1.866256183
	3.699554376	2.625893347	0.8976681912	-0.1724787558	-12.95082521
	4.814755872	4.979694786	2.442249554	0.9825713038	0.3649674939
	0.131669974	0.04784374525	0.01813390922	0.007078979913	0.002878301978
	0.002538808438	0.003386105697	0.003949564239	0.004248277821	0.004439210283
	0.004587022922	0.004712773897	0.004823132235	0.004920339534	0.00500526894
	0.005078347675	0.005139837939	0.005189924913	0.00522874607	0.00525640238
	0.00527296429	0.005278477704	-1.005185677	-1.20535658	-2.272125589
	-2.773028438	-2.500761825	-5.859316076	-11.25378579	-3.810820475
	0.3697539457	2.114886194	0.6300040772	-2.911990673	-2.585027677
	7.924097726	5.919548874	4.792034339	5.724624373	2.038128295
	0.6854474158	0.7973054451	1.759127828	2.415062523	1.601896604
	1.746481625	3.108737301	2.393062382	1.028252973	-1.069313022
	-5.103704882	-6.972099687	-3.196524595	-1.095114572	-0.3428839013
	-0.06784068358	0.06763262949	0.1763607235	0.2789651452	0.4011269243
	0.6456004463	1.118143835	2.14901784	4.677736826	5.351995554
	-258.9434357	-28.15090617	20.59274522	153.9789262	-1.709231438
	65.77075446	15.71643219	2.274406391	0.6717632326	0.8669334152
	0.6411405578	0.2893592377	-0.001662467247	-0.3006559152	-0.7050630941
	-1.064748823	-1.387801459	-2.997014762	-5.065952101	-2.480583516
	-1.241367105	-1.516462644	-2.204296231	-1.232371421	0.1135278956
	2.654439562	5.775064699	3.323799203	0.4442492851	-2.095147651
	-43.15561634	14.9954655	10.04362733	3.938685978	1.387105075
	0.4714724158	0.1598499963	0.05545751818	0.0203679962	0.008116913952
	0.00371861111	0.002987024423	0.003516944969	0.003968755367	0.004238519815
	0.004423965968	0.004572278047	0.004699819356	0.004812033629	0.004910868579
	0.004997152958	0.005071332737	0.005133700541	0.00518446978	0.005223800621
	0.005251810702	0.005268581291	0.005274163803	-0.8929566035	-1.485197428
	-2.983563617	-3.581394336	-2.702354562	-3.018999827	-4.740456317
	-2.843757434	-2.239231323	-3.349309432	-1.611346722	-2.01455439
	-1.424162131	3.201794355	3.642823663	7.047399927	12.54550432
	3.132800468	0.9161363846	1.436694373	3.521387366	4.92889906
	2.300680497	1.425587362	1.908289652	1.91630517	1.516306283
	0.2445328841	-1.533955063	-2.825075075	-1.519174439	-0.533335869
	-0.1412768733	0.02313983594	0.1495188429	0.29986597	0.4488093959
	0.5759797841	0.8199487377	1.234627978	2.090095331	4.476357696
	6.916276215	-16.10250169	-283.7111286	32.33383139	-319.7918635
	-13.27876188	128.6490721	-0.5383559178	-3.240180282	0.1138214396
	1.609382851	1.174019049	0.4835735356	-0.0183100405	-0.5399020057
	-1.349206646	-1.971117298	-1.965553746	-3.718397074	-7.743756377
	-3.458753316	-1.46125482	-1.774106992	-3.023803225	-1.689720607
	0.1872044108	4.417570162	10.97944127	4.825601107	-2.17843153
	-27.73650308	-202.470958	40.86714908	18.67128123	5.570499135
	1.727179947	0.5461118686	0.1771696882	0.05971852989	0.02158898449
	0.008835187692	0.004503444269	0.003516265983	0.003704055813	0.004007595302
	0.004235403356	0.004411552049	0.004559185913	0.004688069284	0.004801908127
	0.004902216935	0.004989739973	0.005064928914	0.005128101547	0.005179496768
	0.005219295716	0.005247631428	0.005264594819	0.005270241469	-0.8665468341
	-1.599573403	-3.331406397	-3.791653945	-2.925929458	-1.98132044
	-3.02169671	-3.661102228	-3.556143965	-6.703375877	-2.853158381
	-1.486273813	-0.8430310882	0.9518202649	1.685000155	5.164771617
	19.01085066	2.839771574	0.6089863902	2.108046874	5.349435587
	7.828209872	2.934320569	1.095334322	1.204534086	1.777664393
	2.461723262	1.325750199	0.2091957947	-0.7879931579	-0.5089728808
	-0.1308328752	0.02894941034	0.1253117762	0.2769533208	0.5281783586
	0.7724140302	0.8707796221	1.069834731	1.43069054	2.018253681
	3.890780083	7.66352941	0.2534893057	-23.25012354	39.68825252
	-97.04085268	236.992114	-158.5587503	-125.411974	-12.72438469
	0.2940034534	3.36673559	2.134895392	0.7715764114	-0.0557526488
	-0.9469543053	-2.668427212	-3.887482235	-2.641801048	-2.988162128
	-5.244308443	-2.930769085	-1.328351856	-1.514845184	-2.563493377
	-1.82437563	-0.1925542361	4.773393297	17.0893454	7.018362491
	-1.397174443	-13.33555102	-66.21377892	98.57542622	29.76551163
	6.315510863	1.794044992	0.5508068548	0.1767771016	0.05936248387
	0.02152714579	0.009068024627	0.004960876251	0.003880716742	0.003852134501
	0.004042421139	0.004233753303	0.004400950456	0.004547641473	0.004677608491
	0.00479286751	0.004894488034	0.004983119427	0.005059212772	0.005123107042
	0.00517506392	0.005215283634	0.005243913265	0.005261052039	0.005266757712
	-0.7615824004	-1.384433569	-3.073877884	-3.790813002	-2.674355979
	-1.501079645	-2.382427086	-4.49384751	-3.278784648	-4.326533046
	-2.416884527	-1.152726898	-0.8780991159	-0.5975205298	-0.6705721732
	-1.924220406	-3.662702545	-4.869602869	-0.6182795435	2.850138979
	6.81934469	5.79169475	2.054739488	0.4999978794	0.8226768365
	2.260767029	4.563387827	2.41349363	0.8873252362	0.1204840499
	0.1568061563	0.2140931408	0.2006004872	0.250809844	0.4766519089
	0.947935456	1.401241833	1.385632036	1.411789422	1.676437883
	2.000264885	3.163821397	5.413981603	3.635241675	-7.054491983
	-0.9280031081	-141.4858384	1182.384044	-264.0351391	-181.2144669
	-2.966916513	3.52726867	6.673936053	3.573854108	1.114919843
	-0.1267830256	-1.595030901	-5.519409474	-8.321532244	-3.792770266
	-2.238174865	-2.716833095	-1.784703628	-1.098039664	-1.210766218
	-1.99203308	-2.011173205	-1.635282702	1.448458208	9.448373844
	5.542399314	-0.3807755148	-6.438655162	-16.64914085	39.56475278
	17.38787528	4.459794606	1.452855314	0.4770635445	0.1589589918
	0.05473407351	0.02031378837	0.008871954657	0.005119358192	0.004063453006
	0.003937617249	0.00406346289	0.004230759266	0.004391530784	0.004537594077
	0.004668520187	0.004785013646	0.004887775298	0.004977371882	0.005054253108
	0.005118776236	0.005171223059	0.00521181093	0.005240699681	0.005257995604
	0.005263755793	-0.5887244151	-0.9758682299	-2.088916713	-2.705747148
	-1.896209251	-1.088609028	-1.584089879	-3.03454144	-2.485434712
	-2.548159322	-1.692007805	-1.003088979	-1.127330313	-1.800476637
	-2.728903803	-5.244962243	-3.765103141	-5.180723455	-0.6654621934
	3.058080289	8.420595878	3.623136904	0.2145800616	-0.4881769621
	0.4584593313	3.74734081	9.870199991	4.073175843	1.426038006
	0.7052711963	0.8265295973	0.6271775026	0.4111961569	0.4116337236
	0.7769842263	1.695052866	2.623348951	2.3064726	1.938329613
	2.02327383	2.137512179	2.802004656	3.989536983	3.031946425
	-0.9741571636	10.79592548	226.8316274	-456.553638	-76.62550082
	-112.8528872	1.042498444	7.435762977	11.00176434	5.068341379
	1.355530545	-0.212145124	-2.233797509	-10.89568839	-18.32689232
	-5.434029237	-1.552589522	-1.327280235	-1.168970135	-1.06344238
	-1.067978631	-1.787732354	-2.51748434	-3.842997203	-2.880962652
	3.341258697	2.935041916	0.5461223733	-1.807500801	-3.307964686
	15.2423627	7.75059181	2.855468219	1.06185737	0.3782425177
	0.1331613031	0.04778269714	0.01841269909	0.00840627776	0.005090470089
	0.004125196312	0.003974537145	0.004071574375	0.004226040396	0.004383172402
	0.004529087941	0.004660895688	0.004778439687	0.004882161358	0.004972567944
	0.005050109964	0.005115160598	0.005168019002	0.00520891763	0.005238028072
	0.00525546314	0.005261275679	-0.4347824801	-0.6352362819	-1.21617938
	-1.586949539	-1.194002494	-0.7866656146	-1.040168938	-1.802012806
	-1.944615595	-2.133991562	-1.655509685	-1.066294565	-1.223091396
	-2.414730382	-4.833759289	-9.776098349	3.464854807	0.6698679078
	0.6108151653	1.755767704	3.936675205	0.3239190857	-2.399859587
	-1.977840729	-0.2067060948	4.964692581	18.51893589	6.435683065
	1.890914501	1.283730059	1.92260105	1.267794978	0.69567364
	0.6081028261	1.173104378	2.868799018	4.857849979	3.900264629
	2.739635545	2.584348074	2.511460921	2.949837344	3.86579449
	2.929314637	-0.650476106	-4.422914165	7.099919749	175.4794804
	-14.55783104	-16.57691562	7.066964077	9.599542887	13.83467954
	5.641967619	1.206340599	-0.2090870296	-1.016148279	0.08667628318
	-11.64006651	-4.510888749	-0.1625372202	-0.4022984032	-0.8121394654
	-1.08406888	-1.066495585	-1.791724318	-2.786697124	-3.961332905
	-4.39656397	0.7723749082	1.975279125	1.826060661	1.912439153
	1.693936876	7.353696879	4.326705663	1.880344217	0.7599458341
	0.2899925809	0.1079363987	0.04058922765	0.01635839069	0.007843829932
	0.004973275707	0.004123023199	0.003982663735	0.00407130071	0.00422047509
	0.004376090163	0.004522238108	0.004654830546	0.004773228524	0.004877716813
	0.004968767205	0.005046833736	0.005112303108	0.005165488862	0.005206636429
	0.005235928709	0.005253486468	0.005259355753	-0.3413885542	-0.4652383646
	-0.8684464238	-1.266995769	-1.005607821	-0.6775998506	-0.7899211648
	-1.368995537	-2.14186614	-2.679975821	-2.169559846	-1.320871008
	-1.154189096	-2.186667259	-5.031341981	-11.19453581	18.81486396
	6.363922695	1.733236463	0.3658043675	-0.9074714836	-4.233313668
	-6.33232459	-3.873220337	0.02919089503	5.264192633	10.39475824
	5.341066604	1.799860809	1.864467485	4.258224716	2.371150316
	1.075477778	0.8168955566	1.576005355	4.20282326	8.1001036
	6.37740048	3.780104247	3.322546109	3.094110911	3.488920359
	4.805796936	3.967957685	-0.2015557776	-6.124048904	-22.43010356
	-5.227809547	3.668387662	-5.943924392	2.557309278	2.291104851
	-1.080553044	1.549456195	0.2404651834	-0.4507763147	-0.2487459774
	15.43560643	88.16115671	15.22325438	2.983419841	0.4275143864
	-0.4482948262	-0.9022198515	-1.110597097	-1.948289406	-2.552616598
	-2.014286687	1.289386646	1.946438598	2.325363189	3.851464518
	6.460951375	5.254304119	5.007084023	2.847795389	1.317149018
	0.5606519551	0.2254104389	0.08802816074	0.03459487735	0.01457180079
	0.007323453023	0.004836734729	0.004095247833	0.003977307065	0.004067178185
	0.004215247591	0.00437062232	0.004517185287	0.004650414259	0.004769449683
	0.004874498749	0.004966017244	0.005044464421	0.005110237653	0.005163661504
	0.00520499196	0.005234423281	0.005252089759	0.005258037641	-0.3048000622
	-0.4241526761	-0.9241208531	-1.684252577	-1.277814355	-0.7251751549
	-0.724859698	-1.368865487	-2.812401862	-3.666497887	-2.840678227
	-1.645314312	-1.191923132	-2.072404172	-3.927274044	-4.345906554
	47.78154197	12.87190977	2.259367	-0.9829928693	-5.483103876
	-9.876437604	-11.13715867	-6.037994948	1.820842161	10.79704932
	7.027690967	3.440587994	1.621910545	2.965881431	10.03454662
	4.282127468	1.517743061	0.9900012912	1.857283997	5.080853165
	10.88758155	9.258341143	4.803424762	3.972172675	3.693532958
	4.059174195	6.056235155	5.750919884	0.5956030045	-4.387197424
	-12.21413754	-15.43908819	-8.444655908	-4.943790789	-6.181842362
	-10.18585634	-22.53099413	-5.408157696	-1.029902184	-1.268855654
	-4.605311362	-5.963349593	37.80610092	15.11952751	3.716108144
	0.8043281436	-0.2026329676	-0.700883073	-1.222567543	-2.36080879
	-2.303984858	-0.8225222851	3.423496707	3.560034181	3.194183205
	6.935080995	14.09392354	10.03309307	5.007974738	2.333300359
	1.045441455	0.4505671055	0.1864557244	0.07520449372	0.03052489703
	0.01330137199	0.006932876578	0.004722101853	0.004064107924	0.003968106524
	0.00406249961	0.004211357339	0.004367084436	0.004514056875	0.004647719823
	0.004767156057	0.004872549307	0.004964352772	0.005043031019	0.005108988613
	0.005162557253	0.005204000323	0.005233522906	0.005251284041	0.005257379023
	-0.3077968448	-0.425636697	-0.9777447761	-2.060185622	-1.579226748
	-0.7954247602	-0.7267289311	-1.397014384	-3.141926184	-4.21491216
	-3.181963553	-1.811445014	-1.272326522	-2.306700822	-5.714568494
	-14.71497461	-32.88879076	3.321322796	1.317021302	-1.647323481
	-7.680087421	-14.69367847	-13.97600184	-7.395212221	2.80669127
	21.67648026	8.191749125	3.032409881	1.779921158	4.237062038
	19.23784636	7.021385175	1.816137342	1.066146824	1.966063449
	5.237486087	11.67210072	10.91604764	5.330500876	4.195036977
	4.013548472	4.281306407	6.443394243	6.82795051	1.066183422
	-3.790710016	-9.185191106	-11.15355037	-6.772130572	-4.805790601
	-12.25627736	-37.19591842	2.589754596	-2.908421982	-1.075361057
	-1.717987796	-6.879046261	-23.58082416	13.05817259	8.999244306
	3.289831835	0.8365819639	-0.1381341667	-0.6411382993	-1.276011378
	-2.7432451	-2.3369402	-0.4926251408	3.383924867	3.874954148
	3.656214032	8.597689099	22.06680584	15.54041688	5.747558778
	2.23925113	0.9555567672	0.4092725039	0.1705548883	0.06952764104
	0.02856784454	0.01263667374	0.00670911597	0.00464810834	0.004040151004
	0.003960011627	0.004059147306	0.00420944271	0.00436569611	0.004512942921
	0.004646796287	0.004766381359	0.00487189458	0.004963794994	0.005042551119
	0.005108570643	0.005162187951	0.005203669361	0.005233226335	0.00525105002
	0.00525748789	