3131	
	6.173076135	1.969680456	0.5541246201	0.3077604535	0.2824575848
	0.2213537042	0.1356688428	0.04762393498	-0.1980897792	-1.426891253
	-5.025693376	-4.974298036	-1.65296615	-0.5528723006	-2.200024656
	-2.949888725	-2.621823405	-1.440286958	-0.2780183208	0.2935322972
	0.09140423879	-0.5435838497	-1.269577202	-3.627936336	-9.299993019
	-4.064372099	-0.3775759478	0.4583699612	0.6425392618	0.5245840971
	0.3328356219	0.1877372876	0.1135516658	0.09391255253	0.09496685508
	0.06776009418	0.007167597697	-0.03150486073	-0.03600398714	-0.02495468486
	-0.01341352018	-0.005814141602	-0.001701161661	0.000294483505	0.001209181445
	0.001627998679	0.001834521015	0.001952780842	0.002033838387	0.002100311435
	0.002165156238	0.002237013475	0.002320777934	0.002417832427	0.00252701977
	0.002645923565	0.002771904743	0.002902684546	0.003036540406	0.003172273062
	0.003309079189	0.003446408038	0.003583838796	0.003720991618	0.003857463595
	0.00399275732	0.004126165118	0.004256680596	0.004383542161	0.00450786985
	0.00463099824	0.004751081659	0.004867624554	0.004981765505	0.005094673436
	0.005206940294	0.005318702196	0.005430001635	0.005541006981	0.005651973652
	0.005763070826	0.005874236272	0.00598513179	0.006095184342	0.006203665916
	0.006309773769	0.006412692813	0.006511637029	0.006605873722	0.006694735885
	0.006777626991	0.006854021228	0.006923461053	0.006985553267	0.007039964335
	0.007086415401	0.007124677137	0.007154564044	0.007175925644	0.007188619165
	0.007192348322	3.089956431	1.364691329	0.4483565103	0.3285252581
	0.341396832	0.2672821291	0.162685662	0.08071791261	-0.08493071535
	-0.919200705	-3.565537541	-3.983437088	-1.205581265	0.05717961757
	-1.647992798	-3.287366311	-3.174460193	-1.638338028	-0.1885682568
	0.4846445446	0.1858548445	-0.5392883619	-0.7974974867	-0.2213832692
	-0.4721489717	-1.593022808	0.2079574697	0.6622407551	0.8186991195
	0.6335623011	0.3829816513	0.2083856497	0.1250819095	0.108304432
	0.1168382178	0.08392800623	0.002998436248	-0.04361333324	-0.0451599572
	-0.02953927274	-0.0152582116	-0.00645806621	-0.001900854013	0.0002420077104
	0.001202990322	0.001637785945	0.001851633386	0.001973421971	0.002054529158
	0.002117963243	0.002178028552	0.002244940708	0.002324649125	0.00241888996
	0.00252637545	0.002644368561	0.002769916651	0.002900514316	0.003034305451
	0.003170027569	0.003306857856	0.003444247964	0.003581786041	0.003719100209
	0.003855794001	0.003991377142	0.004125153519	0.004256135047	0.004383466096
	0.004507814055	0.004630419649	0.004749899408	0.004865913103	0.004979755818
	0.005092673211	0.005205166054	0.005317189366	0.005428647898	0.005539678639
	0.005650585374	0.005761606612	0.005872729847	0.005983636373	0.006093750044
	0.006202329062	0.006308555097	0.00641160009	0.006510668889	0.006605023125
	0.006693992695	0.006776979703	0.006853458038	0.006922970479	0.006985124481
	0.007039587331	0.007086081088	0.007124377513	0.007154292899	0.007175682319
	0.007188434195	0.007192499983	0.6787947579	0.28291795	0.2858703731
	0.4421226976	0.5598189794	0.4275725903	0.2520113378	0.1833481239
	0.2469738091	-0.003320960551	-1.635251412	-2.067207223	-0.07612148511
	1.732739444	-0.8781987043	-4.340303987	-5.064933577	-2.298889347
	0.1421059846	1.17819235	0.5201018806	-0.6425218314	-0.2605214133
	5.698509529	17.81616718	4.719721896	1.630274772	1.198038794
	1.428945504	1.009673628	0.5531647858	0.2776822403	0.1630555788
	0.1564989674	0.195542327	0.1446396477	-0.01291599988	-0.08642123438
	-0.07623705991	-0.04480021157	-0.02144392415	-0.008696042467	-0.002647605184
	1.535324192e-05	0.001154901411	0.001658045523	0.001904763667	0.002042857619
	0.002126243013	0.002180129662	0.002224039265	0.002273958444	0.002339631152
	0.002424071392	0.002525567357	0.002640295391	0.00276423602	0.002894109721
	0.003027600255	0.003163222934	0.003300082324	0.003437633768	0.003575492868
	0.003713312951	0.003850719263	0.003987244159	0.004122201826	0.004254554416
	0.004383157025	0.004507795534	0.004629067551	0.00474648458	0.004860623292
	0.004973429744	0.005086416133	0.005199754969	0.005312748227	0.005424804023
	0.005535945104	0.0056466448	0.005757384796	0.005868327341	0.005979224107
	0.006089491841	0.006198345066	0.006304915252	0.006408332467	0.006507772074
	0.006602477397	0.006691768326	0.006775042485	0.006851772688	0.006921502603
	0.00698384162	0.007038459464	0.007085080893	0.007123480708	0.007153479394
	0.007174940483	0.007187775313	0.00719198268	-0.3329121587	-0.3099651724
	0.25465771	0.753097697	1.071274553	0.7628407283	0.4131028814
	0.3343673221	0.8009887559	1.40677161	-0.4915828205	-1.05775848
	0.9363692635	4.979217106	0.128269786	-5.093147013	-7.846841189
	-3.239915743	1.101416023	2.861005112	1.249870419	-0.8830560421
	-0.6672774171	10.67172064	63.37962226	10.52578754	2.674305453
	1.995851377	2.850987203	1.793676059	0.8713814922	0.3975422565
	0.2282114338	0.2508769871	0.3739889158	0.2866159495	-0.06485893101
	-0.1861024111	-0.1401925484	-0.07348790259	-0.03233667014	-0.01246229811
	-0.003866942741	-0.0003444083042	0.001090413232	0.001713918479	0.002025045068
	0.002197338197	0.002284923326	0.002316929144	0.002324896649	0.002337808298
	0.002373501672	0.002437363151	0.002526448754	0.002634456524	0.002755067962
	0.002883390809	0.003016173885	0.003151491547	0.003288311753	0.00342610556
	0.003564546702	0.003703336335	0.003842140597	0.00398053686	0.004117837972
	0.004252802858	0.004383602598	0.004508636994	0.004627475103	0.004740748605
	0.00485096398	0.004961712486	0.005075159317	0.005190663725	0.005305976316
	0.005419387663	0.005530720092	0.005640876282	0.005750896682	0.005861325118
	0.005972058742	0.006082495597	0.006191759291	0.006298880813	0.006402908771
	0.006502962561	0.006598251476	0.006688077128	0.006771829059	0.00684897812
	0.006919069463	0.006981715744	0.007036590775	0.007083423729	0.007121994093
	0.007152127804	0.007173696008	0.007186620976	0.007190900281	-0.2698628936
	-0.1440113192	0.5178342393	1.439231044	2.188696212	1.387077477
	0.6634080268	0.4574122243	1.127031638	2.760964699	0.04259667061
	-1.272810704	0.3345576361	5.218989333	0.9958981177	-3.283065648
	-6.63322063	-3.035159389	3.611967644	6.833257813	2.655845766
	-0.6079611408	-2.159624639	5.536131434	21.80721065	6.800777333
	2.610651416	3.348727755	6.267222111	3.275107335	1.371572091
	0.5643842697	0.3178716012	0.4081440852	0.7412525197	0.5948174103
	-0.2232307924	-0.3976870411	-0.2551975103	-0.119230323	-0.04818226604
	-0.01757322729	-0.005434380398	-0.0007757603804	0.001050920242	0.001853472498
	0.00227708639	0.002514200001	0.002607435879	0.002592140823	0.00252586152
	0.002464635392	0.002441902771	0.002466640585	0.002532615173	0.002628276905
	0.002742769369	0.002868156388	0.002999483024	0.003134049065	0.003270605836
	0.003408679666	0.003548060428	0.003688529106	0.003829819942	0.003971605111
	0.004113207278	0.004252948151	0.004387591914	0.004513097858	0.004627353668
	0.004732617104	0.004835142681	0.004942151117	0.005057235365	0.005177833528
	0.005298240896	0.005414435551	0.00552598753	0.005634823168	0.005743172202
	0.005852336065	0.005962475078	0.006072934856	0.006182661837	0.00629050292
	0.006395363668	0.006496268612	0.006592371101	0.006682943468	0.006767362536
	0.00684509603	0.006915691179	0.006978765319	0.007033998042	0.007081124632
	0.007119930697	0.007150248365	0.007171955114	0.007184977838	0.007189305551
	-0.01199082398	0.1914601968	1.013325626	2.822613616	4.675942906
	2.479171323	1.029718008	0.5075206322	0.8414048141	1.882013645
	-0.3123082466	-2.820672818	-1.68372164	1.731254955	0.4117557512
	-1.70559729	-3.177892261	0.003063260637	9.795437674	16.77271819
	4.888271626	0.5830621003	-1.370012063	2.795618868	8.17841427
	3.385762371	2.583896374	6.714553728	15.56435248	5.950775671
	2.047493502	0.7560218268	0.4182141078	0.6255916254	1.40519378
	1.207002353	-0.6903453585	-0.8317054391	-0.444876173	-0.1840882757
	-0.06824198804	-0.02350620545	-0.007130311476	-0.001188135878	0.001101253066
	0.002163902456	0.002785928937	0.003146176052	0.003244815418	0.003128690558
	0.002911861804	0.002705653816	0.002572373055	0.002525288945	0.002549936147
	0.002623940936	0.002727753191	0.002847890692	0.002976419366	0.003109346674
	0.003245119418	0.003383427936	0.003524294482	0.003667623552	0.0038132548
	0.00396107378	0.004110522556	0.004259186074	0.00440110648	0.004527421682
	0.004632626792	0.004721952158	0.004809275564	0.00490950982	0.005029215681
	0.005161315022	0.005292516189	0.005414155251	0.005525702653	0.005631468282
	0.005736146446	0.005842482192	0.005951071231	0.006061111997	0.006171205019
	0.00627986457	0.006385750791	0.006487732229	0.00658487357	0.006676402152
	0.006761675656	0.006840156989	0.006911396011	0.00697501623	0.007030704813
	0.007078204863	0.007117309497	0.007147857724	0.00716973275	0.007182863976
	0.007187233982	0.1942332476	0.4768224455	1.696784338	5.665933024
	10.55549218	4.250710996	1.491450165	0.5531958371	0.4928101136
	0.6205016938	-0.9318650789	-4.372635163	-4.227029389	-0.3585117182
	-0.1563905111	-0.6417393368	0.07699753181	6.817987833	13.55718406
	21.10950061	6.765185242	1.68929619	-0.109753022	1.596493501
	4.60598105	2.474942581	2.491320259	9.032508925	34.83449866
	10.46607525	2.727592529	0.9173259578	0.4961749434	0.8092141392
	2.183006385	2.05211056	-2.010767104	-1.692166766	-0.7301493749
	-0.2639316667	-0.08965113447	-0.02920651354	-0.008622402822	-0.001462692947
	0.001339859156	0.002801919967	0.003790124049	0.004390086639	0.004487924884
	0.004157442695	0.00363713177	0.003150376247	0.002811083883	0.00263475364
	0.002587317112	0.002624461544	0.002710277512	0.002821390398	0.002944789706
	0.003074402569	0.003208315182	0.003346656132	0.003489918047	0.003638176446
	0.003791413144	0.003949995387	0.004113864412	0.004279574723	0.004436040823
	0.004564346097	0.004651294199	0.004708193369	0.004764983495	0.004852758113
	0.004984202468	0.005141637963	0.005295185591	0.005427066725	0.005537548014
	0.005636395175	0.005733319896	0.005833729209	0.005938863521	0.0060475251
	0.006157630901	0.006267091782	0.0063741474	0.00647741126	0.006575808793
	0.006668498998	0.006754811101	0.006834200606	0.006906220413	0.006970501794
	0.007026741385	0.00707469191	0.007114155433	0.007144978715	0.007167050823
	0.007180303652	0.007184716572	0.3117240124	0.6652883222	2.456819284
	10.5901544	24.00000493	6.707367646	1.882596295	0.5677444101
	0.2813570807	0.08599126419	-0.9443942115	-3.326655168	-3.888600603
	-1.044924468	-0.3346093384	-0.08283931036	1.826012317	11.91670461
	34.90234244	-66.5099131	-10.12300118	2.39568367	0.6621762476
	0.8451912155	4.734010588	2.201437845	1.488773467	4.814190797
	16.62337916	9.157718299	2.748061569	0.9732968657	0.5145405052
	0.7738697009	2.099888543	2.069045715	-4.987361948	-3.171520547
	-1.078216018	-0.3390246885	-0.1063994343	-0.03310569607	-0.009519394426
	-0.001471280858	0.001913532587	0.004050268543	0.005744490565	0.006822386279
	0.006894494265	0.006107813607	0.004977452178	0.003951870652	0.003233234636
	0.002828118974	0.00265758808	0.002633607863	0.002689992349	0.002786058514
	0.002900345658	0.003023544795	0.003153466636	0.003291333405	0.003438599782
	0.003595519735	0.0037621984	0.003940059811	0.004130590036	0.004329313595
	0.004515696689	0.00464945155	0.004699269949	0.004689433113	0.004684220396
	0.004748711159	0.004908439209	0.005120857887	0.005319884283	0.005470278963
	0.005576259239	0.005659880703	0.005740892094	0.005829434419	0.005927528496
	0.006032967647	0.006142310463	0.006252368732	0.00636066042	0.006465382026
	0.006565240579	0.00665929152	0.006746821856	0.006827275691	0.006900209086
	0.006965262721	0.007022144738	0.007070619391	0.007110499251	0.00714163992
	0.007163936997	0.007177325701	0.007181784766	0.3168786792	0.6370422247
	2.309324824	9.957263744	33.47407862	8.106363506	1.792946185
	0.4672075536	0.1491194187	-0.08240423383	-0.7106368512	-1.862244674
	-2.1662348	-0.9464990754	-0.4569136472	-0.07875472165	1.644049563
	7.008789035	17.96815405	-21.54597467	-8.270488435	7.968196301
	1.218324425	-1.406365499	5.316747357	1.885732507	-0.301526993
	0.5338324088	7.942134544	7.130892793	2.738184447	0.9856412376
	0.4863298339	0.5638104386	1.087990982	0.4775708957	-6.97164767
	-4.401604997	-1.28142994	-0.3676178431	-0.1105043676	-0.03367179228
	-0.009532305014	-0.00111777843	0.003041632531	0.006422704923	0.009518180838
	0.01156697684	0.01153371452	0.009773660951	0.007419907856	0.005367001735
	0.003958119265	0.003154607007	0.002778249662	0.002655457844	0.002665019147
	0.0027365895	0.002834991726	0.002946067632	0.003067829593	0.003204105592
	0.003358339287	0.003530778424	0.003721390423	0.003933836865	0.004173753412
	0.00443684121	0.004685681409	0.004834197514	0.004808038658	0.004660103627
	0.004528219336	0.004548622518	0.004774674274	0.005105374699	0.005395667458
	0.005577956047	0.005669829701	0.005720584762	0.005769652545	0.005835211224
	0.00591976388	0.006018668829	0.006125795466	0.006235956581	0.006345433516
	0.006451742267	0.006553248039	0.006648849662	0.006737771592	0.00681944042
	0.006893414992	0.006959347054	0.007016958407	0.00706602688	0.007106377244
	0.007137875221	0.00716042393	0.007173963001	0.007178472375	0.2179580345
	0.3708276629	0.932120449	1.671357746	7.326481557	2.975306223
	0.7651201013	0.2206138123	0.04709537823	-0.1383097565	-0.5497549818
	-1.161026387	-1.439166996	-0.9354406281	-0.7392719232	-0.548174129
	0.8201969861	3.607943037	6.371686774	-6.252312437	1.107273974
	14.98692452	1.647112793	-5.34380942	-1.122893232	-0.7137640113
	-3.407501528	-5.89777119	3.478766549	7.983618924	3.01381224
	0.9648265024	0.4489140986	0.3972390008	0.4306348091	-0.3454502992
	-4.119879155	-3.271947529	-1.056786351	-0.3180705745	-0.09836077776
	-0.0305556088	-0.008701382122	-0.0003960586441	0.005057363012	0.01085777183
	0.01677543859	0.0208278448	0.02045649684	0.01661324585	0.01181327039
	0.007817832053	0.005169346119	0.003684323244	0.002971478969	0.002693153913
	0.002630172167	0.002662554057	0.002733499101	0.002821889227	0.002927314149
	0.003059618231	0.003226428103	0.00342715469	0.003660577557	0.00393493714
	0.004266144202	0.004655045858	0.005035630785	0.005223012096	0.005039801764
	0.00460533187	0.004213979423	0.004149853394	0.004529323634	0.005113255397
	0.005584336135	0.005817955204	0.005870932547	0.005851928001	0.005838050386
	0.005860245828	0.005919803113	0.006006479936	0.006108882267	0.006218214813
	0.006328654493	0.006436614039	0.006539926926	0.006637256483	0.006727734994
	0.006810762447	0.006885899324	0.006952810031	0.00701123229	0.007060959664
	0.007101830931	0.007133723362	0.007156548738	0.007170252219	0.007174816256
	0.08419413422	0.07848905441	-0.2004903946	-3.059305976	-12.84115976
	-2.913000413	-0.342575712	-0.02964549457	-0.02717728121	-0.1706576134
	-0.5313860088	-0.9561339636	-1.233168912	-1.075767266	-1.313261581
	-1.550995854	-0.2020034841	1.575974732	2.668972573	-0.2148386003
	8.227922754	30.84697651	0.9888552485	-0.7277958629	-6.992381502
	-4.073811466	-9.513813206	-19.75207684	-3.115846834	4.317365467
	2.257345928	0.7724588723	0.4199789928	0.3437331964	0.1839336332
	-0.3989226091	-1.946612971	-1.681130563	-0.6711003877	-0.2304601751
	-0.07690067826	-0.02524123993	-0.007517637752	0.0005386136333	0.008469941133
	0.01907231101	0.03070458797	0.03895863976	0.03759812098	0.02928332068
	0.01961202323	0.01197995723	0.0071388195	0.004511367785	0.003262224814
	0.002746142878	0.002573656176	0.002544006673	0.002567505327	0.002613549553
	0.002686471954	0.00280971019	0.002999948582	0.003253013318	0.00356317234
	0.003947757381	0.004446796494	0.005081693241	0.005743153012	0.006031799566
	0.005519230244	0.004488285299	0.003564672596	0.003335738317	0.004068011296
	0.005192788362	0.006017085931	0.006324249609	0.006277627872	0.006112867213
	0.005977024085	0.005919221095	0.005934109701	0.005999104454	0.006092682821
	0.006199622226	0.006310561707	0.006420146031	0.006525390706	0.006624608708
	0.006716798015	0.006801318941	0.006877731405	0.0069457139	0.007005022389
	0.007055468429	0.007096906701	0.007129227529	0.007152352568	0.007166233566
	0.007170856458	-0.023538959	-0.09248112623	-0.3972565355	-0.4311172079
	-2.874453104	-2.381159662	-0.6195974118	-0.1559288815	-0.05821314213
	-0.1915402701	-0.6658391793	-1.104830735	-1.04578731	-1.142120229
	-2.22210218	-3.214088305	-1.302362754	0.3238157498	1.372201712
	2.695993307	16.79244608	55.08076054	-11.04598247	5.804062757
	-20.19147374	-7.728322061	-13.69364052	-50.76202259	-10.17545956
	0.313132659	0.9464399029	0.4826527913	0.4171556259	0.4167371031
	0.1441401647	-0.2606116623	-0.9024908333	-0.8188476699	-0.3873559379
	-0.1511497526	-0.0551472112	-0.01987102149	-0.006850337889	0.001228568195
	0.01402977844	0.0341980763	0.0574035769	0.07463768166	0.07050441201
	0.0525695774	0.03325485443	0.01889839621	0.01024851053	0.005751171406
	0.003672320581	0.002804748539	0.002471125053	0.002343541272	0.002284543858
	0.002251452286	0.002259646642	0.002362757004	0.002597876019	0.0029491261
	0.003396844838	0.003975976988	0.004780972958	0.005896202659	0.007163755344
	0.00771697195	0.006502215287	0.004223616525	0.002205968653	0.001646996978
	0.003189957667	0.005468663907	0.006971721183	0.00735943052	0.007070193951
	0.006605590404	0.006237304584	0.006034978607	0.005972245805	0.006000352426
	0.006078691107	0.006180792331	0.006291447427	0.006402514525	0.006509771039
	0.00661101701	0.00670505796	0.006791196515	0.00686898849	0.00693812763
	0.006998390481	0.007049608897	0.007091655405	0.007124434925	0.007147880192
	0.007161950525	0.007166636097	-0.09891073289	-0.2005080244	-0.5889882184
	-0.9256774016	3.505300139	-0.6001087623	-0.708444141	-0.2131448289
	-0.03227035545	-0.1437820519	-0.7771787782	-1.551985526	-1.079156347
	-1.163498446	-2.803256677	-4.800437953	-2.187267419	-0.4175518125
	0.6577719688	2.64452103	12.00781543	66.21960024	-347.9689496
	23.23276259	-57.23740956	-13.8284514	-8.024823825	-20.33786439
	-7.682345558	-0.7510875909	0.2516110487	0.2563062181	0.3716408974
	0.5262198854	0.1805318096	-0.1302369822	-0.4205262042	-0.3986924349
	-0.214608951	-0.09347389421	-0.03778462407	-0.01621920294	-0.007999774374
	0.0005095945596	0.02272257312	0.06191652091	0.1084785613	0.1453630046
	0.1336073541	0.09495594457	0.0567124848	0.03011536246	0.0149945892
	0.007524146624	0.004207290981	0.002840352031	0.002275255093	0.001991959
	0.001787854334	0.001606227962	0.00148496698	0.001543829346	0.001867388279
	0.002405394772	0.003099376922	0.004017874878	0.005374227458	0.007424506328
	0.0100172882	0.0112646927	0.008520815302	0.003620457591	-0.000649494052
	-0.001896323064	0.001515766005	0.006255416692	0.009034405378	0.009433486049
	0.008575041469	0.007503515283	0.00669988307	0.006241926529	0.006047836369
	0.006015369056	0.006068822701	0.00616247472	0.006271655258	0.006383922054
	0.006493217379	0.006596605887	0.006692623358	0.006780490999	0.006859755451
	0.006930126546	0.006991403704	0.007043441389	0.007086131916	0.00711939632
	0.007143179591	0.007157449505	0.007162201092	-0.1502943615	-0.2904450993
	-1.007061468	-4.581998625	-15.33917977	-4.001461259	-1.087129474
	-0.2263099137	0.08312730182	0.06197077204	-0.5418413207	-1.471743156
	-1.152748396	-1.055280463	-2.130088529	-3.975816779	-2.186420417
	-0.677747286	0.1433205537	0.7932112374	-3.004141553	-13.14175614
	16.94468314	-5.145785923	-19.29821993	-9.776893275	-4.095141843
	-7.098706512	-2.940463977	-0.539427243	-0.00598450201	0.09781898538
	0.2274564454	0.3918999263	0.1688231013	-0.05189663691	-0.1960672665
	-0.1947955039	-0.1160204995	-0.05587484004	-0.02616113546	-0.01574496913
	-0.013140686	-0.004548153169	0.03549053876	0.1124735296	0.2058002276
	0.2869388284	0.2543508765	0.1711414644	0.09619159636	0.04775532535
	0.02194129399	0.009912220943	0.004831091358	0.002788790507	0.001897797585
	0.001362483448	0.0008993680064	0.0004366813346	5.42938864e-05	1.695876744e-05
	0.0005205685655	0.001418979386	0.002552678799	0.004054241211	0.006389043888
	0.01024941119	0.01578048987	0.01885610816	0.01268493725	0.002256740991
	-0.006646698127	-0.009405055032	-0.001652052118	0.008333310883	0.01343572638
	0.01352523451	0.01137202955	0.009093390549	0.007489892128	0.00658988653
	0.006179413294	0.006050740522	0.006065391603	0.006145530721	0.00625156813
	0.006364592757	0.006475895364	0.006581513048	0.006679613559	0.006769307032
	0.006850124328	0.00692179184	0.00698413406	0.007037030328	0.007080394629
	0.007114165575	0.007138301505	0.007152779449	0.007157599806	-0.1723938631
	-0.3115026922	-0.9620660354	-3.245093085	-9.310068482	-4.498757018
	-1.033064229	-0.1130196983	0.3534975697	0.4969574458	-0.0851201999
	-0.9879921812	-1.107352382	-0.9522883278	-1.408032607	-2.142764904
	-1.477669295	-0.6283899014	-0.09282628853	0.2864646881	-1.270149857
	-13.48712346	4.356079396	5.121249856	5.586944351	0.4362369872
	-0.3408320143	-1.171333368	-0.4875946471	-0.1505096482	-0.1151404202
	-0.02845025862	0.09007094494	0.1924852896	0.1006936337	-0.01889204354
	-0.09131212783	-0.09509376931	-0.06152520954	-0.03307736266	-0.02014499736
	-0.02009890932	-0.02626265565	-0.02120140779	0.05217053316	0.2042874155
	0.3898292056	0.5740653488	0.4843538208	0.3057536997	0.1608324605
	0.07443359701	0.03156447046	0.01286817495	0.005422976348	0.002523976735
	0.001179093074	0.0002244014151	-0.000707196088	-0.001705188764	-0.002621243363
	-0.002867027707	-0.001983815615	-0.0003795249486	0.00153602097	0.00402002728
	0.00805580633	0.01538411957	0.02751315454	0.03541653742	0.02129177771
	-0.0007985502407	-0.01919092547	-0.02548520098	-0.007537422047	0.01361368093
	0.02274068516	0.02148433592	0.01646656503	0.01183404046	0.008792809958
	0.007147445231	0.006390706475	0.006114318957	0.006070974854	0.006130869607
	0.006231583439	0.006344763644	0.006457983824	0.006565888213	0.006666158022
	0.006757757449	0.006840193724	0.00691320997	0.006976657829	0.007030443669
	0.007074504919	0.007108799119	0.00713329895	0.007147991387	0.007152882619
	-0.1725235957	-0.2885263129	-0.7765326212	-2.087978112	-4.285894387
	-2.358027698	-0.6904348382	0.1282894153	0.9081890413	1.36879854
	0.4874142384	-0.7414643161	-1.313979515	-0.950164945	-1.058888101
	-1.134074287	-0.9159549712	-0.5525230814	-0.256843079	-0.2475311555
	-1.299954856	-5.578781984	2.019615063	7.981814738	26.47369449
	7.902416096	3.150232411	3.700218154	1.651223944	0.2437379127
	-0.2182666793	-0.1581976881	-0.01464822289	0.06714453923	0.04414651745
	-0.008157421226	-0.04236111179	-0.04577015312	-0.03173762344	-0.01999333596
	-0.01924398718	-0.03168715587	-0.05467769905	-0.0670864268	0.06840927286
	0.3706524705	0.7330361704	1.166875775	0.918878239	0.5380353047
	0.2628844583	0.1127145046	0.04388808203	0.01605273977	0.005711369356
	0.001818482775	-0.000163379767	-0.001840795557	-0.003626881769	-0.005644280546
	-0.007664889224	-0.008368159379	-0.006658688941	-0.003652473188	-0.0003560938734
	0.003741731181	0.01064962116	0.0244728746	0.05143039878	0.07202347512
	0.03889811894	-0.007607835175	-0.04523219751	-0.06036142916	-0.01810372699
	0.02673049737	0.04224077036	0.03673395048	0.02554738674	0.01642882189
	0.01086894435	0.008002821751	0.00670965915	0.006214548433	0.00608810859
	0.006119333187	0.00621207336	0.00632467166	0.006439670466	0.006549891367
	0.006652395277	0.006745962433	0.006830068026	0.006904471933	0.006969054882
	0.007023752255	0.007068526536	0.007103355392	0.007128226698	0.007143137946
	0.007148101457	-0.1632632642	-0.2516908945	-0.5911206432	-1.335644091
	-2.209610457	-1.413925246	-0.4708775383	0.4835582842	2.021545905
	3.249002233	1.331554098	-0.9861019641	-2.283717431	-1.017377682
	-0.6506917976	-0.6025085157	-0.6647758603	-0.5452017577	-0.3853682744
	-0.4106477816	-1.038403186	-2.554349356	1.13491975	5.438259219
	14.52643863	7.796490178	6.192424116	10.65467107	4.047437107
	0.4517144676	-0.4206191187	-0.3127466946	-0.1023845568	-0.003573776852
	0.01058963936	-0.005243997135	-0.01898803389	-0.02058285506	-0.01494693852
	-0.01248459246	-0.02291033823	-0.05402000055	-0.1107931567	-0.1845614305
	0.06764786296	0.6733275265	1.358586216	2.42340349	1.728502054
	0.9258350081	0.4161452308	0.1636340505	0.05778305391	0.01857814111
	0.005184364362	0.0002883973807	-0.002621784381	-0.005592701141	-0.008940809802
	-0.01288467251	-0.01721726472	-0.0189453238	-0.01538555462	-0.009561746132
	-0.003853323805	0.002806019745	0.01435004665	0.03962477922	0.0982423239
	0.1510524841	0.07324033944	-0.02279699852	-0.09864318242	-0.1372431044
	-0.03588050346	0.05881096576	0.08268879873	0.06543013262	0.0413315377
	0.02389475305	0.01405679111	0.009258800709	0.007165160955	0.006359051064
	0.006118771245	0.00611152487	0.006193331793	0.006304537583	0.006421146647
	0.006533690582	0.006638471589	0.006734048448	0.006819856466	0.006895672409
	0.006961407899	0.007017029106	0.007062524955	0.007097894239	0.00712314071
	0.007138272822	0.007143309269	-0.1573925039	-0.2229041275	-0.4574864631
	-0.9037200908	-1.338785864	-1.075736353	-0.4528802045	0.9442219548
	4.138460612	7.337139679	2.765175457	-2.115690009	-5.05057538
	-1.048217744	-0.008394288269	-0.1508116755	-0.5797451786	-0.5570667289
	-0.4324267634	-0.4521856951	-0.6911982056	-1.08371476	0.7676897998
	3.289702547	6.830095894	5.062004448	7.687893856	20.24928886
	6.589010273	0.009406886666	-0.8596597912	-0.5043611341	-0.18324582
	-0.04740606152	-0.008387723908	-0.004230263977	-0.00670145891	-0.006310700896
	-0.004006219721	-0.006933370236	-0.03007953619	-0.09138190174	-0.2120813865
	-0.4753103466	0.001539087325	1.234174477	2.464351881	5.208911747
	3.206414113	1.544126534	0.6302889552	0.2235541086	0.0698024976
	0.0186629194	0.002988696972	-0.002678159964	-0.007044706021	-0.01241594435
	-0.0186059491	-0.02612765607	-0.03534756719	-0.03942479332	-0.03161385019
	-0.02007941259	-0.01023292927	0.0003053413482	0.01882093356	0.06123614628
	0.1732457743	0.2967998945	0.1307500065	-0.05677305135	-0.2061505172
	-0.3103427233	-0.0618203454	0.1362848465	0.165448173	0.1181997986
	0.06793138222	0.03558249247	0.01874788932	0.01101681072	0.007780414674
	0.006552311501	0.006163656255	0.006107597208	0.006175515098	0.006284549462
	0.006402602106	0.006517459656	0.006624539394	0.006722146958	0.006809671996
	0.006886908773	0.006953801497	0.007010348638	0.00705656667	0.007092476269
	0.007118097553	0.007133450224	0.007138559493	-0.1668764313	-0.2170738648
	-0.39103109	-0.6975699444	-1.047069033	-1.224727815	-0.8365187298
	1.363854574	7.877958053	16.03157559	5.07261465	-5.337185281
	-12.49704311	-0.3756562341	1.210947563	0.44866015	-0.3967004859
	-0.4638541426	-0.3350095469	-0.3312773745	-0.3856004384	-0.3782273911
	0.5739439585	1.94038256	3.507307215	3.321380442	5.244953774
	11.57709849	4.343290998	-2.213793826	-1.766551486	-0.7623272891
	-0.261213829	-0.07695680114	-0.01846438069	-0.002353695728	0.001919851477
	0.004222870984	0.005679893104	-2.620167656e-05	-0.03836664154	-0.1470909233
	-0.3711480115	-1.187147966	-0.2558691897	2.320171182	4.444172195
	12.01835597	5.843110737	2.468585686	0.8970709024	0.2784695474
	0.07255178267	0.01327299302	-0.002148160282	-0.008004870427	-0.01488590956
	-0.0248552553	-0.03615007894	-0.05009634876	-0.06971572253	-0.07930563988
	-0.0615152049	-0.03837679589	-0.0216386654	-0.005574031326	0.02270222751
	0.08432500712	0.240572922	0.4503073205	0.19033362	-0.1313790449
	-0.4164112773	-0.7110010475	-0.08554526001	0.3209911612	0.3315018513
	0.2122942335	0.1110160018	0.05305383128	0.02530728494	0.01334492899
	0.008562350391	0.00679256268	0.006221330708	0.006107039568	0.006158590947
	0.006264849932	0.006384220875	0.006501375892	0.006610755572	0.006710392953
	0.00679963002	0.006878279989	0.006946321268	0.007003785817	0.007050718441
	0.007087162179	0.007113153776	0.007128724291	0.007133905477	-0.2033541227
	-0.2461894079	-0.4002517708	-0.6649480286	-1.132436287	-2.028686851
	-2.110932651	1.073180886	9.482208116	28.96061247	8.365589514
	-6.774340556	-24.88036143	3.574025134	3.72079368	1.309170783
	0.1534622813	-0.1633701142	-0.1529045829	-0.1542349668	-0.1462867378
	-0.05302577086	0.4427961036	1.18465541	1.982443183	2.125878496
	2.992946509	4.499246428	-0.9554380636	-6.984586493	-3.229894366
	-1.065789026	-0.3272032281	-0.09429528834	-0.02135067683	0.002519311185
	0.01155294437	0.01570855787	0.0171484904	0.009468313512	-0.04585635181
	-0.2209915645	-0.5519642073	-2.952241484	-1.010263174	4.677925469
	11.04602365	34.86863926	10.58430815	3.728835296	1.162020443
	0.295209888	0.05299376822	-0.002036972513	-0.01190527761	-0.01700992794
	-0.02862311075	-0.04764516587	-0.06790578208	-0.09264106071	-0.1343411319
	-0.157135073	-0.1156097929	-0.06907116165	-0.0414181362	-0.01808274967
	0.02434014514	0.1076363791	0.2796684192	0.4725271652	0.1870989852
	-0.2811410262	-0.8109466736	-1.672987866	-0.04903976625	0.754125514
	0.6550842636	0.3730510177	0.1772263166	0.07766688741	0.03391204076
	0.016227761	0.009488050654	0.007068482372	0.006287512157	0.006108538813
	0.006142315761	0.006245532779	0.006366179697	0.006485618336	0.006597279656
	0.006698923309	0.006789846975	0.006869885404	0.006939052742	0.006997415263
	0.007045046512	0.007082012055	0.007108365273	0.007124148499	0.007129399911
	-0.2742366225	-0.3206601517	-0.4988260625	-0.7887043612	-1.569314293
	-3.990532937	-5.249035864	-0.4486927174	5.509659641	15.07102228
	6.488455997	-3.079789508	-9.124216178	15.08592634	7.739929859
	2.194717566	0.7256617377	0.1948606197	0.03785369361	0.001753514789
	0.03380232047	0.1250426835	0.3752740279	0.7980342655	1.280586142
	1.367545406	1.54580033	1.1540654	-4.161793491	-12.2460546
	-4.692029991	-1.251075838	-0.3497493198	-0.09532810818	-0.01622051041
	0.01308166222	0.02666014476	0.03269353954	0.03339481969	0.02089014321
	-0.05666673656	-0.316856811	-0.5632643512	-7.616485607	-3.135654419
	8.809937154	15.10180625	104.8538971	22.35490969	5.173239006
	1.270299061	0.2108058814	-0.0079562315	-0.03265179169	-0.02816610992
	-0.03145270037	-0.05244227158	-0.0897387102	-0.1252072093	-0.1654743816
	-0.2528843867	-0.3076519844	-0.2100138749	-0.1175238885	-0.07404896975
	-0.04259859352	0.02237761316	0.14258066	0.3616218611	0.5382780523
	0.1564519853	-0.5353110263	-1.518506173	-4.104716853	0.2772806351
	1.744196603	1.257615241	0.6312752799	0.2718670554	0.109703861
	0.04430136963	0.01950586007	0.01049203622	0.007356990284	0.006354827185
	0.006110004936	0.006126262196	0.006226653428	0.006348649924	0.006470366682
	0.006584272022	0.006687875028	0.006780438787	0.006861823445	0.006932080289
	0.00699131031	0.007039615789	0.007077084642	0.007103786633	0.007119775065
	0.007125094246	-0.3639765731	-0.4412813635	-0.7000268695	-1.021834534
	-1.944585926	-5.842443239	-10.0583729	-2.434528713	2.36791619
	6.200058274	2.888248377	-1.342423248	-2.283130014	9.621047957
	6.902913539	2.388252421	1.258892875	0.5240754482	0.2084876925
	0.1410891248	0.2096964566	0.2930884529	0.3738678082	0.6032633612
	0.9469168083	0.9500974633	0.8176147372	0.03212161134	-3.444162261
	-7.748908413	-3.729517314	-1.047665572	-0.2985083751	-0.07652529857
	-0.001115504356	0.0335997176	0.05367267723	0.06182473599	0.05988656233
	0.03736615473	-0.07858618592	-0.517586372	-0.6647751648	-23.11155025
	-8.684271131	20.99680848	28.43320035	-13.16075445	17.14426847
	5.347907987	0.8735822792	-0.07183366113	-0.1313326152	-0.08313544237
	-0.05253076129	-0.05345336336	-0.09326351622	-0.1683889639	-0.2283861782
	-0.2815240136	-0.4550320038	-0.5860519245	-0.3629773441	-0.1860113977
	-0.1228233214	-0.08626355633	0.0143980933	0.2012848494	0.5600349925
	0.8399242173	0.196108155	-0.9211789339	-2.844460079	-10.80732924
	1.689896736	3.910412297	2.29992107	1.009209188	0.3937125393
	0.1470288255	0.0554984326	0.02283014924	0.01146192929	0.00762399509
	0.006413451531	0.006108839475	0.006109909977	0.006208255132	0.006331802978
	0.006455800806	0.006571892072	0.006677383355	0.006771519248	0.006854190258
	0.006925485981	0.006985542042	0.007034489006	0.007072436617	0.007099470489
	0.007115654352	0.007121038134	-0.4328154627	-0.5824856828	-0.9884339937
	-1.300878071	-1.757136233	-3.891667161	-6.716078458	-2.685660395
	0.4656132169	2.109810162	1.007883878	-0.688047991	-0.463270652
	4.291326271	3.721781275	2.305929946	2.135760714	0.9042772169
	0.3722545361	0.2919654744	0.4586088947	0.5574744555	0.4385730342
	0.4884122138	0.7094954996	0.7498801623	0.5877237122	-0.0784807266
	-1.88597898	-3.635773	-1.988893224	-0.6730033735	-0.2034533999
	-0.04153340454	0.0266312116	0.07157927527	0.1039234535	0.1145206741
	0.1063540602	0.06734655303	-0.1211007312	-1.090832515	-5.496663061
	-163.2067585	-31.28994012	17.73626334	83.48280813	11.98923378
	43.6968049	6.567803753	-0.4223372535	-0.6541710582	-0.3258352906
	-0.1535232007	-0.08554044476	-0.08504085348	-0.1619126272	-0.3173932069
	-0.4145524969	-0.4397430937	-0.7252334198	-1.020178028	-0.5716370548
	-0.2633072982	-0.1803624572	-0.1502602901	-0.002800413772	0.2860259948
	0.942003937	1.573137499	0.3742426954	-1.568916192	-8.410047759
	-34.19374656	6.631625341	8.294536271	3.89002168	1.485224175
	0.5270186868	0.1837774198	0.0656835649	0.02567690215	0.01225214319
	0.007829850926	0.006452885826	0.00610246607	0.006092795448	0.006190407655
	0.006315818162	0.006442100565	0.006560296331	0.006667579808	0.006763198309
	0.006847078299	0.006919348429	0.006980178314	0.007029725886	0.007068121842
	0.007095466862	0.007111834309	0.007117278905	-0.4785007496	-0.7012147711
	-1.269197029	-1.582210231	-1.576369841	-2.30357782	-3.406666219
	-1.998178097	-0.7811869188	-0.3106728621	-0.157296509	-0.5010069059
	-0.07508427301	1.870569261	1.962689099	2.475539803	3.799004505
	1.371842816	0.5257765633	0.4722230967	0.845848119	0.9996305452
	0.5589116673	0.4238485005	0.5694392532	0.736792458	0.7224419992
	0.1731069855	-0.8182808641	-1.564540408	-0.9512766376	-0.3582608532
	-0.1005974353	0.005572723185	0.07214183898	0.1408736739	0.1986735109
	0.210967751	0.1889512034	0.1332449687	-0.07938074569	-1.085247378
	-5.683668756	-24.94789129	-179.23371	5.074370508	-206.2927816
	1.935489027	70.55513515	-3.965649034	-4.366529866	-1.604854083
	-0.55812683	-0.2336707058	-0.1258673077	-0.1266865188	-0.2729146671
	-0.6027615293	-0.755316457	-0.6027781511	-0.8564430688	-1.348547435
	-0.7381924843	-0.3124808159	-0.2160488909	-0.2073647873	-0.03065127313
	0.3644757469	1.464841581	2.898245886	0.7369643464	-2.894263563
	-20.81057275	-119.9170814	20.34375184	15.97781339	5.803580058
	1.939793508	0.6355479375	0.2104913911	0.07250946727	0.02747067366
	0.01272131619	0.007939752713	0.006464711724	0.006089041667	0.006074690609
	0.006173249409	0.006300890261	0.00642944522	0.006549636346	0.006658590115
	0.006755580357	0.006840574935	0.006913741632	0.006975282787	0.007025382299
	0.00706419063	0.007091822517	0.007108359926	0.007113861116	-0.4832454045
	-0.7380820047	-1.39782425	-1.703493824	-1.445472706	-1.492474529
	-2.000670109	-1.796266327	-1.489263026	-1.762722649	-0.8948912566
	-0.4935215023	-0.08725304483	0.7254521505	0.8800248378	1.742468283
	4.540137903	1.599350599	0.6138155367	0.6526450097	1.250092983
	1.425105078	0.6394938354	0.3758630837	0.5548843317	0.974218883
	1.261809326	0.6407344065	-0.1263143572	-0.5547910384	-0.3484132406
	-0.1084803246	0.003700806438	0.06594162151	0.1450502803	0.2667763075
	0.3782621682	0.3864828413	0.3300828963	0.251059841	0.05803891358
	-0.6818384476	-3.687480505	-11.29706163	-26.43061335	13.3655827
	-63.18770837	160.5482734	-103.4837628	-79.46896317	-11.26895498
	-2.477266759	-0.6876027936	-0.2976308073	-0.170306481	-0.1732779053
	-0.4355880948	-1.140989874	-1.385033611	-0.7209955686	-0.6712912378
	-1.017657709	-0.6423908929	-0.2889602609	-0.2077221004	-0.2159023741
	-0.07114531549	0.3402865024	1.572648862	3.935498971	1.333758034
	-2.201590537	-10.39317299	-42.03062252	55.43444082	25.66831073
	7.035166988	2.137199203	0.6713642739	0.2176492249	0.0740548625
	0.02781378368	0.01278553125	0.007936033548	0.00644545966	0.006068124278
	0.00605575473	0.006157018715	0.006287233442	0.006418011711	0.006540056249
	0.006650532074	0.006748762484	0.006834761052	0.00690873385	0.006970913983
	0.00702150945	0.007060689003	0.007088580309	0.007105272752	0.007110826235
	-0.4312486396	-0.6535718144	-1.260303715	-1.573308459	-1.238610624
	-1.045898913	-1.356284717	-1.685536671	-1.532600489	-1.679081785
	-1.013466647	-0.4922770408	-0.2140569001	0.03477997874	-0.07451989152
	0.3628805402	2.014066693	0.9752114579	0.5987438676	0.7636339584
	1.422759804	1.182491737	0.4451753554	0.2909814176	0.659547821
	1.57447446	2.462634727	1.357813591	0.4109277057	0.03207633213
	0.08325565614	0.1246749819	0.1195012317	0.1449674162	0.2601389564
	0.4929361797	0.7179340898	0.7019448517	0.5608245553	0.4311731449
	0.2589607213	-0.2169247482	-1.865164708	-5.532751895	-7.799757263
	5.731005056	-86.48817995	784.9705699	-170.338471	-120.2427696
	-7.55458267	-2.074431925	-0.492987238	-0.318579547	-0.2172657114
	-0.2042828483	-0.5992554927	-2.000682191	-2.387422328	-0.6605033852
	-0.2725935155	-0.4855683305	-0.378541338	-0.2131575851	-0.1781879229
	-0.2067055224	-0.1376342487	0.1669402126	1.036412126	2.57567854
	1.248127099	-1.153993638	-4.799349285	-10.15892064	29.99142169
	19.06396979	5.781474302	1.877171816	0.6111195209	0.2025638222
	0.07007113203	0.0267130186	0.01246062029	0.007826288858	0.006398208389
	0.006040987634	0.00603659024	0.006142059226	0.006275078247	0.006407971136
	0.006531689917	0.006643513375	0.006742832803	0.00682970974	0.006904386545
	0.006967124405	0.007018153089	0.007057657951	0.007085778503	0.007102610441
	0.007108212578	-0.3444320581	-0.4960623708	-0.9137373994	-1.164712009
	-0.9271094867	-0.7353385524	-0.9141930718	-1.275000046	-1.277525337
	-1.268951202	-0.8559662388	-0.4831123412	-0.3627665452	-0.5066157824
	-1.120272416	-0.8773367554	1.701255975	1.036936128	0.6955841775
	0.7004529094	1.182705119	0.5304295201	-0.02603181553	0.1442750162
	0.8647420553	2.636194575	4.783985862	2.392157592	0.8935302249
	0.4900468003	0.5382927914	0.4090131159	0.2649745489	0.2488827087
	0.4339084321	0.8844725121	1.348044527	1.255494689	0.9225834088
	0.686697937	0.5126265829	0.2438011495	-0.5518915602	-1.987896102
	-0.4783247855	17.43323481	138.6614752	-294.5835953	-52.86749765
	-74.04138244	-1.93329211	-1.435806512	-0.1405563599	-0.3552451861
	-0.2778742466	-0.1638272185	-0.3157505386	-1.521440709	-1.861672761
	0.2746886422	0.4355087408	0.004592274924	-0.136199796	-0.1342543182
	-0.1513675767	-0.206104339	-0.2133788915	-0.05781367044	0.5169975914
	1.323133338	0.890542083	-0.1438146296	-1.389685883	-1.337657356
	13.59043834	9.787293973	3.869166054	1.420765076	0.4980980608
	0.1735822708	0.06238989436	0.02461135675	0.01186138037	0.007641842309
	0.006331935975	0.006010394363	0.006018166044	0.006128792611	0.006264660557
	0.006399483371	0.006524657795	0.006637629439	0.006737868863	0.006825485067
	0.006900753405	0.006963959722	0.007015352783	0.007055132695	0.007083449998
	0.007100406285	0.007106055802	-0.2613466025	-0.3547281999	-0.6086884773
	-0.7783378996	-0.6486200919	-0.521271454	-0.6262918182	-0.9058558794
	-1.063573978	-1.096063277	-0.8072885975	-0.5117126988	-0.4842308676
	-0.8966740861	-2.073643305	-1.778992859	4.039968155	2.477091948
	1.075971799	0.4895518401	0.2627341357	-0.486406977	-0.7846342152
	-0.1077116511	1.09964485	3.500947439	7.37491775	3.505001812
	1.301130658	0.9833997618	1.238003661	0.8357266333	0.4600617911
	0.3784520638	0.670083889	1.499006075	2.443415225	2.175342737
	1.452467794	1.025016129	0.8153320787	0.6988300757	0.3992590892
	-0.1827907355	1.192808257	9.429165235	32.73877944	100.1397397
	-15.65807818	-16.97469908	0.1732791144	-1.892465866	-0.7456772513
	-0.6773864123	-0.3917731741	-0.05285724287	0.7536995291	5.142651118
	12.34493501	4.629341949	1.694674479	0.4704067426	0.054500546
	-0.07022902475	-0.134385762	-0.2094864949	-0.2406347521	-0.1383733445
	0.2359775614	0.771923616	0.870748011	0.9296559292	1.05886323
	1.641864054	6.916487889	5.343492517	2.49193677	1.012524493
	0.3835007042	0.1419404884	0.05362687887	0.02215186364	0.01115312971
	0.007426793876	0.006258848584	0.00597990611	0.006001630729	0.006117664817
	0.006256204365	0.006392690413	0.006519063592	0.006632961381	0.006733936209
	0.006822140996	0.006897879499	0.00696145808	0.007013141274	0.007053141937
	0.007081621334	0.007098688491	0.007104390636	-0.2033040516	-0.2667155091
	-0.4476085382	-0.5920328773	-0.5061577139	-0.4037733799	-0.4736286978
	-0.7336624318	-1.057801897	-1.204191094	-0.9216109431	-0.5870271391
	-0.559954725	-1.035555456	-2.184536136	-1.172898852	10.68093825
	4.853163487	1.588906904	0.281540426	-0.717625917	-1.957458073
	-2.093038424	-0.5504546533	1.410974842	3.987140826	5.718266513
	3.32276288	1.492418774	1.658760861	2.552525096	1.524345828
	0.7142936881	0.5201370992	0.9322829753	2.268824928	4.039849134
	3.525803707	2.133209761	1.416386602	1.141713731	1.138334068
	1.156951471	0.7259394698	0.9943798601	2.478367638	4.322014641
	23.20767397	6.81188974	-5.390167746	-2.130044543	-4.017431169
	-3.235662167	-1.527949801	-0.5904673854	-0.08354387595	1.219725477
	11.22632817	45.90398971	12.37549656	3.092575419	0.8434257649
	0.1884338413	-0.02347413867	-0.1270324947	-0.2156177041	-0.2213162852
	-0.0825289654	0.2234200742	0.6522347278	1.15238033	2.279815085
	3.650888008	3.459095204	4.394873006	3.220095379	1.644482592
	0.7237667303	0.2940279082	0.1154692784	0.04593247063	0.01991608212
	0.01049351674	0.007224328487	0.006191001571	0.005953016051	0.005988081921
	0.006109081992	0.006249902465	0.006387709542	0.006514991185	0.006629574207
	0.00673108714	0.006819720465	0.006895800567	0.006959649538	0.007011543986
	0.007051707173	0.007080311286	0.007097478398	0.007103255665	-0.1736699496
	-0.2262263694	-0.3976557733	-0.5751908479	-0.4875206045	-0.3622659326
	-0.411575711	-0.695195278	-1.193255949	-1.472365798	-1.122697626
	-0.6830376083	-0.6159020754	-1.112629363	-2.315278743	-2.423071169
	19.06743696	8.312664728	2.019585357	0.04660613617	-1.837709434
	-4.083084713	-4.052994571	-1.167448814	2.107471559	5.934485735
	4.784199383	2.653912145	1.581218533	2.635412858	5.023435866
	2.566074183	0.9961929475	0.6405823344	1.138799958	2.894874664
	5.59494607	5.022524396	2.809070574	1.758072132	1.415692724
	1.482587047	1.739321905	1.295006009	0.7387396513	0.2554101907
	-2.5908702	0.8203060669	-0.5132998109	-3.660240351	-4.805106907
	-7.978234881	-6.635139614	-2.589699455	-0.8135618996	-0.4130733296
	-0.6474980337	4.563761556	24.85657725	12.10146756	3.269525427
	0.9736125964	0.252057681	0.002179971513	-0.1274396696	-0.2300164095
	-0.2033187023	-0.03433022968	0.2593251388	0.7149533819	1.552859577
	3.876179108	7.069256203	5.539307768	3.766951657	2.327995864
	1.209302637	0.5580940268	0.238400268	0.097953031	0.04057440309
	0.01828877598	0.009994320825	0.007066363675	0.006137523044	0.005932402397
	0.005978363291	0.006103353792	0.006245899554	0.0063846275	0.006512502062
	0.00662751535	0.006729359725	0.006818254662	0.006894542492	0.006958555704
	0.00701057876	0.007050842261	0.007079528926	0.007096785083	0.00710270599
	-0.1699795944	-0.2155586406	-0.3857923848	-0.5991690415	-0.5146438646
	-0.3610360788	-0.397937141	-0.6876294313	-1.255574335	-1.627353229
	-1.248139732	-0.7394030141	-0.6488773566	-1.199201583	-2.885814918
	-7.156205805	-2.431488562	6.230539532	1.816242593	-0.1084406079
	-2.389249043	-5.530958562	-5.408503151	-1.629246664	2.506979705
	8.710704465	5.269178026	2.482759345	1.633392216	3.103732478
	7.573752764	3.616207084	1.170402991	0.6924936343	1.214985729
	3.054600891	6.14198054	5.843445739	3.161271057	1.894829172
	1.524971487	1.599194696	1.947379158	1.571698146	0.6714611227
	-0.2181011542	-2.982524175	-2.550627758	-2.538797251	-3.669783272
	-6.649306483	-14.92430902	-6.390226268	-2.817620652	-0.8778064912
	-0.5878360501	-1.694231498	-1.330088144	15.16264177	8.387542857
	2.891083837	0.9486431496	0.2586694569	0.00717499275	-0.1275460314
	-0.2397802471	-0.2025628485	-0.01693953223	0.2771436051	0.7693249185
	1.744417519	4.549914819	9.50532149	7.317315687	3.868450023
	2.095057413	1.068194325	0.4981973206	0.2163056593	0.09031674861
	0.03800780683	0.01743261184	0.009707254801	0.006968526898	0.006103068067
	0.005919479847	0.005972937246	0.006100656947	0.006244281171	0.006383496595
	0.006511633558	0.006626813646	0.006728777087	0.006817762506	0.006894120932
	0.006958189548	0.007010255941	0.007050553715	0.007079271887	0.007096588445
	0.007102846984	