3131	
	0.03473317159	0.04374444569	0.06492872481	0.09111834156	0.10276407
	0.08794691394	0.06084349473	0.03708700796	0.02177984746	0.01352973531
	0.009594462122	0.007944959395	0.007512416	0.007970535576	0.009578966988
	0.01312045898	0.01971259418	0.03087617032	0.05382001006	0.1202475924
	0.3175791164	0.8501554611	2.102751212	4.217125041	5.508546057
	3.955025166	2.148622057	1.09451166	0.5898874388	0.3204884793
	0.1640439271	0.07910039192	0.03769733352	0.01928834295	0.01165978802
	0.00867703136	0.007580324989	0.007215165953	0.007122653377	0.007128054948
	0.007168546322	0.007224595179	0.007293286274	0.007377487299	0.007480426556
	0.007602294059	0.007738967319	0.007883951594	0.008032867112	0.00818697638
	0.008352549538	0.008537032107	0.008745413652	0.008978873136	0.009235462121
	0.009511574059	0.00980321744	0.01010674366	0.01041910103	0.01073781551
	0.01106086585	0.01138654751	0.01171336339	0.01203994844	0.01236502381
	0.01268737271	0.01300583175	0.01331929356	0.013626719	0.01392715846
	0.01421977981	0.01450389535	0.01477897344	0.0150446215	0.01530054372
	0.01554650075	0.01578229996	0.01600781239	0.01622299004	0.01642786391
	0.01662252322	0.0168070872	0.01698168072	0.01714641864	0.01730139884
	0.01744670095	0.01758238819	0.01770851022	0.017825106	0.01793220624
	0.01802983535	0.01811801293	0.01819675489	0.01826607424	0.01832598183
	0.01837648698	0.01841759878	0.01844932915	0.01847170101	0.01848476443
	0.0184885758	0.03940095928	0.04938712985	0.07588764038	0.109617676
	0.1243921085	0.1040473083	0.06948739825	0.0408006243	0.0231428588
	0.01397496586	0.009731180809	0.007998280659	0.007572542363	0.008114160136
	0.009954964904	0.01404376189	0.02164662274	0.03379016314	0.05660733034
	0.1236650235	0.3280557331	0.8874755107	2.25427632	4.746850447
	6.392716485	4.368318196	2.273954446	1.148363557	0.6340862551
	0.348649916	0.1765514488	0.08334707001	0.03885105179	0.01952638054
	0.01168175399	0.008664973615	0.007570253993	0.007209890985	0.007120060831
	0.00712657459	0.007167646345	0.007224622538	0.007295396135	0.007383545421
	0.007492568577	0.007621940936	0.007765594113	0.007914517523	0.008062738265
	0.008211938393	0.00837038562	0.008547740554	0.008750406954	0.008979989179
	0.009234311846	0.009509301506	0.009800522833	0.01010400557	0.01041650034
	0.01073542599	0.01105870974	0.01138462553	0.01171166886	0.01203847264
	0.0123637568	0.0126863021	0.01300494073	0.01331855887	0.01362610993
	0.01392663816	0.01421931062	0.01450344842	0.0147785395	0.01504421548
	0.01530019645	0.01554624096	0.01578213909	0.01600774134	0.01622298613
	0.016427901	0.01662257912	0.0168071467	0.01698173531	0.01714646472
	0.0173014358	0.01744672964	0.01758241002	0.01770852664	0.0178251183
	0.01793221549	0.01802984238	0.01811801841	0.01819675933	0.01826607809
	0.01832598551	0.01837649103	0.01841760416	0.01844933818	0.01847172126
	0.01848483136	0.01848892904	0.05078120393	0.06626407692	0.1109579699
	0.1720951929	0.1992991624	0.1592553776	0.09877030644	0.0534162388
	0.02789950191	0.01562165824	0.0102815694	0.008210335629	0.007749589861
	0.008490738866	0.01097802171	0.0167199536	0.02756448852	0.04255549476
	0.06243276869	0.1246866586	0.33553873	0.9345571853	2.536116074
	6.06505631	8.978916403	5.50439903	2.61875519	1.327595024
	0.7950363886	0.4499646011	0.2213216553	0.09917825825	0.04371286126
	0.02087717056	0.01202618761	0.008745173949	0.007586737252	0.007212183108
	0.007119073721	0.007124521076	0.007165649743	0.00722489506	0.007302207483
	0.007403475727	0.007533301555	0.007688924912	0.007857557183	0.008021147254
	0.008167784513	0.008300448091	0.008434416473	0.008587147908	0.008770000503
	0.008986064353	0.009232390046	0.009503310046	0.009792876954	0.01009602439
	0.01040882661	0.01072833271	0.01105228907	0.01137889176	0.0117066079
	0.01203406148	0.01235996746	0.01268309828	0.01300227139	0.01331635152
	0.01362426656	0.01392503888	0.01421783102	0.01450199292	0.01477708044
	0.01504281159	0.01529896503	0.01554529294	0.01578152386	0.01600743448
	0.01622291398	0.01642797615	0.01662272641	0.01680731404	0.01698189295
	0.01714659945	0.01730154445	0.01744681416	0.01758247431	0.01770857492
	0.01782515436	0.01793224248	0.0180298628	0.0181180342	0.01819677204
	0.018266089	0.01832599582	0.01837650212	0.01841761815	0.01844935939
	0.01847176045	0.0184849183	0.01848913013	0.07020106658	0.09693612103
	0.1802293891	0.3042538884	0.3610036415	0.2724525343	0.1547994065
	0.07606921981	0.0360247221	0.01833920909	0.01117225234	0.008550591192
	0.008033498901	0.009109169074	0.0127366933	0.02162648697	0.03928900986
	0.06055798595	0.07204685921	0.11917919	0.3299963901	0.9240004844
	2.563650333	6.572245488	11.48338479	6.663768271	2.946576064
	1.593946525	1.105841804	0.6422401103	0.3001454148	0.1251206205
	0.05127698436	0.02292163761	0.0125479662	0.008871859375	0.007616039032
	0.007217975526	0.007118423656	0.007121480766	0.007162723384	0.007226824999
	0.007318111308	0.007447688836	0.007623010536	0.007836747016	0.008061056839
	0.008257115904	0.008399469523	0.008494669114	0.008574484039	0.008673859869
	0.008814602062	0.009002412955	0.009232220713	0.009494746219	0.00978080467
	0.01008306506	0.01039624084	0.01071665239	0.01104169569	0.01136941845
	0.01169823504	0.01202675349	0.01235367954	0.01267776917	0.0129978102
	0.0133126235	0.01362108382	0.01392216672	0.01421502425	0.01449906909
	0.01477400905	0.0150397579	0.01529622472	0.01554313862	0.01578007934
	0.01600665263	0.01622263787	0.01642802024	0.01662293314	0.01680757541
	0.01698214763	0.01714681972	0.01730172268	0.01744695274	0.01758257951
	0.01770865373	0.01782521309	0.01793228633	0.01802989591	0.01811805977
	0.01819679257	0.01826610657	0.01832601229	0.01837651952	0.0184176393
	0.01844938912	0.01847180813	0.01848500098	0.01848926105	0.09810998603
	0.1439416903	0.2989101788	0.5538315617	0.6762914899	0.4772588056
	0.2465481368	0.1098667629	0.04725565576	0.02188569649	0.01229234603
	0.008975650254	0.008402279602	0.009948529668	0.01524798901	0.02919191084
	0.05931595849	0.09307193956	0.08561547251	0.09967552816	0.3106345115
	0.8283108889	2.141729994	5.128793116	8.777903912	5.963739487
	2.869622011	1.885711537	1.613065915	0.942401272	0.4094057835
	0.1571064742	0.05973642547	0.025034994	0.01305326533	0.008987993449
	0.007641736737	0.007222439957	0.007116470171	0.007116727867	0.007158915329
	0.007232626733	0.007351054239	0.007536392377	0.007803062422	0.008135442072
	0.008474436529	0.008736611419	0.008867708881	0.008883644728	0.008852618089
	0.008845866751	0.008905086722	0.009039520152	0.009238715462	0.009485819953
	0.009765315381	0.01006564168	0.01037906103	0.01070061915	0.01102711503
	0.01135635125	0.01168665943	0.01201662483	0.01234493912	0.0126703293
	0.01299152916	0.0133072778	0.01361634817	0.01391762284	0.01421022944
	0.01449370488	0.01476807133	0.01503365602	0.01529063878	0.01553867873
	0.01577701978	0.01600490202	0.01622188227	0.01642789566	0.0166231372
	0.01680790487	0.01698248856	0.01714712029	0.01730196703	0.01744714253
	0.01758272314	0.01770876095	0.01782529273	0.01793234564	0.01802994058
	0.0181180942	0.01819682019	0.01826613012	0.01832603419	0.01837654225
	0.01841766591	0.01844942408	0.01847185823	0.01848507448	0.01848935643
	0.1323860663	0.2060969239	0.4786288417	0.9841063783	1.249211975
	0.8159144406	0.3802781636	0.1537073895	0.06050418515	0.02578542612
	0.01347539168	0.009428823646	0.008819263091	0.01093068546	0.01829580971
	0.03901108479	0.08823020266	0.143364594	0.09947948532	0.04993175365
	0.3004173276	0.7118164786	1.550293028	3.3495958	5.294050174
	4.04491598	2.37582455	2.092910575	2.26770636	1.313634365
	0.5248313314	0.1857210042	0.06621913554	0.02642051962	0.01332811046
	0.009036349453	0.007648254881	0.007220960389	0.007111315549	0.007108971276
	0.007153725353	0.007245126092	0.00741384379	0.007705250662	0.008150485936
	0.008719979186	0.0092909489	0.009685129151	0.009787571536	0.00963815546
	0.009384627086	0.00917194171	0.009078030729	0.009115161897	0.009259941277
	0.00948006479	0.009748003694	0.01004458154	0.0103578232	0.01068064505
	0.01100888069	0.01133995308	0.01167207631	0.01200380925	0.01233382455
	0.01266079989	0.01298337276	0.01330013268	0.01360966018	0.01391065294
	0.01420217832	0.01448400809	0.01475680141	0.01502174928	0.01527959053
	0.01552979422	0.01577086298	0.01600127572	0.01622015691	0.01642736668
	0.01662323721	0.01680826289	0.01698290086	0.01714749461	0.01730227327
	0.01744737991	0.01758290193	0.0177088937	0.01782539087	0.01793241846
	0.01802999529	0.01811813629	0.01819685389	0.01826615876	0.01832606063
	0.01837656921	0.01841769639	0.01844946183	0.01847190776	0.01848513927
	0.01848943197	0.1660665083	0.2716070373	0.6971641348	1.604434427
	2.161412182	1.302762761	0.5456862816	0.2009166797	0.0732777617
	0.02927078491	0.01450787243	0.009849051104	0.009237899612	0.01191307359
	0.02130785781	0.04876470343	0.1184324106	0.2040298703	0.1056163111
	-0.07658129402	0.3553611813	0.6769904152	0.9995398451	1.925959229
	2.8768849	2.409403436	1.71556711	1.926722525	2.581168975
	1.546222027	0.5848450838	0.1960087704	0.06737513374	0.02633200059
	0.01320131133	0.008975827218	0.007624951499	0.007210030477	0.007100721171
	0.007095740937	0.007145071173	0.007266851723	0.0075255127	0.008014492124
	0.008804483911	0.009844627694	0.01088316004	0.01153969872	0.01157084995
	0.01107704556	0.01037956594	0.009771530425	0.009394390964	0.009257733229
	0.00930825956	0.009482709159	0.009731202175	0.01002113939	0.01033339941
	0.01065743874	0.01098758077	0.01132068862	0.01165482691	0.01198853567
	0.01232046537	0.01264921038	0.01297323707	0.01329086144	0.01360029872
	0.01389987462	0.01418850308	0.01446638365	0.0147354555	0.01499871812
	0.01525807569	0.01551250955	0.01575890214	0.01599417186	0.01621662988
	0.01642605277	0.01662308023	0.0168085956	0.01698336737	0.01714793646
	0.0173026374	0.01744766102	0.01758311205	0.01770904852	0.01782550457
	0.0179325024	0.01803005814	0.01811818456	0.01819689247	0.01826619148
	0.01832609061	0.01837659928	0.01841772939	0.01844950075	0.01847195549
	0.01848519695	0.01848949537	0.1873520018	0.313673934	0.8502399714
	2.144363262	3.174116318	1.81667546	0.6934339756	0.2365691551
	0.08171005741	0.03141708333	0.01518724509	0.01019347774	0.009620101832
	0.01274649328	0.02362043881	0.05530196764	0.1359973096	0.2530193599
	0.1679502827	-0.2164927005	0.6285003437	0.8647457567	0.5231396411
	0.9071209765	1.396016672	1.287005778	1.060701344	1.324904976
	1.91647636	1.307821528	0.5189889639	0.1763787756	0.06138101804
	0.02447643782	0.01262319255	0.008797027439	0.007569227	0.007187678779
	0.007081631601	0.007072116885	0.007127046618	0.007297371678	0.007711661275
	0.008562362594	0.01001259359	0.01198469815	0.01396670198	0.01514486768
	0.01500162939	0.01378947551	0.01220874009	0.01084740383	0.009952752323
	0.009510910698	0.009401767525	0.009501109184	0.009718183064	0.009997191956
	0.0103072194	0.01063223197	0.01096425923	0.01129938175	0.01163550805
	0.01197119584	0.01230507666	0.01263560349	0.01296093777	0.01327889427
	0.01358699134	0.0138827984	0.01416484079	0.01443406398	0.01469496515
	0.01495435182	0.01521658943	0.01547944192	0.01573626583	0.01598081773
	0.01620992828	0.01642336323	0.01662244888	0.01680883741	0.0169838732
	0.01714844313	0.01730305741	0.0174479826	0.01758334961	0.01770922158
	0.01782563048	0.01793259472	0.01803012695	0.01811823727	0.01819693457
	0.01826622712	0.01832612311	0.01837663145	0.0184177638	0.01844953979
	0.01847200098	0.01848524903	0.01848955074	0.1864458499	0.3075900391
	0.8152760149	2.058005439	3.321384788	1.973721206	0.7304613536
	0.2415660748	0.08211522017	0.03156448526	0.01543252942	0.01047093815
	0.009961350997	0.01337258184	0.02508432167	0.05863558833	0.143491433
	0.2979220631	0.4283554466	0.6005572118	1.687165271	1.517666262
	-0.04064769833	0.11425144	0.4860112002	0.562612508	0.5208807849
	0.6834301854	1.036342712	0.8024998909	0.3626760132	0.1344915557
	0.05002662288	0.02128451478	0.01169972706	0.00852611669	0.00748668405
	0.007153015387	0.007049070014	0.007028321558	0.007085360593	0.007326710227
	0.008000869013	0.009502671684	0.01220873512	0.01602500584	0.01991698949
	0.02213520793	0.02157061692	0.01885676864	0.01552307432	0.01273697542
	0.01090823302	0.009939524483	0.009565825517	0.009545145336	0.009713413322
	0.009975577426	0.01028168873	0.01060720984	0.01094079407	0.01127750596
	0.01161517	0.01195246443	0.01228802	0.01262004733	0.01294616315
	0.01326326333	0.01356753451	0.0138550011	0.01412322334	0.01437437025
	0.01461802137	0.01486905738	0.01513711759	0.01541695948	0.01569427775
	0.01595649185	0.01619784166	0.01641841608	0.01662105538	0.01680892197
	0.01698441568	0.01714902136	0.01730353621	0.01744834338	0.01758361117
	0.01770940893	0.01782576497	0.0179326924	0.01803019934	0.01811829258
	0.01819697871	0.01826626449	0.01832615708	0.01837666476	0.01841779876
	0.01844957827	0.01847204416	0.01848529667	0.01848960041	0.1645419568
	0.259423532	0.6326907031	1.456602774	2.284612262	1.524506233
	0.6071798767	0.2095081665	0.07399500653	0.02987060501	0.01540492491
	0.01077591463	0.01030354202	0.01382841097	0.0259970939	0.06107272112
	0.1539883814	0.3706786703	0.8312131387	1.959425335	4.020316844
	2.936072087	-1.231798516	-0.7143605243	-0.1526609936	0.08185354093
	0.09844746283	0.1576361466	0.4226922006	0.3977148052	0.2120436564
	0.08986107379	0.03731247033	0.01762729857	0.01063209741	0.00821118009
	0.007387684943	0.007104760248	0.006994154897	0.006945434381	0.006988500887
	0.007320542591	0.008410189721	0.01106199666	0.01614050236	0.0236059192
	0.03138181863	0.03568318878	0.03410923154	0.02824932877	0.02144717143
	0.0159890908	0.0124972775	0.0106358519	0.009834164232	0.009627411653
	0.009722893399	0.009960717072	0.01026098688	0.01058632908	0.01092060553
	0.01125771653	0.01159567043	0.01193350871	0.01226990932	0.01260266127
	0.01292840774	0.01324236476	0.01353817958	0.01380872205	0.0140492122
	0.01426362922	0.01447157486	0.01470517186	0.01498553853	0.01530001334
	0.01561764177	0.01591329121	0.01617690873	0.01640995688	0.0166185582
	0.01680881077	0.01698502378	0.01714969748	0.01730408629	0.01744874598
	0.01758389463	0.01770960691	0.01782590436	0.01793279228	0.01803027276
	0.0181183485	0.01819702337	0.01826630238	0.01832619154	0.01837669837
	0.01841783356	0.01844961577	0.01847208513	0.01848534075	0.01848964581
	0.131658845	0.1956620728	0.4297171671	0.8823272811	1.281418137
	0.9250377378	0.4161415161	0.158478714	0.06131387137	0.02749145757
	0.01556745088	0.01131322355	0.01073343536	0.01416346167	0.02649108047
	0.0630668528	0.1669260999	0.4550262796	1.261535004	3.498486796
	7.309446989	5.022383843	-4.743575573	-1.903510035	-0.7405813937
	-0.2793217383	-0.2647435394	-0.3399204965	0.03701527008	0.1532506146
	0.1078103755	0.05464703344	0.02632160516	0.01426967015	0.009612426957
	0.007900525407	0.007282181451	0.00703906226	0.006901003589	0.006788145633
	0.00677134654	0.007189004122	0.008904127352	0.01354030595	0.02306562398
	0.03775115193	0.05346552092	0.06196394673	0.0579854477	0.04552376544
	0.03188830903	0.02147117751	0.01506591095	0.01172418027	0.01024858932
	0.009762942684	0.009754684545	0.009959802354	0.01025260486	0.01057687651
	0.01090997937	0.0112448211	0.01158030202	0.01191635053	0.01225179156
	0.01258366748	0.0129068841	0.01321360564	0.01349266509	0.01373052194
	0.0139168541	0.0140577743	0.01419243588	0.01439007228	0.01469722145
	0.0150828142	0.01547970371	0.01583825524	0.01614189731	0.0163963223
	0.01661463327	0.01680855514	0.01698579345	0.0171505341	0.01730473672
	0.01744919974	0.01758420026	0.01770981257	0.01782604509	0.01793289117
	0.01803034467	0.01811840306	0.01819706702	0.01826633959	0.01832622552
	0.01837673152	0.01841786765	0.01844965198	0.01847212398	0.01848538186
	0.01848968786	0.09793168211	0.1367164959	0.2693671226	0.4949166926
	0.6654945962	0.5071310374	0.2565748158	0.110682726	0.04939818226
	0.02618874707	0.0166880973	0.01242091197	0.01138476295	0.01440250022
	0.02638016659	0.06308817047	0.1721299245	0.4979127876	1.480656519
	4.257175324	9.006870494	5.015561097	-18.37015165	-3.89198081
	-1.427153053	-0.5739542405	-0.4814916779	-0.761523036	-0.2080633552
	0.02234969043	0.04675683404	0.03126016258	0.01824201873	0.01161148305
	0.008760716379	0.007627348687	0.007175596527	0.00694721731	0.006742343568
	0.006493099327	0.006306078222	0.006724382112	0.009294163867	0.01724904347
	0.03502674986	0.06398468132	0.0960087664	0.1130224023	0.1033358037
	0.07701384192	0.05000136633	0.0305021936	0.01909295196	0.01335909059
	0.01085564044	0.009968182635	0.00981991175	0.009985123195	0.01027032216
	0.01059243841	0.01092053442	0.01124754059	0.01157489629	0.0119044834
	0.01223544949	0.01256348789	0.01288041532	0.01317290323	0.01342074073
	0.013597466	0.01367992049	0.01367504879	0.01365953374	0.01378312263
	0.01414973303	0.01468218525	0.01523467643	0.01571067287	0.0160852728
	0.01637555237	0.01660915888	0.01680841727	0.01698694787	0.0171516558
	0.01730554303	0.01744972424	0.01758453198	0.01771002418	0.01782618401
	0.01793298605	0.01803041256	0.01811845431	0.01819710819	0.018266375
	0.01832625819	0.01837676357	0.01841790057	0.01844968672	0.01847216085
	0.01848542048	0.01848972719	0.0693313772	0.09109950886	0.1616304507
	0.2685348373	0.3380611785	0.2686408807	0.1518365909	0.07624715545
	0.0422233655	0.02809936676	0.01992290514	0.01461463753	0.012453678
	0.01458211406	0.02544325697	0.05965079661	0.1617931315	0.4648638047
	1.340905267	3.544122647	6.388775341	-1.114873035	-73.22487283
	-8.628508697	-1.979055389	-0.7451078912	-0.4356719027	-0.5621123534
	-0.231759432	-0.02553733195	0.01681809769	0.01770142313	0.01297892011
	0.009729132902	0.008118626627	0.007405483961	0.00706691179	0.006813565315
	0.006473670132	0.005951147033	0.005352991279	0.005482679338	0.009012878903
	0.02227097361	0.05515912438	0.1122513463	0.1779282671	0.2123516204
	0.189151341	0.1337764366	0.08082482975	0.04498066563	0.02518793615
	0.01570931314	0.01169786462	0.01025902661	0.009934930193	0.0100586847
	0.01033998033	0.01065855718	0.01097381183	0.01128168588	0.01158974604
	0.01190390898	0.0122238984	0.01254291853	0.01284732293	0.01311401835
	0.01330601257	0.01337108487	0.01325696226	0.01296438408	0.01264026933
	0.01261045137	0.01311115593	0.01394825504	0.01480533075	0.01549857486
	0.01599695154	0.0163458658	0.01660261677	0.01680908806	0.01698893368
	0.01715328621	0.0173066002	0.01745035353	0.01758489875	0.01771024171
	0.01782631858	0.01793307416	0.01803047411	0.01811850046	0.01819714551
	0.01826640759	0.01832628876	0.01837679395	0.01841793199	0.01844971985
	0.01847219584	0.01848545696	0.01848976423	0.04776988205	0.05936596352
	0.09563240275	0.146018145	0.1751653209	0.1439093023	0.09122693343
	0.05658423407	0.04278304866	0.03625398993	0.02710586998	0.01866323548
	0.01421804665	0.01480215076	0.0237199634	0.05285039066	0.1376476775
	0.3753318208	0.9939149275	2.27686078	3.250179652	-1.475719276
	-17.85925973	-4.3776238	-1.110687935	-0.5594367019	-0.301395311
	-0.2967722965	-0.1414969161	-0.0280464097	0.005274672102	0.01077414653
	0.009877976556	0.008512067132	0.007672704311	0.007232834612	0.006948679349
	0.006613698751	0.006026086907	0.004982233413	0.003482091938	0.002569957314
	0.006637670083	0.02777114049	0.0878098862	0.2000144179	0.3352645338
	0.4055650366	0.3504900949	0.2345336899	0.1319980648	0.06741910774
	0.03402412397	0.01891472569	0.01279708372	0.01064828958	0.01012615439
	0.01022136046	0.01051067826	0.01082350155	0.01110978596	0.01137585094
	0.01164291672	0.01192485002	0.01222218228	0.01252342935	0.01280534825
	0.0130277515	0.01312298984	0.01298820465	0.01250642554	0.01164812554
	0.01068628734	0.01033488121	0.01114243735	0.01261388748	0.01406453421
	0.01515499204	0.01586506303	0.01630690603	0.01659687396	0.01681205289
	0.01699256457	0.01715579753	0.01730805782	0.01745114041	0.01758531568
	0.01771046722	0.01782644708	0.01793315314	0.01803052726	0.0181185399
	0.01819717778	0.01826643648	0.01832631659	0.01837682223	0.01841796163
	0.01844975131	0.0184722291	0.01848549157	0.01848979937	0.03273923256
	0.03871170855	0.05711513405	0.08134862258	0.0949170567	0.08120602433
	0.0596876189	0.05052461346	0.05490702572	0.05594923913	0.04128037335
	0.02566245856	0.01703809906	0.01523391084	0.02153844983	0.04416028669
	0.1074851999	0.2710767735	0.6445709063	1.263564497	1.401418855
	-1.064056218	-5.213989804	-1.107243733	-0.5423490464	-0.3230335326
	-0.1875558689	-0.153435486	-0.07773590904	-0.01985138556	0.00202632908
	0.007625481359	0.008204742256	0.007784929291	0.007382706061	0.007097662176
	0.006808260072	0.006313410152	0.005298931292	0.00330358074	-4.250089793e-05
	-0.003720348056	-0.001057611771	0.030260757	0.1377728836	0.3566127002
	0.6352851062	0.7800560419	0.6503460345	0.4094806189	0.2141845874
	0.100687769	0.04614134044	0.02300136845	0.01412813637	0.01114425395
	0.01044058735	0.01055092845	0.01087646456	0.01117876255	0.01140259356
	0.01158153531	0.01176587512	0.01198452577	0.01223861415	0.01250765692
	0.01275168536	0.01290113703	0.01283342277	0.01234783774	0.01118661292
	0.009219676296	0.006929835788	0.00589296444	0.007413664537	0.01020996822
	0.0128099802	0.01461605349	0.01567928268	0.01626247491	0.01659658532
	0.01682016228	0.01699921808	0.01715976917	0.01731013528	0.01745215965
	0.01758580462	0.01771070493	0.01782656864	0.01793322113	0.0180305703
	0.0181185713	0.01819720402	0.01826646094	0.01832634118	0.01837684808
	0.01841798934	0.01844978108	0.01847226077	0.0184855246	0.01848983291
	0.02281190794	0.02582163542	0.03512065262	0.04699961829	0.05399077934
	0.04980266172	0.0460641162	0.05751937267	0.08535441746	0.09707800674
	0.06736126431	0.03699449598	0.02131063804	0.01607586292	0.01933629512
	0.035340763	0.07866831524	0.1809115568	0.3838156464	0.6462071468
	0.5561356788	-0.616415248	-1.953201079	-0.6080831489	-0.3495665751
	-0.2108989854	-0.1254793252	-0.08849432348	-0.04474538679	-0.01240021674
	0.001816624059	0.00638643933	0.007380074911	0.007382455906	0.007202938749
	0.006984514986	0.006629845517	0.005869338995	0.004155109728	0.0004967097481
	-0.006414563698	-0.01647742119	-0.02088459147	0.01955525637	0.2068172026
	0.6273747201	1.198288796	1.498464097	1.196508242	0.7034565093
	0.3402014004	0.1471077103	0.06153354899	0.02774374327	0.01558561125
	0.01175447111	0.01096785088	0.0111973127	0.01161835766	0.01189804351
	0.01198948109	0.01199096748	0.01201290256	0.01211154208	0.01228664321
	0.01250017409	0.01268326301	0.01271697399	0.01238255085	0.01129417449
	0.008894443891	0.004764103603	-0.0003170361409	-0.002846307356	0.0003610551272
	0.005929938652	0.01073559609	0.0138064439	0.01543983581	0.01622591749
	0.01661152077	0.01683844784	0.01701107486	0.0171660452	0.0173131314
	0.01745350814	0.01758639335	0.01771096084	0.01782668321	0.01793327681
	0.01803060194	0.01811859365	0.01819722348	0.01826648045	0.01832636218
	0.01837687127	0.01841801502	0.01844980922	0.01847229102	0.01848555631
	0.01848986516	0.0165060643	0.01800583956	0.02273156688	0.02876734216
	0.0330617478	0.03465049668	0.04360028424	0.07801196733	0.1449621939
	0.1768951758	0.1122987732	0.05391072629	0.02734042932	0.01747459255
	0.017463946	0.02764124622	0.05520099636	0.1146703314	0.2169884977
	0.3163561411	0.2097274463	-0.3298412279	-0.8138387963	-0.3640875508
	-0.2344134195	-0.1490927103	-0.09061415585	-0.05854133467	-0.02863634064
	-0.007389919249	0.002485363131	0.006030255855	0.007022164633	0.007178558431
	0.007093778748	0.006878571667	0.00639732733	0.005233043981	0.002424967509
	-0.004011634328	-0.01744933909	-0.04097900195	-0.0663888063	-0.03012771927
	0.2834088681	1.070808661	2.221861378	2.847014708	2.15761131
	1.173404501	0.5207718003	0.2063795638	0.07895708813	0.03248482342
	0.01695476807	0.01250309162	0.01188428005	0.01245089591	0.01308580215
	0.0133114114	0.01312379146	0.01276810334	0.01247651772	0.01235262752
	0.01238754452	0.01250862019	0.01259748511	0.01245436487	0.01169697153
	0.009598284463	0.004979106198	-0.00334728118	-0.01435958834	-0.02022279199
	-0.01294487981	-0.001569977203	0.007415630792	0.01266519645	0.01517791463
	0.0162298535	0.0166601013	0.01687515444	0.01703135346	0.01717576654
	0.01731742005	0.01745529917	0.01758711276	0.01771124172	0.01782679122
	0.01793331934	0.01803062132	0.01811860629	0.01819723571	0.0182664947
	0.01832637937	0.01837689171	0.01841803869	0.01844983585	0.01847232008
	0.01848558701	0.01848989646	0.01261899548	0.01337066632	0.01583746424
	0.01917689553	0.02260709108	0.02806147538	0.04746949392	0.1100847535
	0.243026517	0.3176403411	0.1824294919	0.0762470541	0.03502434607
	0.01940157256	0.01606799092	0.02159922826	0.0380300028	0.07075244623
	0.119505373	0.1521966154	0.07647557716	-0.1698886104	-0.3602249228
	-0.2100016546	-0.1468394921	-0.09890137675	-0.06223679831	-0.03900980169
	-0.01914344301	-0.003945159176	0.003339641839	0.006058596091	0.006906132784
	0.00708826414	0.007025733732	0.006768538044	0.006098457775	0.004360971836
	-7.165511817e-05	-0.01092400713	-0.0356853552	-0.08566323491	-0.1631141575
	-0.1791778871	0.3180361417	1.729893657	3.979421766	5.283443032
	3.755461535	1.868155961	0.7536231767	0.2719329391	0.0950261282
	0.0359730906	0.01791138271	0.01347546921	0.01353761267	0.01487411716
	0.01595487856	0.01604624726	0.01527125018	0.0142016758	0.01331208069
	0.01278256379	0.01257407014	0.01254523244	0.0124936957	0.01209138359
	0.01068775128	0.006947094487	-0.001562564046	-0.0179540576	-0.04173166235
	-0.05527073569	-0.03793601491	-0.01441854202	0.002351088379	0.01122036757
	0.01499741268	0.01634231202	0.01677416729	0.01694278917	0.01706443094
	0.0171903375	0.01732341925	0.01745764787	0.0175879914	0.01771155333
	0.01782689317	0.01793334831	0.01803062805	0.01811860899	0.01819724057
	0.01826650361	0.01832639273	0.01837690943	0.01841806044	0.01844986114
	0.01847234822	0.01848561703	0.01848992716	0.01028095062	0.01067179095
	0.01204220844	0.01417437768	0.01746499355	0.02537034164	0.05226385282
	0.1408837638	0.3562013598	0.5126823311	0.2717224932	0.09968673358
	0.04288697276	0.02139453282	0.01504843845	0.01720363733	0.02639559958
	0.04359742487	0.06572646205	0.07381941157	0.02797544746	-0.08483348665
	-0.1644581406	-0.114945481	-0.08500824512	-0.06002073084	-0.03929426811
	-0.02446735515	-0.01162496706	-0.001067778377	0.004227009465	0.00624688456
	0.006908304917	0.007058830363	0.006979433799	0.006648680949	0.005730705176
	0.003232928536	-0.003471886732	-0.02095026627	-0.06427218663	-0.1630139193
	-0.3574669246	-0.5642240644	0.1741890229	2.538464878	6.717252091
	9.442204294	6.181843438	2.770821205	1.003153964	0.3261702445
	0.1034835265	0.03635198764	0.0180890443	0.01490926092	0.01660389696
	0.01955394115	0.02153646488	0.02129480239	0.01928314208	0.01679402536
	0.01477565106	0.01351803212	0.01289499242	0.0126286874	0.01237560178
	0.01161141591	0.009265183982	0.002959914279	-0.0121707564	-0.04385768645
	-0.09554311812	-0.1273727996	-0.0845035967	-0.03569136996	-0.004784161507
	0.009772901768	0.01515346371	0.01669072583	0.01700419621	0.01705865871
	0.01711564911	0.01721126833	0.01733152036	0.01746064524	0.01758904698
	0.01771189789	0.0178269889	0.0179333636	0.01803062222	0.0181186019
	0.01819723821	0.01826650731	0.01832640239	0.01837692455	0.01841808046
	0.01844988536	0.01847237576	0.01848564679	0.01848995771	0.008903731485
	0.0091242196	0.009966409666	0.01155543571	0.01484408873	0.02369235343
	0.05241680217	0.1465423908	0.388670508	0.6274636762	0.3341186601
	0.1130681572	0.04634869762	0.02214800866	0.01409396783	0.01416033199
	0.01897084694	0.0276491949	0.03720540546	0.03739715042	0.01161719817
	-0.04042890248	-0.07532257408	-0.05946753046	-0.04548721638	-0.0329447661
	-0.02206163906	-0.01346528084	-0.005305235516	0.00151621199	0.005079056915
	0.00648713868	0.006962055993	0.007059387576	0.0069440531	0.00652035424
	0.005308502071	0.001880117783	-0.00777087962	-0.03451281821	-0.1063795912
	-0.2899504833	-0.7355881642	-1.503509285	-0.4497597875	3.089768229
	10.16046862	15.91212523	9.360248078	3.687528482	1.174376084
	0.3374078265	0.09552645661	0.03150137634	0.01725329061	0.01735380055
	0.0223693872	0.0285848143	0.03237823572	0.03132034481	0.02670309025
	0.02140535163	0.01727931275	0.0147353624	0.01341998311	0.01278588464
	0.01225463108	0.01101466912	0.007374463975	-0.002727714959	-0.02867414223
	-0.08880560489	-0.2027691385	-0.2798778582	-0.170067354	-0.06895914863
	-0.01333128931	0.009311869629	0.0161873638	0.01749164503	0.01742234984
	0.01724384888	0.01719051384	0.01723983216	0.01734196881	0.01746432132
	0.01759027596	0.01771227137	0.01782707697	0.01793336519	0.01803060431
	0.01811858558	0.01819722911	0.01826650617	0.01832640863	0.01837693733
	0.01841809898	0.01844990879	0.01847240312	0.01848567675	0.01848998863
	0.008106995979	0.008246849445	0.008826191926	0.01013221858	0.01329522569
	0.02175166169	0.04655708287	0.1221958229	0.303373513	0.4925613344
	0.2958581312	0.1045626655	0.04153836382	0.02035296253	0.01294622099
	0.01213659346	0.01450095671	0.01869810185	0.02254965659	0.02083775703
	0.006877160773	-0.01737989542	-0.03322101778	-0.02843535522	-0.02195354294
	-0.01568683637	-0.01006595412	-0.005247003567	-0.0004165539829	0.003613253567
	0.005807818188	0.006719352092	0.007031517791	0.007072922858	0.006915410827
	0.006392780518	0.00486998148	0.0004188532334	-0.01267190492	-0.0511806275
	-0.1636969883	-0.4881271956	-1.494053086	-3.849992406	-2.113443263
	2.344810207	11.09366392	22.20136931	12.25894606	4.098941378
	1.102211807	0.2647059151	0.06235180814	0.01987986738	0.01558954163
	0.02191502726	0.03322281399	0.04598876769	0.05344230569	0.05040745971
	0.04029796998	0.02947754078	0.02146582793	0.01669018211	0.01424334829
	0.01305283553	0.01215352814	0.0103348934	0.005061521364	-0.01024764971
	-0.05283553779	-0.1643746426	-0.4213158687	-0.6152142609	-0.3232549308
	-0.1154210055	-0.0193143503	0.012382963	0.01912588802	0.01907287511
	0.01811734909	0.01751901205	0.01729297716	0.01727650691	0.0173547043
	0.01746860336	0.01759164345	0.01771266126	0.01782715423	0.01793335316
	0.01803057523	0.01811856096	0.01819721402	0.01826650076	0.01832641185
	0.01837694809	0.01841811631	0.0184499318	0.01847243074	0.01848570751
	0.01849002053	0.007653016227	0.007751933454	0.008183240669	0.009273797862
	0.01208075661	0.01928424105	0.03783639939	0.08822970863	0.1954408154
	0.2967150023	0.1977340612	0.07988833151	0.03330399464	0.01732049871
	0.01179771104	0.01092204318	0.01206043479	0.01397892412	0.01529633388
	0.01351201866	0.006053839577	-0.005406599298	-0.01280779939	-0.01154981842
	-0.008559950482	-0.005409607983	-0.002482919987	0.0001816914952	0.002871991521
	0.005097458375	0.006362144277	0.006913476142	0.007098545237	0.007090991452
	0.006894025425	0.006282191109	0.004478776589	-0.0009247919732	-0.01741097792
	-0.06873470034	-0.2336112159	-0.8021774317	-3.39565596	-10.60042993
	-5.870316824	-0.9114304777	5.701214874	18.06488622	11.20040066
	3.124221662	0.6038231225	0.07733847294	0.0002545728524	0.001723916775
	0.01403457484	0.03058690474	0.053486495	0.07945120358	0.09440158835
	0.08661878099	0.06494265141	0.04335702596	0.02829608949	0.01973276352
	0.01548365946	0.01347319006	0.01210825268	0.009656967608	0.002567836833
	-0.01906965589	-0.08489791501	-0.2853596611	-0.8816119207	-1.389498696
	-0.5833024355	-0.1628614616	-0.00936024057	0.0246649849	0.02567547
	0.02184821855	0.0191706013	0.01789518745	0.01742270911	0.01732027285
	0.01736919876	0.01747328252	0.01759307739	0.01771304586	0.0178272158
	0.01793332766	0.01803053629	0.01811852937	0.01819719398	0.01826649181
	0.01832641257	0.01837695719	0.01841813278	0.01844995478	0.01847245916
	0.01848573975	0.0184900542	0.007397488213	0.007471766249	0.007800739749
	0.008673047358	0.0109147122	0.01638569696	0.02906100131	0.05919072313
	0.1156111033	0.1616608045	0.1161936165	0.05454300623	0.02543521329
	0.01461536475	0.01096588254	0.01044662024	0.01111017396	0.01187718609
	0.01199848545	0.01046392856	0.006396491484	0.0008506281591	-0.002711105235
	-0.0025126731	-0.001145160316	0.000440356833	0.001971302245	0.00342347921
	0.004869408525	0.006052702332	0.006748826332	0.007061580602	0.007155705112
	0.007110220208	0.006882953795	0.006208131138	0.00421390608	-0.00183216801
	-0.02064379507	-0.08119044571	-0.2880234022	-1.089150247	-5.278314947
	-28.47435861	-15.81693111	-6.176576857	-7.561418261	14.86908864
	6.907148703	0.4428754914	-0.3650647742	-0.2164010678	-0.08412080096
	-0.02002849556	0.01448763704	0.04663246811	0.09074203104	0.1435166926
	0.1740563807	0.1549426986	0.1090006629	0.06670237755	0.03912219097
	0.02430545931	0.01727439408	0.01409238013	0.01216465699	0.009122206495
	0.000417067487	-0.02731917394	-0.1194666265	-0.4525138235	-1.798182443
	-3.182074751	-0.9701921809	-0.1512297566	0.05214703544	0.05677218135
	0.03807066769	0.02615967826	0.02060127079	0.01835945128	0.01757193166
	0.01736801587	0.01738436874	0.01747800911	0.01759447192	0.01771339624
	0.01782725583	0.01793328912	0.01803048921	0.01811849241	0.01819717023
	0.01826648018	0.01832641137	0.01837696503	0.01841814872	0.01844997809
	0.01847248894	0.01848577432	0.01849009064	0.007255201799	0.007311510582
	0.007558583424	0.008214999186	0.009845220145	0.0136110055	0.02169972496
	0.03871883312	0.06671835146	0.08641458962	0.06602064491	0.03581592255
	0.01928424798	0.01263921628	0.01063209846	0.01079009459	0.01150978996
	0.01162711617	0.01094974807	0.009456086867	0.007007337977	0.00416592194
	0.0023689945	0.00228227556	0.002893305412	0.003679215745	0.004470546785
	0.005249903882	0.006015163689	0.006633226828	0.007003337252	0.007168116743
	0.007201533192	0.007129824989	0.006885373079	0.006186520776	0.00414077112
	-0.002022055357	-0.02102855359	-0.08111473851	-0.2774712205	-0.952656352
	-3.491042228	-15.44356882	-31.73348459	-11.68684206	-30.26586159
	19.74148941	-0.5945014212	-4.454976119	-1.737920818	-0.5659061801
	-0.173213023	-0.03989776339	0.01970352998	0.07488449703	0.1576974688
	0.2651395586	0.3285176319	0.2825819868	0.186218008	0.1048569942
	0.05567772846	0.03089800903	0.01973904134	0.01494548367	0.01236575237
	0.008896238744	-0.0006382856055	-0.03122831098	-0.1352301006	-0.5254164982
	-2.198507641	-5.520719649	-1.310127524	0.09415917896	0.2334812034
	0.1219178864	0.05765797978	0.03188032601	0.02228195785	0.01886033914
	0.01772355807	0.01741448833	0.01739866253	0.01748233618	0.01759570309
	0.01771368122	0.01782726886	0.01793323856	0.01803043612	0.01811845198
	0.01819714417	0.01826646685	0.01832640886	0.01837697199	0.01841816439
	0.01845000208	0.01847252071	0.01848581226	0.01849013115	0.007177042626
	0.007218920028	0.007398695031	0.007866149461	0.008975604173	0.0114044492
	0.01631234471	0.02560939672	0.03912359146	0.04738011634	0.03823666975
	0.02383672337	0.0150278928	0.01143236876	0.01095462296	0.01225305166
	0.01358480163	0.01313381762	0.01144472882	0.009535765343	0.007653177591
	0.005974233355	0.00497126064	0.004819962057	0.005072403643	0.005438659554
	0.005827518466	0.006240796231	0.006649548949	0.006973075332	0.007164353893
	0.007241946471	0.007237257683	0.007149860373	0.00690241664	0.006222244626
	0.00427525766	-0.001454914125	-0.01859019735	-0.0703083604	-0.2270335702
	-0.7005738822	-2.111941341	-6.173456741	-11.94555292	-4.76591657
	-2.213735546	65.06087027	-14.7581706	-14.05471368	-3.425406488
	-0.8832532814	-0.241478254	-0.05118010331	0.03272681138	0.1215925314
	0.2739941263	0.4919890382	0.6250016897	0.5166273093	0.317583786
	0.1648183904	0.07985120306	0.03992640239	0.02294458848	0.01603871719
	0.01272907007	0.00907372397	-0.0001461208468	-0.02843181441	-0.1179368017
	-0.4056326325	-1.302732185	-2.910703264	-0.7116332923	0.7698382714
	0.5701410882	0.216895344	0.08121493256	0.03785668331	0.02387669423
	0.01930668497	0.01785342454	0.01745330776	0.01741038884	0.01748581644
	0.01759665592	0.0177138745	0.01782725158	0.01793317794	0.01803037958
	0.01811841019	0.0181971173	0.01826645279	0.01832640564	0.01837697837
	0.01841817993	0.01845002694	0.01847255503	0.01848585486	0.01849017758
	0.00713511903	0.007165431811	0.007292117244	0.007611341021	0.008334593245
	0.009840443132	0.01271698503	0.01768469594	0.02413557235	0.02759863441
	0.02348163696	0.01673504914	0.01236271815	0.0109586054	0.01214123985
	0.01545945521	0.01830644884	0.01694293973	0.01338373605	0.01035216989
	0.008318227363	0.007017872507	0.00633565596	0.006166898624	0.006240410727
	0.006371181692	0.006528297329	0.006750068987	0.006985729379	0.007164432229
	0.007262624086	0.007291715484	0.007264781326	0.007170164155	0.006932130143
	0.00630682426	0.004578659332	-0.0003184273419	-0.01429257461	-0.053917008
	-0.1639391191	-0.456557476	-1.171668201	-2.590955624	-3.150132509
	3.762975882	8.63248039	223.1182785	-18.09995838	-26.85037471
	-4.670072215	-1.00965751	-0.2603133703	-0.04841508431	0.05573113026
	0.1929126969	0.4650945033	0.8996169625	1.179413216	0.9310466335
	0.5309650166	0.2539792677	0.1130403523	0.05150358623	0.02683314717
	0.01732872664	0.01322827502	0.009601316542	0.001578317321	-0.02124846234
	-0.08650189858	-0.2634778447	-0.6754489725	-1.163552757	-0.06184951912
	1.266596136	0.8302193189	0.288815641	0.09804501466	0.0419061315
	0.02492419435	0.01959723585	0.01793847581	0.01747904334	0.01741823285
	0.01748812838	0.0175972549	0.01771396193	0.01782720442	0.01793311036
	0.01803032254	0.01811836925	0.01819709115	0.01826643898	0.01832640223
	0.01837698434	0.01841819529	0.01845005262	0.01847259234	0.01848590372
	0.01849023266	0.007113578825	0.007135075972	0.007222361672	0.007434681819
	0.007894560124	0.008807198818	0.01045662758	0.0130772271	0.01615694189
	0.01763630012	0.01579349364	0.01272930253	0.0108702563	0.01114921987
	0.01443361356	0.02141923697	0.02755888356	0.02429594676	0.01703971651
	0.01181370032	0.0090332388	0.007676286492	0.007074463284	0.006886942731
	0.006859666719	0.006837134039	0.006842512714	0.00697398162	0.007144949417
	0.007263654693	0.007318814925	0.007323936746	0.007285663598	0.007189923629
	0.006969728257	0.006421523814	0.004977673711	0.001094933118	-0.009313489825
	-0.03656795302	-0.1045095095	-0.2585066071	-0.5398063594	-0.7282167043
	0.9888632061	10.33373912	15.72339478	-32.88794854	-13.04377275
	-17.52814772	-3.182933596	-0.7863292426	-0.2191539839	-0.03153683491
	0.08826723066	0.2905171822	0.7498043334	1.575781703	2.155146035
	1.618274939	0.852822023	0.3763044478	0.154911882	0.06511037045
	0.03114619935	0.01870780234	0.013795449	0.01032228023	0.003859743721
	-0.01288519759	-0.05589797632	-0.15578007	-0.3386206439	-0.4645791537
	0.1291465402	1.033141739	0.7460953381	0.2805023489	0.0984224257
	0.04238485337	0.02513307416	0.01967756063	0.01796804469	0.01748951349
	0.01742173519	0.01748917771	0.0175974855	0.01771394583	0.01782713224
	0.0179330401	0.01803026817	0.01811833138	0.0181970672	0.01826642631
	0.01832639905	0.01837698994	0.01841821015	0.01845007864	0.01847263267
	0.01848596076	0.01849030089	0.007103280295	0.007118496	0.00717840562
	0.007318792401	0.007609619825	0.008159696646	0.00909951711	0.01048266318
	0.01197340633	0.01263619675	0.01184296505	0.01056858648	0.01016892965
	0.01187589981	0.01791898556	0.03117124102	0.04401965406	0.03695878547
	0.02277935597	0.0138635822	0.009798750548	0.008131704768	0.007489094744
	0.00727420899	0.007179765023	0.007038907908	0.006928239003	0.007025767005
	0.007196547721	0.007303829766	0.007345370802	0.007342740887	0.007300799897
	0.007207691023	0.007008653713	0.00654277056	0.005389304704	0.002495983522
	-0.004631441436	-0.0213220524	-0.05657966802	-0.1151239766	-0.1421272803
	0.2249481619	2.443825826	9.769228203	20.39589011	-8.499909678
	-14.81741479	-6.903921467	-1.592873688	-0.5198790394	-0.1604878058
	-0.008444408323	0.1258621045	0.4039812467	1.102581434	2.512095324
	3.645906922	2.62348121	1.282474288	0.5250043767	0.2017344383
	0.07928039301	0.03537926876	0.02000432942	0.01433786789	0.01105764061
	0.00608212951	-0.005486721241	-0.03217879159	-0.08588421224	-0.1647698219
	-0.1823889709	0.1286535481	0.611466784	0.4961340088	0.2174314284
	0.08573036404	0.03985976399	0.02462425516	0.01957724442	0.01794979366
	0.01748674592	0.01742144176	0.01748911762	0.01759739543	0.01771384425
	0.01782704372	0.01793297217	0.01803021967	0.01811829869	0.01819704679
	0.01826641557	0.01832639642	0.01837699498	0.01841822383	0.01845010388
	0.01847267515	0.01848602793	0.01849039033	0.007098909962	0.007110017252
	0.007152396547	0.00724798192	0.007437298318	0.00777813509	0.008327992834
	0.009081608153	0.009836876566	0.01016759371	0.009865576502	0.009470864741
	0.009945101086	0.01288088774	0.0220600347	0.04398565944	0.06862993106
	0.05578698061	0.03044745087	0.01625767568	0.01053861043	0.0084525786
	0.007723412659	0.007479485233	0.007336830571	0.007101043276	0.006900505161
	0.006989586279	0.007188623713	0.007307149304	0.007350233609	0.007350721126
	0.007310584936	0.007221663623	0.007041844997	0.006647090425	0.005738385199
	0.003653753111	-0.0009071915096	-0.009799256754	-0.02270970735	-0.02260655243
	0.08162298326	0.6355416055	2.595130863	7.260082908	12.60994523
	2.734744038	-4.775613949	-2.710980976	-0.9127776616	-0.3497044744
	-0.1125857287	0.01323450133	0.1611311001	0.5079502115	1.418695062
	3.367000718	5.243855669	3.76341783	1.747799048	0.6745348892
	0.2453340045	0.09156471382	0.03882393674	0.02100740182	0.01475890929
	0.01165858969	0.007842361777	-2.984238325e-05	-0.01631849145	-0.04477391376
	-0.07775686686	-0.06661408431	0.09606091238	0.3323114615	0.297271902
	0.1537091847	0.070245428	0.03630428629	0.02380575871	0.01938650647
	0.01790467462	0.01747578272	0.01741860376	0.01748827074	0.01759707366
	0.01771368509	0.0178269496	0.01793291177	0.01803018002	0.018118273
	0.01819703106	0.01826640739	0.01832639451	0.01837699916	0.01841823531
	0.01845012634	0.01847271715	0.01848610601	0.01849051703	0.007097522708
	0.007106287162	0.007139108823	0.007210689583	0.007346849397	0.007581073343
	0.007939419644	0.008401003748	0.00883859665	0.009041537985	0.00895975009
	0.008979549013	0.009950753222	0.01377151017	0.02541960799	0.05473036847
	0.09324998479	0.076480106	0.03825685829	0.01835563557	0.01108277671
	0.008641532035	0.007840732111	0.007577280225	0.007405907109	0.007105913202
	0.006843466208	0.006932857265	0.007161780259	0.007294731198	0.00734248097
	0.007350906967	0.007315438273	0.007230081719	0.007062866568	0.006714526805
	0.005965582629	0.00440481583	0.001468340024	-0.002663451746	-0.002656284513
	0.02845856745	0.1904000742	0.7772836445	2.400107386	5.469251167
	8.044175018	3.680303368	-1.363840357	-1.368409752	-0.6068832056
	-0.254217356	-0.08175853983	0.0291189063	0.1872395512	0.5782842144
	1.600276043	3.751383802	5.943379507	4.517448018	2.095365698
	0.7832773743	0.2746293116	0.09907658174	0.04073726203	0.02151775937
	0.0149777556	0.01202165071	0.008924084112	0.003199037441	-0.007495388281
	-0.02374785585	-0.03786323518	-0.02120149672	0.07298181132	0.1980657604
	0.1906001739	0.1134967958	0.05902930631	0.0334410108	0.02308278186
	0.01920091059	0.01785552906	0.01746217964	0.01741460282	0.017486992
	0.01759661664	0.0177134974	0.01782686025	0.01793286349	0.01803015165
	0.01811825578	0.01819702089	0.01826640222	0.0183263934	0.01837700205
	0.01841824333	0.01845014305	0.0184727528	0.01848619019	0.01849071594
	0.007097902036	0.007105622866	0.007135834198	0.007200605276	0.007321377941
	0.007524443831	0.00782678977	0.008203993289	0.008551557079	0.008719019809
	0.00870122139	0.00885444177	0.01001912107	0.01420505544	0.02661736898
	0.05739411819	0.1016574241	0.08742903114	0.04239322669	0.01917281787
	0.01121836388	0.008675272677	0.007865157753	0.007600903394	0.007425918429
	0.007110346708	0.006816909263	0.006899307123	0.007146081836	0.007288231478
	0.007336643473	0.007348809765	0.007316301701	0.007231556175	0.007066618764
	0.006730109239	0.006028197413	0.004636956335	0.00225725649	-0.0001863500841
	0.004482891466	0.04674025891	0.2282627166	0.8200924032	2.311832202
	4.863616325	6.671409825	3.541262111	-0.5775757294	-0.9990351058
	-0.50401407	-0.2189387263	-0.06877330738	0.03730323639	0.2009670444
	0.6085572289	1.650041188	3.78700074	6.025516853	4.76594696
	2.230858324	0.8172971705	0.2802678032	0.09955537083	0.04060165765
	0.0214119873	0.01494517717	0.01208190133	0.009211470632	0.004138418821
	-0.004858950592	-0.0174714841	-0.02617966612	-0.008437472302	0.06619303906
	0.1600117665	0.1581391429	0.09967347568	0.05457360789	0.03211176725
	0.02268677713	0.01907995491	0.01781734766	0.01744972112	0.01741041064
	0.01748553912	0.01759609658	0.01771330335	0.0178267835	0.01793283065
	0.01803013627	0.01811824798	0.01819701684	0.01826640036	0.01832639313
	0.01837700332	0.01841824672	0.01845015062	0.01847277183	0.01848625574
	0.01849106935	