3131	
	1.293277628	1.002454508	0.5688743671	0.3082391046	0.3129448508
	0.6950320006	1.190760195	1.09130314	0.6653580942	0.5645431567
	0.930555017	1.329201677	1.055627592	0.4643185639	0.138641493
	0.1024997275	0.1878113863	0.2082216832	0.1489168613	0.1450997594
	0.161195703	0.2134858338	0.5840906025	1.022707237	0.6611471318
	0.3515756662	0.2575705669	0.2897448671	0.4552635821	0.7537968641
	0.9545635664	0.9300807019	1.000934043	1.158135258	1.244152717
	1.217083053	1.118691064	1.012660664	0.9429712751	0.9041938245
	0.830657582	0.6726841588	0.4907998108	0.3827303706	0.3368364991
	0.2656814671	0.1598028082	0.05775174527	-0.01286021501	-0.03309229842
	-0.006894960543	0.03855495293	0.09006541236	0.1504989138	0.2337955177
	0.4158493848	0.5616083083	0.4375712842	0.2089407902	0.09716406479
	0.07575041644	0.07253209815	0.07027581177	0.06806137209	0.06600734208
	0.0642160753	0.0629362941	0.0623259891	0.06224492979	0.06237753683
	0.06252258173	0.06264990984	0.0627756431	0.06298426061	0.06349896809
	0.0645465621	0.06612223708	0.06792150719	0.06951360164	0.07060528039
	0.07118400638	0.0714789927	0.07180251443	0.07235271349	0.07310433824
	0.07386838009	0.07444938536	0.07476069348	0.07484390309	0.07483016459
	0.07487160391	0.07505980379	0.07537926743	0.07573408229	0.07602238519
	0.07619229776	0.07624449951	0.07620677797	0.07611835395	0.07602760723
	0.07599028394	1.207042261	0.9746349327	0.5628736804	0.3069841914
	0.2958372709	0.6115143106	1.049734425	0.9815844267	0.5872578281
	0.4722222781	0.7810910925	1.156632084	0.9619921269	0.4336016751
	0.1267453616	0.1113325814	0.2437340646	0.3061743907	0.2354246343
	0.2210238992	0.2475883342	0.3173142731	0.7089858859	1.200209705
	0.832563792	0.4060128083	0.2639853322	0.2809288689	0.431378003
	0.7083834551	0.9240937131	0.9360736916	1.019530484	1.184547307
	1.269360646	1.236117904	1.138546154	1.041866098	0.9819801326
	0.945245634	0.8688795878	0.7104220694	0.5291395975	0.4194247353
	0.3705274424	0.2921415989	0.1737830976	0.06067770335	-0.01642777375
	-0.03953501594	-0.01206284976	0.03713562463	0.09219417839	0.1601579961
	0.2566003006	0.4354524878	0.5878806243	0.483324943	0.2496405752
	0.1161329841	0.08221301645	0.0745538237	0.07081732531	0.06818544395
	0.06604459059	0.06423132095	0.06292081792	0.06227180597	0.06216706161
	0.06230217319	0.06246558166	0.06261395893	0.06275748203	0.06297531813
	0.06348606361	0.06451847631	0.0660762633	0.06786459053	0.0694568192
	0.07055670674	0.07114662613	0.07145188369	0.07178282476	0.0723386377
	0.0730964579	0.07386787368	0.07445592763	0.07477249571	0.07485849067
	0.07484461577	0.07488331251	0.07506775844	0.07538430711	0.07573774514
	0.07602558635	0.07619510037	0.07624677571	0.07620859952	0.07611975439
	0.07602825698	0.07598742603	1.050981763	0.8775816409	0.5301180735
	0.3008557157	0.2707328742	0.4789430834	0.7747505943	0.705234644
	0.3804458896	0.2674326757	0.4906126786	0.7863235349	0.695954426
	0.3282104282	0.09493374936	0.133841907	0.3946782237	0.5858221046
	0.4941007969	0.4549052034	0.4917189866	0.5493919687	0.9518706521
	1.478239788	1.121895669	0.5335485032	0.2808789972	0.2574254106
	0.3738491403	0.6040333367	0.8198127983	0.914180706	1.062891953
	1.254494486	1.329622695	1.274001633	1.174843534	1.103935507
	1.075472256	1.047984071	0.9607828465	0.7970570309	0.6233118787
	0.5228471976	0.4727376244	0.3740925953	0.2196828376	0.07331061982
	-0.0240804244	-0.05598240265	-0.02618000909	0.03257366517	0.096576073
	0.1766671702	0.2923520625	0.4794144823	0.6478713262	0.5860222187
	0.349136044	0.1732427511	0.1040100479	0.08107504191	0.07243541724
	0.06852010521	0.066122686	0.06425715229	0.06288503402	0.06214866053
	0.06197549995	0.06209850365	0.06229999134	0.06250380438	0.06269310188
	0.06293455714	0.06344377146	0.0644530197	0.06597607194	0.06773332607
	0.06931081937	0.07041502064	0.07102400906	0.07135722958	0.07171876355
	0.0723027685	0.07308411485	0.07387386698	0.07447511316	0.07480031707
	0.07489098772	0.07487795538	0.07491412479	0.0750939633	0.07540520386
	0.07575349415	0.07603679337	0.07620263776	0.07625160767	0.07621147936
	0.07612102332	0.0760279648	0.07598541658	0.8802520908	0.7516841473
	0.4804732621	0.293993057	0.2590243789	0.3805273575	0.5454226314
	0.4572391521	0.1761833558	0.05661956717	0.2117651982	0.4321827923
	0.4198448052	0.2086379914	0.0543500136	0.150603476	0.5900309758
	0.9891068593	0.875961784	0.8220097146	0.872047705	0.7920376265
	1.018890848	1.440143325	1.148542337	0.5675720895	0.2691011243
	0.217875548	0.2961812585	0.4684083673	0.6730970909	0.8592813411
	1.103890469	1.329576606	1.378194983	1.283882624	1.179800652
	1.14310757	1.154998001	1.13320424	1.029878818	0.8693165224
	0.7203341776	0.6512775649	0.6194574728	0.505200964	0.3009587802
	0.1023191934	-0.02833276606	-0.07634408693	-0.04576210104	0.0271343052
	0.1044103125	0.1970902815	0.3136702768	0.4959667064	0.6991248645
	0.7012290848	0.4592836722	0.2396817148	0.1305514364	0.08879812505
	0.07411846041	0.06874854052	0.06613392877	0.06425495784	0.06282657261
	0.06198385561	0.06171692957	0.06181484205	0.06206167137	0.06234006669
	0.06259316654	0.06286940248	0.06338161996	0.06436597336	0.0658460808
	0.06755970513	0.06911083226	0.0702139207	0.0708451174	0.07121743283
	0.07162550978	0.07225371734	0.07307089287	0.07388646212	0.07450462917
	0.07484016481	0.07493638662	0.07492476017	0.07495867061	0.07513353006
	0.07543799177	0.07577854039	0.07605427375	0.07621387266	0.07625833604
	0.07621498406	0.07612192568	0.0760267404	0.07598299723	0.714319386
	0.621563255	0.4234185597	0.2881270522	0.2663751167	0.3488886253
	0.4559241533	0.3783174187	0.09832165034	-0.08052005959	0.01335464883
	0.1888548963	0.224429928	0.1180871941	0.01610836143	0.131947472
	0.7230983657	1.327459582	1.204027751	1.19405678	1.298000757
	0.9488083873	0.8058134593	1.040170418	0.8724945479	0.449127492
	0.2105369499	0.1659470277	0.2140558051	0.3282499125	0.5186316977
	0.7919053461	1.127656948	1.36348203	1.357990846	1.213645569
	1.100962151	1.09009002	1.122298128	1.079312055	0.9636506859
	0.8436800513	0.7482563445	0.7336552034	0.7535413181	0.6580569359
	0.4145366791	0.1553906672	-0.01763941882	-0.08867415179	-0.0621209662
	0.02518698976	0.118221325	0.2333657562	0.3335571755	0.4758688186
	0.7007767583	0.771233062	0.5303779438	0.2855884886	0.1498151662
	0.09376814766	0.07464777011	0.06848944087	0.06594105919	0.0641673096
	0.0627318292	0.06180240999	0.06144547628	0.06151334773	0.06180038767
	0.06215296696	0.06247358995	0.06279052029	0.06331262608	0.06427835721
	0.06571867407	0.06738675712	0.06890554583	0.07000134809	0.07065200668
	0.07106538374	0.0715255255	0.07220432833	0.07306209799	0.07390566467
	0.07454093883	0.07488617455	0.07498740902	0.07497714788	0.07500919404
	0.0751794617	0.07547695105	0.07580872389	0.07607533155	0.07622717433
	0.07626595769	0.07621845268	0.07612200548	0.07602420967	0.07597935576
	0.5446121391	0.4862439064	0.3599774044	0.2829346644	0.2911351383
	0.38209012	0.5327933295	0.5752855437	0.2751976324	-0.1236658056
	-0.1407855709	0.03721323865	0.1141593919	0.06600211461	-0.008587861338
	0.07447891292	0.7084359966	1.410253326	1.278665963	1.36235976
	1.558089788	0.9737212178	0.4590092442	0.5077559005	0.4826674112
	0.2602708407	0.1288098726	0.1124203292	0.1380216023	0.1883553185
	0.3437261698	0.6908032609	1.099831429	1.308757419	1.231253303
	1.042843317	0.9218725178	0.9139177659	0.9195896404	0.8048216044
	0.6874260192	0.6760409435	0.6683939627	0.7123924675	0.8039442588
	0.7815786287	0.5421023583	0.2325188173	0.01623891229	-0.07945935913
	-0.06211017096	0.0311927802	0.135745024	0.3046551171	0.3964506486
	0.4629946244	0.6540176927	0.7696101216	0.549414691	0.3000750675
	0.1548143122	0.09315919963	0.07308384437	0.0674214973	0.06540843564
	0.06392634015	0.06257482409	0.06161649282	0.06120427069	0.06124978371
	0.06156424865	0.06197371349	0.06235191808	0.06270998864	0.06325077825
	0.06421162653	0.06562638547	0.06725820342	0.06874567311	0.06982844407
	0.07049011926	0.07093664506	0.07144290193	0.07216811538	0.07306296792
	0.07393092536	0.07457970553	0.07493157749	0.07503578972	0.07502618736
	0.07505691946	0.07522387071	0.07551564144	0.07583933315	0.07609688467
	0.07624067629	0.07627333889	0.07622113872	0.07612071661	0.07601988873
	0.07597386427	0.3840267276	0.3518261601	0.2893455922	0.2754863324
	0.3262075533	0.4520452306	0.7336329424	1.080693774	0.7520400927
	-0.2358706193	-0.3982238922	-0.07681524711	0.0690316518	0.04775400708
	-0.01105192868	0.02609801529	0.5599141303	1.236200012	1.180738779
	1.283770969	1.426464943	0.8319461097	0.1750529169	0.1030707647
	0.1721598033	0.105775501	0.06169418594	0.06961155393	0.07723811801
	0.05707240726	0.1329064342	0.506152381	0.9620017354	1.133262626
	1.004773282	0.8017706071	0.6813407171	0.6601732919	0.6113068554
	0.396078705	0.2747232413	0.4181680329	0.5127902123	0.5925859901
	0.7378515585	0.8266997251	0.654670333	0.3211424999	0.06965689083
	-0.04454596339	-0.03739623284	0.04655550785	0.1497826224	0.4223972674
	0.5461987852	0.5253076858	0.6176831597	0.7122967515	0.5251734434
	0.2862565974	0.1442449178	0.08604960828	0.06903903743	0.06534597994
	0.06441552787	0.06345942968	0.06231943494	0.06142130143	0.06101399633
	0.06105858783	0.0613871171	0.06182715099	0.06224415565	0.06263965894
	0.06320871521	0.06418318126	0.06559431567	0.0672077592	0.06867129457
	0.06973678353	0.07039704826	0.07086068713	0.07139729048	0.0721555962
	0.07307689684	0.07396072721	0.07461627629	0.07496973703	0.07507364424
	0.07506341555	0.07509353894	0.07525930009	0.07554798842	0.07586593551
	0.07611604504	0.07625264566	0.07627944267	0.07622236721	0.07611756633
	0.07601335303	0.07596606011	0.2547133145	0.2383897963	0.2231397901
	0.2680521715	0.3611506965	0.5005466831	0.8738888118	1.627370806
	1.483923928	-0.3877818605	-0.7177379459	-0.1174116504	0.09316663918
	0.06078822426	0.006428874615	0.0234069577	0.3877980709	0.9188931503
	1.060807922	1.091737737	0.9696391555	0.5460476715	0.01812385016
	-0.1010766625	-0.003042230266	0.01845465428	0.0251340707	0.04423925985
	0.04405703783	-0.01830025072	-0.02033599521	0.3112186153	0.7387179663
	0.8687872932	0.7328564168	0.5500817601	0.4425066098	0.4135349667
	0.3429097856	0.09261356536	-0.03923659664	0.2059477648	0.3586181985
	0.4357217369	0.5972199584	0.7893270323	0.7315436062	0.4016861209
	0.1262475663	0.003297916746	0.005867632396	0.07978896438	0.1870510211
	0.5872336163	0.7824477968	0.6928377872	0.6499617446	0.6403450223
	0.4596893141	0.2452144782	0.1199935102	0.07324340358	0.06258764772
	0.06212878809	0.06283638356	0.06268720991	0.06192242512	0.06119626821
	0.06086952925	0.06094606275	0.0612817694	0.06172726612	0.06216251935
	0.06258972022	0.06319571958	0.06420283108	0.06563435797	0.06725080602
	0.06870153459	0.06974755397	0.07039294002	0.07085358491	0.07139907163
	0.07217154622	0.07310423591	0.07399244777	0.07464622008	0.0749951023
	0.07509468496	0.07508218936	0.0751125505	0.0752799096	0.0755692357
	0.0758850748	0.07613058544	0.0762617734	0.07628351052	0.07622166851
	0.0761122401	0.07600436253	0.07595570409	0.1648987054	0.1596757207
	0.1785117612	0.2736580637	0.397124191	0.4892732967	0.7551195069
	1.649963787	2.255058905	0.2605124869	-0.3710360429	0.1506419212
	0.2252687087	0.1074178347	0.03527642105	0.04331078635	0.2604137201
	0.5832533606	0.7975790648	0.8060001877	0.5481224718	0.2780124445
	-0.04778326544	-0.1750756979	-0.09640608299	-0.02957850581	0.01222963047
	0.03629962368	0.04421978769	0.003501471964	0.006608593449	0.2636452645
	0.5505570738	0.6078218756	0.4850731507	0.3365401473	0.2463896892
	0.2239498548	0.189472427	0.03789568633	-0.05390107489	0.1633342352
	0.2690412496	0.3060771623	0.4762030982	0.7363882081	0.7768273102
	0.4577700028	0.1655850988	0.04225370534	0.05235939028	0.1493652982
	0.3204605893	0.7839511416	1.018467383	0.9120899022	0.7392379129
	0.5798205492	0.3697988547	0.1849917802	0.08693862176	0.0562002716
	0.05370719342	0.05749656319	0.0604804897	0.06151232069	0.06133521887
	0.06090906677	0.06074277624	0.06089094141	0.06123868652	0.0616754374
	0.06211389562	0.06256731454	0.06321612652	0.06427072201	0.0657424244
	0.06738064669	0.06882976548	0.06985620772	0.07047556002	0.07091428187
	0.07144702091	0.07221384888	0.07314199319	0.07402261052	0.07466590848
	0.07500398942	0.07509514567	0.07507869649	0.07511025673	0.0752823521
	0.07557662647	0.07589474163	0.07613923064	0.07626734377	0.0762851696
	0.07621886665	0.07610469143	0.07599295104	0.07594284636	0.1077474998
	0.1150903388	0.1660350256	0.3093961065	0.4568006481	0.4578243883
	0.4527764196	0.9788020463	2.22088641	1.36512514	0.8813964894
	0.8408928985	0.4769683119	0.1869440269	0.07089112513	0.06010331509
	0.1766363245	0.3481287352	0.4917168356	0.5071612923	0.3191020108
	0.1340621423	-0.07263137722	-0.2052457397	-0.1720100966	-0.06777802891
	0.01865140044	0.04550988709	0.06859438439	0.09778001427	0.1823627786
	0.3661366121	0.4577207718	0.4203415183	0.3030929315	0.1779309151
	0.09777424302	0.08837934123	0.114204474	0.1309176637	0.1896865257
	0.3138531529	0.2667344838	0.2338981326	0.4433538568	0.757570993
	0.8096095631	0.4801059885	0.1726206285	0.05587521439	0.08592884996
	0.2333309155	0.5013299986	0.9090570233	1.104533653	1.058570418
	0.8052791572	0.5081822861	0.2663786043	0.1144145867	0.04743824252
	0.0341841328	0.0412426359	0.05071484599	0.05700578284	0.05980200892
	0.06050495811	0.0605219886	0.06059098693	0.06085180783	0.06123031276
	0.0616614618	0.0620991091	0.0625754372	0.06326859351	0.06437738412
	0.06589954023	0.06757052736	0.06902592918	0.0700343789	0.07062156498
	0.07102542206	0.07152897294	0.07227413397	0.07318447508	0.07404750835
	0.07467310515	0.07499515256	0.07507436259	0.07505254714	0.07508632656
	0.075266248	0.07556974977	0.07589458689	0.07614176688	0.07626928479
	0.07628446484	0.07621411587	0.07609518745	0.07597947389	0.0759278665
	0.06488797454	0.0900657042	0.18464868	0.3866240141	0.570606555
	0.488993846	0.2143788516	0.1811753425	1.263752297	1.54427076
	1.9603468	1.600669157	0.7777656382	0.2917479266	0.1137799089
	0.07089118289	0.1210463154	0.2152125852	0.2892476249	0.2847936208
	0.1739192584	0.05624981161	-0.09053958767	-0.2448638603	-0.2736503601
	-0.1062154449	0.06138385083	0.08143400578	0.105360593	0.2166831594
	0.4215514965	0.5633543365	0.464262387	0.3252888644	0.1917938283
	0.0658966421	-0.01920114968	-0.01578975621	0.07273240824	0.2470550042
	0.5327721315	0.6149800877	0.3603376017	0.2270506587	0.482874132
	0.8419147208	0.8280057422	0.463099079	0.1411926819	0.03816209362
	0.09487832399	0.2863351241	0.6054724514	0.8997935134	1.02238096
	1.050147586	0.7591251838	0.3803055093	0.1374863454	0.02607555467
	-0.006818947449	0.001003984792	0.02175994993	0.04023130151	0.05182444105
	0.05737018549	0.05937674111	0.0600016677	0.06037090794	0.06078144566
	0.06122106722	0.06166795253	0.06211366788	0.06261273233	0.06334680531
	0.06450638638	0.06607699111	0.06778114222	0.06924535183	0.07023841861
	0.07079349459	0.07115839608	0.07162519698	0.07233996643	0.07322468637
	0.07406407697	0.07466749845	0.07497011621	0.07503499324	0.07500691871
	0.07504388267	0.07523422586	0.07555054168	0.07588589184	0.07613899578
	0.07626812442	0.07628182985	0.07620788772	0.07608430567	0.07596460614
	0.07591146943	0.01098240976	0.05955038783	0.2084017455	0.4852488607
	0.7447837964	0.6474313896	0.1927957261	-0.2283036964	0.3088300158
	0.6638273538	1.821043457	1.922024369	1.03601167	0.4207177428
	0.1689413693	0.08082816204	0.08162547292	0.1329947974	0.1667767583
	0.1390750741	0.06624012439	0.001530279208	-0.1095224201	-0.303278542
	-0.4066145121	-0.1135279055	0.1973843838	0.1701429555	0.1490543281
	0.3280842526	0.6969868713	0.8854222926	0.5994302843	0.3229454864
	0.1396061944	-0.0154688855	-0.121012852	-0.1040346194	0.05686870116
	0.3940467962	0.9179831152	1.010101542	0.5423401049	0.2879887338
	0.5447264676	0.9093789379	0.8201501206	0.4090493259	0.07898880579
	-0.004620006098	0.07850794938	0.2985616278	0.6469766088	0.918177264
	0.9643439277	0.9315238802	0.5790184093	0.1785920558	-0.03505946878
	-0.1042491309	-0.09784721359	-0.05715540194	-0.01145913743	0.02334142453
	0.04402095108	0.05396521166	0.0578982033	0.05933115539	0.06005644216
	0.06064545918	0.06118135702	0.06167761733	0.06215022664	0.06267449915
	0.06344164472	0.0646391586	0.06624437148	0.06797155354	0.06944125797
	0.07042169062	0.0709502033	0.07128108714	0.07171356573	0.07239803369
	0.07325615361	0.07407082201	0.07465106837	0.07493320638	0.07498283258
	0.07494822571	0.07498909798	0.07519152573	0.07552295224	0.0758713182
	0.07613256098	0.07626487574	0.07627800969	0.07620091243	0.07607287987
	0.07594928642	0.0758946281	-0.08003338691	0.002320939376	0.2073707692
	0.5521032519	0.9232052307	0.9313883271	0.4247308774	-0.1634731332
	-0.1037956208	-0.2050983932	0.8097082775	1.680536001	1.227278347
	0.589997921	0.245523074	0.0962423741	0.05435014389	0.08083147357
	0.0973051	0.06219908217	0.01012763094	-0.02639312753	-0.1168735913
	-0.3360545016	-0.4738507752	0.05277688336	0.5482050208	0.3438599157
	0.1862179978	0.3845669688	0.9324633057	1.292260611	0.8672733466
	0.4077175241	0.1372476916	-0.07464537326	-0.2107212784	-0.1762163403
	0.05298650528	0.532097667	1.235932983	1.341408879	0.7129789559
	0.3754626175	0.5942942493	0.92386991	0.7817536959	0.3341016023
	0.01214772062	-0.05169065033	0.0472867252	0.2705971368	0.6033224664
	0.9105456863	0.9358832089	0.7467915096	0.3211641944	-0.06635032338
	-0.2640733048	-0.3159529458	-0.2641514056	-0.1641795961	-0.06947766161
	-0.004095073834	0.03231251524	0.04927488764	0.05602757575	0.05852029449
	0.05965301599	0.06043795327	0.0611001398	0.06168050306	0.06220167172
	0.06275438181	0.06354395529	0.06476034456	0.06637801389	0.06811014807
	0.06957702034	0.0705466963	0.07105751989	0.07136612017	0.07177518523
	0.07243756328	0.07327473364	0.07406855046	0.07462813942	0.07489118089
	0.07492616053	0.07488528642	0.07493030673	0.07514518768	0.07549230275
	0.0758544592	0.07612466378	0.07626086232	0.07627394198	0.07619407728
	0.07606189701	0.07593460795	0.07587847301	-0.2242732258	-0.08721396293
	0.1780878379	0.5435608391	0.9769686702	1.186624363	0.7937643457
	0.1857667945	-0.1027325772	-0.5902320506	-0.09776857491	1.126105898
	1.327676829	0.7958119739	0.3481894129	0.1260403839	0.0451298198
	0.05917109558	0.07213910739	0.03839914703	-0.0029428487	-0.02981244077
	-0.09816434049	-0.2659922178	-0.2638480556	0.6518651672	1.248207255
	0.5969612853	0.1784496509	0.3250551974	0.9676789756	1.548252199
	1.163071307	0.5608188988	0.1865351411	-0.1004624362	-0.270429262
	-0.2160551428	0.04533245907	0.5593709114	1.276094689	1.372332798
	0.7237281842	0.4221422997	0.624585954	0.8833457295	0.7027897511
	0.2634560544	-0.02603002939	-0.0759332256	0.02094754056	0.2192988829
	0.4771191059	0.7195553815	0.7493908984	0.4979949706	0.07033904646
	-0.314775241	-0.5799902735	-0.680451079	-0.5716913548	-0.3586921596
	-0.1688822822	-0.04773293019	0.0151316249	0.04297449286	0.05374966002
	0.05761059352	0.05920131064	0.06018620832	0.06098950794	0.06167726084
	0.0622629801	0.06284572602	0.06364660772	0.06486159977	0.06646694374
	0.06818234103	0.0696347348	0.07059372958	0.07109625155	0.07139743076
	0.07179904282	0.07245310402	0.07327991746	0.07406063873	0.07460496835
	0.07485237148	0.07487458893	0.07482801409	0.07487670046	0.07510290479
	0.07546439476	0.07583922778	0.0761176849	0.0762574914	0.07627060113
	0.07618828895	0.07605235463	0.07592166828	0.07586414002	-0.3886606068
	-0.1795507065	0.1554324596	0.4745932915	0.8123925523	1.167843104
	1.06143042	0.5284784511	0.06990537081	-0.5226283021	-0.4104356201
	0.5808402676	1.216680681	0.9431626182	0.4596095222	0.1866844962
	0.07988441171	0.08497803782	0.08988337626	0.04869456307	0.005203175764
	-0.02175376437	-0.05930198347	-0.09604166134	0.2282059133	1.587434156
	2.093399342	0.794511588	0.07526857917	0.1448861302	0.7374869482
	1.419065932	1.284952269	0.7286506961	0.2911822102	-0.05799035606
	-0.2649571096	-0.2045204894	0.03877519789	0.4714544221	1.029629236
	1.082021707	0.5877859742	0.4494787262	0.684994942	0.8445100169
	0.6114992447	0.2201292763	-0.01735150411	-0.05880268112	0.02038783552
	0.1745629218	0.3498603245	0.4824191412	0.4750679912	0.2578228766
	-0.11821607	-0.5818282172	-1.086007124	-1.346826361	-1.137882844
	-0.7009635852	-0.3322327983	-0.1141485802	-0.009010623148	0.03485895943
	0.05110806009	0.05667492772	0.05876849375	0.05994183931	0.06087894259
	0.06167680656	0.06233100795	0.06294211266	0.06374517192	0.06494256281
	0.06651457809	0.06819315667	0.06961846212	0.07056450919	0.07106593372
	0.07137364868	0.07178449735	0.07244590074	0.07327519372	0.07405262367
	0.07458878689	0.07482534625	0.07483749146	0.07478577808	0.07483678531
	0.07507170611	0.07544449533	0.07582915879	0.07611375311	0.07625599611
	0.07626882174	0.07618431708	0.07604509969	0.07591140074	0.07585259974
	-0.4452822056	-0.1881240498	0.2129235322	0.4334613893	0.5121866648
	0.8182585081	1.147090671	0.9288670589	0.4605930126	-0.08487933247
	-0.1464657648	0.4047924908	0.9780084828	0.9255301576	0.5432955655
	0.3044846603	0.2147715267	0.2001427608	0.159717868	0.08280118216
	0.01991388824	-0.01590164783	-0.02782715109	0.05312175184	0.590745732
	2.026056179	2.299264619	0.668105404	-0.1378508519	-0.07653471735
	0.3896337741	0.9788724499	1.104455614	0.8017033791	0.4201608554
	0.07791607807	-0.171820863	-0.141459465	0.04333754793	0.3468077064
	0.704213747	0.7371547154	0.4848686992	0.5376647034	0.8114367626
	0.8571918438	0.5453079961	0.2079444666	0.03392617497	0.005905244803
	0.06112652757	0.1584921008	0.25221466	0.2925296707	0.2387034631
	0.07819988137	-0.2593248586	-0.9700043918	-2.033062239	-2.619848108
	-2.165936322	-1.277151424	-0.5850830271	-0.2086807674	-0.04067246116
	0.02509334605	0.04825831948	0.05581550547	0.05843200082	0.05976374489
	0.06080335271	0.06169077462	0.06240333789	0.06303766502	0.06383765404
	0.06500930142	0.06653620542	0.06816456676	0.06955206952	0.07048071625
	0.07098401476	0.07130772643	0.07174101035	0.0724234241	0.07326724404
	0.07405106373	0.07458637611	0.07481726651	0.07482225946	0.07476571218
	0.07481687364	0.07505670746	0.07543638231	0.07582675029	0.07611433694
	0.07625719286	0.07626913399	0.07618264943	0.07604068009	0.07590441987
	0.07584450026	-0.2496314595	-0.005097994443	0.437825571	0.5365892414
	0.2814585469	0.3297885852	0.9526160542	1.285619801	0.9916164576
	0.4866028374	0.3258390526	0.5620579249	0.8388660583	0.7854770734
	0.5825904961	0.496241369	0.503098509	0.449747798	0.2918999368
	0.1357497419	0.03440050027	-0.02058997483	-0.02330820326	0.1042218882
	0.5740955596	1.544430682	1.527301499	0.1797553267	-0.3872218865
	-0.2583007817	0.09765522591	0.5049408523	0.7342356348	0.772956976
	0.5839296481	0.2892259197	-0.02262021616	-0.05329350235	0.05737165916
	0.2448574413	0.4539054728	0.5019060678	0.4585915804	0.6459755834
	0.9186274614	0.8688478126	0.4925987149	0.211752971	0.1170061236
	0.1241057526	0.1585174957	0.1874004505	0.1938171316	0.1547015539
	0.06394490063	-0.05309827638	-0.4007468974	-1.66200953	-3.907019346
	-5.04712655	-3.95964418	-2.183669306	-0.9439100703	-0.3305534142
	-0.07803629411	0.01455583828	0.04552812576	0.05516063298	0.05826293214
	0.05970144271	0.0607919457	0.06172901114	0.0624781549	0.0631281608
	0.06392442277	0.06507173224	0.06655381314	0.06812881104	0.06947247863
	0.07037801302	0.07088089926	0.0712230564	0.07168522475	0.07239713183
	0.07326409179	0.07406186823	0.07460245262	0.07483228439	0.07483275644
	0.07477132321	0.07481991652	0.07506018321	0.07544164876	0.07583298838
	0.07611995528	0.07626131504	0.07627165408	0.07618339472	0.07603924293
	0.0759009142	0.07584005677	0.08964957257	0.3284843197	0.8356338085
	0.8445178944	0.2846048011	0.01919414487	0.5785498888	1.246823668
	1.282363376	0.9156456653	0.7077015039	0.7325037266	0.7177720859
	0.6140128642	0.5970126991	0.7265464005	0.9005130555	0.8014226637
	0.4656127822	0.1961212404	0.04400677076	-0.03608622673	-0.03473850755
	0.1040847504	0.3690893256	0.7497667697	0.5233711498	-0.3042546457
	-0.5657539885	-0.3936058684	-0.104659356	0.161639234	0.3667642645
	0.7720301038	0.9700159789	0.5983265423	0.1346287214	0.02939427415
	0.07369890952	0.1789801466	0.2993869004	0.3620026206	0.43679756
	0.6786499856	0.911059128	0.80597939	0.4199771675	0.2145820498
	0.2282502577	0.3115546694	0.3347034987	0.2747656989	0.1835425588
	0.07837648639	-0.0415841267	-0.1505760731	-0.5643307882	-2.82957431
	-7.342841126	-9.315044202	-6.799698854	-3.451058477	-1.387237935
	-0.4649848152	-0.1152282805	0.005112279259	0.04343988063	0.05485333546
	0.05831240424	0.05978409585	0.06086214838	0.06179832672	0.06255582638
	0.06321312128	0.06400892694	0.06514146643	0.06659032817	0.06811972177
	0.0694198298	0.07029664673	0.07079184747	0.07114702687	0.07163619907
	0.07237909245	0.073272709	0.07408854362	0.07463830756	0.07487041879
	0.07486837272	0.07480173073	0.07484493118	0.07508115465	0.07545941945
	0.07584717039	0.07613008551	0.07626797418	0.07627606502	0.07618626193
	0.07604050627	0.07590061207	0.07583901358	0.3213714221	0.5770567486
	1.192437992	1.227678636	0.4868450489	0.01692878341	0.3321937148
	0.9811319891	1.263745245	1.111770406	0.9399468465	0.8699168142
	0.7089749116	0.5627942429	0.6260338717	0.8953324909	1.221817413
	1.111377137	0.6170153925	0.2410106342	0.04051707322	-0.06174022562
	-0.02535504579	0.1633260536	0.2167152481	0.1930611376	-0.08442666883
	-0.5272039951	-0.6588885047	-0.5443463493	-0.2747463697	-0.04141269284
	0.1215447121	0.7222285923	1.490130467	1.050410754	0.313805807
	0.1010060859	0.08966838958	0.1431388126	0.2131330125	0.2736797721
	0.3859100027	0.6218142872	0.8051686242	0.6754483044	0.3234689642
	0.2039025902	0.3577613376	0.5732083752	0.6031827321	0.4237830799
	0.2154104492	0.05253863415	-0.0908916555	-0.2268973994	-0.7195801865
	-4.16336221	-11.9736195	-15.19924697	-10.39216582	-4.853599875
	-1.810267127	-0.5757340505	-0.1417124518	-0.0005126074052	0.04262742659
	0.05502097974	0.05860009495	0.06001528993	0.06101788594	0.06190322629
	0.06264076005	0.06329763508	0.06409849922	0.06523034815	0.06666468683
	0.0681642575	0.06942689543	0.07027071975	0.070747579	0.07110366146
	0.07161015252	0.07237849502	0.07329682993	0.07413092208	0.07469115181
	0.07492728388	0.07492397472	0.07485174559	0.07488715683	0.07511557983
	0.07548653798	0.07586706715	0.07614329471	0.07627626262	0.07628169627
	0.0761906238	0.07604381275	0.07590282981	0.07584068841	0.4997511975
	0.6859203102	1.242379136	1.357769536	0.665611851	0.1443932335
	0.2563820553	0.7275527727	1.055001698	1.035660581	0.9527383281
	0.9315322177	0.7979864582	0.6414945939	0.6644107451	0.9088933366
	1.25822537	1.198278256	0.6733340974	0.2471721488	0.009876796696
	-0.1179961655	0.03485850931	0.4153489982	0.2175375478	-0.08567376782
	-0.3199822214	-0.5509100718	-0.7350344773	-0.8029941684	-0.494217847
	-0.157006735	0.04811855815	0.6527601128	1.761364974	1.503223993
	0.547901778	0.1721004002	0.1066504673	0.1315105556	0.1721344328
	0.2145521088	0.3156446626	0.5167638976	0.6727392449	0.5307448313
	0.211995382	0.1501699886	0.4622542237	0.8449635455	0.9117987563
	0.6018956298	0.26471377	0.04825402358	-0.111242845	-0.2859077587
	-0.7919607191	-4.013640593	-13.1048927	-18.60559238	-12.72604386
	-5.66335274	-2.00010631	-0.6088440525	-0.144991272	0.0003693570934
	0.04360297802	0.05572350863	0.05910478198	0.06037183087	0.06124954226
	0.06204596068	0.06274138525	0.0633921584	0.06420375807	0.06534880382
	0.06678807439	0.06827603169	0.06951049838	0.07031905644	0.07076615519
	0.07110738981	0.07161624082	0.07239910801	0.07333567975	0.07418482167
	0.07475443432	0.07499481545	0.0749908154	0.07491280092	0.07493891635
	0.07515710218	0.07551817427	0.07588937604	0.07615755207	0.07628496412
	0.0762876773	0.0761956465	0.07604825216	0.07590659189	0.07584409012
	0.6571718556	0.7515227731	1.047058312	1.110238503	0.6394987837
	0.218399041	0.2302218327	0.5191026227	0.726592043	0.669714568
	0.6645780103	0.8049231918	0.8309207818	0.7299673421	0.6734109375
	0.779288478	1.010881007	0.9984559294	0.5922112504	0.205929987
	-0.05657654512	-0.2466744371	0.1406189145	1.019583217	0.4165539316
	-0.217586344	-0.394086453	-0.5119141143	-0.8438884205	-1.231631856
	-0.828505071	-0.2307018759	0.09128681057	0.6022554918	1.567666765
	1.499366877	0.65873368	0.2168274526	0.1241390367	0.1469090917
	0.1707447707	0.1794614201	0.2475656433	0.408347245	0.570303448
	0.4186826307	0.05359390608	0.00369990084	0.4947620894	0.9835130849
	1.101040008	0.7188314494	0.2890331316	0.03063842649	-0.1432535985
	-0.341825839	-0.7737150314	-0.8136797995	-2.31078201	-10.83277085
	-10.00851041	-4.82841994	-1.729421926	-0.5217621129	-0.1178426271
	0.008818526352	0.04643940324	0.05690000203	0.05976110826	0.06080676216
	0.06153478844	0.06222495312	0.06286748178	0.06350962747	0.06433588132
	0.06550334816	0.06696134681	0.06845205838	0.06966728496	0.07044042999
	0.07084856368	0.07115971347	0.0716545179	0.07243839318	0.07338400031
	0.07424277032	0.0748190767	0.0750628238	0.07505819729	0.07497453795
	0.07499100904	0.07519820104	0.07554871269	0.07591034688	0.07617063084
	0.07629280516	0.07629311609	0.07620044868	0.07605282302	0.07591079701
	0.07584808546	0.6465268389	0.6981164902	0.7867140815	0.7403426929
	0.4598866734	0.1978557054	0.1926853233	0.3555894208	0.4141963196
	0.2552223668	0.2754504163	0.5415335567	0.7408103499	0.7496893803
	0.6389805244	0.5954541223	0.6803669208	0.6764896615	0.4281318467
	0.141173857	-0.1227028743	-0.3998954905	0.2825086247	2.036731119
	0.8351778464	-0.2995760436	-0.4449293565	-0.4908809218	-0.947438665
	-1.684590404	-1.183194767	-0.2083734445	0.2210606542	0.5428866376
	1.062166967	0.9980815735	0.5023127071	0.1958969596	0.1466923673
	0.2100691877	0.2263731784	0.1734145949	0.203003851	0.3462424263
	0.5582143362	0.4504150788	-0.02147928547	-0.09537604423	0.5100950322
	0.9059158331	1.027780798	0.6823634273	0.2489740123	-0.03622884273
	-0.2807644889	-0.6632612478	-1.460964945	1.485354022	14.63221159
	7.513719952	-1.655346933	-2.226562166	-1.014675231	-0.3303543306
	-0.06628506673	0.02298731167	0.05058382744	0.05835407194	0.06046933893
	0.06125834802	0.06184186817	0.06243320813	0.06302624648	0.06366109267
	0.06450282186	0.06569411279	0.06717435721	0.0686735951	0.06987511146
	0.07061461969	0.07097927207	0.07124958661	0.07171649249	0.07248840411
	0.07343330738	0.07429556595	0.07487526682	0.07512094749	0.07511547053
	0.07502669074	0.0750343498	0.07523151596	0.07557273677	0.07592643881
	0.0761804978	0.07629867679	0.07629725257	0.07620425002	0.07605659773
	0.07591439663	0.07585158166	0.4927953547	0.5078662908	0.4951649956
	0.40957784	0.2518859756	0.126219972	0.1496641067	0.2615954354
	0.2622889752	0.0982970251	0.09973776206	0.3242489802	0.5912208062
	0.7111085187	0.5819557525	0.4257252129	0.4139139054	0.4080935576
	0.2782179429	0.09516847451	-0.1138674865	-0.3379438219	0.5450347054
	2.980406509	1.265431333	-0.3958012686	-0.5394360268	-0.5136486804
	-0.8730778295	-1.527748019	-1.014237497	0.2098692393	0.527286024
	0.5021454688	0.5272004349	0.3692582229	0.2113255264	0.1332641392
	0.1981385862	0.3662437893	0.3858375341	0.2058831577	0.1892572712
	0.3571849701	0.6790065862	0.7576984707	0.4170236194	0.3015634851
	0.6567989246	0.7225298529	0.7616559504	0.5097419047	0.1461787621
	-0.1714981737	-0.6537970353	-1.862584646	-4.81713931	-4.237236472
	15.54961799	17.12803233	5.274844521	0.3935973087	-0.2410031982
	-0.1184169904	-0.008900240818	0.03864967567	0.0550307288	0.05980899543
	0.06112013974	0.06166473195	0.06213655326	0.06265892697	0.06321944702
	0.06385209594	0.06470660921	0.06591427673	0.06740835719	0.06891136547
	0.07009975443	0.07080888687	0.07113139607	0.07135717051	0.07178791101
	0.07253807547	0.07347396125	0.0743342236	0.07491433274	0.07516051857
	0.075153903	0.07506087177	0.07506153708	0.07525110192	0.07558593365
	0.07593488953	0.07618561868	0.07630178514	0.07629955809	0.07620648185
	0.07605886177	0.07591655425	0.07585369257	0.3227816636	0.296187031
	0.2061819038	0.1132809106	0.06395504475	0.05357713412	0.1252940705
	0.2428413529	0.2564694404	0.1332486005	0.07075551717	0.1619068612
	0.4464351929	0.6734771759	0.547651112	0.3001897218	0.2388342513
	0.2404701022	0.1861908686	0.0849723878	-0.04313638612	-0.1032656413
	0.7717816269	2.913223152	1.188909087	-0.5782529005	-0.7115640172
	-0.5815071345	-0.3684156546	0.1029266574	0.3424976951	1.523906737
	1.133278283	0.5082688388	0.08153176369	-0.183697092	-0.08146848339
	0.07397836444	0.2943700685	0.6434995718	0.7051979703	0.2757265481
	0.1868911425	0.3829458074	0.8145658752	1.141177105	1.057383361
	1.012200117	0.970370386	0.6528216649	0.5074377657	0.3061064042
	0.02409958103	-0.3454547392	-1.235499397	-3.933166737	-10.59448885
	-15.50938637	1.646470151	11.36251414	5.792317987	1.413126711
	0.2062017514	0.02976242055	0.03580929767	0.05163810763	0.05880634814
	0.06101261056	0.06162587422	0.06197969197	0.06239101364	0.06288866048
	0.06344296451	0.0640812773	0.06494308107	0.06615232491	0.06764151205
	0.069133999	0.07030488021	0.07098765728	0.07127469165	0.07145968956
	0.07185286024	0.07257621104	0.07349749263	0.07435185163	0.07493031161
	0.07517599119	0.07516808796	0.07507194494	0.07506808277	0.0752534141
	0.07558578744	0.07593412939	0.07618515713	0.07630173002	0.0762997816
	0.07620685248	0.07605920989	0.07591676237	0.07585386271	0.2154893095
	0.1609221594	0.008073472132	-0.09653683345	-0.05692984835	0.02222357077
	0.1455147457	0.2993138842	0.3389099269	0.2093226956	0.04781791332
	0.01686867613	0.3467936518	0.6934698838	0.5861210873	0.2501285983
	0.1422901586	0.1551358562	0.1517689001	0.1085489265	0.03002393511
	0.03067839666	0.6366827242	1.871084159	0.5632672497	-0.8242199291
	-0.9597653217	-0.7378789409	0.454298998	2.999351052	1.781381649
	3.266278358	1.814286697	0.4857163817	-0.3019205197	-0.6935398878
	-0.3730883084	0.01927691702	0.3866803261	0.9526214081	1.182849381
	0.3563947455	0.1697101814	0.3522461563	0.7801452267	1.222621312
	1.284109861	1.373463269	1.207876464	0.6399257064	0.3112862242
	0.13232183	-0.073056102	-0.4775600117	-1.728500352	-5.694099278
	-14.97828909	-23.24033641	-10.39286847	2.397733419	3.049848355
	1.146401153	0.3026223099	0.0939872141	0.06099629804	0.06000319441
	0.06138978715	0.06182508477	0.06194332227	0.06218284779	0.06259045355
	0.06311092426	0.06368805402	0.06434093406	0.06520343289	0.06639585112
	0.06785546613	0.06931686186	0.07046196542	0.07112220842	0.07138382765
	0.07153764614	0.07189805619	0.0725944091	0.07349866317	0.07434512566
	0.07492102356	0.07516580775	0.07515675551	0.07505882188	0.0750531361
	0.075237889	0.0755719846	0.07592401814	0.0761790812	0.07629853791
	0.07629796336	0.0762053743	0.07605759447	0.07591490439	0.07585193289
	0.1929293643	0.1389710327	-0.02602514428	-0.1437193008	-0.07232641478
	0.05340830566	0.2288505452	0.4432037739	0.5116680583	0.3487275623
	0.1194274593	0.02425331389	0.3825153298	0.8099176151	0.7009661762
	0.3090248506	0.1236030304	0.1315625487	0.1694010589	0.1747220369
	0.1103855963	0.06802117595	0.3494800793	0.8290045591	-0.02923691938
	-0.9848858349	-1.212619795	-1.048767197	0.6359132404	5.011052054
	1.553144103	3.121577785	1.698007319	0.2732283692	-0.5974337881
	-1.132702771	-0.6497295859	-0.02770558	0.4217848784	1.162250333
	1.730409092	0.4867399892	0.1581199199	0.2741159253	0.5602037131
	0.9110070502	1.042062561	1.213785704	1.077708024	0.4481925967
	0.08999432189	-0.005527572775	-0.1189860291	-0.4853988356	-1.776207898
	-5.883195997	-14.83593708	-22.49272604	-14.05130479	-2.553834282
	0.7259029118	0.5790872014	0.2341954818	0.103433161	0.07055829795
	0.06411846894	0.0627795386	0.06223945923	0.06207799732	0.062280371
	0.06273417856	0.063317691	0.06394261588	0.0646180867	0.06547568234
	0.06663424428	0.06803976575	0.06944798816	0.07055703096	0.0711975053
	0.07144458848	0.07157971402	0.07191623185	0.07258924186	0.07347684667
	0.07431515364	0.07488859353	0.0751327136	0.07512298817	0.07502463588
	0.07501962606	0.07520705221	0.07554649125	0.07590589785	0.0761681942
	0.07629267375	0.07629443527	0.07620236227	0.07605432736	0.075911257
	0.07584813918	0.2418792522	0.2184053001	0.1084773434	-0.01692278944
	0.01490991393	0.1412455649	0.3681746548	0.6617259936	0.7608395448
	0.5533873281	0.3030720617	0.2653726324	0.6191538229	1.029454214
	0.8587250665	0.4279828677	0.1694711612	0.1562129132	0.2413078075
	0.3099531846	0.2445355728	0.1189929381	0.1628002922	0.2548094259
	-0.2985515129	-0.9843067966	-1.339864324	-1.370389591	-0.1133588651
	3.790407692	1.131915001	1.411268099	0.6268197031	-0.1190868722
	-0.515546542	-0.9599937678	-0.5823183462	0.04382187024	0.3566966027
	1.07000017	2.096830895	0.9231355456	0.2972769919	0.2250462731
	0.2970221161	0.4565220439	0.5715858398	0.7531865947	0.7074563767
	0.2208594491	-0.0643197941	-0.07405223484	-0.1027477941	-0.342934805
	-1.238891318	-4.163966668	-10.63953001	-15.76669095	-11.10254433
	-3.478285746	-0.3086458712	0.1943781161	0.1467952366	0.0922745532
	0.07168894284	0.06544353389	0.06328709419	0.06234368805	0.06207204365
	0.06229738934	0.06283115408	0.06350299477	0.06419150288	0.06489501307
	0.06574469842	0.06685839018	0.06819194201	0.06952906173	0.07059250934
	0.0712146903	0.07145659703	0.07158513783	0.07190780308	0.07256317236
	0.07343642497	0.07426757212	0.07483936071	0.07508351339	0.07507384739
	0.07497628985	0.07497380363	0.07516612677	0.07551327866	0.07588244584
	0.07615408199	0.07628502883	0.07628980768	0.07619840502	0.07605003756
	0.07590643557	0.07584304188	0.33575017	0.3618755986	0.3607115321
	0.2445098394	0.1827839239	0.2662368144	0.5259076279	0.8816586894
	0.9931426165	0.7394321693	0.4542798635	0.5217793478	0.9182494555
	1.208680264	0.989372542	0.5167982008	0.2276700789	0.2087428654
	0.3692051908	0.5454056946	0.4785900073	0.2403319741	0.1128332581
	0.0300875848	-0.353715561	-0.8726863211	-1.271683942	-1.459707702
	-0.790198858	1.471624015	0.6404399312	0.2175790735	-0.5062153792
	-0.5425891717	0.2559786522	0.8860790014	0.6107207142	0.4570000944
	0.2093716961	0.4293106233	1.853099904	1.559086823	0.6932893385
	0.2626259212	0.1080110398	0.0995219835	0.160282275	0.3150930258
	0.3618610077	0.1103688794	-0.07369778556	-0.05984690374	-0.0408692807
	-0.1008028313	-0.2454989589	-0.8596892569	-3.767179739	-7.581699812
	-6.123583766	-2.390944477	-0.4450095858	0.04126860888	0.09264546611
	0.07976560545	0.06987480209	0.06540870108	0.06329574585	0.06226398766
	0.06198477192	0.06226675877	0.06289320648	0.06366025865	0.06441649018
	0.06514966783	0.0659913572	0.06705796539	0.06831359727	0.06957155707
	0.07058427576	0.07118914131	0.07143223885	0.07156318483	0.07188041675
	0.07252394253	0.07338602216	0.07421173469	0.07478305445	0.07502817813
	0.07501936883	0.07492338354	0.07492421163	0.07512216346	0.07547769616
	0.07585730678	0.07613894577	0.07627685532	0.07628492208	0.07619429966
	0.07604558797	0.07590129299	0.07583738157	0.4607801944	0.538869399
	0.6712797504	0.5832244026	0.3977779397	0.3987314757	0.6510741594
	1.007125542	1.078849766	0.8073598627	0.5768682408	0.6742811676
	1.0666534	1.142917522	0.9336993253	0.5196038888	0.2572152488
	0.2621363604	0.5322444918	0.8766914902	0.8203493261	0.4254428785
	0.1414937622	-0.03531616967	-0.3345862999	-0.7333480385	-1.083230353
	-1.320171078	-1.030758622	0.1103219288	0.03924471553	-0.5428771018
	-1.432273777	-1.030154556	1.054414691	3.601790806	2.692008371
	1.177645522	0.1733041026	-0.1400758608	1.183518086	1.64055505
	1.055893604	0.3476181636	0.007209874437	-0.1101853787	-0.09777767235
	0.03257928917	0.1363144499	0.06462744897	-0.02508981792	-0.01251288147
	0.02835396387	0.1445982826	0.8720947439	3.26671946	4.865797608
	1.120460055	-1.370485099	-0.9084812651	-0.2242754233	0.02301323327
	0.07062204877	0.07182777615	0.06787441952	0.06495983715	0.06311678946
	0.06211953924	0.06187446991	0.06221912083	0.06292967923	0.06378084464
	0.06459739161	0.06535740684	0.06619293109	0.06721910675	0.06840529345
	0.06959017087	0.07055519303	0.07114494341	0.07139229686	0.07152990063
	0.07184649827	0.07248250757	0.07333661727	0.07415896999	0.07473115928
	0.07497822691	0.07497091342	0.07487658594	0.07488018921	0.07508278969
	0.07544554639	0.07583451278	0.07612529878	0.07626961628	0.07628074565
	0.07619094074	0.07604195877	0.07589679797	0.07583184985	0.590898189
	0.7105076945	0.9604439498	0.9071728901	0.5990420194	0.5013046887
	0.7163134328	1.023372909	1.009790681	0.6987831086	0.6165338754
	0.851462351	1.0765867	0.9157223055	0.7464190958	0.4592950903
	0.2580882433	0.295339224	0.6676494927	1.198040863	1.18063857
	0.6203263125	0.1910557731	-0.04668346749	-0.3084259429	-0.6301652032
	-0.9119068412	-1.134298373	-1.039753034	-0.418376614	-0.3652640517
	-1.055713605	-2.117407529	-1.544593	0.8687086799	3.446719864
	2.625281285	1.333072291	0.192354929	-0.3428719493	0.6272485578
	1.113085384	1.090785916	0.4015010239	-0.03701000997	-0.210048437
	-0.2289369381	-0.1122369891	0.0193647233	0.03975384433	0.009706718263
	0.02352583379	0.07778415508	0.3153847417	1.680676856	6.641561903
	12.73729458	8.897871558	2.511394915	0.2842828305	0.01661175443
	0.04617008001	0.06520034016	0.06811559884	0.06659760407	0.06457383704
	0.06294723128	0.06199824705	0.06178643432	0.06217719696	0.06294569489
	0.06385523498	0.06471514163	0.06549490735	0.06632646375	0.06732535282
	0.06846374169	0.06959670387	0.07052743723	0.07110731948	0.07135945389
	0.07150304898	0.07181943786	0.07244998782	0.07329888926	0.07412015624
	0.07469462893	0.07494451278	0.07493903477	0.07484566357	0.07485014012
	0.07505477739	0.07542200509	0.0758177683	0.0761155519	0.07626475145
	0.07627820437	0.07618916483	0.07604011168	0.0758939527	0.07582672213
	0.644476041	0.7773369643	1.075885751	1.060299449	0.6982871895
	0.5417684007	0.729583729	1.012876246	0.9632723507	0.6119899038
	0.5369918247	0.9039120811	1.077772481	0.797716644	0.6410191395
	0.4223411145	0.2545042515	0.3038739874	0.7018854904	1.316528645
	1.359534802	0.7263574037	0.2166552839	-0.04873711107	-0.2992088393
	-0.5955179141	-0.8482411021	-1.049612259	-1.015849728	-0.551332787
	-0.4973282509	-1.208937231	-2.343419792	-1.823008374	0.5555065787
	2.162732633	1.05650948	0.8363807067	0.1675741187	-0.376843626
	0.4294115271	0.7786755869	0.996961803	0.4206290041	-0.05024232718
	-0.2377321439	-0.2685822481	-0.1585838207	-0.01837557473	0.03029011123
	0.02041547751	0.03702748066	0.102604958	0.3975302049	1.935728606
	7.526278428	15.69528401	12.42972219	4.268682762	0.7713761313
	0.1123502684	0.05848975621	0.0646435856	0.06707824825	0.06616694694
	0.06443098593	0.06288361086	0.06195048643	0.06174827743	0.06215458125
	0.06294366304	0.06387627956	0.06475611389	0.06554543269	0.06637459856
	0.06736233037	0.06848300921	0.06959688114	0.07051611417	0.07109514016
	0.07135139307	0.07149662395	0.0718094811	0.07243445642	0.07328046465
	0.07410318756	0.07468145048	0.07493485523	0.07493126431	0.07483754124
	0.07483991251	0.07504273117	0.07541061827	0.07580974763	0.07611156438
	0.07626340286	0.0762779885	0.07618956812	0.07604083903	0.07589389081
	0.07582117013	