3131	
	0.002908461207	0.0001577580024	-0.005945322738	-0.01276808313	-0.01501494978
	-0.01049493408	-0.002927083724	0.003610299636	0.007764638627	0.009934683357
	0.01089239815	0.01122594699	0.01130068994	0.01140264353	0.01200958876
	0.01443233211	0.02261533579	0.04826568198	0.1245823431	0.3367712476
	0.8556547708	1.864448114	3.419707471	5.550888862	7.163919089
	6.830766524	4.895993757	2.649044109	1.165174306	0.4572348305
	0.1723064567	0.06668583366	0.0290596916	0.01596887047	0.01153187787
	0.01011094688	0.009731823961	0.009708601717	0.009804603624	0.009938620565
	0.01008235688	0.01022468839	0.01035967816	0.01048390815	0.01059835718
	0.01071213361	0.01084410516	0.01101790402	0.01125048017	0.01154230819
	0.01187779482	0.01223483501	0.01259504555	0.0129484556	0.01329261214
	0.01362926897	0.01396136223	0.01429129113	0.01462035667	0.01494884869
	0.0152763593	0.01560209492	0.01592510665	0.01624443356	0.01655917979
	0.01686854864	0.01717185167	0.01746850475	0.01775801814	0.01803998482
	0.01831406889	0.01857999504	0.01883753893	0.01908651836	0.01932678528
	0.01955821921	0.01978072247	0.01999421676	0.02019864059	0.02039394673
	0.02058009965	0.02075707317	0.02092484836	0.02108341199	0.02123275524
	0.02137287278	0.02150376208	0.02162542283	0.02173785655	0.02184106617
	0.02193505578	0.0220198303	0.02209539538	0.02216175721	0.02221892277
	0.0222669007	0.02230570448	0.02233536186	0.02235594208	0.02236762989
	0.02237089467	0.001341559636	-0.001667908998	-0.009248311055	-0.01790449966
	-0.0206542111	-0.01468430594	-0.00520092803	0.002626049681	0.007403107726
	0.009818230019	0.01085932738	0.01121726302	0.01129598733	0.01139286787
	0.01198803748	0.01440069242	0.02263009261	0.04862207143	0.1264572103
	0.344722149	0.8887108211	1.981069484	3.6486692	5.76183036
	7.316895254	6.926771437	4.943710981	2.656140401	1.152573754
	0.4458888368	0.1664193845	0.06421915807	0.02812373319	0.01563093183
	0.01141309122	0.01006967147	0.009717125905	0.009702457744	0.00980053369
	0.009933943829	0.01007528567	0.01021306604	0.01034032116	0.01045245493
	0.01055002743	0.01064381599	0.01075727135	0.01092024067	0.01115394082
	0.01145819856	0.01181250565	0.01218893111	0.01256518788	0.01293000628
	0.01328141488	0.01362232789	0.01395680493	0.01428806115	0.01461789944
	0.01494688448	0.01527474608	0.01560075502	0.01592399113	0.01624350641
	0.01655841151	0.01686791387	0.01717132838	0.01746807386	0.01775766324
	0.01803969194	0.01831382633	0.0185797933	0.01883737064	0.0190863781
	0.01932666909	0.01955812393	0.01978064519	0.01999415464	0.0201985909
	0.02039390698	0.02058006774	0.02075704739	0.02092482742	0.02108339489
	0.02123274122	0.02137286126	0.0215037526	0.02162541506	0.0217378502
	0.02184106103	0.02193505167	0.0220198271	0.02209539301	0.02216175568
	0.02221892217	0.02226690141	0.02230570751	0.02233537003	0.02235596421
	0.02236770065	0.02237120789	-0.002515569217	-0.007150440034	-0.01979754602
	-0.03503502091	-0.03981195376	-0.02885762267	-0.01284058798	-0.0007024833326
	0.006142075403	0.00938391523	0.01071907688	0.01116935428	0.01126145609
	0.01131898323	0.01178994901	0.01389526448	0.02145050457	0.04623862259
	0.1231419979	0.3477924645	0.9407002374	2.223159149	4.226219074
	6.431518637	7.789471298	7.16050821	4.998554986	2.635127922
	1.123331343	0.4281618631	0.1582757797	0.06094690684	0.02690082533
	0.01519356575	0.01126126015	0.01001759227	0.009698081639	0.009692783235
	0.009791428415	0.009921034808	0.01005434118	0.01017761629	0.01027995342
	0.01035224754	0.01039290336	0.01041770182	0.01046573111	0.01058904619
	0.01082467996	0.01117070565	0.0115894225	0.01203241543	0.01246375891
	0.01286770413	0.01324396818	0.01359946071	0.01394208752	0.01427785247
	0.01461027754	0.01494087487	0.01526985415	0.01559671397	0.01592063785
	0.01624072505	0.01655610976	0.01686601378	0.01716976286	0.01746678507
	0.01775660158	0.01803881514	0.01831309899	0.01857918671	0.01883686282
	0.01908595324	0.01932631599	0.0195578338	0.01978040981	0.01999396562
	0.02019843992	0.02039378641	0.02057997105	0.02075696937	0.02092476402
	0.02108334304	0.02123269862	0.02137282616	0.02150372365	0.02162539119
	0.02173783059	0.02184104502	0.02193503875	0.02201981691	0.02209538529
	0.02216175034	0.02221891939	0.02226690182	0.02230571274	0.02233538416
	0.02235599771	0.02236778062	0.02237138692	-0.009067394648	-0.01701388491
	-0.04021307541	-0.06996400086	-0.07932027214	-0.05707125439	-0.02721521686
	-0.006622430082	0.003999983239	0.008669409164	0.0104918748	0.01108972998
	0.01119687004	0.0111709588	0.01137922298	0.01279917529	0.01871093919
	0.03997118788	0.1107647118	0.3309803622	0.9525339733	2.410826681
	4.839790028	7.287545736	8.39461464	7.414504393	4.990527622
	2.55407697	1.065427186	0.4002554126	0.1468937548	0.0566691826
	0.02536487728	0.0146588621	0.01107962003	0.009956270716	0.00967517283
	0.009679462783	0.009776625161	0.009898285199	0.01001591156	0.01011050011
	0.0101623432	0.01015188324	0.01007157495	0.009946938332	0.00985161055
	0.009888448074	0.01013062801	0.01057096409	0.0111313303	0.01171730047
	0.01226414994	0.01274817028	0.01317408827	0.01355801073	0.0139161402
	0.0142602597	0.01459734779	0.01493077591	0.01526167684	0.01558997992
	0.01591506149	0.01623610709	0.01655229306	0.0168628663	0.01716717127
	0.01746465183	0.01775484295	0.01803735968	0.01831188679	0.01857816963
	0.018836005	0.01908523043	0.01932571239	0.01955733722	0.01978000783
	0.01999364436	0.02019818485	0.02039358391	0.02057980948	0.02075683944
	0.02092465867	0.021083257	0.02123262796	0.02137276792	0.02150367558
	0.02162535154	0.02173779797	0.02184101836	0.0219350172	0.02201979983
	0.02209537226	0.02216174119	0.02221891428	0.02226690148	0.022305719
	0.02233540108	0.02235603376	0.02236785078	0.02237150013	-0.01834944981
	-0.03177563739	-0.07373536764	-0.131540652	-0.1503456899	-0.1055487997
	-0.05008664095	-0.0153141334	0.001067050158	0.007743632992	0.01020866339
	0.01098928086	0.01110295423	0.0109375451	0.01070991721	0.01094884855
	0.01386592662	0.02811153236	0.08414292755	0.277726274	0.8652428064
	2.339612569	5.001135542	7.767325653	8.756800015	7.444842009
	4.795841525	2.370115725	0.9677571524	0.3597584161	0.1318423152
	0.05134498401	0.02352973364	0.0140383965	0.01087359748	0.009887717724
	0.009648873253	0.009662159576	0.009754928913	0.009862843813	0.009953466764
	0.009997156514	0.009956430102	0.009789402152	0.009473455544	0.009050553177
	0.008664919994	0.00852803321	0.008790166021	0.00942930523	0.01027794796
	0.01114583126	0.01191317721	0.01254512186	0.01305979489	0.01349287636
	0.0138769113	0.01423449629	0.01457882132	0.01491648813	0.01525018732
	0.01558055614	0.01590727961	0.01622967743	0.01654698943	0.01685849952
	0.01716357934	0.01746169541	0.01775240217	0.01803533181	0.01831018554
	0.01857672655	0.01883477181	0.01908417862	0.01932482722	0.01955660793
	0.01977942018	0.01999317883	0.0201978192	0.02039329665	0.02057958229
	0.02075665794	0.02092451213	0.02108313762	0.02123253003	0.02137268724
	0.02150360898	0.02162529657	0.02173775274	0.02184098135	0.02193498724
	0.02201977604	0.02209535402	0.02216172819	0.02221890661	0.0222668998
	0.02230572498	0.02233541803	0.02235606733	0.02236790768	0.02237157724
	-0.02941906442	-0.05042012634	-0.1206639091	-0.2257213599	-0.2629424237
	-0.1791250354	-0.08192387794	-0.0263209543	-0.002347352738	0.006737370713
	0.009916052246	0.01088295275	0.01098232656	0.01060954381	0.009735569673
	0.008156583421	0.006238834887	0.008541885356	0.03782081098	0.1769228952
	0.657236837	1.931255422	4.38112022	7.187718453	8.256276925
	6.878318275	4.271551355	2.052285865	0.8272987131	0.3072440758
	0.1135765295	0.04516906981	0.02146799843	0.01335777601	0.01065183419
	0.009814595633	0.00961966485	0.009640260705	0.00972444509	0.009810157746
	0.009856325362	0.009813066179	0.00960818574	0.009153240597	0.008388842379
	0.007381531698	0.006416870809	0.005936363485	0.006253273952	0.007305687271
	0.008730502692	0.01014160004	0.01131813505	0.01221431647	0.01288158936
	0.01339600783	0.01382124588	0.01419936959	0.01455425357	0.01489784482
	0.01523532519	0.0155684287	0.01589730294	0.0162214613	0.01654023188
	0.01685294879	0.01715902024	0.01745794281	0.01774929606	0.01803273382
	0.01830797877	0.01857482006	0.01883310731	0.01908273169	0.01932359575
	0.01955559218	0.01977860829	0.01999254489	0.0201973298	0.02039291859
	0.02057928748	0.02075642486	0.02092432524	0.02108298596	0.02123240588
	0.02137258506	0.02150352465	0.02162522697	0.02173769543	0.02184093443
	0.02193494921	0.02201974576	0.02209533069	0.02216171133	0.02221889616
	0.02226689625	0.0223057296	0.02233543311	0.02235609611	0.02236795232
	0.02237163225	-0.03977583692	-0.06868223864	-0.171194157	-0.3383303887
	-0.4069737046	-0.2711370637	-0.1186015468	-0.03779023441	-0.005587937725
	0.005855629209	0.009674900315	0.01078880005	0.01084059674	0.01018530611
	0.00842668708	0.004255416266	-0.004909467267	-0.02136657846	-0.03493021244
	0.02051836025	0.3464416383	1.28802507	3.147750207	5.49167786
	6.583109724	5.527397679	3.393399096	1.619440069	0.6562612468
	0.2472631032	0.09352746636	0.03856899512	0.01930670572	0.01265505053
	0.01042569139	0.009740060544	0.009587966312	0.009612783279	0.009682342749
	0.009733317463	0.009707841163	0.009518788542	0.00902746124	0.008049618812
	0.006438549281	0.004290165523	0.002170823651	0.001010696264	0.001468985302
	0.003379419204	0.005950661434	0.008399459831	0.01032557667	0.01168576114
	0.0126099763	0.01325573865	0.01374473846	0.0141532488	0.01452302301
	0.01487458503	0.01521696789	0.01555354122	0.01588511608	0.01621147111
	0.01653205002	0.0168462515	0.01715353098	0.01745342323	0.01774553832
	0.01802955516	0.01830522269	0.0185723677	0.01883089445	0.01908075454
	0.01932188821	0.01955418422	0.01977749768	0.01999169654	0.02019669159
	0.0203924379	0.02057892057	0.02075613935	0.02092409869	0.02108280325
	0.02123225681	0.02137246254	0.02150342358	0.02162514354	0.02173762671
	0.02184087812	0.02193490353	0.0220197093	0.02209530244	0.02216169064
	0.02221888277	0.02226689039	0.02230573204	0.02233544523	0.02235611936
	0.0223679866	0.0223716724	-0.04585721036	-0.07938898896	-0.2024559658
	-0.417611814	-0.5240067326	-0.3492326571	-0.1481465201	-0.04614810145
	-0.007701971153	0.005341896532	0.00954776063	0.01072474985	0.01068739082
	0.009678408456	0.006799448339	-0.0008093799692	-0.02016893481	-0.06470939964
	-0.1444851158	-0.2080358356	-0.04687095906	0.5739539437	1.757245677
	3.40949345	4.348583444	3.777531496	2.365108013	1.153344928
	0.4807845485	0.187248269	0.07372527994	0.03209792081	0.01719920062
	0.01197359541	0.01020746211	0.009667303639	0.009553986378	0.009578240732
	0.009624539215	0.009622178178	0.009482911833	0.009052852318	0.008067996494
	0.006149402507	0.002947532464	-0.001428803749	-0.005859038282	-0.008368474571
	-0.007558647357	-0.003863887215	0.0009846926294	0.005404184363	0.008689564373
	0.01085315542	0.01220251829	0.01305613994	0.01364163919	0.01409404637
	0.01448429396	0.01484629895	0.01519487352	0.01553574627	0.01587064154
	0.01619968246	0.01652245528	0.01683843826	0.01714714649	0.01744816237
	0.01774113096	0.01802575686	0.01830181867	0.01856919857	0.01882789653
	0.01907797779	0.01931945008	0.01955218086	0.01977594838	0.01999054902
	0.02019585903	0.02039183295	0.02057847287	0.02075579898	0.02092383276
	0.02108259075	0.02123208426	0.02137232103	0.02150330694	0.02162504727
	0.02173754739	0.02184081309	0.02193485068	0.02201966703	0.02209526952
	0.02216166622	0.02221886638	0.02226688195	0.02230573186	0.02233545387
	0.02235613713	0.02236801235	0.0223717018	-0.04518873226	-0.07734610135
	-0.1953770005	-0.4069892687	-0.5291359298	-0.3632583472	-0.1543200419
	-0.04746004545	-0.007830885745	0.005381115872	0.009576399267	0.01070383442
	0.01053700473	0.009126055166	0.004955037705	-0.006812950887	-0.03935417834
	-0.1232847496	-0.3025916841	-0.5384528728	-0.5305977397	-0.1216077048
	0.4877464148	1.616866047	2.387825783	2.22204114	1.461007438
	0.7471569296	0.3273631898	0.1342573611	0.05604259614	0.02626081966
	0.01528480883	0.01135255347	0.01000805795	0.009598974215	0.009517543596
	0.009534475913	0.009545300378	0.009462243805	0.009144776542	0.008322266009
	0.006498883658	0.002905482667	-0.003269338083	-0.01199655712	-0.02107153405
	-0.0262722972	-0.02460923184	-0.01719687751	-0.00783272366	0.0003050001987
	0.006027863135	0.00956138202	0.01160113235	0.01277673539	0.01350492929
	0.01401923112	0.01443694604	0.01481231779	0.01516856933	0.01551471319
	0.01585367346	0.01618599137	0.01651141545	0.01682951817	0.0171398903
	0.01744217354	0.01773605027	0.01802124486	0.01829756376	0.01856497226
	0.01882364553	0.01907387271	0.01931578942	0.0195491982	0.01977370281
	0.01998895044	0.02019475219	0.02039106614	0.02057792891	0.02075539877
	0.0209235269	0.02108234953	0.02123188977	0.02137216206	0.02150317608
	0.02162493928	0.02173745838	0.02184074006	0.02193479128	0.02201961939
	0.02209523223	0.02216163823	0.022218847	0.02226687082	0.02230572886
	0.02233545894	0.02235614985	0.02236803113	0.02237172307	-0.03828495254
	-0.06413058477	-0.1562696814	-0.3170111381	-0.4163175805	-0.2989365389
	-0.131526445	-0.04059533721	-0.005810979483	0.005989501024	0.009761500838
	0.01073035827	0.01040810404	0.008593681031	0.003113577359	-0.0130427785
	-0.06036009109	-0.19219455	-0.5035319988	-0.9741047368	-1.102660017
	-0.8108954256	-0.7635634283	0.2610571488	1.020248598	1.134175445
	0.814624063	0.4474124865	0.2098437687	0.09219859401	0.04158645812
	0.02137778741	0.01365710116	0.01081920628	0.009835130342	0.009536702382
	0.009477902228	0.009478469063	0.00943675092	0.009233315273	0.008641194913
	0.00719096305	0.003967173665	-0.002567883216	-0.01425699405	-0.03147228242
	-0.04991785205	-0.06050934939	-0.05681104983	-0.04164677979	-0.02335892542
	-0.008265921186	0.001767991534	0.007594827524	0.01073109135	0.01239312986
	0.01332671609	0.01392587531	0.01437942357	0.01477149219	0.01513713599
	0.01548975563	0.01583375742	0.01617013903	0.01649881136	0.01681945499
	0.01713175995	0.01743544402	0.0177302245	0.01801582452	0.01829206214
	0.01855902788	0.01881722849	0.01906741068	0.01930996421	0.01954451983
	0.01977029502	0.01998663467	0.02019323506	0.02039007474	0.02057726289
	0.02075492981	0.02092317931	0.02108208041	0.0212316749	0.02137198724
	0.02150303244	0.02162482081	0.02173736071	0.02184065987	0.02193472596
	0.0220195669	0.02209519095	0.02216160694	0.02221882479	0.02226685705
	0.02230572306	0.0223354606	0.0223561581	0.0223680442	0.02237173801
	-0.02797879419	-0.04597898085	-0.1074176717	-0.2080946701	-0.2695693105
	-0.2012167524	-0.09293299725	-0.02868874726	-0.002369141928	0.006993999564
	0.01006161497	0.01079961196	0.01032152249	0.008168168672	0.001602491029
	-0.01825217758	-0.07842307002	-0.2541269544	-0.695418206	-1.410456123
	-1.656132776	-1.619055896	-2.613226177	-0.8859749106	0.14755608
	0.4724194557	0.4111171444	0.2509164863	0.1284565367	0.0615631861
	0.03061459639	0.01755425142	0.01235411212	0.01038604264	0.009692244688
	0.009480866824	0.009433659081	0.009406124063	0.009288279178	0.008907897972
	0.007900243743	0.005467546238	-4.461836613e-05	-0.01165411249	-0.0334578382
	-0.06717456945	-0.104561525	-0.1259788441	-0.117498689	-0.08619514518
	-0.05037933994	-0.02243037603	-0.004905987611	0.004673035758	0.009504315859
	0.01187934055	0.01309909818	0.01381068612	0.01430939903	0.01472174731
	0.0150987941	0.01545951196	0.01580997466	0.01615158126	0.01648436449
	0.0168081288	0.01712270502	0.01742791486	0.0177234988	0.01800912468
	0.018284568	0.0185501031	0.01880687781	0.0190565994	0.01930018105
	0.01953682195	0.01976489461	0.01998314508	0.0201910825	0.020388758
	0.02057643405	0.0207543778	0.02092278635	0.0210817837	0.02123144116
	0.0213717983	0.02150287759	0.02162469319	0.0217372555	0.02184057343
	0.02193465549	0.02201951015	0.02209514614	0.02216157268	0.02221879998
	0.02226684082	0.02230571465	0.02233545919	0.02235616252	0.02236805267
	0.02237174796	-0.01728776629	-0.02853507655	-0.06524077626	-0.120897377
	-0.1528600475	-0.1169325377	-0.05597310585	-0.0163065705	0.001412151378
	0.008136950237	0.01041453411	0.01090120676	0.01029555637	0.007934657457
	0.0007605788759	-0.0210542124	-0.0876769808	-0.2846143321	-0.7913084765
	-1.654862713	-2.088912502	-3.181095883	-6.999418156	-2.223273055
	-0.4173936342	0.1021798523	0.18122241	0.1325193829	0.07623248426
	0.04073795963	0.02279524801	0.01472986212	0.01136698101	0.01005222247
	0.009579125856	0.009430629825	0.009382691246	0.009312028538	0.009085794042
	0.008449276827	0.006825944636	0.002895059865	-0.006253862694	-0.02640441773
	-0.06645125195	-0.1319936027	-0.2075942991	-0.2507330182	-0.2312106667
	-0.1665081022	-0.09662760127	-0.04531503212	-0.01507628942	0.0004661135978
	0.007830851079	0.01121274111	0.01281555728	0.01366985484	0.01422302822
	0.01465919887	0.01505011817	0.01542135788	0.01578055857	0.01612926452
	0.01646751745	0.01679527584	0.01711259442	0.01741945185	0.01771558208
	0.01800047298	0.0182737097	0.01853581279	0.01878918285	0.01903758436
	0.01928303875	0.01952367982	0.01975604325	0.01997771442	0.02018793203
	0.02038695979	0.02057538097	0.02075372127	0.02092234218	0.0210814591
	0.02123119	0.02137159698	0.0215027132	0.02162455787	0.02173714393
	0.02184048174	0.02193458064	0.02201944977	0.02209509831	0.02216153584
	0.02221877288	0.0222668224	0.02230570393	0.02233545511	0.02235616376
	0.02236805745	0.022371754	-0.008096464041	-0.0145817033	-0.03495148257
	-0.06349129123	-0.078517082	-0.06050832351	-0.02874384122	-0.006239625021
	0.004740590642	0.009205261696	0.01076390082	0.01102328854	0.01033993216
	0.007944124919	0.0007857773228	-0.02066780735	-0.08492663208	-0.2703417371
	-0.7384366305	-1.555219158	-2.167581463	-4.151111977	-15.35953112
	-4.157719186	-0.7467251931	-0.07760689052	0.06207583483	0.06616703546
	0.04476895685	0.027379916	0.01751929353	0.01275008415	0.01065653333
	0.009807465025	0.009492598771	0.009384170614	0.009322158449	0.009189180867
	0.008810742953	0.007808908681	0.00529326182	-0.0008541188666	-0.01558067889
	-0.04962462782	-0.1217342092	-0.2476901459	-0.3996572783	-0.4860415338
	-0.441667467	-0.3088228256	-0.1739229105	-0.08117598278	-0.03002126461
	-0.00535025288	0.005643231226	0.01038225838	0.01247264641	0.01349831934
	0.01411335443	0.01457641869	0.0149845545	0.0153703354	0.01574221962
	0.01610124646	0.01644724009	0.01678039555	0.01710116954	0.01740980593
	0.01770596968	0.01798869687	0.01825701254	0.01851168562	0.01875756786
	0.01900290042	0.01925210467	0.01950069187	0.01974121978	0.01996908209
	0.02018321703	0.02038444697	0.02057401543	0.0207529301	0.02092183837
	0.02108110568	0.02123092273	0.02137138511	0.02150254099	0.02162441633
	0.02173702728	0.02184038581	0.02193450228	0.02201938645	0.022095048
	0.02216149688	0.02221874389	0.02226680215	0.02230569129	0.02233544887
	0.02235616249	0.02236805938	0.02237175705	-0.001068903368	-0.00459121354
	-0.01535267484	-0.02936336591	-0.03604561844	-0.02719291505	-0.01127332155
	0.0008724762608	0.007300337275	0.0100862504	0.01107379906	0.0111551489
	0.01045165546	0.00819142571	0.001634474168	-0.01739818458	-0.07203773465
	-0.2212258921	-0.5752209385	-1.168540148	-1.639662663	-2.460403542
	-6.929440127	-3.082522644	-0.6211500403	-0.1165642087	0.01052538263
	0.03194888947	0.02690579074	0.01924612298	0.01413094832	0.01142823977
	0.01016982069	0.009636444958	0.009427775994	0.009339022165	0.009248558953
	0.009028697708	0.008438756829	0.0069222673	0.003139775595	-0.006179872503
	-0.02908353512	-0.08465863381	-0.2108682857	-0.4481207761	-0.7491039563
	-0.9198112426	-0.8219238709	-0.5539978211	-0.2986946632	-0.1350601331
	-0.05094406649	-0.01297518912	0.002937161222	0.009399358699	0.01207114542
	0.01328760244	0.01396701081	0.0144590723	0.01488964611	0.01529721501
	0.01568896972	0.01606406255	0.0164217204	0.0167626107	0.0170879795
	0.0173985628	0.01769383754	0.01797181868	0.01823009128	0.01846939681
	0.01869934575	0.01893805395	0.01919524632	0.01945995101	0.01971614532
	0.01995523062	0.02017608118	0.02038088579	0.02057221717	0.02075196484
	0.02092126404	0.02108072196	0.02123064064	0.02137116454	0.02150236274
	0.02162427013	0.02173690683	0.02184028675	0.0219344213	0.02201932093
	0.02209499583	0.02216145631	0.02221871343	0.0222667805	0.02230567718
	0.02233544098	0.02235615933	0.02236805923	0.02237175793	0.003895473784
	0.002067573548	-0.003432894889	-0.01014462495	-0.01302959599	-0.008706351119
	-0.0008714165369	0.005491665568	0.00910414051	0.0107537291	0.01132930962
	0.01128802098	0.01061558381	0.008619326434	0.003055634052	-0.01238433646
	-0.05422249605	-0.1603145893	-0.3911953736	-0.7500420256	-1.036234278
	-1.381403883	-2.637589817	-1.2957027	-0.3722870023	-0.09521846936
	-0.006144233069	0.01591767811	0.01734880143	0.01453196042	0.01205433427
	0.01058651002	0.009852598172	0.009522483047	0.009379159233	0.00929244154
	0.009157871536	0.008819594984	0.007937858041	0.00570162814	0.0001464671574
	-0.01357267847	-0.04782127869	-0.1345035138	-0.3461725261	-0.7774628274
	-1.354881073	-1.682673781	-1.47856582	-0.9571609619	-0.4899018282
	-0.2113643085	-0.07835663225	-0.02228077031	-0.0001740411881	0.00830895145
	0.01161484311	0.01302064475	0.01375761365	0.01427946418	0.01474186892
	0.01518501718	0.01561009844	0.01601168554	0.01638788252	0.0167404624
	0.01707229584	0.0173850859	0.01767791209	0.01794661617	0.0181853281
	0.0183935652	0.01859000749	0.01881481577	0.01908966749	0.01938744242
	0.01967372395	0.0199330339	0.0201652828	0.02037582216	0.02056983215
	0.02075077772	0.02092060672	0.02108030635	0.0212303451	0.02137093722
	0.02150218029	0.02162412086	0.02173678393	0.02184018565	0.02193433861
	0.02201925398	0.02209494244	0.02216141467	0.022218682	0.02226675789
	0.02230566207	0.02233543199	0.02235615494	0.02236805771	0.0223717574
	0.007211933056	0.006296679115	0.003547216427	0.0003727264257	-0.0008563176635
	0.00124932311	0.005071658317	0.008339207529	0.01030299842	0.01123069729
	0.01153004366	0.01141507898	0.01080948865	0.009144274328	0.004722231067
	-0.006913149571	-0.03644013634	-0.1054877908	-0.242428969	-0.4384630133
	-0.5955440011	-0.7522953578	-1.117952578	-0.6142367013	-0.2217330441
	-0.06621224246	-0.008283712858	0.009288623052	0.01255929527	0.01193507835
	0.01084089995	0.01007645847	0.00965676349	0.009450046107	0.009341488239
	0.009241792628	0.009045880543	0.008548931231	0.007266623143	0.004024305132
	-0.004007047041	-0.02371445654	-0.07279177773	-0.2000181514	-0.5325613818
	-1.269716275	-2.310797122	-2.904829156	-2.520779833	-1.570166679
	-0.7603081263	-0.3104095556	-0.1110244859	-0.03254844302	-0.003407282594
	0.007193542559	0.01110369411	0.01266080466	0.01343282734	0.01398422897
	0.01449707282	0.01500282132	0.01548673729	0.01593385056	0.01634065522
	0.0167116206	0.01705300761	0.01736846549	0.01765634034	0.01790805371
	0.01810982029	0.0182560692	0.01838217618	0.01857803638	0.01889280366
	0.01925878186	0.01960254283	0.01989784727	0.02014911502	0.02036867774
	0.02056667865	0.02074931677	0.02091985412	0.02107985779	0.02123003781
	0.02137070524	0.02150199557	0.02162397016	0.02173665994	0.02184008365
	0.02193425515	0.02201918636	0.02209488847	0.02216137253	0.0222186501
	0.02226673482	0.02230564647	0.02233542245	0.02235614993	0.02236805553
	0.02237175617	0.0093390917	0.008893811117	0.007539063648	0.006044033564
	0.005518789606	0.006538248031	0.008389306183	0.01003694014	0.01106857269
	0.01155809989	0.01168299401	0.01153137123	0.01101062166	0.009685736815
	0.006355214125	-0.001914052645	-0.02151839803	-0.06382383025	-0.1406493276
	-0.2428679977	-0.3260541189	-0.40033885	-0.5079074912	-0.3060409919
	-0.1270601898	-0.04111410943	-0.005288793419	0.007159629148	0.01035982847
	0.01058695791	0.01016915038	0.009784734304	0.009543538857	0.0094060839
	0.009310309335	0.009184967427	0.008908868191	0.008202972708	0.00637401037
	0.001717832114	-0.009830198072	-0.03780156776	-0.1055327948	-0.2782917496
	-0.751166582	-1.887870737	-3.565560296	-4.527829394	-3.929936054
	-2.383364965	-1.095949041	-0.4226028315	-0.1446582929	-0.04225269031
	-0.006296263846	0.006159942134	0.01051649482	0.0121300819	0.01288939526
	0.01347094477	0.01407287394	0.01469485769	0.01528612461	0.01581342536
	0.01627189938	0.016672494	0.0170285043	0.01734750122	0.01762662947
	0.01784869628	0.01798248413	0.0180063335	0.0179844383	0.01811981493
	0.01852605313	0.01903267357	0.01948501148	0.01984315661	0.02012539816
	0.02035878161	0.02056256686	0.02074753436	0.02091899741	0.02107937687
	0.02122972113	0.02137047092	0.02150181055	0.02162381965	0.02173653622
	0.02183998188	0.02193417186	0.02201911887	0.02209483459	0.02216133044
	0.02221861825	0.02226671179	0.02230563089	0.02233541294	0.02235614494
	0.02236805335	0.02237175496	0.01066239827	0.01045058671	0.009787663188
	0.009080350455	0.008848391333	0.009332932107	0.01021703154	0.01102727185
	0.01154421856	0.01177690283	0.01179745752	0.01163379778	0.01120073556
	0.01018481075	0.007780862873	0.002163877382	-0.01028476022	-0.03519199097
	-0.07700727998	-0.1294531967	-0.1729790215	-0.2085745046	-0.2390392548
	-0.1535746198	-0.06923048572	-0.02259698076	-0.001245620895	0.006971752686
	0.009487670688	0.009941584615	0.009822575551	0.009630339416	0.009483809768
	0.009380483244	0.009282314393	0.009120893792	0.00874492747	0.007770551699
	0.00520522282	-0.00144626501	-0.0181466818	-0.05827148857	-0.1507264765
	-0.3660925641	-0.9452215016	-2.433144234	-4.665347478	-5.917918559
	-5.285256917	-3.214694441	-1.425107253	-0.5222229875	-0.1711918097
	-0.04912745066	-0.008269816514	0.00529681	0.009776757322	0.01126784068
	0.01192523892	0.01254376749	0.01331639902	0.01416153051	0.01495223865
	0.01562241477	0.01616890738	0.01661773845	0.01699656597	0.01732076574
	0.01758580228	0.01775848165	0.01777074108	0.01755592467	0.01722180325
	0.01722965689	0.01784713369	0.01864202046	0.01929567025	0.01976056995
	0.02009164278	0.02034546456	0.02055733803	0.02074540122	0.02091803573
	0.02107886722	0.02122939843	0.02137023691	0.02150162729	0.02162367102
	0.02173641414	0.02183988147	0.02193408969	0.02201905229	0.02209478147
	0.02216128899	0.02221858695	0.02226668928	0.02230561586	0.022335404
	0.02235614059	0.02236805187	0.02237175446	0.01146650197	0.01136711921
	0.01104180002	0.01070102252	0.01058876329	0.0108079472	0.01121653447
	0.01159677555	0.01183435152	0.01192077092	0.01188232592	0.01172099855
	0.01136827267	0.01060916559	0.008928017657	0.005238761683	-0.002419440689
	-0.01671355139	-0.03913600867	-0.06599244626	-0.08862847239	-0.1056344209
	-0.11324601	-0.07542262006	-0.03496481784	-0.01004405446	0.002317788202
	0.007478773619	0.009248076515	0.009672202727	0.009662559262	0.009558405375
	0.00945695193	0.00936596914	0.009255517467	0.009050146876	0.008556095632
	0.007250122352	0.003721613388	-0.005717067656	-0.03016415293	-0.08992212539
	-0.2226328532	-0.4785451392	-1.046678224	-2.557133286	-4.710493714
	-5.707829675	-5.585130058	-3.628832206	-1.602637493	-0.5680452864
	-0.1802833823	-0.05080912822	-0.008861167516	0.004598087032	0.008694082204
	0.00975417089	0.0101476072	0.01082934618	0.01194563571	0.01322695988
	0.01439093732	0.01531615585	0.0160124398	0.01653969968	0.01695429525
	0.01728681489	0.01753102292	0.01762575935	0.01742892311	0.01675806685
	0.01576655365	0.0155023902	0.01660785021	0.01798497232	0.01900121389
	0.01964069049	0.02004552114	0.0203282431	0.02055092656	0.02074292553
	0.0209169817	0.02107833694	0.0212290745	0.02137000626	0.02150144797
	0.02162352592	0.02173629503	0.02183978352	0.02193400954	0.02201898738
	0.02209472973	0.02216124874	0.02221855672	0.02226666778	0.02230560186
	0.0223353962	0.02235613751	0.02236805178	0.0223717554	0.01194613873
	0.01189932669	0.01173662844	0.01156540533	0.01150068388	0.01158729592
	0.0117611365	0.01192146723	0.01200949651	0.0120148417	0.01194510124
	0.01179308313	0.01150811683	0.01094878584	0.009797012224	0.007429049849
	0.002816799082	-0.005261841589	-0.01721638942	-0.03102241591	-0.04274370981
	-0.05082973218	-0.0520572744	-0.03474002207	-0.01512509191	-0.001973974371
	0.005011383464	0.008126055652	0.009278962988	0.009591971972	0.009604202247
	0.00953343915	0.009449094675	0.009357720432	0.009229304775	0.008975571747
	0.008351152569	0.006661312224	0.001944233142	-0.01122601336	-0.04720782535
	-0.1406429388	-0.3559079448	-0.691585383	-1.078781526	-2.05050084
	-3.098636758	-2.873548361	-3.841887857	-3.119302913	-1.465443038
	-0.5212366158	-0.1644234316	-0.04611571053	-0.008012155208	0.003864006449
	0.006870605194	0.006968240419	0.006796669173	0.007617863012	0.009444000137
	0.01158478071	0.01344732693	0.01482541823	0.01577441768	0.01642789711
	0.01689814409	0.01724460342	0.01746102445	0.01744134903	0.01690487367
	0.01539427564	0.01303825904	0.0121875148	0.01440556033	0.01692498371
	0.01856560356	0.01947567019	0.01998577838	0.02030710181	0.02054344024
	0.02074017418	0.02091586659	0.02107779976	0.02122875574	0.02136978241
	0.0215012748	0.02162338599	0.0217361802	0.02183968909	0.0219339323
	0.02201892487	0.02209468001	0.02216121019	0.02221852802	0.02226664775
	0.02230558938	0.02233539008	0.02235613633	0.02236805379	0.02237175853
	0.01222798509	0.0122050128	0.01211980051	0.01202663717	0.01198007327
	0.01200009998	0.01205765928	0.01210593153	0.01211500163	0.01207674395
	0.01199171605	0.0118512264	0.01162001465	0.01120827634	0.01042587305
	0.008924724067	0.006179535198	0.001646296473	-0.004729862366	-0.01187452798
	-0.01793409074	-0.02178167967	-0.02151416682	-0.01339634161	-0.003829294279
	0.003030501595	0.006889336713	0.008700793133	0.0094033049	0.009598875991
	0.00959763618	0.009533442727	0.009451372894	0.009352870927	0.009204338188
	0.008902635486	0.008148099755	0.006058632193	2.248011833e-05	-0.01767827096
	-0.06957975307	-0.2191951568	-0.6165712642	-1.204058098	-1.273669979
	-1.188092105	-0.346899722	1.689505903	-0.3074416608	-1.601829635
	-0.9742990385	-0.3794354202	-0.1260219011	-0.036364482	-0.006312640582
	0.002609758026	0.003554566246	0.001726211128	0.0004071303289	0.001564697156
	0.004874300252	0.008710804096	0.01187334577	0.01404673486	0.01541572095
	0.01626877626	0.01682410041	0.01719408873	0.01737851213	0.01720802852
	0.01616986034	0.01322191527	0.008154885137	0.006033852356	0.01068425721
	0.01532424271	0.01796585501	0.019264175	0.01991357949	0.02028283284
	0.02053524001	0.0207372896	0.0209147433	0.02107727534	0.02122845004
	0.02136956914	0.02150111005	0.02162325286	0.02173607092	0.02183959923
	0.02193385882	0.02201886547	0.02209463287	0.02216117385	0.02221850128
	0.02226662959	0.02230557885	0.02233538615	0.02235613769	0.02236805868
	0.02237176466	0.0123915695	0.01237903557	0.01233040325	0.0122730457
	0.01223304058	0.01221956153	0.01221944778	0.0122109058	0.01217889582
	0.01211798762	0.01202652643	0.01189720462	0.0117066778	0.01139961097
	0.01086533458	0.009914157077	0.008283301376	0.005737494227	0.002315935348
	-0.00141796283	-0.004562793344	-0.006417562612	-0.005996761005	-0.00214422975
	0.00252577504	0.006056309331	0.008135465	0.009146039042	0.009541822943
	0.009640019918	0.009614797148	0.009545356104	0.009458423616	0.009349983507
	0.009182248989	0.00883903898	0.007974154477	0.00553848592	-0.001700482303
	-0.02389247094	-0.09378002721	-0.3215122647	-1.073635859	-2.378743391
	-2.074584026	-0.6108052936	2.655685244	6.586976147	3.771688061
	0.3656437827	-0.3165840818	-0.1987674967	-0.08033214908	-0.02551064366
	-0.004952321585	1.197253129e-05	-0.002592131126	-0.008200036794	-0.01183393585
	-0.00985996252	-0.003439270221	0.003730036707	0.009285825552	0.01283280014
	0.01488514802	0.01604613316	0.01672810167	0.01713680706	0.0172928808
	0.01695595335	0.01529523691	0.0102501046	0.0003981582455	-0.004421867084
	0.004985075135	0.01315843825	0.0172237397	0.01901837045	0.01983393935
	0.02025731181	0.02052698446	0.02073449306	0.02091368462	0.02107678804
	0.0212281663	0.02136937037	0.02150095594	0.02162312806	0.02173596838
	0.02183951488	0.02193378988	0.02201880983	0.02209458885	0.02216114015
	0.02221847687	0.02226661365	0.02230557065	0.02233538489	0.02235614224
	0.02236806726	0.02237177472	0.01248552668	0.01247736709	0.01244587519
	0.01240491904	0.01236711477	0.01233683884	0.01230819879	0.01227109792
	0.01221809999	0.01214591151	0.01205265279	0.01193301332	0.01177216747
	0.01153693452	0.01116438793	0.01055322837	0.009574401672	0.008129559047
	0.006268426723	0.004285792157	0.002630823129	0.001704886084	0.001986376103
	0.003810198177	0.006072399808	0.007853568835	0.0089362376	0.009467581341
	0.009663912761	0.009689709728	0.009640634837	0.00956178437	0.009467203106
	0.009348537466	0.009165076373	0.008793147774	0.007860468311	0.005223000526
	-0.002715272612	-0.02759184392	-0.1087811082	-0.389372409	-1.425089418
	-4.112165112	-3.822389331	-0.6413918229	5.604867416	12.44832894
	7.802059819	1.965549033	0.1708716302	-0.07075223755	-0.04856549568
	-0.01833517363	-0.005303175517	-0.005106700468	-0.01385972762	-0.02693688303
	-0.03526833886	-0.03134952206	-0.01842450721	-0.004766601272	0.005122279836
	0.01098780988	0.01412151953	0.01574281948	0.01660673682	0.01707591843
	0.01722061614	0.01675346881	0.01455934662	0.007466690504	-0.008404634566
	-0.01831417748	-0.002071507378	0.01076018296	0.01644735224	0.01876959496
	0.0197563909	0.02023352174	0.02051959675	0.02073206472	0.02091277501
	0.02107636399	0.0212279134	0.02136918983	0.02150081451	0.02162301301
	0.02173587368	0.02183943696	0.02193372622	0.02201875852	0.02209454843
	0.02216110947	0.02221845509	0.02226660019	0.02230556507	0.02233538673
	0.02235615064	0.02236808047	0.02237178979	0.01253900467	0.01253257165
	0.01250907549	0.01247566076	0.0124385527	0.01239996331	0.01235734737
	0.0123061126	0.01224269252	0.01216526261	0.01207240435	0.0119605991
	0.01182077232	0.01163354075	0.01136388909	0.01095870534	0.01035571508
	0.009515709561	0.008477541818	0.007395746142	0.006497732219	0.006001962603
	0.006132426527	0.006972501864	0.008041988009	0.008908430509	0.009440236821
	0.009690635372	0.009761420092	0.009736608334	0.009667554635	0.009578775319
	0.009476111233	0.009348461757	0.009154522341	0.008771350466	0.007830827959
	0.005207891082	-0.002604179087	-0.02677422133	-0.1038113567	-0.3564914458
	-1.197743069	-3.525092392	-4.706824095	0.380782048	9.757411472
	21.28767192	11.7351196	2.452871815	0.1977701615	-0.06270804905
	-0.04416371434	-0.01758542356	-0.008352403321	-0.01428146646	-0.03400422908
	-0.06188964697	-0.07978117752	-0.07136649946	-0.04500125818	-0.01892673057
	-0.001382181014	0.008277681888	0.01306201571	0.01534447735	0.01645831373
	0.01701519614	0.01717905859	0.01668066747	0.01435935095	0.00684436299
	-0.01100447926	-0.02613994915	-0.006846956926	0.009072420001	0.01584394319
	0.01856598368	0.01969392509	0.02021517196	0.02051412603	0.02073029612
	0.02091209537	0.0210760265	0.02122769893	0.02136903065	0.02150068758
	0.021622909	0.02173578785	0.02183936629	0.02193366851	0.0220187121
	0.022094512	0.0221610821	0.02221843616	0.02226658937	0.0223055623
	0.02233539199	0.02235616352	0.0223680994	0.02237181121	0.01256919405
	0.01256338401	0.01254362243	0.01251372476	0.01247687012	0.01243427844
	0.01238495638	0.01232692018	0.01225857297	0.0121790309	0.01208744261
	0.01198166693	0.01185636297	0.01170051284	0.01149504945	0.01121262833
	0.01082376929	0.01031402356	0.009709529355	0.0090915709	0.008576364296
	0.00827900301	0.00830222015	0.008658384484	0.009133336281	0.00952309615
	0.009753440343	0.009841763454	0.009835378489	0.009776534478	0.009692051212
	0.009594377638	0.009484377814	0.009349761714	0.009151272228	0.008775525326
	0.007890265975	0.005505751526	-0.001356045032	-0.02168950632	-0.08247139689
	-0.2618851857	-0.7596444218	-1.819315167	-1.836837187	4.235492189
	18.99790875	40.98827903	15.57944951	1.380779253	-0.2998193766
	-0.166530189	-0.06281365212	-0.02222553026	-0.01436929359	-0.02936559373
	-0.06870978634	-0.1254742555	-0.1626361481	-0.1443181917	-0.09088975675
	-0.04173975174	-0.01114328719	0.004471548273	0.01166049265	0.01484590131
	0.01628441715	0.01695742894	0.0171749413	0.01676131993	0.0147851109
	0.008771408415	-0.004591159477	-0.01690279878	-0.004145104493	0.009233590534
	0.01563586611	0.01845877052	0.01966030432	0.02020593596	0.02051150844
	0.02072941885	0.02091170301	0.02107579061	0.02122752769	0.02136889506
	0.02150057656	0.02162281713	0.02173571177	0.02183930358	0.02193361734
	0.02201867102	0.02209447992	0.02216105827	0.02221842019	0.02226658124
	0.02230556235	0.02233540081	0.02235618146	0.02236812535	0.02237184079
	0.01258609826	0.01258048185	0.01256248567	0.0125342813	0.01249759076
	0.01245317322	0.01240075949	0.01233961058	0.01226913475	0.01218902542
	0.01209890095	0.0119975936	0.01188211538	0.01174640378	0.01158032684
	0.01137009487	0.0111020901	0.0107718025	0.01039565453	0.0100165874
	0.009694335217	0.00948830471	0.009445156349	0.009560843313	0.009737948562
	0.009879948471	0.009946679766	0.009942714948	0.009889744856	0.009808603186
	0.009712748342	0.009607743037	0.009491659999	0.009352287101	0.009154679504
	0.008802183179	0.008022571098	0.006042204297	0.0006731993618	-0.01413517759
	-0.05422848205	-0.1558357907	-0.370255436	-0.5680746389	0.6552733604
	7.123963386	23.42338353	84.88379633	19.73562721	-0.2806634281
	-0.9836700059	-0.2891034569	-0.08458913439	-0.02831697537	-0.02299341537
	-0.05220888223	-0.1251509574	-0.2355865347	-0.3103710588	-0.2720028234
	-0.1667332928	-0.0767212847	-0.02500650409	-0.0005653543874	0.009918250531
	0.01425980892	0.01609196188	0.01690401846	0.01720037164	0.01694429351
	0.01553444325	0.01154955477	0.003657615747	-0.003164529807	0.003050518238
	0.0110663685	0.01591398947	0.01848957291	0.01966707002	0.02020840635
	0.02051225566	0.02072952303	0.02091161182	0.02107565857	0.02122740069
	0.02136878409	0.02150048248	0.02162273831	0.02173564622	0.0218392495
	0.02193357322	0.02201863567	0.02209445246	0.02216103814	0.0222184072
	0.02226657566	0.022305565	0.02233541309	0.0223562049	0.02236815988
	0.02237188117	0.01259546798	0.01258989874	0.01257276314	0.01254541987
	0.01250889273	0.01246372542	0.01240998874	0.01234754138	0.01227630568
	0.01219631876	0.01210753387	0.01200943177	0.01190046777	0.01177745252
	0.01163517142	0.01146686021	0.01126645984	0.01103320032	0.01077707551
	0.01052093783	0.01029568353	0.01013168198	0.01005015944	0.01004559589
	0.01007302855	0.01008664069	0.01006527512	0.01000938044	0.009928717016
	0.00983325863	0.009729301063	0.009618589401	0.009497800855	0.009355652988
	0.009162911426	0.008843600652	0.008196982123	0.006694982755	0.002990668838
	-0.006109269932	-0.02694922702	-0.06583872296	-0.09239768822	0.1553394378
	1.804687619	7.203607829	17.56921312	32.80467174	11.16237683
	-0.9881402558	-1.140504497	-0.3140751936	-0.08965195726	-0.03214967779
	-0.03352945586	-0.08358830849	-0.2087041303	-0.409715821	-0.5529095324
	-0.479588708	-0.2835171635	-0.1265903374	-0.04324120979	-0.006717117804
	0.007924210535	0.01362597282	0.01589511799	0.0168563415	0.01724047882
	0.01715734293	0.01629506382	0.01396666779	0.009845804646	0.006652031645
	0.009387642754	0.01348907994	0.01662790509	0.01867690555	0.01971792535
	0.02022255825	0.02051611652	0.02073049092	0.02091178042	0.02107561785
	0.02122731494	0.02136869757	0.02150040592	0.02162267324	0.02173559184
	0.02183920458	0.02193353659	0.02201860638	0.02209442983	0.02216102178
	0.0222183971	0.02226657235	0.02230556979	0.02233542832	0.02235623388
	0.02236820487	0.02237193652	0.01260056425	0.01259501239	0.01257832211
	0.01255144849	0.01251508403	0.01246967282	0.01241544634	0.01235255101
	0.01228117154	0.01220154394	0.01211384044	0.01201795222	0.01191319371
	0.0117980024	0.01166981772	0.01152545882	0.01136240674	0.01118114763
	0.01098774136	0.0107945642	0.01061783343	0.01047316315	0.01037040894
	0.01030569758	0.01025803254	0.01020555311	0.01013727919	0.01005259837
	0.009955771368	0.009851331934	0.009741805691	0.009626893576	0.009502701615
	0.009359277467	0.009173405991	0.008890014006	0.008378174824	0.007338806278
	0.00516038889	0.0009348300564	-0.00497984376	-0.001355856665	0.0765893905
	0.4959572672	2.051941573	5.987218051	12.11064757	16.46327712
	4.574504856	-0.9714598759	-0.7881873846	-0.2465800803	-0.07758138905
	-0.03306648364	-0.04500319444	-0.1212654144	-0.3152929711	-0.6457285569
	-0.8972748088	-0.7769485812	-0.4440931215	-0.1903482594	-0.06473105257
	-0.01343128468	0.005890046292	0.01301606235	0.01571568687	0.01681721522
	0.01728199412	0.0173477965	0.01690511855	0.0156729644	0.01367884759
	0.01231317558	0.01354787017	0.01561336565	0.01750962556	0.01896229713
	0.01979803551	0.02024421179	0.02052190946	0.02073199198	0.02091211738
	0.02107564381	0.0212272643	0.02136863446	0.02150034714	0.02162262246
	0.02173554917	0.02183916927	0.0219335078	0.0220185834	0.02209441217
	0.02216100919	0.02221838972	0.02226657088	0.02230557591	0.02233544538
	0.02235626764	0.02236826229	0.02237201417	0.01260319275	0.01259768875
	0.01258125189	0.01255464792	0.01251842287	0.01247297819	0.01241862123
	0.01235563548	0.01228433712	0.01220507234	0.01211814563	0.012023692
	0.01192151364	0.01181093396	0.01169077866	0.01155964563	0.01141662969
	0.01126254774	0.01110121144	0.01093965371	0.01078676813	0.01065090721
	0.01053693965	0.01044261627	0.01035789957	0.01027212267	0.01017952552
	0.01007937951	0.009973455955	0.009863627689	0.009750497544	0.009632724224
	0.009506265539	0.009362475874	0.009183394269	0.008931702137	0.008534102778
	0.007873046802	0.006887068355	0.006239149255	0.01034212965	0.03889209913
	0.1648225271	0.6137425353	1.903862903	4.605610267	8.038123029
	8.838632209	2.334397686	-0.517790711	-0.428755938	-0.1655595125
	-0.06059799275	-0.03257490999	-0.05587145203	-0.1586192256	-0.4243259045
	-0.8979651468	-1.284931506	-1.124179092	-0.6288599752	-0.2593783639
	-0.08618769489	-0.01960960443	0.004151809014	0.01252765522	0.01558037539
	0.0167909619	0.01731672164	0.01748976113	0.01732229984	0.01672837986
	0.01581845079	0.01529149083	0.01593299246	0.01706371227	0.01823568383
	0.01923139113	0.01987819064	0.02026629471	0.02052788661	0.02073358234
	0.02091250792	0.02107570674	0.02122724142	0.02136859327	0.02150030617
	0.02162258634	0.0217355186	0.02183914391	0.02193348713	0.02201856694
	0.02209439958	0.02216100035	0.02221838482	0.02226657069	0.02230558226
	0.02233546236	0.02235630385	0.02236833313	0.02237212828	0.01260428469
	0.01259893418	0.01258265612	0.0125561996	0.01252006846	0.01247465026
	0.01242028624	0.01235732058	0.01228612996	0.01220711509	0.01212064969
	0.0120269954	0.01192620057	0.01181802246	0.01170194499	0.01157737847
	0.01144410344	0.0113029798	0.01115668625	0.0110097625	0.01086773851
	0.01073568137	0.01061640095	0.01050861823	0.01040701544	0.01030581354
	0.01020168813	0.01009399878	0.009983467396	0.009870767547	0.009755605495
	0.009636156557	0.009508380959	0.009364559043	0.009190304694	0.008960274316
	0.008639495279	0.008228124755	0.008007009158	0.009554653052	0.01939215132
	0.06058834272	0.2046270962	0.63731676	1.705702679	3.645480909
	5.689664564	5.502307795	1.745780222	-0.08135257952	-0.2172768927
	-0.1105625278	-0.04775211447	-0.03205777289	-0.06412520329	-0.1863745165
	-0.503833959	-1.085408404	-1.590722948	-1.418542857	-0.7887257378
	-0.3161312104	-0.1022198967	-0.02374785269	0.003106290425	0.01226251131
	0.01551438727	0.01678185841	0.01734065639	0.01757482975	0.01755719895
	0.01728338762	0.01686745628	0.0166943461	0.01711742229	0.01785360419
	0.01867051934	0.01940800861	0.0199345872	0.02028260134	0.02053248823
	0.02073486851	0.02091285165	0.02107578099	0.02122723997	0.0213685727
	0.02150028298	0.02162256513	0.02173550042	0.02183912877	0.02193347479
	0.02201855714	0.02209439212	0.02216099521	0.02221838219	0.0222665712
	0.02230558756	0.02233547651	0.02235633739	0.02236841374	0.02237230882
	0.01260417446	0.01259927102	0.01258307375	0.0125566654	0.01252056785
	0.01247516623	0.01242081038	0.01235786096	0.01228671164	0.0122077788
	0.01212145617	0.01202804219	0.01192765689	0.01182018405	0.01170529926
	0.01158264984	0.01145221896	0.01131487939	0.01117298463	0.01103036648
	0.0108915869	0.01076075318	0.01064007547	0.01052853767	0.01042211085
	0.01031639796	0.01020881451	0.01009879766	0.00998679808	0.009873149469
	0.009757288928	0.009637233332	0.009508923157	0.009364910372	0.009191997011
	0.008969118336	0.008675677672	0.008357443818	0.008430610927	0.0108390531
	0.02294198706	0.06910195496	0.2199986888	0.6459414075	1.634467284
	3.319624622	4.941927232	4.555933018	1.565579247	0.0302926712
	-0.1559707126	-0.09157077253	-0.04274666637	-0.03208405302	-0.06815818561
	-0.197309273	-0.5276715596	-1.138071261	-1.698012374	-1.548966022
	-0.8653491016	-0.3399496722	-0.1070048908	-0.02442304158	0.00307595954
	0.01229153164	0.01553276317	0.01679179648	0.01735140846	0.01760068576
	0.01762696133	0.01744762624	0.01717399234	0.01710267555	0.01747618856
	0.01810587937	0.01881687551	0.01947216209	0.01995738354	0.0202900637
	0.02053488474	0.02073563467	0.02091309275	0.02107585217	0.02122725639
	0.02136857201	0.02150027757	0.02162255901	0.02173549482	0.02183912402
	0.0219334709	0.02201855408	0.02209438986	0.02216099375	0.02221838166
	0.022266572	0.02230559071	0.02233548484	0.0223563595	0.0223684837
	0.02237262449	