3131	
	0.0128721972	0.01286487661	0.01284528533	0.01281353144	0.01276961882
	0.01271345832	0.0126449921	0.01256445908	0.01247310178	0.01237512711
	0.01228313285	0.012232995	0.01232426282	0.0128281474	0.01447000644
	0.01914343432	0.03161168102	0.06311396302	0.1370711001	0.2901831128
	0.5412258702	0.8043300883	0.8825037207	0.7082326239	0.4432632806
	0.2360030798	0.1153051041	0.05570028363	0.02912434244	0.01806165585
	0.01369203563	0.0120532022	0.01148441822	0.01132096989	0.01130572654
	0.01134226534	0.01139592294	0.01145535166	0.01151790999	0.01158419569
	0.01165601181	0.01173559165	0.01182526561	0.01192726846	0.01204358627
	0.01217582812	0.0123251451	0.01249221894	0.01267731077	0.01288032265
	0.01310082323	0.01333803216	0.01359080077	0.01385763121	0.0141367473
	0.01442619943	0.01472397508	0.01502809234	0.01533666687	0.0156479527
	0.01596036225	0.01627247204	0.01658301939	0.01689089369	0.01719512493
	0.01749487092	0.01778940415	0.01807809897	0.01836041944	0.01863590811
	0.0189041757	0.01916489198	0.01941777755	0.01966259669	0.01989915103
	0.02012727418	0.02034682693	0.02055769327	0.02075977686	0.02095299808
	0.02113729148	0.02131260361	0.02147889116	0.02163611944	0.02178426095
	0.02192329432	0.02205320333	0.02217397602	0.02228560406	0.02238808212
	0.02248140733	0.02256557885	0.02264059756	0.02270646575	0.02276318732
	0.02281076862	0.02284922184	0.02287857515	0.02289890218	0.02291040288
	0.0229135952	0.01287213233	0.01286519898	0.0128456693	0.01281395224
	0.01277008663	0.0127139918	0.01264562109	0.01256524116	0.01247417015
	0.012376829	0.01228643312	0.01224066519	0.01234441733	0.01288485885
	0.01463541626	0.01963513716	0.03308537032	0.067511995	0.1498464657
	0.3246240199	0.6198375434	0.9375341264	1.031864098	0.8156744641
	0.4964747186	0.2561546818	0.1215888445	0.05734751261	0.02946637016
	0.0180981596	0.01367779296	0.01203984375	0.01147710559	0.01131735654
	0.01130370131	0.01134069548	0.01139429206	0.01145344326	0.01151564173
	0.0115815481	0.01165300288	0.01173227031	0.01182170975	0.01192357836
	0.01203986798	0.01217216741	0.01232158117	0.01248873391	0.01267384609
	0.0128768166	0.01309724815	0.01333441094	0.01358719837	0.01385413177
	0.01413343078	0.0144231266	0.01472118229	0.01502559337	0.01533445816
	0.01564601913	0.01595868205	0.01627102045	0.01658177101	0.016889824
	0.01719421107	0.0174940921	0.01778874175	0.01807753654	0.01835994258
	0.01863550428	0.01890383407	0.01916460323	0.01941753368	0.01966239085
	0.0198989774	0.02012712778	0.02034670356	0.02055758934	0.02075968935
	0.02095292442	0.0211372295	0.02131255148	0.02147884734	0.02163608261
	0.02178423002	0.02192326837	0.02205318157	0.0221739578	0.02228558883
	0.02238806942	0.02248139678	0.02256557015	0.02264059047	0.02270646014
	0.02276318318	0.02281076623	0.02284922214	0.02287858097	0.02289892241
	0.02291047204	0.02291390148	0.01287300643	0.01286623781	0.01284681202
	0.01281520162	0.01277147351	0.01271556107	0.01264743428	0.01256739465
	0.01247685185	0.01238049295	0.01229234959	0.01225268803	0.01237476016
	0.01297325845	0.01491347908	0.02054377671	0.03610549881	0.07754155747
	0.1822057763	0.4205582927	0.8557097201	1.356120196	1.510540077
	1.161435007	0.669128083	0.3236047116	0.1442079598	0.06421726724
	0.03140711478	0.01861240594	0.0138046693	0.01206802072	0.01148182515
	0.01131669959	0.01130145163	0.01133740604	0.01138992234	0.01144791028
	0.01150890923	0.01157363753	0.01164400305	0.01172235174	0.01181113235
	0.01191267556	0.01202899268	0.01216160144	0.01231144066	0.01247892839
	0.01266413443	0.01286694133	0.01308707078	0.01332397426	0.01357669934
	0.01384384225	0.01412361616	0.01441399288	0.01471285696	0.01501813054
	0.01532785519	0.01564023535	0.01595365479	0.01626667676	0.01657803542
	0.01688662326	0.01719147678	0.01749176197	0.01778676005	0.018075854
	0.01835851604	0.01863429623	0.01890281207	0.01916373936	0.019416804
	0.01966177491	0.01989845774	0.02012668956	0.02034633416	0.02055727807
	0.02075942714	0.0209527036	0.0211370436	0.02131239502	0.0214787157
	0.02163597189	0.02178413693	0.02192319015	0.02205311587	0.02217390268
	0.02228554265	0.02238803081	0.0224813646	0.02256554349	0.02264056861
	0.0227064426	0.02276316977	0.02281075728	0.02284921902	0.02287858753
	0.02289894892	0.0229105451	0.02291407182	0.01287469477	0.01286801479
	0.01284871385	0.01281726949	0.0127737648	0.01271814811	0.01265040949
	0.01257089016	0.01248110064	0.01238602399	0.01230062894	0.0122682684
	0.01241260178	0.01308398752	0.01527145516	0.02175613957	0.04029407333
	0.09204026996	0.2312129253	0.5738342001	1.254461913	2.09726735
	2.375731292	1.778767382	0.9662550338	0.4344281859	0.1799210217
	0.07480175141	0.03438121518	0.01941429476	0.01401254503	0.01211940124
	0.01149311101	0.01131739325	0.01129851358	0.01133227067	0.01138279092
	0.01143876846	0.0114977553	0.01156054557	0.01162916413	0.01170611335
	0.01179401909	0.01189535757	0.01201216883	0.0121457986	0.01229680103
	0.01246511906	0.01265048283	0.01285275207	0.01307193859	0.01330792101
	0.01356010471	0.01382726123	0.01410759848	0.01439896957	0.01469910141
	0.01500577035	0.01531690669	0.01563064127	0.01594531548	0.01625947259
	0.01657184134	0.01688131743	0.01718694533	0.01748790122	0.01778347725
	0.01807306723	0.01835615362	0.01863229587	0.01890111994	0.01916230915
	0.01941559603	0.01966075524	0.01989759748	0.02012596411	0.02034572263
	0.02055676275	0.02075899302	0.020952338	0.02113673578	0.02131213592
	0.02147849767	0.02163578848	0.0217839827	0.02192306051	0.02205300698
	0.02217381129	0.02228546604	0.02238796672	0.02248131116	0.02256549916
	0.02264053219	0.02270641324	0.02276314705	0.02281074141	0.02284921139
	0.0228785918	0.02289897316	0.02291060371	0.02291417299	0.01287713066
	0.01287051624	0.01285136025	0.01282013554	0.01277693534	0.01272172282
	0.01265450994	0.01257567883	0.01248683859	0.01239325778	0.01231081932
	0.01228594949	0.01245289675	0.01319905604	0.0156444724	0.02303798029
	0.04481351341	0.108102191	0.2874951096	0.7587874609	1.765799336
	3.10467485	3.592622561	2.642329802	1.365726857	0.5747644212
	0.2224313927	0.08676191807	0.03761155406	0.02026095115	0.01422806561
	0.01217225967	0.01150460035	0.0113175878	0.01129435761	0.01132515017
	0.0113728818	0.01142605383	0.01148226184	0.01154242867	0.01160878288
	0.01168410812	0.01177135547	0.01187326836	0.01199192199	0.01212828471
	0.01228208652	0.01245225799	0.01263782071	0.01283862212	0.01305533258
	0.01328876136	0.0135390741	0.0138054095	0.01408597333	0.01437839609
	0.01468011309	0.01498863675	0.01530170029	0.01561730652	0.01593372401
	0.01624946145	0.01656323708	0.01687395003	0.01718065561	0.0174825443
	0.01777892364	0.01806920269	0.01835287828	0.018629523	0.0188987747
	0.01916032718	0.01941392221	0.01965934248	0.01989640566	0.02012495911
	0.02034487548	0.02055604889	0.02075839167	0.02095183155	0.02113630937
	0.02131177699	0.02147819562	0.02163553437	0.021783769	0.02192288087
	0.02205285607	0.02217368461	0.02228535984	0.02238787785	0.02248123701
	0.02256543761	0.02264048154	0.02270637225	0.02276311498	0.02281071824
	0.02284919813	0.02287859118	0.0228989903	0.02291064474	0.02291423421
	0.01288026514	0.01287371272	0.01285472397	0.01282376898	0.01278094941
	0.01272624331	0.01265968487	0.01258169402	0.0124939617	0.01240198062
	0.01232234397	0.01230388617	0.01248925563	0.0132955416	0.015948687
	0.0240781651	0.04849513219	0.1213101932	0.3346090496	0.9188291308
	2.23339214	4.092958159	4.857971559	3.555479622	1.776760521
	0.7112814557	0.2610311971	0.09690039077	0.04017609027	0.02088992577
	0.01437671895	0.01220539976	0.0115102406	0.0113155506	0.01128849538
	0.01131592541	0.01136019899	0.01140983418	0.01146256994	0.01151956038
	0.01158339066	0.01165734762	0.01174497837	0.01184952393	0.01197310913
	0.01211591801	0.01227596475	0.01245006556	0.01263578875	0.01283302962
	0.01304391374	0.01327122134	0.01351667438	0.01378013445	0.01405979327
	0.0143528553	0.01465621908	0.01496692647	0.01528236917	0.01560033343
	0.01591896653	0.01623671936	0.0165522908	0.01686458217	0.01717266212
	0.01747573941	0.01777314154	0.01806429727	0.01834872197	0.01862600522
	0.01889580005	0.01915781375	0.01941179986	0.01965755138	0.01989489481
	0.02012368519	0.02034380173	0.02055514413	0.02075762952	0.0209511897
	0.02113576897	0.0213113221	0.02147781282	0.02163521233	0.02178349816
	0.0219226532	0.02205266479	0.02217352404	0.02228522521	0.02238776517
	0.02248114296	0.02256535946	0.02264041713	0.02270631991	0.02276307362
	0.02281068743	0.02284917835	0.022878584	0.02289899826	0.02291066937
	0.02291426939	0.01288405206	0.01287756527	0.01285876739	0.01282812919
	0.01278576114	0.01273165645	0.01266587066	0.01258885406	0.01250234829
	0.01241195898	0.01233460992	0.0123202521	0.01251548651	0.01335149402
	0.01610420406	0.02457904336	0.05020130377	0.1272003907	0.3548091323
	0.9862596439	2.440657065	4.591375801	5.593398527	4.133764507
	2.038794668	0.7940848986	0.2824303813	0.1018459821	0.04121695133
	0.02107804326	0.01439894817	0.01220255026	0.01150549561	0.01131000045
	0.01128057451	0.01130452658	0.01134478027	0.01139022491	0.01143891108
	0.01149240041	0.011553905	0.01162762094	0.01171820703	0.01182986537
	0.01196483223	0.01212172413	0.01229503538	0.01247719559	0.01266280099
	0.01285199194	0.01305006629	0.01326391488	0.01349837006	0.01375464592
	0.01403083609	0.0143232995	0.01462793236	0.01494093328	0.01525910248
	0.01557986153	0.01590115749	0.01622134579	0.01653909091	0.01685329275
	0.01716303492	0.01746754837	0.0177661851	0.0180583981	0.01834372552
	0.01862177768	0.01889222617	0.01915479466	0.01940925102	0.01965540067
	0.01989308087	0.02012215588	0.02034251282	0.02055405816	0.02075671478
	0.02095041938	0.02113512042	0.02131077621	0.02147735344	0.02163482586
	0.02178317315	0.02192237998	0.02205243524	0.02217333133	0.02228506361
	0.02238762988	0.02248103	0.02256526554	0.02264033957	0.02270625663
	0.02276302313	0.02281064886	0.02284915152	0.0228785694	0.02289899656
	0.02291067971	0.0229142859	0.01288844265	0.0128820276	0.01286344409
	0.01283316649	0.01279131511	0.01273789865	0.01267299209	0.01259706526
	0.01251186821	0.01242297122	0.01234712282	0.01233366663	0.01252721664
	0.01335225064	0.01606049476	0.02436321615	0.04929750149	0.1234561243
	0.3394796842	0.9289411511	2.275323253	4.30283736	5.349398745
	4.040247996	2.012540968	0.7830259621	0.2770381567	0.09944750989
	0.04024527487	0.02070900023	0.01426557948	0.01215601763	0.01148824535
	0.01130033843	0.01127044127	0.01129095384	0.01132671064	0.01136741015
	0.01141165372	0.01146170276	0.01152187627	0.01159803241	0.01169694201
	0.01182472859	0.01198396533	0.01217023119	0.01237086414	0.01256920741
	0.01275377121	0.01292549934	0.01309655628	0.01328232346	0.0134937338
	0.01373441118	0.01400203775	0.01429124657	0.01459603625	0.01491108314
	0.01523215969	0.01555607352	0.01588044214	0.01620346477	0.01652374657
	0.01684017853	0.0171518596	0.01745804646	0.01775812009	0.01805156231
	0.01833793829	0.01861688286	0.01888808949	0.01915130106	0.01940630222
	0.01965291295	0.01989098301	0.02012038743	0.02034102252	0.02055280262
	0.02075565728	0.0209495289	0.02113437074	0.02131014521	0.02147682247
	0.02163437917	0.02178279749	0.02192206418	0.02205216991	0.02217310858
	0.0222848768	0.02238747346	0.02248089933	0.0225651568	0.02264024962
	0.02270618297	0.02276296385	0.02281060262	0.02284911751	0.02287854718
	0.02289898552	0.02291067784	0.02291428807	0.01289338361	0.01288704696
	0.01286870012	0.0128388231	0.01279754719	0.01274489681	0.01268096383
	0.01260622487	0.01252239085	0.01243483289	0.01235957378	0.01234350307
	0.01252301216	0.01329460361	0.01581239762	0.02343748166	0.04591998868
	0.1110810037	0.2944509723	0.7745102051	1.830390581	3.400871375
	4.264788571	3.310986499	1.700767858	0.6788708692	0.2454029507
	0.08996458404	0.03735514128	0.01981222466	0.01398506478	0.01206808415
	0.01145906938	0.01128671025	0.01125815757	0.01127528652	0.01130613521
	0.01134167081	0.01138137098	0.01142868073	0.01148987976	0.01157388957
	0.01169154772	0.01185291238	0.01206159541	0.01230744712	0.0125633357
	0.01279376137	0.01297473003	0.01310946997	0.01322496464	0.01335401877
	0.01351933794	0.01372860994	0.01397816769	0.0142590731	0.01456170504
	0.01487798204	0.01520188937	0.01552920267	0.01585699959	0.01618322613
	0.0165063881	0.01682535424	0.01713923714	0.01744732214	0.0177490236
	0.01804385672	0.0183314179	0.01861137027	0.01888343237	0.01914736911
	0.01940298429	0.0196501144	0.01988862347	0.02011839868	0.02033934679
	0.02055139101	0.02075446844	0.02094852789	0.02113352805	0.02130943596
	0.02147622567	0.02163387712	0.02178237527	0.02192170925	0.0220518717
	0.0221728582	0.0222846668	0.02238729759	0.02248075238	0.0225650344
	0.0226401482	0.02270609962	0.02276289626	0.022810549	0.02284907648
	0.02287851758	0.02289896587	0.0229106656	0.02291427878	0.01289881665
	0.01289256479	0.01287447491	0.01284503403	0.01280438545	0.01275256938
	0.01268969183	0.01261622345	0.01253378995	0.01244740893	0.01237187243
	0.01234997675	0.01250457952	0.01318702977	0.01539858989	0.02197505993
	0.0408431815	0.09352685455	0.2347489756	0.5833696529	1.305583489
	2.337099328	2.915546702	2.326155947	1.249978789	0.52340373
	0.197945059	0.0759103523	0.0331631355	0.01854351897	0.01359778286
	0.01194939495	0.0114208	0.01126988522	0.01124397101	0.01125768082
	0.01128327201	0.0113134214	0.01134893632	0.01139525204	0.01146212476
	0.01156414309	0.01172003245	0.01194801685	0.0122547188	0.01261947577
	0.01298599879	0.01327959349	0.01345045369	0.01350788549	0.01351084104
	0.01352771064	0.01360356136	0.01375244772	0.01396685323	0.01423043759
	0.01452666938	0.01484247808	0.01516875198	0.01549954132	0.01583104606
	0.01616080679	0.01648716745	0.01680895259	0.01712528374	0.0174354768
	0.01773898368	0.01803535743	0.01832422987	0.01860529607	0.01887830284
	0.01914303977	0.01939933205	0.01964703462	0.01988602732	0.02011621089
	0.02033750361	0.02054983852	0.02075316107	0.02094742717	0.0211326015
	0.02130865617	0.02147556953	0.02163332518	0.02178191111	0.02192131907
	0.02205154387	0.02217258295	0.02228443592	0.0223871042	0.02248059071
	0.02256489965	0.02264003639	0.02270600745	0.02276282103	0.02281048851
	0.02284902888	0.02287848113	0.02289893856	0.02291064462	0.02291426015
	0.01290467876	0.01289851738	0.01288070214	0.01285172806	0.01281175117
	0.01276082749	0.01269907464	0.01262694628	0.01254594467	0.01246061054
	0.01238412022	0.0123539989	0.01247604127	0.0130461978	0.01488479704
	0.02023422078	0.03508072141	0.07473001394	0.1751404798	0.406646039
	0.8525503803	1.451925966	1.781065007	1.454744242	0.8234633447
	0.3671357984	0.1479363735	0.0606012159	0.02850159272	0.01711673284
	0.01316002746	0.01181504523	0.01137753521	0.01125100281	0.01122825151
	0.01123835999	0.01125842592	0.01128325731	0.01131565434	0.01136439213
	0.01144537722	0.01158367477	0.01181333991	0.01216963144	0.01266736827
	0.01326720195	0.01385422536	0.01427185711	0.01441670179	0.01431366263
	0.01409074577	0.01388873537	0.01379444198	0.01383074857	0.013980087
	0.0142108684	0.01449343213	0.01480573722	0.01513334584	0.01546744971
	0.01580283794	0.01613641179	0.01646625842	0.01679112414	0.01711013043
	0.0174226243	0.01772809886	0.01802614935	0.01831644708	0.01859872264
	0.01887275413	0.01913835836	0.01939538402	0.01964370628	0.01988322226
	0.02011384748	0.02033551278	0.02054816189	0.02075174933	0.02094623868
	0.02113160113	0.02130781432	0.02147486121	0.02163272935	0.02178141007
	0.02192089788	0.02205118999	0.02217228582	0.02228418668	0.02238689539
	0.0224804161	0.02256475402	0.02263991537	0.02270590742	0.02276273896
	0.02281042184	0.02284897535	0.02287843857	0.0228989046	0.02291061633
	0.02291423388	0.01291090265	0.01290483654	0.01288731066	0.01285882869
	0.01281955988	0.01276957609	0.0127090046	0.01263827411	0.01255873734
	0.01247437969	0.01239653883	0.01235687242	0.01244266737	0.01289169145
	0.01434180268	0.01846670699	0.02950842127	0.05761234853	0.1246217869
	0.2684408576	0.5247492401	0.845592411	1.013055911	0.8432480756
	0.5034792532	0.2408400121	0.1047399267	0.04665953699	0.02408759116
	0.01572821092	0.01272604643	0.01168014755	0.01133351126	0.01123128062
	0.01121141749	0.01121760208	0.0112320046	0.01125201275	0.01128343189
	0.01134062437	0.0114503143	0.01165684468	0.01202399471	0.01262254304
	0.01348853034	0.01455080388	0.01557683593	0.01623803716	0.01631901434
	0.01588386983	0.01521010643	0.01458519505	0.01417223963	0.01400337822
	0.01403636404	0.01420854244	0.0144655335	0.01476932849	0.01509643331
	0.01543336394	0.01577267422	0.0161102749	0.01644385662	0.01677203697
	0.01709392264	0.01740889038	0.01771647754	0.01801632559	0.01830814927
	0.01859171808	0.01886684424	0.01913337418	0.01939118206	0.01964016485
	0.01988023833	0.02011133385	0.02033339577	0.02054637924	0.02075024849
	0.0209449753	0.02113053783	0.02130691955	0.02147410842	0.02163209615
	0.02178087761	0.0219204503	0.02205081393	0.02217197007	0.02228392179
	0.02238667345	0.02248023045	0.02256459909	0.02263978649	0.02270580065
	0.02276265099	0.0228103498	0.02284891668	0.02287839078	0.02289886508
	0.02291058207	0.02291420145	0.01291741744	0.01291145037	0.01289422535
	0.01286625512	0.01282772251	0.01277871517	0.01271936894	0.01265008333
	0.01257204933	0.01248866755	0.01240938136	0.01235994842	0.01240958036
	0.01274121276	0.01382811833	0.01685804776	0.02467873328	0.04363745521
	0.08619753425	0.1713105496	0.3117756516	0.475071848	0.5545679183
	0.4688214404	0.2948309079	0.1518077524	0.07195364834	0.03540843678
	0.02035198394	0.01451085105	0.01233581093	0.01155655656	0.01129221773
	0.01121177475	0.01119387348	0.01119573026	0.01120453599	0.01122082718
	0.01125498821	0.01133066619	0.01149343299	0.0118228178	0.01243990175
	0.0134892055	0.01505962402	0.0170294175	0.01893058281	0.02007101164
	0.01999951873	0.01887751016	0.01730701298	0.01587128772	0.01486901068
	0.01433313679	0.0141635665	0.01423525009	0.01444784773	0.01473530783
	0.0150589625	0.01539780096	0.01574089728	0.01608265847	0.01642017899
	0.01675187603	0.01707681946	0.01739441196	0.01770423729	0.01800598685
	0.01829942242	0.01858435561	0.01886063544	0.01912814008	0.01938677095
	0.01963644825	0.01987710758	0.02010869711	0.02033117546	0.02054450989
	0.02074867485	0.02094365079	0.02112942316	0.02130598164	0.02147331937
	0.02163143249	0.02178031955	0.02191998121	0.02205041982	0.02217163915
	0.02228364417	0.02238644081	0.02248003581	0.02256443658	0.02263965117
	0.02270568837	0.02276255817	0.02281027335	0.02284885378	0.02287833873
	0.02289882107	0.02291054309	0.0229141642	0.01292414948	0.0129182841
	0.01290136805	0.0128739233	0.01283614647	0.01278814099	0.01273005094
	0.01266224611	0.01258575687	0.01250341386	0.01242285332	0.01236434807
	0.0123808242	0.01260765075	0.01338171842	0.01550986927	0.02081855127
	0.03309501549	0.05910160272	0.1077324648	0.1823598216	0.2631042561
	0.2993691769	0.2565786823	0.1696814937	0.09427267302	0.04915363702
	0.02707678223	0.01744309312	0.01352579346	0.01201106023	0.01145146434
	0.01125594746	0.01119324372	0.01117597235	0.01117310784	0.01117668518
	0.01119121221	0.01123408938	0.01134422011	0.01159959108	0.01214322761
	0.01320569796	0.01508350165	0.01799318989	0.02174209263	0.02539238352
	0.02747872753	0.02704960495	0.02450619073	0.02115685531	0.01817746132
	0.01609806215	0.01491669233	0.01440259541	0.01430747583	0.01444686651
	0.01470627994	0.01502207608	0.01536135762	0.01570789127	0.01605385216
	0.01639546281	0.01673084222	0.01705899274	0.01737933624	0.017691504
	0.01799524053	0.01829035798	0.01857671296	0.01885419367	0.01912271194
	0.01938219797	0.01963259647	0.01987386379	0.02010596576	0.02032887591
	0.02054257412	0.02074704551	0.02094227954	0.02112826928	0.0213050108
	0.02147250268	0.0216307456	0.021779742	0.02191949575	0.02205001195
	0.02217129668	0.02228335685	0.02238620002	0.02247983431	0.02256426829
	0.02263951095	0.02270557186	0.02276246163	0.0228101935	0.02284878764
	0.02287828342	0.0228987737	0.02291050061	0.02291412337	0.01293102308
	0.01292526093	0.01290865848	0.01288174699	0.01284473685	0.0127977473
	0.01274093109	0.0126746308	0.01259972805	0.01251853228	0.01243706106
	0.01237080393	0.01235894034	0.01249822913	0.01301991576	0.01445185238
	0.0179213116	0.02560154696	0.04101335567	0.06809261799	0.1069526944
	0.1462634911	0.1624457194	0.1411352124	0.09816853261	0.05910126174
	0.03422929605	0.02128435499	0.01531839328	0.01277823142	0.0117576338
	0.01136760957	0.01122576048	0.01117611876	0.01115800392	0.01115013699
	0.0111492647	0.01116510316	0.01122576797	0.0113948329	0.01180511368
	0.01271254498	0.0145543872	0.01793722948	0.02337814913	0.03061259617
	0.03777045966	0.04173121729	0.04047308775	0.03498539685	0.0281170567
	0.02222040045	0.01819617874	0.01589867998	0.01481146744	0.01444740273
	0.01447088131	0.01468540475	0.01498709607	0.01532470021	0.01567407671
	0.01602417015	0.01636996393	0.01670915104	0.01704062589	0.0173638196
	0.01767841086	0.01798419989	0.0182810521	0.01856887164	0.01884758792
	0.01911714812	0.01937751246	0.01962865115	0.01987054212	0.02010316946
	0.02032652213	0.02054059302	0.02074537825	0.02094087654	0.02112708878
	0.02130401764	0.02147166727	0.02163004302	0.02177915127	0.02191899924
	0.0220495948	0.02217094643	0.02228306299	0.02238595375	0.0224796282
	0.0225640961	0.02263936742	0.02270545249	0.02276236258	0.02281011136
	0.0228487193	0.02287822593	0.02289872408	0.0229104558	0.02291408018
	0.01293796142	0.01293230288	0.01291601516	0.01288963872	0.01285339756
	0.01280742669	0.01275188841	0.01268710283	0.01261382198	0.01253390401
	0.01245199221	0.01237962292	0.01234498579	0.01241517249	0.0127439746
	0.01366577007	0.01585415525	0.02051645212	0.02942283757	0.04420945065
	0.06417661072	0.08316368095	0.09028793951	0.07964004773	0.05842899075
	0.03836411567	0.02487146393	0.01744503354	0.0138434435	0.01224035618
	0.01157060174	0.01130439056	0.01120171813	0.01116055121	0.01114020321
	0.01112725718	0.01112322977	0.01114486903	0.01123645189	0.0115006276
	0.01216107072	0.01367081584	0.01685126985	0.02293345245	0.03312575676
	0.04718089117	0.06139520356	0.06908536684	0.06592248595	0.05433345523
	0.0405293572	0.02916767171	0.02167995859	0.01748788962	0.01546905357
	0.01468345959	0.01452992193	0.01467630155	0.01495547035	0.01528854066
	0.01563990049	0.01599394661	0.01634395423	0.01668703075	0.01702191237
	0.01734802626	0.01766509719	0.01797298298	0.01827160469	0.01856091611
	0.01884088958	0.01911150887	0.01937276525	0.01962465516	0.01986717872
	0.02010033869	0.02032413979	0.02053858821	0.02074369125	0.0209394571
	0.02112589457	0.02130301304	0.02147082228	0.02162933242	0.02177855384
	0.0219184971	0.02204917295	0.02217059222	0.02228276583	0.0223857047
	0.02247941976	0.02256392195	0.02263922221	0.02270533169	0.02276226226
	0.02281002806	0.02284864986	0.02287816733	0.02289867334	0.02291040982
	0.02291403581	0.01294488739	0.01293933171	0.01292335642	0.01289751092
	0.01286203251	0.01281707185	0.01276280186	0.01269952614	0.01262788995
	0.01254937919	0.01246752333	0.01239073885	0.01233882598	0.01235710859
	0.0125451318	0.01310898507	0.01444036876	0.01719203538	0.0222270061
	0.03017361059	0.04033426232	0.04946425458	0.05256259966	0.04720676853
	0.03670339797	0.02643242102	0.019187359	0.01499393772	0.01286173668
	0.01187090507	0.01143945991	0.01125920598	0.01118322339	0.0111464974
	0.01112276785	0.01110493791	0.01109964671	0.0111332426	0.01127387757
	0.01168453006	0.01273572085	0.01521672731	0.02064871293	0.03149871077
	0.05052892705	0.0778924148	0.1063313127	0.121466625	0.1139640421
	0.08974758313	0.06235230262	0.04086718309	0.0273124564	0.01997196871
	0.01647675135	0.01504977804	0.01463525124	0.01468279505	0.01492866739
	0.01525359628	0.01560582059	0.01596352928	0.0163177183	0.01666472016
	0.01700305389	0.01733212677	0.01765170713	0.01796171151	0.01826211845
	0.01855293299	0.01883417165	0.01910585571	0.01936800816	0.01962065218
	0.01986381035	0.02009750439	0.02032175494	0.02053658162	0.020742003
	0.02093803676	0.02112469973	0.02130200798	0.02146997698	0.0216286216
	0.02177795624	0.02191799485	0.02204875101	0.02217023796	0.02228246862
	0.02238545561	0.0224792113	0.02256374778	0.02263907699	0.02270521088
	0.02276216193	0.02280994475	0.02284858042	0.02287810874	0.02289862259
	0.02291036385	0.02291399145	0.0129517244	0.01294626976	0.01293060123
	0.01290527684	0.0128705467	0.01282657683	0.01277355183	0.01271176501
	0.01264177829	0.01256478375	0.01248344449	0.01240381182	0.01233953125
	0.01232057026	0.01240991698	0.01273170923	0.01350861216	0.01508558113
	0.01787158965	0.02207961611	0.02720539147	0.03157694907	0.03289859312
	0.03017796281	0.02494526271	0.01968644351	0.01581904607	0.0134768516
	0.01223190432	0.01162783751	0.0113520492	0.01122860388	0.01116934723
	0.01113380757	0.01110587524	0.01108366063	0.01107962276	0.01113312555
	0.01134661541	0.01197337873	0.0136141597	0.01761561947	0.02674094182
	0.04584848949	0.08110268962	0.1342662104	0.1913515479	0.221369395
	0.2040875943	0.1538629297	0.100084818	0.06012943377	0.03616436865
	0.02372271537	0.01795517273	0.01558367195	0.01479818519	0.01470845274
	0.01490801048	0.01522053274	0.01557228603	0.01593327153	0.01629154935
	0.01664246591	0.01698425834	0.01731629628	0.01763838811	0.01795050955
	0.01825269776	0.01854501009	0.01882750798	0.01910025078	0.01936329348
	0.01961668615	0.01986047399	0.02009469767	0.02031939377	0.02053459527
	0.02074033202	0.02093663112	0.02112351735	0.0213010135	0.02146914063
	0.02162791835	0.02177736504	0.021917498	0.02204833363	0.02216988754
	0.02228217465	0.02238520925	0.02247900513	0.02256357555	0.02263893343
	0.02270509149	0.02276206286	0.0228098626	0.02284851207	0.02287805124
	0.02289857297	0.02291031904	0.02291394825	0.01295839725	0.01295304076
	0.01293767016	0.01291285159	0.01287884734	0.01283583832	0.01278402165
	0.01272368608	0.0126553321	0.0125799291	0.01249949076	0.01241833769
	0.0123457536	0.01230123235	0.01232392002	0.01248721898	0.01291539331
	0.01378731412	0.01529156787	0.01748305951	0.02004146517	0.02211830163
	0.02265882607	0.02125662493	0.01862630874	0.01592449877	0.01386394903
	0.01256329185	0.01184157386	0.01147474766	0.01129693509	0.01120907772
	0.01115907896	0.01112229862	0.01108969283	0.01106388703	0.01106418961
	0.01114722847	0.01146301703	0.01239510237	0.01489201287	0.02119162263
	0.03618808632	0.06922446623	0.1336732226	0.2362089479	0.3505805874
	0.4102570417	0.3713302187	0.2681416494	0.1639386246	0.09099001677
	0.04963119822	0.02917777454	0.02003169913	0.01632014323	0.01502805184
	0.01475589516	0.01489445695	0.01518989454	0.01553971392	0.01590352344
	0.01626574473	0.01662051945	0.01696573743	0.01730071258	0.0176252893
	0.0179395022	0.01824344755	0.01853723545	0.01882097249	0.01909475612
	0.0193586733	0.01961280087	0.01985720644	0.02009194946	0.02031708226
	0.02053265102	0.02073869666	0.02093525561	0.02112236044	0.02130004052
	0.02146832241	0.02162723039	0.02177678672	0.02191701199	0.02204792538
	0.0221695448	0.02228188713	0.02238496833	0.02247880354	0.02256340719
	0.02263879316	0.02270497495	0.0227619663	0.02280978274	0.02284844592
	0.02287799592	0.02289852559	0.02291027655	0.02291390742	0.01296483287
	0.01295957067	0.01294448616	0.01292015301	0.01288684485	0.0128447568
	0.01279409899	0.01273516049	0.01266839918	0.01259462222	0.01251537256
	0.01243374367	0.01235602016	0.01229475829	0.0122739844	0.01233651457
	0.01255074064	0.01300803876	0.0137930647	0.01490785906	0.01616284636
	0.01713215289	0.0173302962	0.01659104612	0.0152510471	0.01385220609
	0.01275070662	0.01202769523	0.01160825071	0.01138299934	0.01126452788
	0.01119751679	0.01115148575	0.01111180272	0.01107437967	0.01104601515
	0.01105414379	0.01117753592	0.01162945814	0.01297316621	0.01665913696
	0.02628638998	0.05024444773	0.1059296231	0.2213100827	0.4160443193
	0.642897296	0.761006118	0.6756650658	0.4670439589	0.2688816873
	0.1387507	0.06933258417	0.03677805522	0.02281438078	0.01728273358
	0.0153292892	0.0148259313	0.01488834967	0.01516203348	0.01550846722
	0.01587462317	0.01624060118	0.01659913377	0.0169477041	0.01728555398
	0.01761255978	0.0179288141	0.01823447209	0.01852969634	0.01881463827
	0.01908943301	0.01935419902	0.01960903945	0.01985404388	0.02008929015
	0.02031484593	0.0205307703	0.02073711496	0.02093392537	0.02112124172
	0.02129909972	0.02146753132	0.02162656528	0.02177622764	0.02191654218
	0.02204753074	0.02216921351	0.02228160925	0.02238473551	0.02247860876
	0.02256324459	0.02263865777	0.02270486261	0.02276187345	0.02280970626
	0.022848383	0.02287794385	0.02289848158	0.02291023756	0.02291387016
	0.01297096108	0.01296578842	0.01295097542	0.01292710253	0.01289445376
	0.01285323757	0.01280367717	0.01274606566	0.01268083362	0.01260867447
	0.01253080046	0.01244945907	0.01236892696	0.01229728	0.01224918417
	0.0122494282	0.01233534248	0.01255315598	0.01293990948	0.01348450996
	0.01407974554	0.01451364706	0.01456228911	0.01415792721	0.01346039396
	0.01272520431	0.01212949324	0.01172279918	0.01147461658	0.01133149346
	0.01124737346	0.01119139367	0.0111457934	0.01110219286	0.01106008078
	0.01103033045	0.01104986631	0.01122465257	0.01184796181	0.01371805297
	0.01897011647	0.03316342212	0.07008490898	0.1607285102	0.3607431114
	0.7202499005	1.159692839	1.389892257	1.210447703	0.800560805
	0.4343789435	0.2093813479	0.09678229515	0.04683898418	0.0263498087
	0.01847114334	0.01569806249	0.01491668163	0.01488919695	0.01513705271
	0.01547883824	0.01584688996	0.01621641048	0.01657856002	0.01693036976
	0.01727099708	0.01760034672	0.01791856791	0.01822587369	0.0185224782
	0.01880857675	0.0190843412	0.01934992067	0.01960544382	0.01985102149
	0.02008674924	0.02031270957	0.02052897392	0.02073560438	0.02093265509
	0.02112017352	0.02129820148	0.02146677607	0.02162593033	0.02177569394
	0.02191609372	0.02204715407	0.02216889732	0.02228134405	0.02238451334
	0.02247842296	0.02256308955	0.02263852881	0.02270475579	0.02276178544
	0.0228096342	0.02284832431	0.02287789605	0.02289844204	0.0229102033
	0.02291383773	0.0129767152	0.01297162657	0.01295706806	0.01293362598
	0.01290159364	0.01286119175	0.01281265628	0.01275628699	0.01269249875
	0.01262190844	0.0125455026	0.01246496015	0.01238324444	0.0123056007
	0.01224101819	0.01220386217	0.01221450057	0.01229628534	0.01246510883
	0.01270989248	0.01297197619	0.01314661145	0.01313034132	0.01289575772
	0.01251923033	0.0121218344	0.01179120398	0.01155554786	0.01140243226
	0.01130541581	0.01123999247	0.01118878445	0.01114141057	0.01109339088
	0.01104691882	0.01101696534	0.01105116784	0.0112871864	0.0121136857
	0.01461702405	0.0218031523	0.04184815514	0.09621966109	0.2369368869
	0.5672926084	1.199881052	2.013571386	2.447638056	2.094900441
	1.327802515	0.6802896304	0.3076376073	0.1327171758	0.05934910311
	0.03056944957	0.01984816764	0.01611933101	0.015022975	0.01489556095
	0.01511478724	0.01545104327	0.01582062014	0.01619345562	0.01655904409
	0.01691394144	0.01725721434	0.01758879343	0.01790888273	0.01821775146
	0.01851566361	0.01880285681	0.01907953826	0.0193458864	0.01960205429
	0.01984817302	0.02008435502	0.02031069688	0.02052728179	0.02073418163
	0.02093145879	0.02111916762	0.0212973557	0.02146606496	0.02162533253
	0.02177519149	0.02191567154	0.02204679948	0.02216859969	0.02228109445
	0.02238430428	0.02247824817	0.02256294379	0.02263840771	0.0227046557
	0.02276170333	0.02280956749	0.02284827075	0.02287785348	0.02289840808
	0.02291017501	0.02291381146	0.01298203268	0.01297702193	0.01296269883
	0.01293965434	0.01290818982	0.01286853706	0.01282094417	0.01276571907
	0.01270326931	0.01263416243	0.01255923519	0.01247979302	0.01239795771
	0.01231721959	0.01224318474	0.01218428733	0.01215176921	0.01215757207
	0.01220852262	0.01229673913	0.01239100394	0.01243993516	0.01239571012
	0.01224737543	0.01203156827	0.01180579756	0.01161308075	0.01146859106
	0.01136697729	0.01129474881	0.01123853092	0.01118830072	0.01113791887
	0.01108536496	0.01103498907	0.01100588439	0.01105722601	0.01136142837
	0.01241326681	0.01562581012	0.02501959227	0.05193684851	0.1276295753
	0.332802423	0.8418317287	1.874578879	3.271494758	4.041917884
	3.416901861	2.087767731	1.01533824	0.4333603958	0.1760978994
	0.07373594885	0.03524150848	0.02133130204	0.01656581666	0.0151363795
	0.01490513821	0.01509483944	0.0154252321	0.01579608695	0.01617200786
	0.01654082337	0.01689861886	0.01724437172	0.0175780374	0.01789987252
	0.01821019996	0.0185093312	0.01879754396	0.0190750788	0.01934214182
	0.01959890898	0.01984553038	0.02008213424	0.02030883029	0.02052571269
	0.02073286249	0.02093034972	0.02111823514	0.02129657171	0.02146540585
	0.02162477847	0.02177472583	0.02191528029	0.0220464709	0.0221683239
	0.02228086319	0.02238411062	0.02247808631	0.02256280891	0.02263829579
	0.02270456345	0.02276162804	0.02280950697	0.02284822313	0.02287781702
	0.02289838077	0.02291015404	0.02291379284	0.01298685555	0.01298191615
	0.01296780771	0.01294512432	0.01291417405	0.01287519856	0.01282845716
	0.01277426664	0.01271303281	0.01264529304	0.01257178731	0.01249358076
	0.01241226539	0.01233026079	0.01225118561	0.01218014276	0.01212352231
	0.01208765035	0.01207563199	0.01208269943	0.01209269865	0.0120806653
	0.01202453293	0.01192000361	0.01178465273	0.01164573382	0.01152406187
	0.01142727957	0.01135267084	0.01129292346	0.01124037655	0.01118898722
	0.01113504603	0.01107812247	0.01102436238	0.01099691047	0.01106668094
	0.01144162463	0.01272535155	0.01666815476	0.02835013472	0.0624845093
	0.1610516408	0.4375625486	1.152596593	2.669657213	4.813549316
	6.054045302	5.097790762	3.037858812	1.417490666	0.5766255579
	0.2231437619	0.08871808046	0.03995971166	0.02279629658	0.01700040227
	0.01524615713	0.0149150798	0.015076675	0.01540151247	0.01577354381
	0.01615232451	0.01652412349	0.01688459148	0.0172326262	0.0175682083
	0.01789164444	0.01820330795	0.01850355462	0.01879269942	0.01907101383
	0.01933872949	0.01959604345	0.01984312331	0.02008011177	0.02030713064
	0.02052428411	0.02073166161	0.02092934016	0.02111738639	0.02129585816
	0.021464806	0.02162427426	0.02177430209	0.02191492428	0.02204617192
	0.02216807299	0.02228065282	0.02238393449	0.02247793916	0.02256268637
	0.02263819428	0.02270448004	0.02276156041	0.02280945331	0.02284818208
	0.0228777874	0.02289836114	0.02291014184	0.02291378358	0.01299113067
	0.01298625613	0.01297234055	0.01294997909	0.01291948518	0.0128811092
	0.01283512067	0.01278184521	0.01272169037	0.01265517617	0.0125829818
	0.0125060206	0.01242555617	0.01234336332	0.01226190653	0.01218443613
	0.01211478509	0.01205654378	0.01201137274	0.01197676469	0.0119446532
	0.01190308962	0.01184195285	0.01175959453	0.01166438096	0.01156908113
	0.01148347729	0.01141101982	0.01134989906	0.01129574401	0.01124381625
	0.0111902169	0.01113263385	0.01107170224	0.01101509815	0.0109897967
	0.01107791859	0.01152101788	0.01302431359	0.01764875552	0.0314380231
	0.07213630673	0.1912877107	0.5315334248	1.430462229	3.384902224
	6.230251649	7.972174974	6.758063552	3.993443393	1.817790888
	0.7151845888	0.2672627409	0.1024279849	0.04420362409	0.02409820984
	0.01738262098	0.01534114781	0.01492251825	0.01505976412	0.01537998415
	0.01575322961	0.01613464706	0.01650915529	0.01687203563	0.01722212337
	0.01755942605	0.0178842974	0.01819715717	0.01849840156	0.0187883794
	0.01906739011	0.01933568836	0.01959349021	0.01984097896	0.02007831034
	0.02030561694	0.02052301197	0.02073059234	0.02092844133	0.02111663079
	0.02129522297	0.02146427205	0.02162382546	0.02177392493	0.02191460742
	0.02204590584	0.0221678497	0.02228046562	0.0223837778	0.02247780831
	0.0225625775	0.02263810424	0.02270440631	0.02276150107	0.02280940702
	0.02284814804	0.02287776517	0.02289835012	0.02291014004	0.02291378581
	0.01299480973	0.0129899944	0.01297624963	0.01295416878	0.01292406961
	0.01288621032	0.01284086962	0.01278838144	0.01272915691	0.01266370699
	0.01259267363	0.012516876	0.01243737677	0.01235556668	0.0122732458
	0.01219264124	0.0121162452	0.01204632301	0.011984016	0.01192826344
	0.01187526195	0.01181944481	0.01175623383	0.01168500594	0.01160965126
	0.01153597129	0.0114682756	0.01140774387	0.0113528393	0.01130059333
	0.01124776122	0.01119159859	0.01113060737	0.01106616779	0.01100726435
	0.01098433101	0.01108949731	0.01159352458	0.01328685398	0.01847960491
	0.03394642391	0.07957593004	0.213110227	0.594117052	1.599708945
	3.788124334	7.003820085	9.07591991	7.823520764	4.666616021
	2.114413617	0.8198018272	0.3008301702	0.1129322937	0.04747920399
	0.02510787779	0.01767795803	0.01541213064	0.01492516527	0.01504372978
	0.01536077243	0.0157353733	0.0161191991	0.01649611162	0.01686111161
	0.01721299509	0.01755179896	0.01787792049	0.0181918211	0.01849393282
	0.0187846343	0.0190642495	0.01933305328	0.01959127831	0.0198391216
	0.02007675022	0.02030430618	0.02052191049	0.0207296666	0.02092766321
	0.02111597671	0.02129467314	0.02146380988	0.02162343702	0.02177359851
	0.02191433321	0.02204567558	0.02216765649	0.02228030367	0.02238364226
	0.02247769517	0.02256248344	0.02263802658	0.02270434296	0.02276145053
	0.02280936842	0.02284812118	0.02287775057	0.02289834847	0.02291015052
	0.02291380245	0.0129978486	0.01299308959	0.01297949438	0.01295765111
	0.01292788178	0.01289045201	0.01284564873	0.01279381336	0.01273536124
	0.01267079922	0.01260074718	0.0125259668	0.01244739945	0.01236620929
	0.01228381678	0.01220188653	0.01212220904	0.01204640797	0.01197545829
	0.01190915725	0.01184591028	0.01178326099	0.01171919895	0.01165347783
	0.01158780188	0.01152461083	0.0114655079	0.01141047126	0.01135802564
	0.01130587542	0.01125154109	0.01119290266	0.01112894798	0.0110616011
	0.01100095706	0.01098044101	0.01110058855	0.01165552704	0.01349932568
	0.01911050888	0.0356891172	0.08410335959	0.2238868587	0.6157141874
	1.628213196	3.788469392	6.9322498	9.023066438	7.946007625
	4.849939198	2.229428223	0.8688633352	0.3186280773	0.1190072069
	0.04949093387	0.02575020282	0.01786648128	0.01545380653	0.01492177413
	0.01502845421	0.01534404963	0.01572019537	0.01610618351	0.01648516415
	0.016851961	0.01720535732	0.01754542199	0.01787259169	0.01818736394
	0.01849020141	0.01878150801	0.01906162845	0.01933085457	0.01958943301
	0.0198375723	0.02007544902	0.02030321307	0.020520992	0.02072889471
	0.02092701445	0.02111543141	0.02129421479	0.02146342463	0.02162311323
	0.02177332644	0.02191410466	0.02204548369	0.02216749548	0.02228016873
	0.02238352935	0.02247760096	0.02256240519	0.02263796209	0.02270429057
	0.02276140912	0.02280933757	0.02284810137	0.02287774338	0.02289835652
	0.02291017541	0.0229138379	0.01300020516	0.0129955071	0.01298204232
	0.01296039197	0.01293088453	0.01289379338	0.01284941275	0.01279809039
	0.01274024571	0.01267638421	0.01260711306	0.01253315967	0.01245539338
	0.01237484661	0.01229272512	0.01221038638	0.01212925433	0.0120506406
	0.01197547627	0.01190403899	0.01183585658	0.01176997382	0.01170556263
	0.01164250193	0.0115814276	0.01152315887	0.01146796983	0.0114152182
	0.0113634313	0.01131063953	0.01125475689	0.01119400441	0.01112767111
	0.0110580951	0.01099630976	0.01097825776	0.01111125857	0.01170704269
	0.01366253938	0.01954888201	0.03671239853	0.08597409889	0.2249687426
	0.6031577382	1.546577954	3.491898933	6.262202895	8.132211057
	7.296199392	4.582659401	2.166183783	0.8625125334	0.3207738005
	0.120701561	0.05024714409	0.02602379752	0.01794655971	0.01546552211
	0.01491228333	0.01501410492	0.0153300365	0.01570790436	0.01609577867
	0.0164764602	0.01684470406	0.01719930807	0.0175403752	0.01786837657
	0.01818383961	0.0184872518	0.01877903733	0.01905955746	0.01932911758
	0.01958797543	0.01983634867	0.02007442146	0.02030234991	0.02052026679
	0.0207282853	0.02092650229	0.02111500094	0.02129385298	0.02146312054
	0.02162285768	0.02177311172	0.0219139243	0.02204533226	0.02216736844
	0.02228006227	0.0223834403	0.02247752669	0.02256234355	0.02263791138
	0.02270424953	0.02276137702	0.02280931436	0.02284808807	0.02287774275
	0.02289837376	0.02291021689	0.02291389961	0.01300183366	0.01299722108
	0.01298387048	0.01296236598	0.01293304935	0.01289620271	0.01285212648
	0.01280117335	0.01274376602	0.0126804099	0.01261170524	0.01253835983
	0.01246120183	0.01238118956	0.01229941076	0.01221705895	0.01213536954
	0.01205550288	0.01197838265	0.01190453977	0.01183405463	0.01176668067
	0.01170212445	0.01164029847	0.01158132327	0.01152524818	0.01147170769
	0.01141975047	0.01136789647	0.0113143345	0.01125718015	0.01119484285
	0.01112680796	0.01105574332	0.01099348443	0.01097810471	0.01112245097
	0.01175168623	0.0137915776	0.01985815508	0.03728119834	0.08628939827
	0.2209067726	0.5747558636	1.422161506	3.100227404	5.423605735
	6.996478932	6.362900695	4.108533645	2.007053514	0.8228351812
	0.3125807826	0.1192318963	0.05001939011	0.0259885136	0.01793143964
	0.01545038113	0.01489758946	0.01500107394	0.01531898312	0.01569868891
	0.01608813391	0.01647011952	0.01683943741	0.01719492568	0.01753672238
	0.01786532731	0.01818129096	0.0184851193	0.01877725143	0.01905806071
	0.01932786239	0.01958692227	0.01983546465	0.02007367915	0.02030172643
	0.02051974299	0.02072784517	0.02092613242	0.0211146901	0.02129359174
	0.02146290099	0.02162267319	0.02177295672	0.02191379412	0.02204522298
	0.02216727678	0.02227998547	0.02238337608	0.02247747314	0.02256229914
	0.02263787491	0.02270422013	0.02276135427	0.02280929847	0.02284808041
	0.02287774697	0.02289839808	0.02291027618	0.02291400167	0.01300266957
	0.01299822078	0.01298496756	0.01296355679	0.01293435643	0.01289765752
	0.0128537649	0.01280303441	0.01274589088	0.01268284	0.01261447868
	0.01254150472	0.01246472531	0.0123850613	0.01230354183	0.01222128053
	0.0121394233	0.01205906145	0.01198111879	0.01190624529	0.01183477046
	0.01176675767	0.01170213952	0.01164083416	0.01158273168	0.01152754145
	0.01147461313	0.01142285469	0.01137078084	0.01131665331	0.01125868601
	0.01119539158	0.01112639055	0.0110546261	0.0109926423	0.01098040216
	0.01113563339	0.0117953032	0.01391034726	0.02013527204	0.03778186069
	0.08655636884	0.2174074761	0.5510278158	1.321738631	2.794131624
	4.780468674	6.121541895	5.616262037	3.703676189	1.857722332
	0.7797672228	0.3012625108	0.1162256357	0.04917037315	0.02572654973
	0.01784044121	0.01541323025	0.01487907573	0.01498986233	0.01531113766
	0.01569270723	0.01608336471	0.01646623154	0.01683623212	0.01719226734
	0.01753450993	0.01786348179	0.01817974904	0.01848382946	0.01877617143
	0.01905715569	0.01932710352	0.01958628561	0.01983493029	0.02007323049
	0.02030134962	0.02051942646	0.02072757923	0.02092590897	0.02111450233
	0.02129343395	0.02146276841	0.0216225618	0.02177286316	0.02191371556
	0.02204515705	0.02216722149	0.02227993917	0.02238333738	0.02247744091
	0.02256227244	0.02263785302	0.02270420257	0.02276134085	0.02280928951
	0.02284807728	0.02287775351	0.02289842458	0.02291034988	0.02291417359
	0.01300258897	0.01299853087	0.01298533586	0.01296395666	0.01293479436
	0.01289814446	0.01285431309	0.01280365704	0.01274660183	0.01268365339
	0.01261540773	0.01254255983	0.01246591068	0.01238637003	0.01230494945
	0.01222273866	0.01214085651	0.012060373	0.01198221044	0.0119070514
	0.01183529525	0.01176709312	0.01170244259	0.01164126573	0.01158339014
	0.01152843016	0.01147565368	0.01142392646	0.01137176027	0.01131743886
	0.01125921105	0.01119563935	0.01112643998	0.01105479488	0.0109938995
	0.01098550817	0.01115219386	0.01184365269	0.01404267714	0.02047655844
	0.03859148971	0.08818838448	0.2194431687	0.5479064135	1.29007215
	2.679703371	4.534954584	5.796528231	5.347091942	3.555493696
	1.794500668	0.7549750128	0.2918576577	0.1127934392	0.04795372378
	0.02529985324	0.01768976973	0.01535861503	0.01485813826	0.01498096407
	0.01530671507	0.01569007713	0.01608154854	0.01646485304	0.01683513213
	0.01719136802	0.01753376608	0.01786286298	0.01817923266	0.01848339776
	0.01877581008	0.01905685296	0.01932684973	0.01958607274	0.01983475167
	0.02007308056	0.02030122374	0.02051932076	0.02072749046	0.02092583441
	0.02111443971	0.02129338137	0.02146272426	0.02162252475	0.02177283208
	0.02191368949	0.02204513522	0.02216720322	0.0222799239	0.02238332466
	0.02247743034	0.02256226373	0.02263784593	0.02270419697	0.02276133673
	0.02280928717	0.02284807768	0.02287775946	0.02289844478	0.02291041816
	0.02291448248	