3131	
	0.01772952554	0.01772211243	0.0177035821	0.01767478375	0.01763612938
	0.01758779781	0.01752987468	0.01746241159	0.01738544817	0.01729901934
	0.01720315547	0.01709787744	0.01698318486	0.0168590341	0.01672530447
	0.01658176179	0.01642806216	0.0162638964	0.01608939847	0.01590573822
	0.01571522918	0.01552000772	0.01532009368	0.01511353365	0.01489842189
	0.01467406211	0.014440763	0.01419926048	0.01395035553	0.01369480372
	0.01343333257	0.01316669556	0.01289572549	0.01262137961	0.01234477921
	0.01206724849	0.01179035644	0.01151596537	0.01124628835	0.01098395697
	0.01073209511	0.01049438156	0.01027505827	0.01007880279	0.009910353579
	0.009773812221	0.009671728148	0.009604405789	0.009570113943	0.009566518514
	0.009592570549	0.009649311802	0.009738889293	0.009862706055	0.01002014361
	0.01020846038	0.01042350594	0.01066060494	0.01091520715	0.0111832192
	0.01146110278	0.01174585116	0.01203492224	0.01232616673	0.01261776529
	0.01290817676	0.01319609569	0.01348041709	0.01376020657	0.014034675
	0.01430315667	0.01456509068	0.01482000494	0.01506750252	0.01530725006
	0.0155389679	0.01576242172	0.01597741544	0.01618378525	0.01638139456
	0.01657012971	0.01674989636	0.01692061645	0.01708222563	0.0172346711
	0.01737790976	0.01751190667	0.01763663371	0.01775206852	0.01785819353
	0.01795499515	0.01804246308	0.01812058977	0.01818936987	0.01824879998
	0.01829887869	0.0183396076	0.0183709952	0.01839306819	0.01840589783
	0.01840961295	0.01772902452	0.01772206397	0.0177035719	0.01767477356
	0.01763611718	0.01758778398	0.01752985922	0.01746239409	0.01738542798
	0.01729899545	0.01720312616	0.01709783934	0.01698313072	0.01685894774
	0.0167251498	0.01658146163	0.01642746484	0.0162627461	0.01608737332
	0.01590266209	0.01571141756	0.01551629598	0.01531723343	0.01511168612
	0.01489731833	0.01467336081	0.01444021949	0.01419873667	0.01394977978
	0.01369413606	0.01343254479	0.01316576163	0.01289461739	0.0126200655
	0.01234322279	0.0120654092	0.01178819112	0.01151343239	0.01124335665
	0.01098062351	0.01072841559	0.01049051889	0.01027134749	0.01007581509
	0.00990891213	0.009774880193	0.009676094961	0.009612206377	0.009580432144
	0.009577462579	0.009601962245	0.009655582151	0.0097415653	0.009862275621
	0.01001756968	0.01020472279	0.01041935631	0.01065651746	0.01091143133
	0.01117985694	0.01145817231	0.01174332926	0.01203276847	0.01232433598
	0.01261621378	0.01290686449	0.01319498728	0.01347948175	0.01375941782
	0.01403401021	0.01430259657	0.01456461892	0.01481960768	0.01506716806
	0.01530696851	0.01553873093	0.01576222229	0.01597724761	0.01618364404
	0.01638127577	0.01657002978	0.0167498123	0.01692054575	0.01708216618
	0.01723462112	0.01737786775	0.01751187136	0.01763660404	0.01775204361
	0.01785817263	0.01795497763	0.01804244844	0.01812057758	0.01818935984
	0.01824879195	0.01829887273	0.01833960431	0.01837099669	0.01839308202
	0.01840595926	0.01840995439	0.01772874285	0.01772195385	0.01770351267
	0.01767472736	0.01763607359	0.01758773918	0.01752981094	0.01746234038
	0.01738536672	0.01729892385	0.01720303978	0.01709772963	0.016982979
	0.01685871071	0.01672472651	0.0165806256	0.01642574825	0.01625931601
	0.01608110834	0.01589284062	0.01569898795	0.01550409926	0.0153078631
	0.01510567481	0.01489375446	0.01467112287	0.01443851938	0.01419713156
	0.01394803911	0.01369213117	0.0134301862	0.01316296877	0.01289130497
	0.01261613741	0.01233856965	0.01205990875	0.01178171268	0.01150584933
	0.01123457391	0.01097063228	0.01071739239	0.01047898657	0.0102604
	0.01006735492	0.009905744528	0.009780379628	0.009693149535	0.009641504266
	0.009618953516	0.009618624886	0.009638032415	0.009680908857	0.009754355405
	0.009864128895	0.01001176372	0.0101946093	0.01040751339	0.01064458247
	0.01090028129	0.01116986918	0.01144943954	0.01173580128	0.01202633365
	0.01231886382	0.01261157527	0.01290294086	0.01319167302	0.01347668495
	0.01375705933	0.01403202233	0.01430092169	0.01456320817	0.01481841965
	0.01506616776	0.0153061264	0.01553802206	0.01576162563	0.01597674545
	0.01618322144	0.01638092014	0.01656973053	0.01674956052	0.01692033391
	0.01708198797	0.0172344712	0.01737774165	0.0175117653	0.01763651487
	0.01775196865	0.01785810966	0.01795492478	0.01804240418	0.01812054067
	0.01818932933	0.01824876725	0.01829885378	0.01833959207	0.01837099455
	0.01839309991	0.0184060259	0.01841013338	0.01772854554	0.01772182472
	0.01770342136	0.0176746508	0.01763600086	0.01758766463	0.01752973077
	0.01746225131	0.01738526526	0.01729880552	0.01720289749	0.01709754977
	0.01698273149	0.01685832433	0.01672403084	0.0165792249	0.01642278812
	0.01625318461	0.01606946201	0.01587393499	0.01567459092	0.0154802746
	0.01529006104	0.01509469814	0.01488750579	0.01466732559	0.01443568716
	0.01419447344	0.01394515933	0.01368881435	0.01342628409	0.01315834805
	0.01288582438	0.01260963768	0.01233086963	0.01205080632	0.01177099343
	0.01149331009	0.01122007573	0.01095420774	0.0106994444	0.01046062129
	0.01024390829	0.01005675082	0.009907036342	0.009800933879	0.009739414965
	0.009715116398	0.009713147549	0.00971846118	0.009726035653	0.009744589729
	0.009790102502	0.009875826892	0.01000673678	0.01018008035	0.01038888792
	0.01062522296	0.01088196957	0.01115338139	0.01143499331	0.01172333858
	0.0120156786	0.01230980306	0.01260389567	0.0128964456	0.0131861871
	0.01347205596	0.01375315603	0.01402873256	0.01429815001	0.01456087361
	0.01481645369	0.01506451246	0.01530473284	0.01553684899	0.01576063824
	0.01597591442	0.01618252205	0.01638033157	0.01656923525	0.01674914375
	0.01691998325	0.01708169293	0.01723422299	0.01737753284	0.01751158967
	0.01763636716	0.01775184447	0.0178580053	0.01795483717	0.01804233076
	0.01812047938	0.01818927857	0.01824872595	0.01829882158	0.01833956984
	0.01837098546	0.01839311192	0.01840607457	0.01841023013	0.01772837912
	0.01772168692	0.01770330763	0.01767454878	0.0176359016	0.017587562
	0.01752962003	0.01746212811	0.01738512492	0.017298642	0.01720270131
	0.01709730269	0.01698239283	0.01685779598	0.01672307089	0.01657724854
	0.01641846157	0.01624379983	0.01605067919	0.01584195549	0.0156321997
	0.01543917891	0.01526056295	0.01507751952	0.01487827697	0.01466196214
	0.01443177025	0.01419080875	0.0139411817	0.01368422647	0.01342088313
	0.01315195073	0.01287823543	0.01260063651	0.01232020536	0.01203820021
	0.01175615368	0.01147597175	0.0112000918	0.01093173801	0.01067531611
	0.01043695409	0.0102250593	0.01005044405	0.009925072165	0.009858154287
	0.009849221083	0.009881238508	0.009921621651	0.009937811678	0.009919656602
	0.009887147015	0.009875329177	0.009912694995	0.01001046954	0.01016497202
	0.01036523647	0.0105992433	0.01085689256	0.0111306212	0.01141499
	0.01170606388	0.01200090636	0.01229724235	0.01259325165	0.01288744485
	0.01317858635	0.01346564336	0.01374774933	0.01402417607	0.01429431133
	0.01455764048	0.0148137311	0.01506222014	0.01530280302	0.0155352245
	0.01575927089	0.01597476357	0.01618155349	0.01637951646	0.01656854932
	0.01674856657	0.01691949758	0.0170812843	0.01723387919	0.01737724361
	0.01751134637	0.01763616254	0.01775167241	0.0178578607	0.01795471574
	0.01804222896	0.01812039431	0.01818920796	0.01824866819	0.01829877587
	0.01833953652	0.01837096672	0.01839311256	0.01840610097	0.01841027897
	0.01772822129	0.0177215417	0.01770317647	0.01767442506	0.0176357783
	0.01758743316	0.01752948035	0.01746197242	0.01738494748	0.01729843544
	0.01720245413	0.01709699296	0.01698197136	0.01685714194	0.0167218772
	0.01657473898	0.01641275279	0.01623073474	0.01602282816	0.01579165994
	0.01556322271	0.01537284369	0.01521523133	0.01505290014	0.01486593271
	0.01465513138	0.0144268673	0.01418620948	0.01393616445	0.01367842397
	0.01341404502	0.01314384775	0.01286862118	0.01258923157	0.01230669217
	0.01202222827	0.01173736366	0.01145406035	0.01117496203	0.0109038195
	0.01064619734	0.01041052223	0.01020931021	0.01005980535	0.009982172374
	0.009992378593	0.01008817683	0.01023365616	0.0103595276	0.01039609766
	0.01032301633	0.01018550428	0.01005896067	0.01000208051	0.01003671209
	0.01015566782	0.01033938754	0.01056789979	0.01082565216	0.0111019254
	0.01138965616	0.01168415228	0.01198216248	0.01228130618	0.01257975044
	0.01287603087	0.01316894986	0.01345751472	0.01374089674	0.01401840167
	0.01428944699	0.01455354372	0.01481028141	0.01505931572	0.01530035795
	0.0155331663	0.01575753849	0.01597330549	0.01618032636	0.01637848375
	0.01656768027	0.01674783527	0.01691888224	0.01708076654	0.01723344357
	0.01737687713	0.01751103808	0.01763590323	0.01775145436	0.01785767741
	0.0179545618	0.01804209984	0.01812028631	0.01818911812	0.0182485943
	0.01829871654	0.01833949138	0.01837093666	0.01839309958	0.01840610627
	0.01841029592	0.01772806228	0.01772138837	0.01770303053	0.01767428242
	0.01763563333	0.01758728011	0.01752931361	0.01746178616	0.01738473511
	0.01729818851	0.01720215972	0.01709662684	0.0169814795	0.01685639006
	0.0167205144	0.01657183853	0.01640591969	0.01621420536	0.01598507912
	0.01571881489	0.01545927145	0.01527359118	0.01515099072	0.01502061281
	0.01485088447	0.01464715397	0.01442115692	0.01418077875	0.01393018309
	0.0136714783	0.01340584778	0.01313412917	0.01285708726	0.01257554744
	0.01229047778	0.01200306824	0.0117148457	0.01142787804	0.01114515797
	0.01087131861	0.01061389759	0.0103853453	0.01020562983	0.01010417742
	0.01011758221	0.01027678043	0.01057863721	0.01095102457	0.01124869419
	0.01132296997	0.01113331028	0.01078146629	0.01042798503	0.01019059763
	0.01010787037	0.01016211325	0.01031556552	0.01053299903	0.01078908617
	0.01106775051	0.01135929266	0.01165783296	0.0119596356	0.01226215481
	0.01256352945	0.01286232153	0.01315737846	0.01344775602	0.01373267136
	0.01401147137	0.0142836095	0.01454862773	0.0148061421	0.01505583081
	0.01529742428	0.01553069687	0.01575545997	0.01597155611	0.01617885407
	0.01637724473	0.0165666376	0.01674695788	0.01691814395	0.01708014533
	0.01723292091	0.0173764374	0.01751066817	0.01763559209	0.0177511927
	0.01785745744	0.01795437699	0.01804194475	0.01812015645	0.01818900985
	0.01824850478	0.01829864374	0.01833943412	0.01837089456	0.01839307257
	0.01840609283	0.01841028935	0.01772789774	0.01772122623	0.01770287137
	0.01767412307	0.01763546885	0.01758710497	0.01752912192	0.01746157159
	0.0173844904	0.01729790442	0.01720182261	0.0170962121	0.01698093356
	0.01685558009	0.01671908721	0.01656882712	0.01639868046	0.01619584636
	0.01594029074	0.01562637355	0.01532156481	0.01514265285	0.01507063543
	0.01498322973	0.01483457404	0.01463867035	0.01441491012	0.01417464958
	0.01392332852	0.01366347454	0.01339638477	0.01312290314	0.01284376099
	0.01255973478	0.01227174169	0.01198093784	0.01168887622	0.01139781099
	0.01111130831	0.01083545056	0.01058108244	0.01036760907	0.0102283821
	0.01021574343	0.01039907501	0.01084230479	0.01154665982	0.01237169009
	0.01301479524	0.01315817723	0.01272136709	0.01193331251	0.0111341798
	0.01055559342	0.01025918454	0.01019914523	0.01029977436	0.01049700556
	0.0107483014	0.01102868501	0.01132427993	0.01162739143	0.01193355817
	0.01223998419	0.01254475581	0.01284645967	0.01314399403	0.01343647098
	0.01372316125	0.01400345979	0.01427686196	0.01454294581	0.01480135817
	0.01505180338	0.01529403401	0.01552784317	0.01575305806	0.01596953457
	0.01617715274	0.01637581296	0.01656543273	0.01674594398	0.0169172908
	0.01707942748	0.01723231692	0.01737592926	0.01751024068	0.0176352325
	0.01775089028	0.01785720318	0.01795416332	0.01804176535	0.01812000607
	0.01818888419	0.01824840038	0.01829855792	0.01833936491	0.01837084048
	0.01839303209	0.01840606307	0.01841026421	0.01772772588	0.01772105504
	0.0177027002	0.01767394885	0.01763528695	0.01758690989	0.01752890759
	0.01746133124	0.01738421624	0.01729758678	0.01720144789	0.01709575745
	0.01698035219	0.01685475979	0.01671773158	0.01656611216	0.01639227086
	0.01617928316	0.01589795602	0.01553383764	0.0151776695	0.01500547297
	0.01498989756	0.0149479635	0.01481972838	0.01463062353	0.01440846372
	0.01416797233	0.013915702	0.01365450922	0.01338576335	0.01311029486
	0.01282879026	0.01254196924	0.01225069418	0.01195609439	0.01165978725
	0.01136433677	0.01107422602	0.01079787115	0.01055157124	0.01036659015
	0.01030004914	0.01044702818	0.01094194889	0.01192087604	0.01340754668
	0.01513534909	0.01647514336	0.01674399443	0.01578258131	0.0141076276
	0.0124382408	0.01122228476	0.01054423361	0.01028799175	0.01030016127
	0.0104631318	0.01070470264	0.01098546213	0.01128508412	0.01159317208
	0.0119042071	0.01221502569	0.01252362568	0.01282861219	0.01312893855
	0.01342378019	0.01371246864	0.01399445343	0.0142692775	0.01453655972
	0.01479598171	0.01504727733	0.01529022414	0.01552463636	0.015750359
	0.01596726297	0.01617524098	0.01637420411	0.01656407884	0.0167448047
	0.01691633214	0.01707862085	0.01723163823	0.01737535825	0.01750976031
	0.01763482841	0.01775055042	0.01785691739	0.01795392309	0.01804156356
	0.01811983676	0.01818874242	0.01824828209	0.01829845981	0.01833928429
	0.01837077498	0.0183929792	0.01840601921	0.01841022386	0.01772754621
	0.01772087504	0.01770251819	0.01767376151	0.01763508967	0.01758669714
	0.01752867307	0.01746106785	0.01738391582	0.0172972395	0.01720104093
	0.01709527172	0.01697975363	0.01685397572	0.01671658419	0.01656412865
	0.01638813806	0.01616935288	0.01587304316	0.01547800652	0.01508715039
	0.01491743246	0.0149385845	0.01492589276	0.01480976026	0.01462401525
	0.0144021405	0.01416089061	0.0139074077	0.01364468751	0.01337410321
	0.01309644509	0.01281234208	0.0125224499	0.01222757485	0.01192883351
	0.01162796632	0.01132802907	0.01103493159	0.01076076928	0.01053067523
	0.01039581426	0.0104549474	0.01088197019	0.01193919392	0.01391880922
	0.01692007073	0.02045041211	0.02320195179	0.02369616485	0.0216183346
	0.01814025152	0.01478013083	0.01238762746	0.01104126022	0.01045756276
	0.01032721949	0.01043537553	0.0106600127	0.01093897359	0.01124226453
	0.01155558123	0.01187190434	0.01218754556	0.01250036316	0.01280896892
	0.013112373	0.01340982004	0.01370070895	0.01398454987	0.01426093849
	0.01452953895	0.01479007132	0.01504230207	0.01528603631	0.01552111151
	0.01574739231	0.01596476616	0.01617313972	0.01637243579	0.01656259077
	0.01674355251	0.01691527847	0.01707773426	0.01723089227	0.01737473064
	0.01750923231	0.01763438425	0.01775017682	0.0178566032	0.01795365893
	0.01804134156	0.01811965032	0.01818858601	0.01824815111	0.0182983504
	0.01833919311	0.01837069901	0.01839291521	0.01840596326	0.01841017084
	0.017727359	0.01772068687	0.01770232655	0.01767356275	0.01763487906
	0.01758646902	0.01752842095	0.01746078437	0.01738359254	0.01729686669
	0.01720060707	0.01709476282	0.01697915241	0.01685326134	0.01671573757
	0.01656316444	0.01638724435	0.01616937734	0.01587652891	0.01548860932
	0.01510287252	0.01492933599	0.01494302809	0.01492581073	0.01480702265
	0.01461945998	0.01439613952	0.01415351401	0.01389854534	0.01363412056
	0.0133615348	0.01308150866	0.01279460089	0.01250139738	0.01220265037
	0.01189948663	0.01159385367	0.01128955642	0.01099466322	0.01072693592
	0.01052551857	0.01047434511	0.01074389921	0.01165134579	0.01370753045
	0.01753843534	0.023460895	0.03059657602	0.03622573354	0.0371195027
	0.03265789301	0.02551317939	0.01888604225	0.01435004516	0.01185860714
	0.01074477696	0.01039362997	0.01041847725	0.01061628751	0.01089028808
	0.01119648358	0.01151509065	0.01183701732	0.01215784396	0.01247521903
	0.01278774119	0.01309447592	0.01339474146	0.01368800968	0.01397385672
	0.01425193574	0.01452196005	0.01478369152	0.01503693195	0.01528151628
	0.01551730717	0.01574419045	0.01596207148	0.01617087195	0.01637052737
	0.01656098481	0.01674220111	0.01691414134	0.01707677745	0.01723008722
	0.01737405331	0.01750866246	0.01763390487	0.01774977357	0.01785626404
	0.01795337372	0.01804110176	0.01811944877	0.01818841667	0.01824800887
	0.01829823089	0.01833909251	0.01837061372	0.01839284156	0.01840589709
	0.01841010729	0.01772716499	0.01772049149	0.01770212664	0.01767335433
	0.01763465722	0.01758622795	0.01752815398	0.01746048389	0.01738324999
	0.01729647255	0.01720015133	0.01709423705	0.01697855678	0.01685262794
	0.01671520563	0.01656322167	0.01638948372	0.01617866903	0.01590550789
	0.01555793469	0.01521391391	0.01503343302	0.01500025737	0.01494661289
	0.01481108578	0.01461683164	0.01439046454	0.01414590298	0.01388920625
	0.01362292371	0.01334819767	0.01306565269	0.01277576649	0.01247905136
	0.0121762114	0.01186841663	0.01155793546	0.01124967039	0.01095486008
	0.0106997673	0.01054522495	0.01062791873	0.01123934836	0.01295243606
	0.01675371969	0.02397245684	0.03550336412	0.04986235628	0.06139606663
	0.06298727398	0.05341849908	0.03881908782	0.02591969135	0.01753891168
	0.01313538118	0.01119272901	0.01051355313	0.01041781586	0.01057595027
	0.01084068394	0.01114852157	0.01147224183	0.01179995875	0.01212625348
	0.01244846876	0.01276515994	0.01307544182	0.01337870844	0.01367450913
	0.01396249058	0.0142423675	0.01451390582	0.01477691204	0.01503122568
	0.01527671351	0.01551326496	0.01574078848	0.01595920842	0.01616846252
	0.01636849974	0.01655927854	0.01674076532	0.01691293319	0.01707576088
	0.01722923189	0.01737333367	0.01750805702	0.01763339553	0.01774934511
	0.01785590363	0.01795307058	0.01804084681	0.01811923432	0.01818823626
	0.01824785696	0.0182981027	0.01833898379	0.01837052048	0.01839275978
	0.01840582247	0.01841003514	0.01772696524	0.01772029008	0.01770191995
	0.01767313806	0.01763442629	0.0175859764	0.01752787497	0.01746016966
	0.01738289187	0.01729606128	0.01719967836	0.01709369885	0.01697796832
	0.01685206379	0.01671492355	0.01656402976	0.01639379481	0.01619322728
	0.01594635312	0.01564963706	0.01535781452	0.01517118596	0.01508011604
	0.01497789544	0.01481897975	0.01461535149	0.01438495192	0.01413807671
	0.01387947497	0.01361121591	0.01333423918	0.01304905473	0.01275605174
	0.01245566764	0.01214856857	0.01183601151	0.01152073143	0.01120917846
	0.01091710051	0.01068314094	0.01060077094	0.0108893405	0.01203946652
	0.01507040415	0.02186152193	0.03519750006	0.05742688323	0.0862682384
	0.1099994714	0.1127879815	0.09224899422	0.06251330449	0.03767110652
	0.02252650938	0.01503035636	0.01184534792	0.01070141676	0.01043938074
	0.01054190366	0.01079171134	0.01109929811	0.01142765014	0.01176118544
	0.0120931366	0.01242041011	0.01274147354	0.01305547915	0.01336189635
	0.01366035491	0.01395057576	0.01423233844	0.01450546437	0.01476980707
	0.01502524574	0.01527168057	0.01550902915	0.01573722364	0.01595620835
	0.0161659378	0.01636637513	0.01655749067	0.01673926087	0.01691166726
	0.0170746957	0.01722833566	0.01737257962	0.01750742261	0.01763286181
	0.01774889612	0.01785552593	0.01795275285	0.01804057949	0.01811900936
	0.01818804679	0.01824769713	0.01829796739	0.01833886841	0.01837042074
	0.01839267144	0.01840574113	0.01840995618	0.01772676101	0.01772008401
	0.01770170806	0.01767291584	0.01763418848	0.01758571693	0.01752758686
	0.01745984502	0.01738252198	0.01729563711	0.01719919247	0.0170931512
	0.01697738366	0.01685154177	0.01671478085	0.0165651919	0.01639881753
	0.01620861474	0.01598598749	0.01573240418	0.01548257906	0.01529149049
	0.01515332001	0.0150084463	0.0148272435	0.01461405616	0.01437937953
	0.01413003898	0.01386943491	0.01359912017	0.01331981321	0.01303190076
	0.01273567988	0.01243151466	0.01212004744	0.01180267551	0.01148277598
	0.01116889653	0.01088297578	0.01068108705	0.01070421881	0.01129715675
	0.01326821725	0.01839369444	0.03018679416	0.05437607757	0.09681215226
	0.1546429612	0.2037203227	0.2085436081	0.1644308714	0.1040696508
	0.05673541348	0.0299858771	0.01768963969	0.0127382874	0.01097096264
	0.01049018109	0.01051781989	0.0107453004	0.01104989961	0.01138200733
	0.01172119508	0.01205888201	0.01239135983	0.01271694506	0.01303480808
	0.01334449002	0.01364570242	0.01393824293	0.01422195849	0.01449672821
	0.01476245447	0.01501905763	0.01526647259	0.01550464614	0.01573353499
	0.01595310412	0.01616332547	0.01636417679	0.01655564078	0.01673770423
	0.01691035743	0.01707359359	0.01722740834	0.01737179941	0.0175067662
	0.01763230957	0.01774843153	0.01785513509	0.01795242402	0.01804030278
	0.01811877639	0.01818785044	0.01824753125	0.01829782664	0.01833874796
	0.01837031607	0.01839257815	0.01840565477	0.01840987214	0.01772655373
	0.01771987476	0.01770149266	0.01767268961	0.01763394605	0.01758545214
	0.01752729264	0.0174595134	0.0173821442	0.01729520429	0.01719869778
	0.01709259639	0.01697679748	0.01685103069	0.01671466412	0.01656634493
	0.0164034752	0.01622193164	0.01601771923	0.0157939201	0.01557096486
	0.01537662824	0.01520733868	0.01503219854	0.01483360986	0.01461222887
	0.01437357528	0.01412180538	0.01385917453	0.01358676397	0.01330507881
	0.013014383	0.01271488167	0.01240686955	0.01209098245	0.01176881815
	0.01144459275	0.01112957948	0.01085388557	0.01069718223	0.01086699144
	0.0118912039	0.01506617983	0.02340664714	0.04331770276	0.08630399924
	0.166305763	0.2818029092	0.3837234542	0.3920765931	0.2975065209
	0.1756272441	0.08654934088	0.04053486735	0.02118746179	0.01389007593
	0.01133680102	0.01057974558	0.0105087229	0.01070391611	0.01100160362
	0.01133607722	0.01168051909	0.01202389899	0.01236164954	0.01269184906
	0.01301365794	0.01332668168	0.01363071304	0.01392562771	0.01421134167
	0.01448779323	0.01475493486	0.0150127292	0.01526114667	0.01550016397
	0.01572976295	0.01594992976	0.01616065414	0.01636192883	0.01655374914
	0.01673611247	0.01690901806	0.01707246661	0.01722646011	0.0173710016
	0.01750609498	0.01763174487	0.01774795645	0.01785473539	0.01795208772
	0.01804001974	0.01811853803	0.01818764943	0.0182473613	0.01829768221
	0.01833862407	0.01837020808	0.01839248156	0.01840556506	0.01840978474
	0.01772634489	0.01771966389	0.01770127548	0.01767246136	0.0176337013
	0.01758518467	0.01752699534	0.01745917826	0.01738176245	0.0172947671
	0.01719819848	0.01709203683	0.01697620541	0.01685050495	0.01671448744
	0.01656724722	0.01640718113	0.01623204702	0.01604027342	0.01583476246
	0.01562692338	0.01543017085	0.01524234222	0.01504800581	0.01483727879
	0.01460954303	0.01436746793	0.01411341864	0.01384879102	0.01357427916
	0.0132901987	0.01299669758	0.0126938922	0.01238201382	0.01206171038
	0.01173484175	0.01140666437	0.01109183326	0.01083075826	0.01073363591
	0.01109692723	0.01270352704	0.01756494126	0.03062978988	0.06319855265
	0.13764175	0.2857048727	0.5142232715	0.7260687678	0.7412086204
	0.5399155671	0.2961004136	0.131032759	0.05441035888	0.02545935806
	0.01530788954	0.01182290522	0.0107235061	0.01052188452	0.01067071165
	0.01095587567	0.01129067657	0.01163970941	0.01198860938	0.01233162055
	0.01266646796	0.0129922644	0.01330866868	0.01361555229	0.01391286907
	0.01420060475	0.01447875757	0.01474733081	0.01500632988	0.01525576121
	0.01549563176	0.01572594886	0.01594672005	0.01615795309	0.01635965588
	0.01655183648	0.01673450304	0.01690766381	0.01707132712	0.01722550136
	0.01737019494	0.01750541631	0.01763117389	0.01774747609	0.01785433125
	0.01795174766	0.01803973351	0.01811829695	0.01818744608	0.01824718929
	0.01829753593	0.01833849846	0.01837009843	0.0183923833	0.01840547367
	0.01840969565	0.01772613605	0.01771945302	0.0177010583	0.0176722331
	0.01763345655	0.01758491719	0.01752669805	0.01745884314	0.01738138074
	0.01729432994	0.01719769896	0.0170914757	0.01697560592	0.01684994958
	0.01671420346	0.01656778943	0.01640976698	0.01623899207	0.01605500078
	0.01585994904	0.01565998375	0.01546143522	0.01526302132	0.0150571357
	0.01483840005	0.01460598631	0.01436108217	0.01410495008	0.0138383905
	0.01356180096	0.01327533738	0.01297904202	0.01267294768	0.01235722895
	0.01203256363	0.0117011288	0.0113694017	0.01105602127	0.0108137308
	0.01079014734	0.0113941774	0.01374392078	0.02083826467	0.04046803338
	0.09173184529	0.216248692	0.4825216675	0.9259795388	1.363584557
	1.394958549	0.9736119482	0.4936284742	0.1936011072	0.07105511159
	0.03032146845	0.01703988131	0.01248387493	0.0109482718	0.0105677379
	0.01064953669	0.01091429325	0.01124662955	0.01159931674	0.01195343695
	0.01230161781	0.01264108794	0.01297086642	0.01329065108	0.01360038792
	0.01390010779	0.01418986596	0.0144697206	0.01473972583	0.01499992991
	0.01525037529	0.01549109924	0.01572213454	0.01594351018	0.01615525192
	0.01635738285	0.01654992376	0.01673289356	0.01690630953	0.01707018761
	0.01722454259	0.01736938828	0.01750473764	0.01763060291	0.01774699572
	0.0178539271	0.0179514076	0.01803944729	0.01811805586	0.01818724273
	0.01824701728	0.01829738964	0.01833837284	0.01836998877	0.01839228504
	0.01840538228	0.01840960656	0.01772592875	0.01771924374	0.01770084288
	0.01767200685	0.01763321409	0.01758465237	0.01752640381	0.01745851154
	0.01738100305	0.01729389725	0.01719720391	0.0170909172	0.01697500096
	0.01684936093	0.01671379981	0.01656796269	0.01641132002	0.01624332113
	0.01606393351	0.0158745769	0.01567848076	0.01547859385	0.01527416368
	0.0150614348	0.01483751956	0.01460172272	0.01435450767	0.01409649271
	0.01382808571	0.01354946612	0.01326065915	0.0129616127	0.01265228212
	0.01233279204	0.01200386395	0.01166803136	0.01133311929	0.01102218806
	0.01080186621	0.01086278501	0.01174668054	0.0149817273	0.02483026576
	0.05293834987	0.1298244468	0.3283447427	0.7861558255	1.615888941
	2.502760928	2.58293448	1.728948242	0.8090314203	0.2763384767
	0.08926675798	0.03582417218	0.01932069023	0.01344067175	0.0112977127
	0.01065988062	0.01064453697	0.01087833869	0.01120468614	0.01155985981
	0.01191879447	0.01227198322	0.01261599467	0.01294970311	0.01327282917
	0.01358538784	0.01388748478	0.01417924362	0.01446078174	0.01473220351
	0.01499359957	0.01524504802	0.01548661611	0.01571836182	0.01594033534
	0.01615258026	0.01635513465	0.01654803196	0.01673130169	0.01690497007
	0.01706906058	0.01722359432	0.01736859044	0.01750406639	0.0176300382
	0.01774652063	0.0178535274	0.01795107129	0.01803916424	0.0181178175
	0.01818704172	0.01824684732	0.01829724521	0.01833824896	0.01836988078
	0.01839218845	0.01840529257	0.01840951915	0.01772572449	0.01771903763
	0.01770063095	0.01767178458	0.01763297624	0.01758439286	0.01752611569
	0.01745818696	0.0173806334	0.01729347357	0.01719671831	0.01709036653
	0.01697439562	0.01684874448	0.01671328878	0.01656781703	0.01641204017
	0.01624570713	0.01606891184	0.01588252069	0.01568819594	0.01548729375
	0.01527936716	0.01506253605	0.01483524518	0.01459698146	0.01434786631
	0.0140881516	0.01381799249	0.01353741082	0.01324632593	0.01294460231
	0.01263212422	0.01230897188	0.0119759176	0.0116358647	0.01129802523
	0.01099003109	0.01079302618	0.01094333745	0.01212689115	0.01632982125
	0.02927908796	0.06731651113	0.1758267135	0.4722253308	1.207202357
	2.664136036	4.390071241	4.630676784	2.992475097	1.305003494
	0.3851819582	0.1100996812	0.04336053198	0.02282414373	0.0149138681
	0.01183111899	0.01081248733	0.01065902975	0.01084902168	0.01116540588
	0.01152178856	0.01188506998	0.01224304879	0.01259146892	0.0129290105
	0.01325540098	0.01357071818	0.01387513945	0.0141688548	0.01445203934
	0.01472484651	0.01498740837	0.01523983787	0.01548223157	0.01571467209
	0.01593723035	0.01614996738	0.01635293594	0.0165461818	0.01672974486
	0.01690366011	0.01706795837	0.01722266694	0.01736781019	0.01750340995
	0.01762948593	0.01774605603	0.01785313654	0.01795074245	0.01803888752
	0.01811758452	0.01818684536	0.01824668145	0.01829710446	0.0183381285
	0.01836977611	0.01839209516	0.0184052062	0.01840943512	0.01772552469
	0.01771883617	0.01770042421	0.01767156826	0.01763274525	0.01758414126
	0.01752583667	0.01745787286	0.01738027574	0.01729306342	0.01719624732
	0.01708982963	0.01697379726	0.01684811177	0.01671269644	0.01656742738
	0.01641214924	0.01624675196	0.01607133661	0.01588640132	0.01569278187
	0.01549108569	0.01528103517	0.01506166046	0.01483210315	0.01459199216
	0.01434128832	0.01408003547	0.01380822633	0.01352576844	0.01323249513
	0.01292819743	0.01261269447	0.01228602567	0.0119490122	0.01160490713
	0.01126423268	0.01095894988	0.01078402452	0.0110196842	0.01249217614
	0.01764137539	0.03368165269	0.08188857906	0.2240238704	0.6300675369
	1.69974434	4.009709002	7.124507129	7.863201475	4.976028232
	2.085585883	0.5587289866	0.1466840092	0.05761669943	0.02885370386
	0.01719800198	0.01260372321	0.01103341483	0.01069354817	0.01082637508
	0.01112903174	0.01148545048	0.01185261529	0.01221513084	0.01256778262
	0.01290901851	0.01323855981	0.01355654121	0.01386320804	0.01415881396
	0.01444358959	0.0147177357	0.01498142431	0.01523480203	0.01547799371
	0.01571110581	0.01593422925	0.01614744195	0.01635081081	0.01654439356
	0.01672824015	0.01690239401	0.01706689306	0.01722177062	0.01736705607
	0.0175027755	0.01762895219	0.01774560701	0.01785275883	0.01795042471
	0.0180386202	0.01811735956	0.0181866559	0.01824652162	0.01829696915
	0.01833801313	0.01836967638	0.01839200683	0.01840512487	0.01840935616
	0.01772533062	0.01771864073	0.01770022424	0.01767135977	0.01763252333
	0.01758390013	0.0175255697	0.01745757259	0.01737993394	0.01729267127
	0.0171957962	0.01708931292	0.01697321455	0.01684747733	0.01671205402
	0.01656687174	0.01641184577	0.01624692665	0.01607218592	0.01588789218
	0.01569444932	0.0154921103	0.01528068749	0.01505965157	0.01482850135
	0.01458695616	0.01433489831	0.01407225066	0.01379889935	0.01351466748
	0.01321931771	0.01291257627	0.0125942026	0.01226419645	0.01192341582
	0.01157540656	0.0112317955	0.010928186	0.01077113235	0.011077567
	0.01279092033	0.01873039462	0.03735888171	0.09412766889	0.264870414
	0.7660748007	2.138677729	5.30457362	10.22810782	12.25842567
	7.780196221	3.259092603	0.9055866689	0.2362489818	0.08696104088
	0.03889835664	0.0204879162	0.01362022014	0.01131350051	0.01074359064
	0.01080901507	0.01109540876	0.01145107407	0.01182173994	0.0121885258
	0.0125451954	0.01288994804	0.01322249188	0.01354301349	0.01385182211
	0.01414923162	0.0144355254	0.0147109492	0.0149757131	0.01522999576
	0.01547394904	0.01570770209	0.01593136496	0.01614503164	0.01634878257
	0.01654268686	0.01672680405	0.01690118564	0.01706587634	0.01722091518
	0.01736633636	0.01750217001	0.01762844281	0.01774517852	0.0178523984
	0.01795012156	0.01803836524	0.01811714511	0.01818647548	0.0182463697
	0.01829684096	0.01833790441	0.01836958314	0.01839192505	0.01840505026
	0.01840928401	0.01772514333	0.01771845248	0.01770003252	0.01767116094
	0.01763231264	0.01758367195	0.01752531761	0.01745728941	0.01737961173
	0.01729230149	0.01719537012	0.01708882289	0.01697265663	0.01684685645
	0.01671139246	0.01656621995	0.01641128937	0.01624657344	0.01607210975
	0.01588802902	0.01569450966	0.0154916341	0.01527925979	0.01505706882
	0.01482473878	0.01458203891	0.01432880884	0.01406489741	0.01379011809
	0.01350422977	0.01320693631	0.01289790671	0.01257684542	0.01224371134
	0.01189937791	0.01154759282	0.0112007634	0.01089703665	0.01075088046
	0.01110361516	0.01297415129	0.01941759568	0.03964249842	0.1014785437
	0.2883539809	0.8406496088	2.372111317	6.023008588	12.38477312
	16.69837007	11.12624374	4.733565484	1.465401059	0.4065821127
	0.1354460079	0.05291778243	0.02455339003	0.01477835722	0.01161776208
	0.01079851349	0.01079408904	0.0110640156	0.01141878335	0.01179271383
	0.01216350854	0.01252395191	0.01287200849	0.01320737415	0.01353028401
	0.01384110694	0.01414021316	0.01442793537	0.01470456153	0.01497033741
	0.0152254718	0.01547014191	0.01570449827	0.01592866889	0.01614276289
	0.01634687346	0.01654108041	0.01672545231	0.01690004825	0.01706491935
	0.01722011	0.01736565894	0.0175016001	0.01762796339	0.01774477525
	0.01785205923	0.01794983633	0.01803812543	0.01811694355	0.01818630613
	0.01824622746	0.01829672145	0.0183378038	0.01836949785	0.0183918514
	0.01840498409	0.01840922047	0.01772496356	0.01771827238	0.0176998504
	0.0176709735	0.01763211528	0.01758345914	0.01752508314	0.01745702641
	0.01737931267	0.01729195821	0.01719497408	0.01708836587	0.01697213241
	0.01684626374	0.01671073947	0.01656552953	0.0164106004	0.01624592992
	0.01607152739	0.01588744222	0.01569373422	0.01549040144	0.01527732161
	0.0150542762	0.01482102892	0.01457737222	0.01432311844	0.01405806782
	0.01378198181	0.01349456899	0.01319548374	0.01288434456	0.01256080511
	0.01222478046	0.01187713137	0.01152169235	0.01117124377	0.01086509157
	0.01072095474	0.01108878116	0.01300909197	0.01958583535	0.0401114713
	0.1024123214	0.2888889138	0.8334959249	2.32711822	5.891991427
	12.45670871	18.70189475	14.01078561	6.120023902	2.028984979
	0.6010222821	0.1901887624	0.067682584	0.02855892124	0.01585930835
	0.01188856668	0.01084326768	0.01077788206	0.01103414775	0.0113886478
	0.01176577822	0.01214033291	0.01250427993	0.01285539546	0.01319337233
	0.01351849247	0.01383118017	0.01413185755	0.01442090281	0.01469864279
	0.01496535623	0.01522127978	0.0154666141	0.01570152948	0.0159261706
	0.01614066057	0.01634510439	0.01653959181	0.01672419974	0.01689899432
	0.01706403259	0.01721936392	0.01736503124	0.01750107204	0.01762751918
	0.01774440162	0.01785174501	0.01794957216	0.01803790342	0.0181167571
	0.01818614972	0.01824609648	0.01829661204	0.01833771263	0.01836942187
	0.01839178742	0.01840492815	0.01840916746	0.01772479156	0.01771810104
	0.01769967912	0.01767079919	0.0176319333	0.01758326401	0.01752486887
	0.01745678652	0.01737904011	0.01729164535	0.01719461275	0.01708794783
	0.01697165019	0.01684571227	0.01671011846	0.01656484551	0.01640986611
	0.01624515637	0.01607070462	0.01588651243	0.01569257615	0.01548885015
	0.01527521924	0.01505150943	0.01481752304	0.01457305988	0.01431791191
	0.01405184492	0.01377458134	0.01348578941	0.01318508164	0.01287203219
	0.01254624782	0.01220759624	0.0118568948	0.01149794117	0.01114345353
	0.01083242454	0.01068089785	0.01103094257	0.01288901444	0.01921835922
	0.03874412772	0.0970423793	0.2678163101	0.7535675741	2.048978025
	5.077119139	10.68466444	16.94806587	14.67590632	6.81854005
	2.356974605	0.729400737	0.229249568	0.07835649996	0.03141729156
	0.01661005534	0.01206533039	0.01086320534	0.01075700691	0.01100521372
	0.01136075453	0.01174116162	0.01211923361	0.01248638905	0.01284028898
	0.01318063909	0.0135077678	0.01382215048	0.01412425635	0.01441450479
	0.01469325785	0.01496082418	0.01521746565	0.01546340427	0.01569882828
	0.01592389748	0.01613874774	0.01634349478	0.01653823739	0.01672306008
	0.0168980354	0.01706322576	0.01721868509	0.01736446014	0.0175005916
	0.01762711504	0.01774406172	0.0178514592	0.01794933192	0.01803770162
	0.01811658778	0.01818600794	0.01824597818	0.01829651392	0.018337632
	0.01836935638	0.01839173454	0.01840488431	0.01840912712	0.01772462682
	0.01771793868	0.01769951981	0.01767063974	0.01763176875	0.01758308882
	0.01752467727	0.01745657245	0.01737879713	0.01729136646	0.01719429044
	0.01708757419	0.01697121737	0.01684521335	0.01670954844	0.01656420202
	0.0164091482	0.01624435918	0.01606980845	0.0158854692	0.01569130282
	0.01548723959	0.01527316472	0.01504892208	0.0148143288	0.01456918347
	0.01431326133	0.01404630222	0.01376799826	0.01347798491	0.01317583938
	0.01286109732	0.01253332267	0.01219233284	0.01183887378	0.01147659243
	0.01111774614	0.01079968183	0.01063238381	0.01093570206	0.01263525433
	0.0184016719	0.03590431689	0.08693410544	0.2319037679	0.6293227909
	1.647763496	3.945582314	8.100002865	12.90907092	12.38631183
	6.349364161	2.316643781	0.7479640786	0.2396657297	0.08180282584
	0.03240808635	0.01686560365	0.01211001309	0.01084964611	0.01072966259
	0.01097702565	0.0113352751	0.01171909385	0.01210042782	0.01247046942
	0.01282685175	0.01316931252	0.01349822678	0.01381411644	0.01411749268
	0.01440881134	0.01468846571	0.01495679091	0.01521407123	0.01546054762
	0.01569642427	0.01592187446	0.01613704536	0.01634206227	0.01653703199
	0.01672204582	0.01689718199	0.01706250773	0.01721808098	0.0173639519
	0.01750016405	0.01762675541	0.01774375927	0.01785120492	0.01794911823
	0.01803752221	0.0181164374	0.01818588228	0.01824587378	0.0182964281
	0.01833756278	0.01836930231	0.01839169408	0.01840485459	0.01840910203
	0.01772446748	0.017717785	0.01769937368	0.01767049702	0.01763162371
	0.01758293575	0.01752451062	0.0174563867	0.0173785865	0.01729112477
	0.01719401098	0.01708724974	0.01697084041	0.01684477638	0.01670904442
	0.01656362438	0.01640848967	0.01624360834	0.01606894361	0.01588445149
	0.01569007339	0.01548572526	0.01527128962	0.01504661559	0.01481152368
	0.01456580721	0.01430922732	0.01404150361	0.01376230427	0.01347123817
	0.01316785319	0.0128516522	0.01252216087	0.0121791456	0.01182326071
	0.0114579162	0.01109460725	0.01076804611	0.01057900207	0.01081523236
	0.01229130947	0.01729593803	0.03219401803	0.07437629885	0.1898182189
	0.4925396256	1.231466924	2.821824951	5.576763843	8.67579816
	8.723770854	4.941686383	1.949239448	0.6666562099	0.2224618515
	0.07799162468	0.03149679857	0.01661778267	0.0120218952	0.0108030825
	0.01069633728	0.010949954	0.01131249861	0.01169981198	0.01208411511
	0.01245669053	0.01281522781	0.0131595148	0.01348997285	0.01380716545
	0.0141116403	0.01440388468	0.01468431879	0.01495330057	0.0152111337
	0.01545807545	0.01569434382	0.0159201237	0.0161355721	0.01634082256
	0.01653598883	0.01672116808	0.01689644346	0.01706188635	0.0172175582
	0.01736351209	0.01749979408	0.01762644423	0.01774349758	0.01785098492
	0.01794893341	0.01803736711	0.01811630753	0.01818577401	0.01824578425
	0.0182963553	0.01833750553	0.01836926022	0.0183916671	0.01840484123
	0.01840909553	0.0177243091	0.01771763923	0.0176992423	0.01767037323
	0.01763150039	0.01758280689	0.01752437103	0.01745623148	0.01737841068
	0.01729092308	0.01719377768	0.0170869786	0.01697052471	0.01684440904
	0.01670861806	0.01656313111	0.01640792019	0.01624294973	0.0160681759
	0.01588354409	0.01568898378	0.01548440182	0.01526967698	0.01504465809
	0.01480916398	0.01456298149	0.01430585999	0.01403750326	0.01375756073
	0.01346562008	0.01316120551	0.01284379289	0.01251287508	0.01216817022
	0.01181023291	0.01144219194	0.01107462195	0.01073909729	0.01052567253
	0.01068582144	0.01191250184	0.01609131895	0.02826957905	0.06162121853
	0.1491160311	0.3673681587	0.8713618765	1.895820116	3.571369188
	5.347592486	5.442453428	3.343947025	1.443956455	0.5321236617
	0.1884032844	0.06932688848	0.02923624049	0.01600017222	0.01183493265
	0.01073260775	0.01065965803	0.01092488307	0.01129281758	0.01168355529
	0.01207047512	0.01244519959	0.01280554118	0.01315135106	0.01348309509
	0.01380137293	0.01410676292	0.01439977857	0.01468086241	0.01495039138
	0.01520868523	0.01545601484	0.0156926097	0.0159186644	0.01613434411
	0.01633978924	0.01653511935	0.01672043648	0.0168958279	0.01706136844
	0.01721712247	0.01736314554	0.01749948573	0.01762618489	0.01774327951
	0.01785080162	0.01794877945	0.01803723798	0.01811619952	0.01818568416
	0.01824571035	0.01829629596	0.01833746038	0.01836923015	0.01839165417
	0.01840484666	0.01840911261	0.01772414172	0.01771750054	0.01769912831
	0.01767027118	0.01763140111	0.01758270426	0.01752426038	0.0174561087
	0.01737827175	0.01729076374	0.01719359334	0.01708676419	0.0169702747
	0.01684411738	0.01670827814	0.01656273554	0.01640746008	0.01624241337
	0.0160675468	0.01588279912	0.0156880925	0.01548332775	0.01526838002
	0.01504309584	0.01480729069	0.01456074529	0.01430319969	0.01403434562
	0.0137538183	0.01346118926	0.01315596443	0.01283759876	0.01250555891
	0.01215952181	0.0117999494	0.01142969569	0.01105842436	0.01071461934
	0.01047791495	0.01056512228	0.01155567509	0.01496986224	0.02470488059
	0.05042298594	0.1148685293	0.2671602541	0.5981291535	1.228580912
	2.191361126	3.13730971	3.180405882	2.083010082	0.9853654298
	0.3955480111	0.1506202363	0.05907020457	0.0264388667	0.01521869433
	0.01160245081	0.01065238018	0.01062353828	0.01090299837	0.01127667348
	0.01167055075	0.0120596632	0.0124361198	0.01279789477	0.01314490846
	0.01347766745	0.0137968015	0.01410291351	0.01439653774	0.0146781343
	0.01494809511	0.0152067526	0.01545438835	0.01569124093	0.01591751255
	0.01613337484	0.01633897363	0.01653443307	0.01671985904	0.01689534206
	0.01706095969	0.01721677859	0.01736285625	0.0174992424	0.01762598023
	0.01774310743	0.01785065701	0.01794865801	0.01803713618	0.01811611445
	0.01818561355	0.01824565259	0.01829625024	0.01833742705	0.01836921141
	0.01839165486	0.0184048733	0.0184091617	0.01772394275	0.01771737014
	0.01769903681	0.01767019463	0.0176313284	0.01758262972	0.01752418029
	0.01745601997	0.01737817139	0.01729064865	0.01719346016	0.01708660921
	0.01697009378	0.01684390595	0.01670803109	0.016562447	0.01640712297
	0.01624201862	0.01606708227	0.01588224859	0.01568743532	0.01548253937
	0.01526743294	0.01504196009	0.01480593309	0.01455912779	0.01430127746
	0.01403206536	0.01375111671	0.01345799165	0.01315218334	0.01283313211
	0.0125002864	0.01215329377	0.0117925468	0.01142068467	0.01104664193
	0.01069640517	0.01044118288	0.01046993412	0.01127205005	0.01408387119
	0.02193387704	0.04193174755	0.08974798402	0.1966113483	0.4145738344
	0.8018196985	1.350139253	1.844658429	1.851845309	1.278322672
	0.6592295801	0.2889142434	0.1189003599	0.04997602664	0.02385413137
	0.01447497917	0.0113786574	0.01057707722	0.01059204024	0.01088549831
	0.01126448316	0.01166099411	0.01205180528	0.01242954859	0.01279236944
	0.01314025545	0.01347374806	0.01379350046	0.0141001338	0.01439419744
	0.01467616422	0.01494643687	0.01520535695	0.01545321378	0.01569025247
	0.01591668076	0.01613267491	0.01633838468	0.01653393752	0.01671944209
	0.01689499126	0.01706066456	0.01721653031	0.01736264739	0.01749906673
	0.01762583251	0.01774298324	0.01785055264	0.01794857039	0.01803706276
	0.01811605316	0.01818556279	0.01824561129	0.01829621803	0.0183374048
	0.01836920231	0.01839166691	0.01840492229	0.01840925889	0.01772365824
	0.01771725883	0.01769897759	0.01767014846	0.01763128478	0.0175825849
	0.01752413206	0.0174559665	0.01737811088	0.01729057924	0.01719337979
	0.01708651561	0.01696998442	0.01684377798	0.0167078813	0.01656227166
	0.01640691759	0.01624177752	0.01606679805	0.01588191163	0.01568703358
	0.0154820586	0.01526685702	0.01504127113	0.01480511097	0.01455814933
	0.01430011538	0.01403068733	0.01374948448	0.01345606032	0.01314990069
	0.01283043795	0.01249711165	0.01214955661	0.01178813501	0.01141538183
	0.01103984368	0.01068609323	0.01042037749	0.01041487056	0.01110410774
	0.0135513958	0.02026103158	0.03683358864	0.07488862372	0.1558572042
	0.3117945338	0.5714003782	0.9131901952	1.196255401	1.188616033
	0.8552157508	0.4736921724	0.2235149227	0.09817735191	0.04370917757
	0.02198704292	0.01391460254	0.01120447626	0.01051809887	0.01056836964
	0.01087333061	0.01125657048	0.01165503235	0.01204699328	0.01242555621
	0.01278902334	0.01313744124	0.01347137874	0.01379150531	0.01409845385
	0.01439278308	0.01467497363	0.01494543474	0.01520451352	0.01545250398
	0.01568965516	0.01591617813	0.01613225197	0.01633802882	0.01653363811
	0.01671919019	0.01689477934	0.01706048628	0.01721638035	0.01736252127
	0.01749896066	0.01762574332	0.01774290827	0.01785048966	0.01794851754
	0.01803701849	0.01811601624	0.01818553227	0.01824558659	0.01829619909
	0.01833739257	0.01836920015	0.0183916848	0.01840498925	0.01840943866
	0.01772315271	0.01771721196	0.0176989674	0.017670138	0.01763127239
	0.01758257099	0.01752411661	0.01745594913	0.01737809111	0.01729055645
	0.01719335331	0.01708648467	0.01696994817	0.01684373546	0.01670783139
	0.0165622131	0.01640684885	0.01624169668	0.01606670263	0.01588179846
	0.01568689872	0.01548189735	0.01526666406	0.01504104048	0.0148048359
	0.01455782204	0.01429972673	0.01403022654	0.01374893888	0.01345541528
	0.01314913974	0.01282954374	0.01249606843	0.01214835665	0.01178679279
	0.01141396133	0.01103849589	0.01068504334	0.01041954148	0.01041179115
	0.01108549342	0.01346277623	0.01990790958	0.03558753255	0.07090287421
	0.1442708418	0.2815751745	0.5025872425	0.7823491605	1.002754322
	0.9889499491	0.7221722681	0.4109487498	0.1993474652	0.08974414662
	0.04088927193	0.02105677467	0.01360650277	0.01110041183	0.01048139278
	0.01055425473	0.01086702224	0.01125312136	0.01165275217	0.01204528218
	0.01242418489	0.01278789143	0.01313649546	0.01347058467	0.01379083742
	0.01409789177	0.01439230998	0.01467457543	0.01494509962	0.0152042315
	0.01545226667	0.01568945549	0.01591601014	0.01613211065	0.01633790993
	0.01653353811	0.01671910609	0.01689470862	0.01706042682	0.01721633036
	0.01736247924	0.01749892534	0.01762571365	0.01774288336	0.01785046876
	0.01794850003	0.01803700385	0.01811600407	0.01818552226	0.01824557857
	0.01829619316	0.01833738933	0.01836920171	0.01839169862	0.01840505025
	0.01840978139	