3131	
	0.01850213982	0.01849426189	0.01847484228	0.01844498027	0.01840519238
	0.0183556983	0.01829659919	0.0182279522	0.01814979914	0.01806217716
	0.01796512273	0.01785867327	0.0177428679	0.01761774798	0.01748335765
	0.01733974448	0.01718696023	0.01702506189	0.01685411285	0.01667418447
	0.01648535798	0.01628772685	0.0160813998	0.01586650453	0.01564319244
	0.01541164466	0.01517207965	0.01492476308	0.0146700206	0.01440825473
	0.01413996768	0.0138657933	0.01358654377	0.01330328168	0.01301743703
	0.01273100463	0.01244688118	0.01216942992	0.01190537215	0.01166503918
	0.01146375424	0.01132248998	0.01126594467	0.01131538953	0.01147485471
	0.01171487382	0.01196716088	0.01214589389	0.01219263757	0.01211246102
	0.01196873206	0.01184288002	0.01179472625	0.01184752901	0.01199519672
	0.01221721717	0.01249068628	0.01279642159	0.01312054384	0.01345381323
	0.0137903321	0.01412637126	0.01445953174	0.0147882142	0.01511130469
	0.01542799402	0.01573767377	0.01603987478	0.01633422889	0.01662044381
	0.01689828567	0.01716756639	0.01742813422	0.01767986643	0.0179226638
	0.01815644608	0.01838114853	0.01859671914	0.01880311632	0.01900030712
	0.01918826572	0.01936697222	0.01953641162	0.01969657304	0.01984744899
	0.01998903478	0.02012132809	0.02024432852	0.02035803723	0.02046245668
	0.02055759034	0.02064344244	0.02072001784	0.02078732188	0.0208453605
	0.02089414089	0.02093367402	0.02096398202	0.02098511969	0.02099723123
	0.02100066273	0.01850161918	0.01849422261	0.01847483969	0.01844497587
	0.01840518537	0.0183556898	0.01829658958	0.01822794142	0.01814978691
	0.0180621631	0.0179651064	0.01785865414	0.01774284537	0.01761772133
	0.01748332604	0.0173397069	0.01718691549	0.01702500855	0.01685404917
	0.01667410835	0.01648526686	0.01628761762	0.01608126864	0.01586634673
	0.0156430022	0.01541141475	0.01517180109	0.01492442464	0.01466960823
	0.01440775092	0.01413935086	0.01386503759	0.01358562005	0.01330216199
	0.01301610745	0.01272949723	0.0124453476	0.01216829971	0.01190567064
	0.01166897477	0.01147568514	0.01135025129	0.01132209492	0.01141711898
	0.0116404591	0.01195526925	0.01227481453	0.01248947771	0.01252575407
	0.01239331805	0.01217620667	0.01197855312	0.01187398379	0.01188903005
	0.01201446348	0.01222475394	0.0124926546	0.01279605332	0.013119376
	0.01345250644	0.01378913382	0.0141253506	0.01445868854	0.01478752589
	0.0151107447	0.01542753814	0.01573730178	0.01603957034	0.01633397896
	0.01662023803	0.01689811578	0.01716742579	0.0174280176	0.01767976954
	0.01792258316	0.01815637888	0.01838109247	0.01859667233	0.01880307722
	0.01900027444	0.0191882384	0.01936694938	0.01953639254	0.01969655711
	0.0198474357	0.01998902372	0.02012131891	0.02024432092	0.02035803099
	0.0204624516	0.02055758626	0.02064343925	0.02072001547	0.02078732033
	0.02084535986	0.02089414152	0.02093367685	0.02096398967	0.02098514057
	0.02099730028	0.02100098774	0.01850133966	0.01849412471	0.01847479357
	0.0184449428	0.01840515556	0.01835566011	0.01829655835	0.01822790736
	0.01814974879	0.01806211965	0.01796505622	0.01785859567	0.01774277678
	0.0176176405	0.01748323046	0.01733959359	0.01718678087	0.01702484831
	0.01685385815	0.01667388027	0.0164849941	0.01628729089	0.01608087653
	0.01586587524	0.015642434	0.01541072834	0.01517096967	0.01492341471
	0.01466837784	0.01440624766	0.01413750983	0.01386278029	0.01358285653
	0.0132988024	0.01301209723	0.01272490835	0.01244059498	0.01216462077
	0.01190611858	0.01168031476	0.01151163816	0.01143617828	0.01149984644
	0.01174584964	0.01218574425	0.01275993037	0.0133183831	0.01366618048
	0.01367352734	0.01336430448	0.01289510182	0.01245006146	0.0121510675
	0.01203586426	0.01208429521	0.0122535951	0.012501692	0.01279648897
	0.01311661884	0.0134489454	0.01378571293	0.0141223747	0.01445620344
	0.01478548549	0.01510907935	0.01542617994	0.0157361923	0.01603866169
	0.01633323263	0.01661962326	0.01689760803	0.01716700542	0.01742766881
	0.01767947959	0.01792234174	0.01815617758	0.01838092443	0.01859653192
	0.0188029598	0.01900017619	0.01918815617	0.01936688054	0.01953633492
	0.0196965089	0.01984739539	0.01998899006	0.02012129087	0.02024429763
	0.02035801174	0.02046243582	0.02055757348	0.02064342913	0.02072000779
	0.02078731501	0.02084535708	0.0208941419	0.02093368198	0.02096400357
	0.02098517369	0.02099738045	0.02100117168	0.01850115684	0.01849401381
	0.01847472182	0.01844488688	0.01840510518	0.01835561036	0.01829650628
	0.01822785068	0.01814968543	0.01806204747	0.01796497293	0.01785849867
	0.01774266308	0.01761750659	0.01748307218	0.01733940601	0.01718655809
	0.01702458324	0.01685354224	0.01667350318	0.01648454327	0.01628675099
	0.01608022881	0.01586509661	0.01564149595	0.01540959551	0.015169598
	0.01492174914	0.01466634946	0.01440377041	0.01413447727	0.01385906394
	0.01357831025	0.01329328376	0.01300553245	0.01271746224	0.01243308017
	0.01215942251	0.01190915456	0.01170488204	0.01158522108	0.01161073654
	0.01186335158	0.01242626536	0.01332971843	0.01446852387	0.01555230947
	0.01619083492	0.01612551103	0.01541740782	0.01439322943	0.01341646321
	0.01270972004	0.0123278267	0.01222203486	0.01231077775	0.01252050596
	0.01279874686	0.01311266955	0.01344330676	0.01378016642	0.01411750817
	0.01445212443	0.01478213022	0.01510633787	0.01542394243	0.01573436347
	0.01603716314	0.01633200123	0.01661860853	0.01689676963	0.01716631103
	0.01742709248	0.01767900035	0.01792194259	0.01815584466	0.01838064644
	0.01859629957	0.01880276545	0.01900001353	0.01918801998	0.01936676649
	0.01953623941	0.01969642895	0.01984732852	0.0199889342	0.02012124429
	0.02024425892	0.02035797971	0.02046240952	0.02055755214	0.02064341218
	0.02071999484	0.0207873059	0.02084535199	0.02089414157	0.02093368823
	0.02096402045	0.02098520977	0.02099745117	0.02100128714	0.01850101374
	0.01849390092	0.01847463445	0.01844481302	0.01840503663	0.01835554196
	0.01829643438	0.01822777228	0.0181495977	0.01806194751	0.01796485758
	0.01785836434	0.01774250564	0.0176173212	0.01748285311	0.01733914644
	0.01718624987	0.01702421659	0.01685310537	0.01667298184	0.01648392015
	0.01628600499	0.01607933411	0.0158640215	0.01564020127	0.01540803272
	0.01516770669	0.01491945385	0.01466355586	0.01440036084	0.01413030654
	0.01385395782	0.01357207357	0.01328573581	0.01299661345	0.01270751397
	0.01242353314	0.01215438448	0.01191887206	0.0117527666	0.01172080684
	0.01193035191	0.01253544915	0.01370491014	0.01551839414	0.0177899691
	0.01994125487	0.02116416561	0.02092508341	0.019377943	0.01722414397
	0.01519954937	0.01371577291	0.01284224519	0.0124608987	0.01240966651
	0.01255423086	0.01280476689	0.01310828789	0.01343592508	0.0137726723
	0.01411086501	0.01444653365	0.01477752259	0.01510256884	0.01542086366
	0.01573184521	0.0160350983	0.01633030345	0.01661720869	0.01689561244
	0.01716535218	0.01742629631	0.01767833805	0.01792139077	0.01815538429
	0.01838026191	0.01859597808	0.01880249647	0.01899978836	0.0191878314
	0.01936660854	0.01953610712	0.01969631819	0.01984723585	0.01998885676
	0.0201211797	0.02024420521	0.02035793526	0.02046237299	0.02055752248
	0.02064338856	0.0207199767	0.02078729297	0.02084534436	0.02089413993
	0.02093369425	0.02096403747	0.02098524351	0.02099750859	0.02100136539
	0.01850088656	0.01849378727	0.01847453643	0.01844472478	0.01840495216
	0.01835545644	0.01829634386	0.01822767326	0.01814948673	0.018061821
	0.01796471154	0.01785819428	0.01774230633	0.01761708652	0.01748257583
	0.01733881795	0.01718585989	0.01702375279	0.01685255289	0.01667232272
	0.01648313261	0.01628506251	0.01607820428	0.01586266451	0.01563856805
	0.01540606251	0.01516532393	0.01491656431	0.01466004187	0.01439607593
	0.0141250706	0.01384755658	0.01356427251	0.01327633557	0.01298561461
	0.01269555554	0.0124129878	0.01215195658	0.0119414417	0.0118397112
	0.01195779691	0.01248963011	0.01372986591	0.01602669966	0.01958440637
	0.0240853815	0.0283717034	0.03075056536	0.0301062824	0.02682062021
	0.02241151649	0.0183726404	0.01545313459	0.01370631734	0.01285346253
	0.01257066905	0.01261045533	0.012817336	0.0131045413	0.01342726394
	0.01376347589	0.01410260213	0.01443954406	0.01477174844	0.01509783889
	0.01541699579	0.01572867851	0.01603249954	0.01632816495	0.01661544416
	0.0168941528	0.01716414198	0.0174252909	0.01767750129	0.0179206933
	0.01815480216	0.01837977553	0.01859557133	0.01880215606	0.01899950332
	0.01918759265	0.01936640851	0.01953593956	0.01969617787	0.01984711842
	0.01998875861	0.02012109782	0.02024413711	0.02035787887	0.02046232663
	0.02055748479	0.02064335848	0.02071995348	0.02078727617	0.02084533395
	0.02089413642	0.02093369892	0.02096405265	0.02098527249	0.02099755365
	0.02100142106	0.01850076475	0.01849367185	0.01847443015	0.01844462464
	0.01840485372	0.01835535535	0.0182962361	0.01822755493	0.0181493539
	0.01806166943	0.01796453652	0.01785799044	0.01774206744	0.01761680526
	0.01748224356	0.0173384244	0.01718539277	0.01702319739	0.0168518915
	0.01667153395	0.01648219055	0.01628393565	0.01607685414	0.01586104391
	0.01563661893	0.01540371304	0.01516248495	0.01491312479	0.01465586341
	0.0143909867	0.01411886039	0.01383997817	0.01355506416	0.01326530418
	0.01297288104	0.01268221626	0.0124028035	0.01215547328	0.0119855844
	0.01198885377	0.01235650146	0.0134396114	0.01580290328	0.02016597422
	0.02703638983	0.03590464678	0.04445514716	0.04911835147	0.04754259534
	0.04066386078	0.0317790456	0.023909831	0.01837997586	0.01511474734
	0.01347607942	0.0128219336	0.01269913908	0.01283994863	0.0131027215
	0.01341787599	0.01375287185	0.01409291099	0.01443129506	0.01476491433
	0.01509223093	0.01541240377	0.0157249145	0.01602940722	0.01632561774
	0.01661334045	0.01689241113	0.01716269688	0.01742408952	0.01767650085
	0.01791985897	0.0181541055	0.01837919321	0.01859508418	0.01880174825
	0.01899916176	0.01918730647	0.01936616871	0.01953573863	0.01969600958
	0.01984697757	0.01998864087	0.02012099958	0.02024405538	0.02035781117
	0.02046227093	0.02055743945	0.02064332222	0.02071992534	0.02078725554
	0.02084532061	0.0208941306	0.02093370143	0.02096406487	0.02098529593
	0.02099758824	0.02100146162	0.01850064337	0.01849355356	0.01847431679
	0.01844451435	0.018404743	0.01835524024	0.01829611255	0.01822741879
	0.01814920079	0.01806149456	0.01796433453	0.01785775515	0.0177417917
	0.01761648066	0.01748186015	0.01733797036	0.01718485401	0.01702255701
	0.01685112918	0.01667062519	0.01648110571	0.01628263873	0.01607530125
	0.01585918133	0.01563438064	0.01540101754	0.01515923127	0.01490918741
	0.01465108625	0.01438517666	0.01411178273	0.01383136108	0.01354463298
	0.01325290144	0.01295882058	0.01266825196	0.01239466107	0.01216921695
	0.01206298127	0.0122325886	0.01300535581	0.01501273827	0.01933095605
	0.02743960646	0.04056333051	0.05797349706	0.07505567295	0.08424348875
	0.08054686755	0.06624255905	0.04850737764	0.03341645377	0.02320603122
	0.01735033351	0.01443261996	0.01319930337	0.01283215238	0.01287651614
	0.01310420792	0.01340834539	0.01374118047	0.01408200718	0.01442194726
	0.01475714439	0.01508584202	0.01540716383	0.01572061323	0.01602586884
	0.01632269955	0.01661092769	0.01689041159	0.01716103632	0.01742270794
	0.01767534954	0.01791889825	0.01815330288	0.01837852202	0.01859452245
	0.01880127784	0.01899876764	0.01918697618	0.01936589188	0.01953550664
	0.01969581523	0.01984681488	0.01998850484	0.02012088606	0.02024396091
	0.0203577329	0.02046220651	0.02055738696	0.02064328014	0.02071989251
	0.02078723116	0.02084530424	0.02089412218	0.02093370131	0.02096407361
	0.02098531386	0.02099761422	0.0210014913	0.01850052009	0.01849343167
	0.0184741971	0.01844439528	0.01840462152	0.01835511264	0.01829597477
	0.01822726647	0.01814902919	0.01806129841	0.01796410786	0.01785749109
	0.01774148225	0.01761611642	0.01748143001	0.01733746111	0.01718424991
	0.0170218392	0.01685027505	0.01666960749	0.01647989151	0.0162811881
	0.01607356561	0.01585710135	0.01563188353	0.01539801368	0.01515560983
	0.01490481102	0.01464578458	0.01437873987	0.01410395784	0.01382186094
	0.01353318568	0.01323941773	0.01294388895	0.01265451614	0.01239051007
	0.01219835672	0.01218840522	0.01261398731	0.01402830957	0.01755331663
	0.02521818556	0.04003591876	0.06488325655	0.09896640357	0.1331428876
	0.1513097431	0.142822622	0.1131840758	0.07802816566	0.04945671033
	0.0309844278	0.02080129155	0.01585454836	0.01374442608	0.01302209504
	0.01293083277	0.0131102566	0.013399209	0.01372871788	0.01407011803
	0.0144116763	0.01474857661	0.01507878084	0.0154013616	0.01571584229
	0.01602193794	0.01631945298	0.01660823992	0.01688818154	0.01715918242
	0.01742116409	0.01767406198	0.01791782307	0.01815240409	0.01837777002
	0.01859389282	0.01880075036	0.01899832556	0.01918660558	0.01936558119
	0.01953524621	0.01969559702	0.01984663218	0.01998835206	0.02012075854
	0.02024385477	0.02035764493	0.02046213405	0.02055732785	0.02064323265
	0.02071985528	0.02078720319	0.02084528487	0.02089411107	0.02093369834
	0.02096407875	0.02098532669	0.02099763316	0.02100151276	0.01850039385
	0.0184933059	0.01847407168	0.01844426855	0.01840449066	0.01835497406
	0.01829582438	0.01822709973	0.01814884105	0.01806108319	0.01796385907
	0.01785720124	0.01774114259	0.01761571668	0.01748095804	0.0173369025
	0.01718358748	0.01702105241	0.01684933926	0.0166684931	0.0164785628
	0.01627960184	0.01607166931	0.01585483106	0.01562916099	0.01539474278
	0.01515167207	0.01490005997	0.01464003934	0.01437177877	0.01409551636
	0.0138116463	0.01352094486	0.01322516258	0.0129285661	0.01264190499
	0.01239243799	0.01224865915	0.01237922899	0.01318672668	0.01558958134
	0.02154767008	0.03482924658	0.06148567018	0.1081025414	0.1745819791
	0.2429715606	0.2789427416	0.2597340876	0.1985445548	0.12936044
	0.07596314015	0.04319260532	0.02596197478	0.01789237726	0.01449953125
	0.01328002399	0.01300572412	0.01312170561	0.01339085753	0.01371576175
	0.01405746914	0.01440066631	0.01473935892	0.01507116489	0.01539509005
	0.01571067531	0.01601767299	0.01631592465	0.0166053145	0.01688575107
	0.0171571595	0.01741947774	0.01767265431	0.01791664668	0.01815142003
	0.0183769462	0.01859320269	0.01880017196	0.01899784062	0.01918619893
	0.01936524018	0.0195349603	0.01969535741	0.01984643153	0.01998818424
	0.02012061844	0.02024373813	0.02035754822	0.02046205435	0.02055726278
	0.02064318025	0.02071981402	0.02078717189	0.02084526264	0.02089409728
	0.02093369255	0.02096408046	0.02098533502	0.02099764634	0.02100152782
	0.01850026435	0.01849317628	0.01847394114	0.01844413524	0.01840435176
	0.01835482603	0.01829566308	0.01822692045	0.01814863849	0.01806085132
	0.01796359095	0.01785688886	0.01774077656	0.01761528597	0.01748044964
	0.01733630095	0.01718287437	0.0170202058	0.01684833286	0.01666729534
	0.01647713568	0.01627789949	0.01606963617	0.01585239959	0.01562624881
	0.01539124903	0.01514747285	0.0148950027	0.01463393642	0.01436440179
	0.01408659607	0.01380089391	0.0135081413	0.01321044994	0.01291332248
	0.01263127007	0.01240243195	0.01232584836	0.01265383767	0.01401184244
	0.01789038432	0.02763918104	0.05011668085	0.09725138948	0.1837128516
	0.312546438	0.4489724502	0.5200129724	0.4771409746	0.3516394779
	0.2168619339	0.1186201241	0.06173912587	0.03339295679	0.02069149853
	0.01549726679	0.01361182797	0.01310187254	0.01313861545	0.01338342717
	0.01370251679	0.01404427121	0.01438910328	0.01472964493	0.01506311756
	0.01538844733	0.0157051902	0.01601313602	0.01631216419	0.01660219131
	0.01688315238	0.01715499372	0.01741767022	0.01767114397	0.01791538339
	0.0181503625	0.0183760603	0.01859246017	0.01879954934	0.01899731841
	0.01918576087	0.01936487272	0.01953465213	0.01969509909	0.01984621517
	0.01998800324	0.02012046731	0.02024361229	0.02035744385	0.0204619683
	0.02055719244	0.02064312352	0.02071976917	0.02078713756	0.02084523776
	0.02089408101	0.02093368412	0.02096407905	0.02098533948	0.02099765487
	0.02100153784	0.01850013168	0.01849304313	0.01847380618	0.01844399638
	0.01840420615	0.01835467009	0.01829549259	0.0182267306	0.01814842375
	0.01806060536	0.01796330649	0.01785655742	0.01774038825	0.01761482914
	0.01747991054	0.01733566329	0.01718211878	0.01701930918	0.01684726759
	0.01666602836	0.01647562724	0.01627610174	0.01606749132	0.0158498376
	0.01562318457	0.0153875787	0.01514306937	0.01488971036	0.01462756476
	0.01435672076	0.01407733835	0.01378978347	0.01349500522	0.01319558065
	0.01289857606	0.01262329714	0.01242201582	0.01243451088	0.01302843026
	0.01514907841	0.02114897526	0.03659869575	0.07365882297	0.1552578239
	0.3130357741	0.5597258073	0.8292546805	0.9681547794	0.8743018033
	0.6202699743	0.3618825953	0.1849029919	0.08877135663	0.04360474967
	0.02434482353	0.01674464061	0.01401335865	0.01321645056	0.0131599051
	0.01337670379	0.01368908714	0.01403070954	0.01437716927	0.01471958997
	0.01505476512	0.01538153441	0.0156994675	0.01600839142	0.01630822325
	0.01659891203	0.01688041925	0.01715271256	0.01741576399	0.01766954942
	0.01791404841	0.01814924405	0.01837512271	0.01859167385	0.01879888968
	0.01899676488	0.01918529637	0.01936448297	0.01953432518	0.01969482496
	0.01984598552	0.01998781109	0.02012030684	0.02024347863	0.02035733296
	0.02046187683	0.02055711762	0.02064306306	0.02071972123	0.02078710061
	0.02084521056	0.02089406251	0.02093367335	0.02096407496	0.02098534074
	0.02099765969	0.02100154392	0.01849999623	0.01849290696	0.01847366756
	0.01844385305	0.01840405513	0.01835450778	0.01829531472	0.01822653222
	0.01814819917	0.01806034803	0.01796300884	0.01785621063	0.01773998199
	0.01761435131	0.01747934683	0.01733499675	0.0171813293	0.01701837282
	0.01684615578	0.01666470694	0.01647405529	0.01627423011	0.01606526083
	0.01584717681	0.01562000696	0.0153837792	0.01513852007	0.01488425528
	0.01462101443	0.01434884833	0.01406788451	0.01377849221	0.01348175714
	0.01318082346	0.01288464362	0.0126183602	0.01245177705	0.01257652751
	0.01351187951	0.01664065604	0.02555297077	0.0492024846	0.1084318946
	0.2458304692	0.5268677356	0.9891106962	1.510361143	1.775690295
	1.57661507	1.075182933	0.5925552631	0.2830733549	0.1260865266
	0.05682644786	0.02881874038	0.01820224485	0.0144651586	0.0133419006
	0.01318309521	0.01337007287	0.01367546489	0.01401693861	0.01436503804
	0.01470934737	0.01504623371	0.01537445285	0.01569358859	0.01600350449
	0.01630415449	0.01659551931	0.01687758639	0.01715034441	0.01741378235
	0.01766788983	0.01791265757	0.01814807778	0.01837414433	0.0185908528
	0.0187982005	0.01899618633	0.01918481069	0.0193640753	0.01953398311
	0.01969453808	0.01984574513	0.01998760992	0.0201201388	0.02024333865
	0.0203572168	0.02046178097	0.02055703915	0.02064299957	0.02071967074
	0.02078706148	0.02084518142	0.02089404215	0.02093366064	0.02096406868
	0.02098533944	0.02099766162	0.02100154698	0.01849985856	0.01849276841
	0.01847352615	0.01844370632	0.01840390006	0.0183543407	0.01829513129
	0.01822632742	0.01814796718	0.01806008215	0.01796270127	0.0178558523
	0.01773956231	0.01761385781	0.0174787648	0.01733430882	0.01718051486
	0.01701740736	0.01684501016	0.01666334634	0.01647243815	0.01627230665
	0.01606297131	0.01584444942	0.01561675513	0.01537989834	0.0151338835
	0.01487870962	0.01461437468	0.01434089531	0.01405837224	0.01376718964
	0.01346859913	0.01316639731	0.01287169433	0.01261637424	0.0124908514
	0.01274920289	0.01409891818	0.01848686843	0.0311751073	0.0659602972
	0.15703051	0.3798892203	0.8625985835	1.697236562	2.665336705
	3.149649627	2.748983787	1.802247634	0.9375872565	0.4189703839
	0.1739343887	0.07264810725	0.03386204255	0.01976405093	0.01492866652
	0.01346542146	0.01320430928	0.01336255277	0.01366154384	0.01400308389
	0.01435287274	0.01469906536	0.0150376466	0.01536730253	0.01568763395
	0.01599854022	0.01630001059	0.01659205603	0.01687468888	0.01714791806
	0.01741174902	0.0176661848	0.01791122711	0.0181468772	0.01837313636
	0.01859000637	0.01879748962	0.01899558927	0.01918430926	0.01936365428
	0.01953362972	0.01969424165	0.01984549668	0.01998740197	0.02011996506
	0.02024319389	0.02035709665	0.02046168178	0.02055695791	0.02064293378
	0.02071961831	0.02078702068	0.02084515078	0.02089402035	0.02093364641
	0.02096406072	0.02098533625	0.02099766144	0.02100154784	0.01849971937
	0.01849262823	0.01847338284	0.01844355733	0.01840374229	0.01835417043
	0.01829494418	0.01822611836	0.01814773029	0.0180598106	0.01796238716
	0.0178554864	0.01773913384	0.0176133541	0.01747817094	0.01733360719
	0.01717968458	0.01701642369	0.01684384367	0.01666196205	0.01647079436
	0.01627035359	0.01606064952	0.0158416877	0.0156134681	0.01537598342
	0.01512921733	0.01487314388	0.01460773212	0.01433296833	0.01404893223
	0.01375603281	0.01345570767	0.01315245814	0.01285971704	0.01261668691
	0.01253650344	0.0129435497	0.01476305076	0.02061705342	0.0378568862
	0.08666632385	0.2200444799	0.5636765816	1.349497537	2.769676747
	4.44864773	5.265421773	4.523238754	2.860676495	1.40762868
	0.5894968426	0.2292159756	0.08961498607	0.0389322588	0.02124849708
	0.01534672952	0.01356983069	0.01321867636	0.01335293903	0.01364716271
	0.01398925138	0.01434082557	0.01468888461	0.01502912167	0.01536017959
	0.01568168157	0.01599356199	0.01629584325	0.01658856456	0.01687176157
	0.01714546228	0.01740968782	0.0176644541	0.01790977348	0.018145656
	0.01837211026	0.01858914411	0.01879676502	0.01899498039	0.0191837977
	0.01936322458	0.01953326895	0.01969393894	0.01984524292	0.01998718953
	0.02011978755	0.02024304595	0.02035697383	0.02046158038	0.02055687482
	0.02064286643	0.02071956457	0.02078697876	0.02084511912	0.02089399757
	0.02093363117	0.02096405163	0.02098533179	0.02099765988	0.02100154727
	0.0184995794	0.01849248724	0.0184732386	0.01844340721	0.01840358318
	0.01835399861	0.01829475525	0.01822590723	0.01814749102	0.01805953634
	0.01796206993	0.01785511694	0.01773870129	0.01761284575	0.01747757182
	0.01733289961	0.01717884768	0.01701543274	0.01684266936	0.01666056961
	0.01646914245	0.01626839309	0.01605832196	0.01583892343	0.01561018409
	0.01537208055	0.01512457731	0.01486762573	0.01460116907	0.01432516751
	0.0140396853	0.01374516262	0.01344322913	0.01313909398	0.01284851447
	0.01261805941	0.0125839986	0.0131434843	0.01545205837	0.02286633443
	0.04509435775	0.1098635089	0.2936879865	0.7891938444	1.97560042
	4.190273369	6.816944937	8.035773776	6.815030861	4.190019424
	1.961951916	0.7738011703	0.2837649147	0.1050126191	0.04320279927
	0.02241517188	0.01565124501	0.01363627452	0.01322119063	0.01334005782
	0.01363217401	0.01397554326	0.01432903917	0.01467893627	0.01502076914
	0.01535317451	0.01567580547	0.01598863048	0.0162917024	0.01658508612
	0.01686883858	0.01714300541	0.01740762233	0.01766271741	0.0179083131
	0.0181444279	0.01837107749	0.01858827564	0.01879603477	0.01899436645
	0.01918328165	0.01936279098	0.01953290478	0.0196936333	0.01984498665
	0.01998697494	0.02011960821	0.02024289648	0.02035684972	0.02046147788
	0.02055679081	0.02064279832	0.02071951018	0.02078693627	0.02084508695
	0.02089397429	0.02093361542	0.02096404198	0.0209853267	0.02099765763
	0.02100154599	0.01849943946	0.01849234627	0.01847309437	0.01844325713
	0.01840342412	0.01835382685	0.01829456642	0.01822569621	0.01814725192
	0.01805926231	0.01796175303	0.01785474795	0.01773826941	0.01761233833
	0.017476974	0.01733219389	0.01717801338	0.01701444545	0.0168415002
	0.0166591844	0.01646750073	0.01626644693	0.01605601459	0.01583618759
	0.01560694007	0.01536823397	0.01512001646	0.01486221886	0.01459476211
	0.01431758474	0.0140307401	0.0137347014	0.01343127874	0.01312633094
	0.01283773494	0.01261878151	0.01262696283	0.01332680436	0.0160899651
	0.02497519743	0.05199984206	0.1325266579	0.367844305	1.024219857
	2.647523109	5.726881839	9.319832081	10.86820446	9.136657499
	5.516164934	2.479790397	0.9286318069	0.3244574926	0.1152240919
	0.0457202215	0.02301715378	0.01577873772	0.01364861219	0.01320790475
	0.01332308114	0.01361652314	0.013962075	0.0143176483	0.01466934038
	0.01501268963	0.0153463705	0.0156700744	0.01598380262	0.01628763534
	0.01658166012	0.01686595283	0.01714057497	0.0174055756	0.01766099402
	0.01790686216	0.01814320651	0.01837004948	0.01858741054	0.01879530691
	0.0189937542	0.01918276682	0.01936235822	0.01953254122	0.01969332809
	0.01984473069	0.01998676057	0.02011942903	0.02024274711	0.02035672569
	0.02046137544	0.02055670684	0.02064273024	0.02071945582	0.02078689379
	0.02084505479	0.02089395102	0.02093359967	0.02096403234	0.02098532162
	0.02099765539	0.02100154471	0.01849930033	0.01849220616	0.01847295115
	0.01844310824	0.01840326648	0.01835365678	0.01829437956	0.01822548751
	0.01814701553	0.01805899146	0.01796143991	0.01785438344	0.0177378429
	0.01761183738	0.01747638401	0.0173314977	0.01717719077	0.01701347257
	0.01684034892	0.01665782151	0.01646588706	0.01626453627	0.01605375247
	0.01583350986	0.01560377126	0.01536448543	0.01511558433	0.01485698205
	0.01458858094	0.01431030213	0.01402219154	0.01372475189	0.01341994319
	0.01311415049	0.01282694375	0.01261693524	0.01265832206	0.0134684864
	0.0165884796	0.02662838517	0.05742824009	0.1504315841	0.4268926402
	1.212962672	3.187696399	6.93474312	11.17480728	12.84113608
	10.73850069	6.407982407	2.783646925	0.9990241356	0.3371546048
	0.116915768	0.04572278116	0.02288196917	0.01569040227	0.01359831825
	0.01317711987	0.01330181178	0.01360031366	0.01394898821	0.01430678067
	0.01466020439	0.01500497259	0.01533984218	0.01566455081	0.01597913084
	0.01628368615	0.01657832367	0.01686313558	0.01713819731	0.01740356984
	0.01765930266	0.01790543645	0.01814200511	0.01836903743	0.01858655825
	0.01879458939	0.01899315034	0.01918225881	0.01936193106	0.01953218224
	0.01969302665	0.01984447783	0.01998654877	0.02011925196	0.0202425995
	0.02035660311	0.02046127419	0.02055662387	0.02064266297	0.02071940214
	0.02078685191	0.02084502316	0.02089392826	0.02093358444	0.02096402327
	0.02098531717	0.02099765383	0.02100154415	0.01849916277	0.01849206772
	0.01847280986	0.01844296168	0.01840311163	0.01835348999	0.01829419654
	0.01822528329	0.01814678436	0.01805872672	0.01796113394	0.01785402736
	0.01773742638	0.01761134833	0.01747580826	0.0173308186	0.01717638875
	0.01701252459	0.01683922789	0.01665649554	0.01646431865	0.0162626814
	0.01605155952	0.01583091839	0.01560071072	0.01536087374	0.01511132641
	0.01485196851	0.0145826875	0.01430339116	0.01401411994	0.01371539763
	0.01340928623	0.01310251519	0.01281572333	0.01261076954	0.01267169802
	0.01354594586	0.01686718882	0.02753413974	0.06029491818	0.1594520005
	0.4550046715	1.29695158	3.408917669	7.374932722	11.7314185
	13.31879833	11.09055366	6.521282289	2.73269626	0.9469665705
	0.3140190175	0.1087080817	0.04300336793	0.02198893887	0.01538848033
	0.01348793837	0.0131301083	0.01327682964	0.01358383386	0.01393645328
	0.01429655557	0.01465162149	0.01499769496	0.01533365451	0.01565929005
	0.01597466242	0.01627989521	0.0165751112	0.01686041615	0.01713589736
	0.0174016262	0.01765766128	0.01790405115	0.01814083657	0.01836805221
	0.01858572795	0.01879388995	0.01899256141	0.01918176315	0.01936151412
	0.01953183176	0.01969273227	0.01984423084	0.01998634185	0.02011907896
	0.02024245526	0.02035648332	0.02046117527	0.02055654281	0.02064259731
	0.0207193498	0.02078681118	0.02084499256	0.02089390649	0.02093357025
	0.02096401533	0.02098531399	0.02099765367	0.02100154502	0.01849902745
	0.01849193169	0.01847267142	0.01844281856	0.01840296091	0.01835332808
	0.01829401923	0.01822508568	0.01814656086	0.01805847091	0.01796083843
	0.01785368358	0.01773702436	0.01761087646	0.01747525293	0.01733016387
	0.01717561589	0.01701161162	0.016838149	0.01665522046	0.01646281193
	0.01626090158	0.01604945825	0.01582843947	0.01559778909	0.01535743446
	0.01510728376	0.0148472254	0.0145771355	0.0142969121	0.01400659092
	0.01370670428	0.0133993557	0.01309139672	0.01280377862	0.0125990926
	0.01266288857	0.01354475105	0.01687626247	0.02751748269	0.05997260147
	0.157299578	0.443835333	1.247301973	3.227123939	6.883294057
	10.83503791	12.22843932	10.10341417	5.782236514	2.315693868
	0.7793417191	0.2595349719	0.09227800966	0.03809406999	0.02049715639
	0.01491969895	0.0133312318	0.01307099449	0.0132494252	0.01356753006
	0.01392465947	0.01428708001	0.01464366897	0.01499092021	0.01532786224
	0.01565433991	0.01597043905	0.01627629877	0.0165720541	0.0168578216
	0.01713369835	0.0173997646	0.01765608686	0.01790272075	0.01813971319
	0.01836710425	0.01858492849	0.0187932161	0.01899199373	0.01918128517
	0.01936111192	0.01953149357	0.01969244814	0.01984399241	0.01998614207
	0.02011891191	0.02024231598	0.02035636766	0.02046107976	0.02055646459
	0.020642534	0.02071929944	0.02078677214	0.02084496349	0.02089388618
	0.02093355757	0.02096400906	0.02098531272	0.02099765562	0.0210015481
	0.01849889493	0.0184917987	0.01847253665	0.01844267996	0.01840281565
	0.01835317262	0.01829384941	0.01822489676	0.01814634743	0.0180582268
	0.01796055655	0.01785335578	0.01773664117	0.01761042683	0.01747472398
	0.01732954049	0.01717488039	0.01701074328	0.01683712354	0.0166540095
	0.01646138235	0.01625921483	0.01604746962	0.01582609738	0.01559503432
	0.01535419958	0.01510349274	0.01484279359	0.01457197025	0.01429091408
	0.01399965581	0.01369872149	0.01339019021	0.01308079899	0.01279101788
	0.01258156127	0.01263092877	0.01346261821	0.01661194621	0.02658224036
	0.05654760195	0.1446073527	0.397083888	1.082475649	2.71520337
	5.656102298	8.807891935	9.889610919	8.02892585	4.402594617
	1.669508452	0.5507455423	0.1898470079	0.07190514611	0.03210431038
	0.01869698843	0.01436169748	0.01314946919	0.01300575072	0.01322132598
	0.01355193162	0.01391379425	0.01427844304	0.01463640656	0.0149846979
	0.01532250962	0.01564974041	0.01596649671	0.01627292884	0.01656918057
	0.01685537657	0.01713162169	0.01739800349	0.01765459529	0.01790145884
	0.01813864659	0.01836620345	0.01858416828	0.01879257495	0.01899145334
	0.01918083	0.01936072878	0.01953117131	0.01969217734	0.01984376512
	0.01998595159	0.02011875262	0.02024218316	0.02035625737	0.02046098872
	0.02055639007	0.02064247376	0.02071925164	0.0207867353	0.02084493636
	0.02089386774	0.02093354684	0.02096400501	0.020985314	0.02099766046
	0.0210015542	0.01849876559	0.01849166925	0.01847240633	0.01844254694
	0.01840267715	0.01835302514	0.01829368886	0.01822471854	0.01814614635
	0.018057997	0.01796029136	0.01785304751	0.01773628092	0.01761000427
	0.01747422703	0.01732895505	0.01717418998	0.01700992861	0.01683616208
	0.016652875	0.01646004428	0.01625763781	0.01604561289	0.01582391419
	0.01559247157	0.0153511975	0.01509998497	0.01483870771	0.01456722878
	0.01428543545	0.01399335257	0.01369148495	0.0133818238	0.01307077002
	0.01277758489	0.01255877082	0.01257833458	0.0133099958	0.01611738855
	0.02490771683	0.05077395611	0.1245759393	0.328217243	0.8558827963
	2.052406498	4.124322659	6.296033258	6.960370513	5.465722093
	2.83381322	1.015479683	0.3349547383	0.1246685812	0.05250935029
	0.02626298449	0.01690340001	0.01379778813	0.01296531695	0.01294067668
	0.01319431022	0.01353755174	0.01390401818	0.01427070986	0.01462987547
	0.01497906369	0.01531763061	0.01564552391	0.01596286565	0.01626981309
	0.0165665155	0.01685310317	0.0171296868	0.01739635983	0.01765320124
	0.01790027807	0.01813764761	0.0183653591	0.01858345523	0.01879197325
	0.01899094596	0.01918040247	0.0193603688	0.01953086844	0.01969192279
	0.01984355143	0.01998577249	0.02011860284	0.02024205827	0.02035615367
	0.02046090314	0.02055632008	0.02064241726	0.02071920697	0.02078670109
	0.02084491158	0.02089385153	0.02093353846	0.02096400364	0.0209853185
	0.02099766902	0.02100156426	0.01849863951	0.01849154364	0.01847228112
	0.01844242053	0.01840254672	0.01835288715	0.01829353929	0.01822455294
	0.0181459598	0.01805778401	0.0179600457	0.01785276206	0.01773594746
	0.01760961324	0.01747376733	0.0173284137	0.01717355184	0.01700917601
	0.01683527443	0.01665182835	0.01645881091	0.01625618575	0.01604390547
	0.01582190973	0.01559012313	0.01534845294	0.01509678739	0.01483499635
	0.01456294033	0.01428050462	0.01398770707	0.01368501816	0.01337428779
	0.01306140002	0.01276383443	0.01253211923	0.01251045203	0.01310705032
	0.01546869741	0.02278339991	0.04376282695	0.1014828905	0.2534378345
	0.6253351886	1.417640369	2.71332757	4.001546166	4.284120715
	3.2027811	1.560321429	0.5330703954	0.1823034534	0.0769502445
	0.03739184574	0.02143119083	0.01534876938	0.01329251171	0.01279703546
	0.01288097338	0.01316984804	0.01352479706	0.01389544326	0.01426391767
	0.01462409832	0.01497404009	0.0153132495	0.01564171557	0.0159595706
	0.01626697498	0.01656408054	0.01685102096	0.01712791108	0.01739484893
	0.01765191807	0.01789919002	0.01813672623	0.01836457975	0.01858279666
	0.01879141724	0.01899047692	0.01918000709	0.01936003578	0.01953058821
	0.0196916872	0.01984335363	0.01998560669	0.02011846417	0.02024194265
	0.02035605769	0.02046082396	0.02055625536	0.02064236512	0.02071916589
	0.02078666992	0.02084488944	0.02089383781	0.02093353272	0.02096400539
	0.02098532687	0.02099768225	0.02100157936	0.01849851634	0.01849142187
	0.01847216163	0.01844230176	0.01840242567	0.01835276015	0.01829340234
	0.01822440177	0.01814578982	0.01805759013	0.01795982223	0.0178525025
	0.01773564434	0.01760925791	0.01747334972	0.0173279221	0.01717297257
	0.01700849316	0.0168344695	0.0166508799	0.01645769417	0.0162548723
	0.01604236292	0.0158201015	0.01558800845	0.01534598711	0.0150939225
	0.01483168248	0.01455912706	0.01427614109	0.01398273464	0.0136793341
	0.01336761014	0.01305280793	0.01275026223	0.01250350248	0.01243419164
	0.01287845172	0.01475333733	0.02051865834	0.03660283364	0.07909645349
	0.1852735348	0.4291988875	0.9133160458	1.65023261	2.324251715
	2.383883473	1.689325468	0.7803644127	0.2621556458	0.09795449172
	0.04824126285	0.02724589428	0.01788780284	0.0141336058	0.01287954657
	0.01265536977	0.01282992301	0.01314888482	0.01351391269	0.013888121
	0.01425807455	0.01461908035	0.01496963771	0.01530938193	0.01563833394
	0.01595663123	0.01626443397	0.01656189412	0.01684914691	0.01712630988
	0.01739348442	0.01765075778	0.01789820516	0.01813589153	0.01836387323
	0.01858219929	0.01879091265	0.01899005108	0.01917964802	0.01935973327
	0.01953033358	0.01969147311	0.01984317385	0.01998545599	0.02011833812
	0.02024183755	0.02035597045	0.02046075203	0.02055619663	0.0206423179
	0.02071912885	0.02078664208	0.02084487016	0.02089382676	0.0209335298
	0.02096401057	0.02098533975	0.02099770125	0.02100160087	0.01849839498
	0.0184913036	0.01847204844	0.01844219177	0.01840231539	0.01835264564
	0.01829327961	0.01822426677	0.01814563829	0.01805741749	0.01795962337
	0.01785227162	0.0177353748	0.01760894203	0.01747297858	0.01732748533
	0.01717245811	0.01700788697	0.01683375531	0.01665003888	0.01645670468
	0.01625370958	0.0160409989	0.01581850473	0.0155861442	0.01534381782
	0.01509140866	0.01482878403	0.01455580488	0.01427235686	0.01397844183
	0.01367443671	0.01336181338	0.01304512206	0.01273741476	0.01247495044
	0.01235662391	0.01264805106	0.01405018649	0.01836924485	0.03009829848
	0.05980868121	0.13011783	0.2813956065	0.560162246	0.9521607913
	1.275572021	1.254169142	0.853964797	0.3874021089	0.1368769571
	0.05834281164	0.03274531136	0.02096626817	0.01547440883	0.01324955216
	0.01256468506	0.01254372722	0.01278881938	0.01313180384	0.01350497224
	0.01388204258	0.01425316215	0.01461481202	0.01496585729	0.01530603616
	0.01563539186	0.01595406264	0.01626220582	0.01655997168	0.01684749555
	0.01712489649	0.01739227826	0.01764973096	0.01789733277	0.01813515159
	0.01836324651	0.01858166912	0.01879046464	0.01898967285	0.019179329
	0.01935946444	0.01953010726	0.01969128279	0.01984301402	0.01998532199
	0.02011822604	0.02024174411	0.02035589291	0.02046068812	0.0205561445
	0.02064227607	0.02071909621	0.02078661783	0.02084485389	0.02089381841
	0.02093352972	0.02096401936	0.02098535774	0.02099772732	0.02100163064
	0.01849827303	0.01849118803	0.01847194224	0.01844209191	0.01840221736
	0.01835254511	0.01829317261	0.01822414951	0.01814550695	0.018057268
	0.01795945127	0.01785207189	0.01773514169	0.01760866891	0.01747265777
	0.0173271079	0.01717201369	0.01700736351	0.01683313887	0.01664931338
	0.01645585167	0.01625270804	0.01603982514	0.01581713237	0.01558454438
	0.01534195974	0.01508926053	0.01482631451	0.01455298457	0.01426915791
	0.01397482839	0.0136703227	0.01335691285	0.01303846168	0.01272580694
	0.01244831449	0.01228387111	0.0124351235	0.01341748757	0.01650230771
	0.02468927942	0.04458848753	0.08920168749	0.179164176	0.3331951746
	0.5330524467	0.6806184448	0.6472805322	0.4345083155	0.2040873425
	0.08136077261	0.03953444042	0.02422953262	0.01712601386	0.01388842491
	0.01263646365	0.01233703872	0.01246041193	0.01275742518	0.01311852678
	0.01349790488	0.01387714933	0.01424914129	0.01461127256	0.01496269198
	0.01530321467	0.01563289747	0.01595187599	0.01626030299	0.01655832587
	0.01684607904	0.0171236822	0.01739124071	0.01764884678	0.01789658095
	0.01813451348	0.01836270574	0.01858121145	0.01879007774	0.01898934612
	0.01917905335	0.01935923211	0.01952991163	0.01969111826	0.01984287584
	0.01998520614	0.02011812914	0.02024166333	0.02035582589	0.0204606329
	0.02055609951	0.02064224006	0.02071906824	0.02078659732	0.02084484063
	0.02089381265	0.02093353227	0.02096403162	0.02098538126	0.02099776205
	0.02100167133	0.0184981454	0.01849107393	0.01847184422	0.01844200392
	0.01840213327	0.0183524601	0.01829308278	0.01822405143	0.0181453973
	0.01805714333	0.01795930782	0.01785190547	0.0177349475	0.01760844144
	0.01747239064	0.0173267937	0.01717164381	0.017006928	0.0168326262
	0.0166487103	0.01645514299	0.01625187656	0.01603885152	0.01581599521
	0.01558322049	0.01534042466	0.01508748948	0.01482428377	0.01455067284
	0.01426654583	0.01397188944	0.01366698374	0.01335291643	0.01303292525
	0.01271586861	0.01242507974	0.01222052977	0.01225283794	0.01288994227
	0.01499774207	0.02050811905	0.03339624197	0.0608220743	0.1127762443
	0.1956773017	0.2952062001	0.3609769767	0.3359289426	0.2281944559
	0.115751658	0.053371122	0.02899322221	0.0191543333	0.01475023154
	0.01286833269	0.01222668626	0.01217963991	0.01240118063	0.01273460067
	0.01310867638	0.01349254238	0.01387334947	0.01424595963	0.0146084342
	0.01496012998	0.01530091581	0.01563085525	0.0159500792	0.01625873507
	0.01655696678	0.01684490731	0.01712267639	0.01739038036	0.01764811297
	0.01789595654	0.0181339832	0.01836225615	0.0185808308	0.01878975585
	0.01898907423	0.01917882392	0.0193590387	0.01952974876	0.01969098126
	0.01984276077	0.01998510967	0.02011804846	0.02024159607	0.0203557701
	0.02046058696	0.02055606212	0.02064221019	0.02071904517	0.02078658064
	0.02084483029	0.02089380919	0.02093353698	0.02096404684	0.02098541034
	0.02099780734	0.02100172722	0.01849800131	0.01849096015	0.01847175676
	0.0184419303	0.01840206507	0.01835239213	0.01829301145	0.01822397381
	0.01814531065	0.0180570449	0.01795919462	0.01785177416	0.01773479431
	0.01760826202	0.01747217996	0.01732654594	0.01717135222	0.01700658475
	0.01683222227	0.01664823531	0.0164545851	0.01625122236	0.01603808603
	0.01581510193	0.01558218165	0.01533922175	0.01508610407	0.01482269871
	0.01454887345	0.01426451945	0.01396961773	0.01366440911	0.01334982659
	0.013028588	0.01270792817	0.01240632096	0.01216963429	0.01210869544
	0.01248262198	0.0138711731	0.01749319333	0.02568204582	0.04226567694
	0.07185945708	0.1160218743	0.1652772587	0.1944911322	0.1789802258
	0.1254076697	0.07001629248	0.03708543745	0.02237328044	0.01602316571
	0.01329251162	0.01223011375	0.01196315054	0.01207565932	0.01236112843
	0.0127188519	0.0131017374	0.01348866991	0.01387053658	0.0142435599
	0.01460626659	0.01495815715	0.01529913543	0.01562926709	0.01594867761
	0.01625750915	0.01655590224	0.01684398824	0.01712188658	0.01738970417
	0.01764753582	0.01789546515	0.0181335657	0.01836190204	0.0185805309
	0.01878950219	0.01898885993	0.01917864306	0.01935888622	0.01952962035
	0.01969087326	0.01984267006	0.01998503361	0.02011798485	0.02024154307
	0.02035572614	0.02046055079	0.0205560327	0.02064218675	0.02071902715
	0.02078656778	0.02084482272	0.02089380759	0.02093354302	0.02096406388
	0.02098544418	0.02099786514	0.02100180588	0.01849781657	0.01849084784
	0.01847168495	0.01844187462	0.01840201496	0.01835234271	0.0182929598
	0.01822391771	0.0181452481	0.01805697387	0.01795911294	0.01785167942
	0.01773468378	0.01760813257	0.01747202796	0.0173263672	0.01717114188
	0.01700633718	0.01683193098	0.01664789287	0.01645418303	0.01625075109
	0.01603753487	0.01581445919	0.01558143481	0.01533835787	0.01508511049
	0.01482156395	0.01454758821	0.01426307639	0.01396800577	0.01366258872
	0.01334764442	0.01302550838	0.01270223012	0.01239277842	0.01213302186
	0.01200621284	0.0121982618	0.01310358766	0.01550091126	0.02077078907
	0.030958289	0.04812683099	0.0721533825	0.09712350037	0.1104254357
	0.1013096242	0.0740683876	0.04566201869	0.02740148627	0.01828585432
	0.0141518836	0.01243316296	0.01184963876	0.01180285397	0.0120110807
	0.01233577866	0.01270870982	0.01309718332	0.01348606984	0.01386860653
	0.01424188757	0.01460474088	0.01495675947	0.01529786844	0.01562813327
	0.01594767462	0.01625663031	0.01655513803	0.01684332774	0.0171213185
	0.01738921749	0.0176471202	0.01789511114	0.01813326483	0.01836164679
	0.01858031469	0.01878931929	0.01898870539	0.01917851263	0.01935877626
	0.01952952775	0.01969079537	0.01984260465	0.01998497878	0.02011793901
	0.02024150487	0.02035569448	0.02046052475	0.02055601156	0.02064216993
	0.0207190143	0.02078655874	0.02084481767	0.02089380728	0.02093354927
	0.02096408075	0.02098548035	0.02099793639	0.02100192204	0.01849753364
	0.01849074858	0.01847163894	0.01844184172	0.01840198529	0.01835231319
	0.01829292882	0.01822388401	0.01814521049	0.01805693112	0.01795906375
	0.01785162234	0.01773461716	0.01760805451	0.01747193628	0.01732625936
	0.01717101495	0.01700618777	0.01683175519	0.01664768622	0.01645394043
	0.01625046678	0.01603720247	0.01581407172	0.01558098483	0.01533783777
	0.0150845129	0.01482088242	0.01454681793	0.01426221432	0.01396704787
	0.01366151622	0.01334637506	0.0130237407	0.01269897492	0.01238500687
	0.01211190747	0.0119470981	0.01203514917	0.01266831806	0.01439071159
	0.01809761208	0.02498205574	0.03600688913	0.05056083287	0.06472688137
	0.07150492079	0.0657147467	0.05014320545	0.03363934059	0.02224511342
	0.01606048119	0.01315158316	0.01197782805	0.01164661465	0.01171606645
	0.01197553553	0.01232159857	0.01270295007	0.01309456053	0.013484554
	0.01386747087	0.01424089718	0.01460383315	0.01495592506	0.01529711011
	0.0156274533	0.0159470722	0.01625610183	0.01655467807	0.01684292994
	0.01712097617	0.01738892409	0.01764686957	0.01789489762	0.01813308332
	0.01836149279	0.01858018424	0.01878920894	0.01898861216	0.01917843396
	0.01935870995	0.01952947192	0.01969074843	0.01984256524	0.01998494577
	0.02011791142	0.0202414819	0.02035567547	0.02046050913	0.02055599889
	0.0206421599	0.02071900667	0.02078655347	0.02084481493	0.02089380768
	0.02093355442	0.02096409465	0.02098551347	0.02099801707	0.02100210722
	0.01849700747	0.01849071128	0.01847163641	0.01844183702	0.01840197809
	0.01835230463	0.01829291925	0.01822387333	0.01814519843	0.01805691731
	0.01795904776	0.01785160369	0.0177345953	0.01760802881	0.017471906
	0.01732622365	0.01717097284	0.01700613812	0.0168316967	0.01664761739
	0.01645385955	0.01625037196	0.01603709157	0.01581394242	0.01558083468
	0.0153376643	0.01508431379	0.01482065584	0.01454656306	0.0142619321
	0.0139667417	0.01366119159	0.0133460331	0.01302334958	0.01269836698
	0.01238354671	0.01210749578	0.0119333639	0.01199403991	0.01255201436
	0.01408182809	0.01733412396	0.02324994461	0.03247497284	0.04427551339
	0.05533283114	0.06023183406	0.0553154302	0.04295892641	0.0298318739
	0.02050991117	0.01528662438	0.01280024948	0.0118169902	0.01157415044
	0.01168451936	0.01196228999	0.01231616547	0.01270069345	0.01309353445
	0.01348398377	0.01386706595	0.01424055697	0.014603527	0.01495564577
	0.01529685699	0.01562722652	0.0159468713	0.01625592557	0.01655452463
	0.01684279721	0.01712086195	0.01738882621	0.01764678596	0.01789482641
	0.01813302282	0.01836144148	0.0185801408	0.01878917223	0.01898858117
	0.01917840784	0.01935868796	0.01952945345	0.01969073293	0.01984255226
	0.01998493493	0.02011790239	0.02024147442	0.0203556693	0.0204605041
	0.02055599485	0.02064215674	0.02071900433	0.02078655194	0.02084481433
	0.02089380836	0.02093355733	0.02096410241	0.02098553433	0.02099808544
	0.02100243425	