3131	
	0.3298078323	0.2543197931	0.04367548793	-0.02766072755	-0.03510476289
	-0.09049648505	-0.5558094927	-2.285479053	-1.779072956	-0.4426076875
	-0.09750117639	-0.06204260717	0.1685546971	1.082523011	1.224504682
	0.3419504681	1.130148746	1.035206558	-0.7753366729	3.57844537
	1.384055675	-0.5694774736	-1.639179177	-0.7797473919	3.658683859
	4.711594373	1.843645888	0.2882700805	-0.08309865034	-0.1708888942
	-0.6675043936	3.011594378	7.511137664	5.674413057	6.163675882
	3.162379467	-2.835953826	-1.217545011	2.096115978	3.739786239
	-3.681513899	-2.578229784	-0.5030234027	-0.1963772041	-0.1010625693
	-0.02900598138	-0.02142645981	-0.02887237245	-0.004961640717	0.03792934879
	0.07996122134	0.1149157964	0.1435046029	0.164908206	0.1650041308
	0.1089995878	-0.01366495207	-0.1113792815	-0.08546784284	0.01467385903
	0.09746694727	0.1383298739	0.1519669764	0.1540974276	0.1527485542
	0.1508679155	0.1492364108	0.1479248032	0.1468412482	0.1458943699
	0.1450243441	0.1441980479	0.1433990218	0.1426198382	0.1418575069
	0.1411110189	0.1403801421	0.1396648806	0.1389652546	0.138281221
	0.1376126506	0.1369593288	0.1363209685	0.1356972267	0.1350877214
	0.1344920451	0.133909773	0.1333404698	0.1327836949	0.1322390096
	0.1317059886	0.1311842371	0.1306734257	0.1301733665	0.1296841908
	0.1292067734	0.1287437513	0.1283019861	0.1278986001	0.1275762938
	0.1274463359	0.3352672045	0.245325922	0.04419284128	-0.02757743819
	-0.03531452182	-0.09881583416	-0.4387223644	-1.802411997	-1.634969867
	-0.4151803867	-0.09013452957	-0.0966502129	-0.02876084102	0.4791899594
	0.5492482556	0.1505105265	0.5551907423	1.637883859	-0.6581703948
	2.930307479	1.139974383	-0.781638161	-1.808867439	-1.452629956
	2.21635438	3.89532843	1.668483423	0.2549393233	-0.0818452321
	-0.3355252725	-1.67174057	0.9734836945	6.959061589	5.725781305
	6.327653821	3.183682206	-3.968581689	-1.741772237	1.504245153
	3.841315982	-2.212001886	-2.253453459	-0.4198699354	-0.1668417736
	-0.08793741534	-0.02700631767	-0.03197941961	-0.04524747336	-0.01625232614
	0.03278947897	0.07824158915	0.1147679955	0.144372875	0.1675165199
	0.1715933581	0.1215452135	0.001405492346	-0.1011731958	-0.08055812631
	0.01822879054	0.1004643606	0.1402227147	0.1528744493	0.1544483917
	0.1528580856	0.1508914987	0.1492358315	0.1479205441	0.1468384865
	0.1458935184	0.1450247476	0.1441990679	0.143400245	0.1426210435
	0.1418585954	0.1411119583	0.140380933	0.1396655374	0.1389657956
	0.1382816645	0.1376130129	0.1369596241	0.1363212089	0.135697422
	0.13508788	0.1344921735	0.1339098768	0.1333405536	0.1327837626
	0.1322390646	0.131706034	0.1311842764	0.1306734638	0.1301734125
	0.1296842635	0.1292069149	0.128744056	0.128302656	0.1278999742
	0.1275780592	0.1274373516	0.2808029813	0.1945662302	0.03262657175
	-0.03065624467	-0.03707138615	-0.1291191391	-0.2878239658	-0.7735711152
	-0.9812979017	-0.2924742139	-0.08450070511	-0.1755219578	-0.2937153347
	-0.01775227632	-0.2436812274	-0.07888425541	-0.08430884413	0.9990332491
	-0.05050302135	1.632323896	0.3196645109	-1.478826092	-2.333358708
	-2.586215759	-0.4096966651	1.685134712	0.9651472097	0.1590920275
	-0.1090602838	-0.83053654	-4.166949846	-3.607481491	5.010288375
	5.485155978	6.881861523	3.227188088	-7.038371429	-3.204639022
	0.488999782	3.164403639	0.02950268058	-0.9961309344	-0.1938267749
	-0.09819942755	-0.03261344826	-0.01438377238	-0.06328020463	-0.09667804055
	-0.05047204951	0.01768227865	0.07315227639	0.1142365764	0.1469452772
	0.1756072657	0.1916602533	0.1578319946	0.04460780442	-0.06637007706
	-0.05657662204	0.03465622734	0.1104806103	0.1452892133	0.1550287356
	0.1552304553	0.1530930748	0.1509400788	0.1492338909	0.1479118443
	0.146833676	0.1458931278	0.1450271339	0.1442027184	0.1434041988
	0.1426247972	0.1418619336	0.1411148231	0.1403833427	0.1396675413
	0.1389674516	0.1382830282	0.1376141338	0.1369605445	0.1363219643
	0.135698042	0.1350883888	0.1344925912	0.13391022	0.1333408358
	0.1327839951	0.1322392569	0.1317061941	0.1311844118	0.1306735823
	0.1301735243	0.1296843854	0.129207078	0.1287443186	0.1283031097
	0.1279006536	0.1275783239	0.1274338644	0.1696474398	0.111427104
	0.001587091811	-0.05701124409	-0.02607849696	0.1331363009	0.1202505543
	0.4506596007	-0.2358744343	-0.1186372975	-0.07417481954	-0.2581823987
	-0.4749079958	-0.2387334203	-0.5011338121	0.1127747185	-0.1111944502
	0.1753049674	-0.03518331673	0.5754021484	-0.5925980534	-2.742661207
	-3.200115331	-3.630993747	-2.548601968	-0.4302115496	0.1536141508
	0.02609373974	-0.1568004071	-1.22359018	-5.582629639	-6.415761827
	3.198786346	5.091700046	7.289428606	4.099904351	-9.80604678
	-5.108724568	-0.5100632713	2.007982775	1.302110745	0.1838868505
	0.1139671901	0.08593048632	0.111454057	0.01752241882	-0.1045584125
	-0.1780127463	-0.102207449	-0.003060055525	0.0670959597	0.1145080052
	0.1515585048	0.1885333697	0.2243085515	0.220329571	0.1256578567
	0.006049985954	-0.004887595186	0.06714771822	0.128037617	0.1533201633
	0.158183197	0.1562923963	0.1533780469	0.1509795338	0.1492159727
	0.1478926364	0.1468243419	0.1458921916	0.1450310837	0.1442088113
	0.143410786	0.1426310388	0.1418674777	0.1411195785	0.1403873422
	0.1396708682	0.1389702021	0.1382852947	0.1376159983	0.1369620773
	0.136323224	0.1356990773	0.13508924	0.1344932915	0.1339107966
	0.1333413113	0.132784388	0.1322395826	0.1317064656	0.1311846403
	0.1306737785	0.1301736996	0.1296845549	0.1292072643	0.1287445552
	0.1283034292	0.1279010062	0.1275783003	0.1274325062	0.0629523635
	0.02530889021	-0.05776811927	-0.1466880034	-0.09648566954	0.6515842851
	1.979824107	1.962193995	0.1980903017	-0.03693871937	-0.0587588044
	-0.3193674513	-0.5104646097	-0.3056341087	-0.6312730354	0.7109428403
	0.1445040173	-0.4117103865	-0.2170354539	0.03501405026	-1.136304021
	-4.022264997	-3.854566257	-4.558039392	-3.820271381	-1.735132051
	-0.4395994867	-0.07665156602	-0.06613315996	-0.6489113667	-3.016509221
	-2.867042493	3.511214321	4.929208886	7.261073568	5.93250951
	-8.536078344	-6.085720417	-1.284317788	0.9601023812	1.547857396
	0.9632829325	0.5761531422	0.5327382084	0.4107135731	0.06472571925
	-0.1018658426	-0.2429525378	-0.1497904483	-0.01986344843	0.06419186019
	0.1175916384	0.1590354423	0.2053356045	0.2663429831	0.3062188886
	0.2481276846	0.1256825019	0.08154794785	0.1174176207	0.1524725819
	0.1634530061	0.1618059297	0.1573707645	0.1535942271	0.1509586598
	0.1491605068	0.1478539494	0.1468067722	0.1458891621	0.14503593
	0.1442170357	0.1434198411	0.1426396652	0.1418751543	0.1411261674
	0.1403928856	0.13967548	0.1389740155	0.1382884376	0.1376185844
	0.1369642038	0.1363249724	0.1357005151	0.1350904229	0.1344942654
	0.1339115992	0.1333419738	0.132784936	0.1322400373	0.1317068446
	0.1311849586	0.1306740495	0.1301739363	0.1296847714	0.1292074778
	0.128744785	0.1283036836	0.1279012339	0.1275782943	0.1274320144
	-0.02472239308	-0.05831477453	-0.1617144921	-0.3629750507	-0.4702673194
	0.3053378216	1.507793309	1.013480987	0.677654035	0.182244607
	-0.01065870789	-0.3654059498	-0.4001806252	-0.2352448108	-0.7970445955
	1.505486404	0.5870557904	-0.9754063427	-0.3713563809	-0.1334078384
	-0.8474812251	-2.695655111	-1.207825329	-4.554325765	-4.41698079
	-2.305808982	-0.7343816508	-0.1045667001	0.1831319728	0.5971528263
	1.384186256	3.311331985	5.292742226	5.211281699	6.99547862
	7.141208242	-4.01247431	-5.14960794	-1.764296217	0.1926286032
	1.269666344	1.315459542	1.094059572	1.277458018	0.8630463353
	0.07339086657	0.007814134477	-0.1700299875	-0.1447195386	-0.01761223806
	0.069671473	0.1263155653	0.1713622971	0.2256230492	0.3113925668
	0.4007002975	0.3943656841	0.2806375503	0.1957061332	0.1803227836
	0.1803877455	0.1738805082	0.1650644756	0.158107722	0.1535916891
	0.1508150706	0.1490415809	0.1477850352	0.1467765012	0.1458821587
	0.1450408472	0.144226996	0.1434311467	0.1426505371	0.1418848626
	0.1411345117	0.1403999096	0.139681325	0.1389788488	0.1382924213
	0.1376218626	0.1369668997	0.1363271892	0.1357023385	0.1350919235
	0.1344955013	0.1339126184	0.1333428155	0.1327856325	0.1322406154
	0.1317073265	0.1311853628	0.1306743921	0.1301742319	0.1296850341
	0.129207722	0.1287450233	0.1283039178	0.1279014305	0.1275783606
	0.1274318985	-0.1010152995	-0.1452042409	-0.313361452	-0.7076544761
	-1.110819383	-0.3302365057	1.498443242	2.002517218	1.557371054
	0.7418882121	0.09925524723	-0.3872388968	0.08710512147	0.1463438768
	-0.8195660344	1.113201138	1.204015605	-0.9810739898	-0.3881961481
	-0.1778180111	-0.3300326171	0.8156302851	6.447247689	-1.989036572
	-4.078101829	-2.287962768	-0.7632798084	-0.06914875037	0.4100545463
	1.473180534	3.935399508	6.72684582	6.805966139	5.99698257
	6.981829442	7.220012039	-0.2462105158	-3.320070499	-1.958348841
	-0.3576570189	0.7813611775	0.9657228389	0.8000533978	1.742372339
	1.199376445	0.3266079618	0.2562294403	0.1359830509	-0.03745557456
	0.01678971118	0.08779396995	0.1442324478	0.1929338924	0.2518229303
	0.3519130379	0.4766290536	0.5197284571	0.4271526218	0.3087048976
	0.2410631222	0.2052658326	0.1819785664	0.1669387732	0.1581045168
	0.1532109348	0.1504836078	0.1488322786	0.1476747399	0.1467288897
	0.1458692158	0.1450449574	0.1442382567	0.1434444523	0.1426634873
	0.1418964784	0.1411445134	0.1404083349	0.139688338	0.1389846485
	0.1382972014	0.1376257961	0.1369701346	0.1363298494	0.1357045268
	0.1350937248	0.1344969853	0.1339138425	0.1333438268	0.1327864697
	0.1322413104	0.1317079057	0.1311858484	0.1306748026	0.1301745837
	0.1296853419	0.1292079992	0.1287452804	0.1283041569	0.1279016348
	0.1275784934	0.1274319598	-0.1598592546	-0.2183120948	-0.4481165437
	-0.9902268073	-1.636298807	-1.114858624	0.09126560011	-0.5398313915
	-0.3895700986	0.386057365	0.1919506632	-0.184793262	1.791732471
	1.274774371	-0.2578594583	0.1954143625	0.8709418642	-0.6022577012
	-0.2875333067	-0.22271264	-0.3583941368	-1.05683331	6.0782507
	0.4251475967	-2.764635307	-1.733972521	-0.5824859826	-0.00690487843
	0.4874093477	1.623238561	4.19060438	7.216721207	7.881252461
	7.389819929	7.417259288	6.799637509	1.569752681	-1.906947362
	-2.007188603	-0.7137170343	0.4292265005	0.3287202106	-0.5407240584
	1.210370192	0.9472389659	0.9894776663	1.080251663	0.640467807
	0.1558640388	0.07939625819	0.1188141495	0.1753661395	0.2318128447
	0.2914929575	0.3825625002	0.5039079754	0.5710313111	0.5078250308
	0.380780061	0.2803712679	0.219615541	0.1850872828	0.1664800891
	0.1570041354	0.152309791	0.1499057115	0.1485082554	0.147512978
	0.1466597571	0.1458485562	0.1450474471	0.1442503922	0.1434594952
	0.1426783294	0.1419098578	0.1411560566	0.1404180669	0.1396964412
	0.1389913505	0.1383027252	0.1376303414	0.1369738725	0.1363329234
	0.1357070558	0.1350958067	0.1344987008	0.1339152578	0.1333449964
	0.1327874383	0.1322421147	0.131708576	0.1311864099	0.1306752766
	0.1301749883	0.1296856929	0.1292083101	0.1287455616	0.1283044128
	0.1279018605	0.1275786777	0.1274321137	-0.1825779993	-0.2432193987
	-0.4710420124	-0.9781449301	-1.593346277	-1.303096068	-0.2662982241
	-0.3596345654	0.1008566263	0.9586864443	0.5221636782	-0.06648216391
	3.504525737	2.58859261	0.2224338486	0.05740164816	0.4389615427
	-0.2777687821	-0.1728585255	-0.2013822443	0.08207880286	-1.934503247
	-3.688809424	-0.689373393	-1.002235197	-0.7945303855	-0.2877267228
	0.04659726483	0.4287467281	1.319908185	3.365510248	6.534204029
	8.992844937	9.315266966	7.95883761	5.993730383	1.930147652
	-1.170634535	-1.961848015	-0.8361736648	0.5746667075	0.307787619
	-0.5102183986	0.7300039555	0.540440134	0.8408159627	1.564040786
	1.00351326	0.3211086552	0.143256724	0.1577280011	0.2233604808
	0.2987034508	0.3550149863	0.3982250659	0.460287449	0.5187997676
	0.4910232727	0.387825937	0.2860658873	0.2187833639	0.1815908962
	0.1630982115	0.1545685991	0.1507862743	0.1490373872	0.1480509896
	0.1472921729	0.1465660291	0.1458188764	0.1450476895	0.1442630371
	0.143476021	0.1426948665	0.141924841	0.1411690099	0.1404289968
	0.1397055449	0.1389988806	0.1383089316	0.1376354483	0.1369780722
	0.1363363772	0.1357098974	0.1350981462	0.134500629	0.1339168489
	0.1333463115	0.1327885276	0.1322430193	0.1317093299	0.1311870413
	0.1306758091	0.1301754417	0.1296860843	0.1292086537	0.1287458687
	0.1283046905	0.1279021107	0.127578901	0.1274323222	-0.1638081452
	-0.2109279967	-0.3741144874	-0.7039797682	-1.093530459	-0.9672986416
	-0.2809315229	0.1994717375	1.359700525	1.885421085	0.8998869227
	-0.4724236066	-0.3418398941	1.389963474	-0.1332991065	0.04691978608
	0.3498372452	-0.04751559587	-0.0634581081	0.1207218909	1.941923841
	4.335926505	-3.197215234	0.31769505	1.417010595	0.2666164798
	-0.02074445422	0.06096717208	0.305302548	0.9021485094	2.400974366
	5.788415797	10.33325529	11.25266274	7.714573859	4.335850587
	1.219826657	-0.9163979339	-1.628788192	-0.543826825	1.532272915
	0.8095743584	0.6655573175	1.142840303	0.4873086818	0.440727353
	1.026044863	0.8152028681	0.3346338187	0.1776903091	0.1969214071
	0.2889159931	0.4003987552	0.4451882408	0.3857099176	0.3363108835
	0.3739889024	0.3920246486	0.3372891263	0.2602942679	0.2032110292
	0.1714726607	0.1566831965	0.1507075898	0.1485883147	0.1478540608
	0.147450443	0.147008631	0.1464463876	0.145779631	0.1450453617
	0.1442759338	0.1434938032	0.1427128994	0.1419412563	0.1411832279
	0.1404410033	0.1397155484	0.139007156	0.1383157524	0.1376410607
	0.1369826875	0.1363401729	0.1357130203	0.1351007177	0.1345027484
	0.1339185982	0.1333477575	0.1327897254	0.1322440142	0.1317101591
	0.1311877356	0.1306763942	0.1301759393	0.1296865126	0.1292090279
	0.1287462013	0.1283049907	0.1279023846	0.1275791543	0.1274325666
	-0.1187252626	-0.1468788059	-0.2350550736	-0.3916059315	-0.5681491571
	-0.5325893544	-0.1860358841	0.2512875935	0.8412265273	-0.244740815
	0.2740210789	-0.1302275884	-0.2291063499	0.08449818116	-0.4893113973
	0.01398499433	0.4100950382	0.07350940384	-0.007720910229	0.6616172845
	3.96928808	8.491940485	0.8649955282	3.558092907	3.967045882
	0.9934209517	0.07066056222	0.01831821746	0.1755766246	0.5580560423
	1.684844767	5.358140094	11.64151058	11.9511094	5.269204721
	1.27298856	-0.290465607	-0.968228762	-1.02604724	0.03098150867
	2.4172005	1.416028483	1.324282678	1.426808755	0.5262030298
	0.2091806196	0.4299702081	0.423016941	0.243617031	0.1804354343
	0.2303791446	0.3652674531	0.5289862832	0.5492114849	0.3315234074
	0.147280852	0.1817981023	0.2573898375	0.2579270158	0.2154712557
	0.1770696808	0.1558676115	0.1474672742	0.1454432138	0.145709328
	0.1463529274	0.1467074835	0.1466639445	0.1463019251	0.1457313028
	0.1450405477	0.1442889699	0.1435126569	0.1427322325	0.1419589235
	0.1411985539	0.1404539538	0.1397263414	0.1390160855	0.1383231127
	0.137647117	0.136987668	0.1363442688	0.1357163905	0.1351034928
	0.134505036	0.1339204863	0.1333493185	0.1327910187	0.1322450883
	0.1317110543	0.1311884851	0.1306770256	0.1301764758	0.1296869735
	0.1292094297	0.1287465573	0.1283053118	0.1279026794	0.1275794312
	0.1274328366	-0.06763766386	-0.08136996854	-0.1206460838	-0.1817561066
	-0.2470037514	-0.2442892543	-0.1000018008	0.1731426496	0.4463017371
	-0.4708300218	-0.09937066136	0.4884078946	3.496012422	0.85285978
	-0.3015486363	0.212235079	0.6339053717	0.06903705559	-0.2095945684
	0.7611761653	4.439107286	6.153962193	-2.336707669	3.672099592
	5.097341328	0.8094088148	-0.08889177169	-0.07281790195	0.06842878087
	0.3448603889	1.314980937	5.261461455	12.14156851	9.478473869
	-0.735222079	-3.292611808	-2.196501374	-1.201207429	-0.597704612
	0.1666107527	1.465467876	0.04329500498	0.9242313796	1.203828833
	0.4584308992	0.08033667735	0.1068871759	0.1665142468	0.156601227
	0.169041451	0.2535726765	0.4353333618	0.6554969174	0.6463284226
	0.2574235011	-0.04497488786	0.006888132929	0.1354167288	0.1781115498
	0.164319373	0.1447612532	0.1359887186	0.1357267429	0.1388414562
	0.1421799582	0.1445561721	0.1458370022	0.1462665952	0.1461367932
	0.1456756258	0.1450338068	0.1443021976	0.1435324451	0.1427526766
	0.1419776554	0.1412148211	0.1404677062	0.1397378051	0.1390255709
	0.1383309315	0.1376535508	0.136992959	0.1363486203	0.135719971
	0.1351064412	0.1345074664	0.1339224924	0.1333509772	0.1327923929
	0.1322462298	0.1317120057	0.1311892815	0.1306776964	0.1301770453
	0.1296874624	0.1292098552	0.1287469338	0.1283056512	0.127902992
	0.1275797267	0.127433126	-0.02278218187	-0.028777251	-0.04513187033
	-0.06914096677	-0.09609305414	-0.1070187574	-0.06147741181	0.1032936696
	0.3228344668	-0.02313205807	-0.02592691479	0.3398525038	3.652081423
	3.081933134	0.1008926104	0.4972179277	1.014211871	-0.06679169576
	-0.8857188772	-0.2024972395	3.506408701	1.952952267	-9.645770038
	0.9514592218	4.156529183	-0.9739943082	-0.5280808878	-0.1830352737
	-0.01191666267	0.2384493624	1.248275083	5.348335342	11.0887664
	3.122725321	-9.534489153	-8.253570967	-3.857182893	-1.425107735
	-0.4316770712	0.03553100249	0.4787809705	-0.4209692848	0.1872076381
	0.7451454838	0.3527819079	0.04940357889	0.001691541651	0.06489214287
	0.1095359705	0.1552360768	0.2622893726	0.4771845363	0.7373841108
	0.7138885061	0.2208720657	-0.1494931271	-0.09149159403	0.05490309265
	0.1118945887	0.1127706642	0.1080445311	0.1121593303	0.1215191375
	0.1309673887	0.1380733908	0.1425198946	0.1448727204	0.1458337979
	0.1459587473	0.1456156991	0.1450261785	0.1443158241	0.1435530724
	0.1427740475	0.1419972586	0.1412318544	0.1404821103	0.1397498139
	0.1390355079	0.138339123	0.1376602916	0.1369985026	0.1363531796
	0.1357237226	0.1351095306	0.1345100131	0.1339245945	0.1333527153
	0.1327938328	0.1322474259	0.1317130025	0.1311901159	0.130678399
	0.1301776418	0.1296879741	0.1292103001	0.1287473271	0.1283060058
	0.127903319	0.1275800366	0.1274334299	0.01212835921	0.009307377841
	0.001768497098	-0.01008556387	-0.02835651307	-0.05340486555	-0.06133430757
	0.05730753665	0.3467838554	0.354819038	0.1336099288	0.1328236008
	1.870264523	3.984387604	0.07844223091	0.3687723524	1.252803117
	-0.2914241411	-2.006895584	-2.430571921	2.295987035	2.0246943
	-12.65634584	0.8261103715	2.319737144	-5.276020544	-1.581460687
	-0.3131829695	-0.08507442656	0.1336201713	1.24995325	5.438129286
	9.222773804	-3.208648476	-16.09167709	-11.08650289	-4.516166913
	-1.431595864	-0.3528300715	-0.05222640441	0.04871994813	-0.2280945361
	0.0512676672	0.4232076079	0.3242412614	0.1370775788	0.03466260509
	0.057480144	0.09398217315	0.1416947238	0.2556499887	0.4778189178
	0.7420912289	0.7234435555	0.2432843054	-0.1274425515	-0.09877671515
	0.01472578428	0.05636187612	0.05810688032	0.06481527245	0.08333313344
	0.1046009032	0.1219186803	0.1335417117	0.1403526858	0.1438738761
	0.1453932026	0.1457793329	0.1455558775	0.1450190851	0.1443301612
	0.1435744651	0.1427961592	0.1420175331	0.1412494713	0.140497009
	0.1397622359	0.1390457877	0.1383475975	0.1376672654	0.1370042381
	0.1363578969	0.1357276042	0.135112727	0.134512648	0.1339267694
	0.1333545133	0.1327953224	0.1322486632	0.1317140336	0.131190979
	0.1306791258	0.1301782586	0.129688503	0.1292107598	0.1287477333
	0.1283063719	0.1279036568	0.1275803571	0.1274337443	0.03704344622
	0.03498498196	0.02995313555	0.02155804931	0.003640873459	-0.03292090845
	-0.06935623009	0.04894711126	0.5116406425	0.8672352802	0.471974345
	0.08477457287	0.3235102545	1.301087287	0.3900026421	0.8973095671
	1.223277781	-0.4412004322	-3.196813734	-5.844970302	0.3443274569
	7.62411334	-7.228894368	6.424166228	2.92194951	-10.03171171
	-4.044805721	-0.647747699	-0.2158593499	-0.1838584079	0.7315272085
	5.224698464	8.43653925	-3.965142599	-15.09190342	-9.910091437
	-3.865205187	-1.160496552	-0.2696411137	-0.1058695611	-0.1507201874
	-0.1990726991	-0.002329089397	0.2825374469	0.4140695797	0.3259008304
	0.1179962771	0.08728386328	0.09537573742	0.1304906636	0.2406607458
	0.4429363648	0.6704021769	0.6576397448	0.2751253218	-0.03940487791
	-0.05982178523	-0.01265390187	-0.004233960038	-0.01027666013	0.008804831582
	0.04706457487	0.08460644348	0.1119846148	0.1288966783	0.138244333
	0.1429321056	0.1449833562	0.1456132527	0.14550129	0.1450140922
	0.1443455267	0.1435965356	0.1428188137	0.1420382697	0.1412674823
	0.1405122402	0.1397749353	0.1390562973	0.1383562618	0.1376743959
	0.1370101025	0.1363627203	0.1357315732	0.1351159953	0.134515342
	0.1339289929	0.1333563515	0.1327968452	0.1322499279	0.1317150876
	0.1311918612	0.1306798686	0.1301788889	0.1296890435	0.1292112294
	0.1287481482	0.1283067458	0.1279040019	0.1275806846	0.1274340657
	0.05257988736	0.05015310384	0.04500343421	0.03766047619	0.02115627719
	-0.01458078579	-0.04838479477	0.0961665905	0.7597846509	1.570081412
	1.058575398	0.1770868967	-0.2061031662	-0.2452854855	0.3121007086
	1.130049821	0.9009822084	-0.2947627906	-3.726267805	-9.47053253
	-4.328488697	11.10432012	-1.050799214	6.769985794	3.326463318
	-5.813391392	-6.167973649	-1.479177658	-0.509231841	-0.9293923185
	-1.219785627	3.273558652	8.624605699	-0.4187816722	-8.815296878
	-6.176811321	-2.490994312	-0.759244467	-0.1844500372	-0.1332841415
	-0.2537480331	-0.2773289545	-0.08464020129	0.2515597011	0.6094822377
	0.5681486531	0.1493201901	0.1096331391	0.1109365462	0.1344668089
	0.2347762501	0.3911425715	0.5520391466	0.5337004595	0.2640261036
	0.02551244286	-0.03693128203	-0.0649531956	-0.09332271763	-0.1107269921
	-0.07075529428	-4.855126441e-05	0.06163846752	0.1019936986	0.1247418192
	0.136498395	0.142173804	0.1446509291	0.1454762935	0.1454568433
	0.1450125115	0.1443621031	0.1436191373	0.1428417884	0.1420592482
	0.1412856922	0.1405276375	0.1397877732	0.1390669217	0.138365021
	0.1376816046	0.1370160315	0.1363675969	0.1357355859	0.1351192995
	0.1345180655	0.1339312406	0.1333582096	0.1327983843	0.1322512061
	0.1317161527	0.1311927527	0.1306806192	0.1301795259	0.1296895897
	0.1292117039	0.1287485673	0.1283071235	0.1279043505	0.1275810155
	0.1274343905	0.05891276657	0.05582817332	0.05005494501	0.04383651497
	0.03248947593	0.009517504141	-0.002148955642	0.1386739883	0.7234819066
	1.698714914	1.510155898	0.3547091821	-0.2450338216	-0.4736264127
	0.07383711224	0.6578788096	0.5726559865	0.5133007786	-2.42098498
	-9.887211261	-8.504931037	4.735962179	-1.2905194	-2.075013374
	-5.728381371	7.88063155	-3.304799591	-2.148876552	-0.8313539987
	-1.847124328	-4.4847368	-2.202420771	6.745443909	2.704611969
	-3.340475715	-2.964895641	-1.303919394	-0.4227811903	-0.1199875694
	-0.1348997808	-0.2668990256	-0.303107984	-0.1251596785	0.2800387235
	0.8354024741	0.8091462621	0.1063096926	0.1182350545	0.1685762813
	0.1949012516	0.2657531029	0.3359014625	0.4161394989	0.3887120821
	0.2069111832	0.02849323985	-0.06763216806	-0.1862166239	-0.2429498339
	-0.2702251719	-0.1886288681	-0.06053659684	0.03773057537	0.09395707449
	0.1221462013	0.1355498383	0.1417491244	0.1444420087	0.1453812641
	0.1454256798	0.1450148823	0.1443797798	0.1436420209	0.1428648264
	0.1420802368	0.1413039013	0.1405430325	0.1398006091	0.1390775446
	0.1383737791	0.1376888125	0.13702196	0.1363724731	0.1357395982
	0.1351226033	0.1345207885	0.1339334877	0.1333600669	0.1327999227
	0.1322524836	0.1317172172	0.1311936438	0.1306813695	0.1301801626
	0.1296901357	0.1292121783	0.1287489864	0.1283075012	0.1279046991
	0.1275813464	0.1274347152	0.05424380107	0.05080351233	0.04540631816
	0.04136757128	0.03740240885	0.02968138349	0.0313923102	0.09767811829
	0.1682509992	0.1614192803	0.7266094079	0.3963606143	-0.1176680119
	-0.2936490806	0.05753229496	0.4744902481	0.8471157687	2.717353194
	1.680302925	-3.820472956	-1.553776221	-0.9699183526	-2.116976108
	7.548355665	-4.373815174	12.68281655	-0.205021207	-2.037827717
	-0.6245369135	-1.996056333	-6.627920658	-8.123683492	2.300685807
	3.934883002	-0.8397523518	-1.678363338	-0.7149917112	-0.2368571684
	-0.08663550734	-0.1279766421	-0.2392472887	-0.272801048	-0.1208923369
	0.2726858911	0.8761839777	0.9605863276	0.1662942448	0.1773255547
	0.3334299456	0.3924220746	0.3601944242	0.2667729436	0.270144705
	0.2496729961	0.1268138498	-0.02928645924	-0.1798172729	-0.4748888555
	-0.5060637899	-0.5130195632	-0.3547118274	-0.1294857361	0.02029180194
	0.09213647376	0.1227964069	0.1359264711	0.1417946322	0.1443850684
	0.1453319581	0.1454073307	0.1450204677	0.1443980302	0.1436648102
	0.1428876343	0.1421009944	0.1413219078	0.1405582567	0.1398133028
	0.1390880498	0.1383824401	0.1376959405	0.1370278226	0.1363772952
	0.1357435661	0.1351258704	0.1345234811	0.1339357096	0.1333619033
	0.1328014435	0.1322537465	0.1317182695	0.1311945246	0.1306821112
	0.1301807922	0.1296906756	0.1292126476	0.128749401	0.128307875
	0.1279050441	0.1275816739	0.1274350365	0.03281779964	0.02915838595
	0.02512748442	0.02487555781	0.03016723566	0.03862322386	0.05037554061
	0.06889606432	-0.1264210012	-1.082497662	-0.5820766682	0.246628147
	0.02816617298	-0.07020540559	0.3118715373	0.9694838773	2.246093618
	6.818366577	6.462889623	1.931772667	11.73643106	0.2935150491
	6.001819782	-2.732822384	6.636014941	-1.451661517	-4.642912683
	-1.620148714	0.6334361454	-0.6239025948	-5.739748149	-9.702279961
	-0.7028385683	5.148165428	-0.4433861469	-2.385729656	-0.6445259548
	-0.1832012163	-0.08461245473	-0.1332100938	-0.2218689398	-0.2408107608
	-0.1161540773	0.1665205644	0.561762284	0.866390369	0.3497158136
	0.2988250696	0.6124047118	0.7690596269	0.5010375392	0.1502941129
	0.1097379738	0.1281745204	0.04123330685	-0.157572854	-0.4990127875
	-1.347732626	-1.032548459	-0.7793835083	-0.5329505091	-0.1752161959
	0.0294997327	0.1044513259	0.1289149801	0.1380801049	0.142356628
	0.144466061	0.1453164993	0.1453962258	0.1450269989	0.1444158975
	0.1436870173	0.1429098937	0.142121276	0.1413395112	0.1405731432
	0.1398257156	0.1390983225	0.1383909092	0.1377029104	0.1370335552
	0.1363820102	0.1357474457	0.1351290649	0.1345261138	0.133937882
	0.1333636986	0.1328029303	0.132254981	0.1317192981	0.1311953856
	0.1306828363	0.1301814078	0.1296912037	0.1292131068	0.1287498069
	0.128308241	0.127905382	0.1275819945	0.127435351	-0.01518269416
	-0.02012917551	-0.02398505512	-0.01932021875	-0.0003375851248	0.03222742936
	0.06953485183	0.1227643761	0.1835413271	-0.03968669575	0.2296392232
	0.5063890588	0.190622361	0.1430756568	0.795777891	2.138000113
	4.17471556	10.17256839	5.665770777	-4.879800959	9.419180237
	-4.139928472	-1.104065859	3.761550137	1.368535558	-5.712355123
	-5.100401349	0.7516469479	3.213760527	2.299437606	-2.47002913
	-6.972759229	-0.9074886918	6.985124373	-1.319081075	-5.274172216
	-0.8797730522	-0.2182365498	-0.1129843371	-0.1677224024	-0.2456338353
	-0.24208067	-0.1318266728	0.0520708956	0.1924281954	0.5889742043
	0.359965171	0.2885570798	0.7696980353	1.120128611	0.5977158052
	-0.004828723955	-0.04131337575	0.03418298936	-0.04036123624	-0.3842734942
	-1.71753371	-5.358141359	-2.773975011	-0.6884852934	-0.5425824939
	-0.09748308517	0.1111161061	0.1430341593	0.1424189221	0.1419927044
	0.1432768796	0.1446034025	0.1453035319	0.145381664	0.1450309644
	0.144432157	0.14370811	0.1429312866	0.1421408437	0.1413565169
	0.1405875298	0.1398377123	0.1391082505	0.1383990937	0.1377096457
	0.1370390947	0.1363865664	0.1357511947	0.1351321518	0.1345286578
	0.1339399811	0.1333654333	0.1328043668	0.1322561738	0.131720292
	0.1311962176	0.1306835371	0.1301820029	0.1296917145	0.1292135511
	0.1287502	0.1283085956	0.1279057093	0.1275823048	0.1274356553
	-0.1026403903	-0.1124628217	-0.1210901497	-0.1116123329	-0.07127222882
	0.002520701704	0.08906337474	0.2109385675	0.5347350053	1.156805854
	1.559816119	0.9340564559	0.3032432306	0.2220097525	0.9623696657
	3.050637047	4.791018319	8.269003424	-0.4209478942	-13.41765822
	-0.08773964115	-2.468148603	5.365918862	3.265692616	0.6343978601
	9.092449822	5.545212735	5.151675415	6.633967125	6.540862389
	1.581832659	-2.808999987	-0.3843702249	5.810332807	-0.3888781138
	-6.800540641	-1.037622758	-0.3403491194	-0.1752370345	-0.2478101015
	-0.3336316152	-0.2928912051	-0.1704825206	0.003546247577	0.1157810725
	0.4200445506	0.2135175193	0.03282679135	0.5382044393	1.080015186
	0.5800448508	-0.08126306236	-0.1150311826	-0.01926856565	-0.1192453013
	-0.8319002815	-5.266553975	-21.76378066	-11.2615477	0.6803415359
	-0.2302107177	0.2884893313	0.3452947209	0.2191845835	0.1623977434
	0.1465449834	0.1440894729	0.1446426285	0.145246648	0.1453504095
	0.145028635	0.1444456676	0.1437276252	0.1429515315	0.1421594778
	0.1413727405	0.1406012608	0.1398491627	0.1391177258	0.1384069043
	0.137716073	0.1370443806	0.136390914	0.135754772	0.1351350973
	0.1345310854	0.1339419841	0.1333670886	0.1328057375	0.1322573119
	0.1317212404	0.1311970116	0.130684206	0.1301825711	0.1296922025
	0.129213976	0.1287505763	0.1283089354	0.1279060228	0.1275826015
	0.1274359456	-0.2409656191	-0.267431703	-0.295111385	-0.2822740754
	-0.2080004477	-0.06412520546	0.1015625909	0.2902147041	0.6858596372
	1.425581068	1.750592781	0.9507489848	0.2831779931	0.04293852036
	-0.05870466398	1.435374733	3.90562525	4.546878892	-1.861249029
	-8.445050042	-1.140772399	-0.9807326756	1.33739621	-1.922379058
	1.241288682	-3.634870368	4.830994596	5.588616242	8.865472075
	11.72677521	5.335303479	0.4129192711	-0.1290372638	0.2334992593
	2.165501	2.419137669	-0.6545236299	-0.6284715415	-0.2707753416
	-0.3893319706	-0.5116103227	-0.4023445599	-0.2356478879	-0.02051485771
	0.2708376316	0.5021858109	0.05191140459	-0.3297880973	0.1209534692
	0.7024916137	0.4661747305	-0.02377633458	-0.08422202408	-0.02661281259
	-0.1329692463	-0.7596460855	-3.97962348	-21.21070107	-12.16527809
	8.384995116	1.65640223	0.9656515929	0.7861184993	0.3208593045
	0.1804949692	0.1490261022	0.1440632786	0.1444001005	0.1451016
	0.1452922027	0.1450176823	0.144455826	0.1437452935	0.1429704173
	0.1421769872	0.1413880118	0.1406141895	0.1398599431	0.1391266452
	0.1384142557	0.1377221218	0.137049355	0.1363950052	0.1357581385
	0.1351378693	0.13453337	0.1339438692	0.1333686466	0.1328070277
	0.1322583832	0.1317221331	0.1311977591	0.1306848359	0.1301831065
	0.1296926627	0.1292143773	0.1287509323	0.1283092573	0.1279063194
	0.1275828808	0.1274362177	-0.4130415893	-0.494257248	-0.5804400708
	-0.5722760144	-0.4458563949	-0.1845949461	0.1045398839	0.3553859959
	0.7080368617	1.229875551	1.354303055	0.7246041907	0.2049851569
	-0.1429691141	-1.163581525	-2.462219479	0.3909996284	2.128392555
	-0.775106802	-2.500764127	-0.3604833989	-1.257588478	-1.229442376
	0.6608663968	12.11191111	-5.488481417	-2.50456593	0.3214567148
	5.909964557	15.25705924	8.07451092	2.102942858	1.35112406
	-5.959286267	0.5032331837	8.819413611	-0.1772213779	-0.9533637034
	-0.3650406495	-0.5880621418	-0.7950751429	-0.5687408848	-0.3244831421
	-0.07105595774	0.4433671032	0.8444460603	0.02484339313	-0.570240913
	-0.1299732612	0.3488749183	0.3135945495	0.05442232378	-0.01538972151
	-0.01067883553	-0.1027669475	-0.4244982351	-1.367940527	-4.546069607
	28.37613086	9.4493566	9.996415389	3.310846931	1.265782586
	0.3675071788	0.1785731047	0.1459929017	0.1425778969	0.143770487
	0.1448535356	0.1452063388	0.144998725	0.1444629214	0.1437611174
	0.142987821	0.142193214	0.1414021768	0.1406261794	0.1398699373
	0.1391349118	0.1384210678	0.1377277262	0.1370539636	0.1363987955
	0.1357612574	0.1351404375	0.1345354868	0.133945616	0.1333700903
	0.1328082233	0.132259376	0.1317229605	0.131198452	0.13068542
	0.1301836034	0.1296930904	0.1292147513	0.1287512652	0.1283095589
	0.1279065965	0.1275831388	0.1274364661	-0.5064142294	-0.7486324028
	-0.9891685363	-1.015592531	-0.8219836019	-0.3711440924	0.1107451992
	0.4275747064	0.7003572542	0.9854016508	0.9557248543	0.5106721571
	0.1527342714	-0.1165693869	-0.8601988652	-2.725871384	-2.550268649
	0.2189079353	-0.1068542209	-0.6226807337	-0.6225592699	-2.180804756
	-3.228348873	-1.733415243	3.050959893	-2.612552271	-4.620038512
	-6.117909918	-5.576916054	9.21232763	7.849275733	2.180821518
	8.437277362	-10.64926096	-1.153657602	-0.8557766145	-0.06932515298
	-0.7427707745	-0.4313612581	-0.7487566351	-1.110095299	-0.7517697449
	-0.4176662323	-0.152504517	0.4668259789	1.263208774	0.3578927161
	-0.4779891771	-0.1481660318	0.1562820331	0.1871445393	0.08346920037
	0.0289854926	-0.001413183944	-0.09385667133	-0.3285736404	-0.844806277
	-0.5834980174	11.62611393	-21.04909698	-11.09874706	-0.260082446
	0.5173283392	0.2129526446	0.1439332026	0.1368486645	0.1397965189
	0.1428462751	0.1445376677	0.1451050413	0.1449757841	0.1444681536
	0.1437753512	0.1430036955	0.1422080288	0.1414150971	0.1406371049
	0.1398790379	0.1391424359	0.1384272663	0.137732825	0.1370581561
	0.1364022435	0.1357640946	0.1351427739	0.1345374126	0.1339472053
	0.1333714039	0.1328093112	0.1322602795	0.1317237136	0.1311990828
	0.1306859522	0.1301840566	0.1296934816	0.1292150948	0.1287515728
	0.1283098389	0.1279068523	0.1275833705	0.127436682	-0.2416014353
	-0.8804250857	-1.468656307	-1.603761422	-1.352507428	-0.6144585044
	0.1593613692	0.5429872777	0.7217270144	0.8238426912	0.6952621087
	0.3704684022	0.1336709047	-0.03259615448	-0.3387273827	-1.04553283
	-1.640198291	-0.2183676666	0.5164257276	0.01096328435	-0.4294040119
	-2.168591136	-3.977169831	-2.683653424	-0.4512255493	-1.37869777
	-3.578279619	-8.119470433	-14.76525421	-5.205755597	2.648984547
	-3.384176535	10.86427923	3.070170596	-0.7068815037	-2.547936996
	0.5618346935	0.1255288946	-0.6709615552	-0.6204528798	-1.129596316
	-0.8247622079	-0.4817124268	-0.2378042102	0.3119437385	1.321744279
	0.8788543742	-0.07776070196	-0.04511596911	0.07601497079	0.1108952399
	0.08114163587	0.04084152457	-0.01313346722	-0.1215061816	-0.358664516
	-0.8879913992	-1.117677185	2.789894478	-11.91601354	-5.940292653
	-0.6310913471	0.02757834101	0.07450197785	0.1091935571	0.127258456
	0.1368938824	0.1419099861	0.1442291565	0.1450095116	0.1449549596
	0.1444732094	0.1437883679	0.1430180294	0.1422213202	0.141426647
	0.1406468515	0.1398871469	0.1391491356	0.1384327835	0.1377373624
	0.1370618866	0.1364053114	0.135766619	0.1351448529	0.1345391263
	0.1339486197	0.133372573	0.1328102796	0.1322610838	0.131724384
	0.1311996447	0.1306864265	0.1301844614	0.1296938325	0.1292154056
	0.1287518546	0.1283100982	0.1279070869	0.1275835697	0.1274368493
	0.7330717259	-0.6636035181	-1.881733212	-2.246548167	-1.995614172
	-0.8558509859	0.329025829	0.7458116073	0.7967592673	0.7480930025
	0.5367908608	0.2837556574	0.1445464034	0.04793831991	-0.136136625
	-0.3382257471	-0.4648191613	0.3344815744	1.262888767	0.504613407
	0.517028178	-1.062022755	-3.065150925	-2.524574642	-0.8373360239
	-0.6205126052	-2.104287143	-5.657256333	-10.95816116	-6.937003163
	1.479561538	-12.26499938	-9.901436686	2.7515523	3.172442476
	6.268089268	5.201758516	1.512129274	-1.531745052	0.02729195264
	-0.2530655032	-0.5669287763	-0.4921406236	-0.3092731875	0.1004531006
	0.9382214494	1.001665041	0.2632468085	0.05404221495	0.05184590759
	0.07702047154	0.07179407203	0.03052630701	-0.05765989272	-0.2132778675
	-0.4371461371	-0.8528634521	-1.266081559	-0.1839600994	-3.576736742
	-1.11338996	-0.0007535802152	-0.04365462128	0.02816218644	0.09225058556
	0.1214175923	0.1349014913	0.1412287313	0.1440001791	0.1449397899
	0.1449418323	0.1444795625	0.1438004657	0.1430307939	0.1422329799
	0.1414367109	0.1406553156	0.1398941763	0.1391549377	0.1384375591
	0.1377412888	0.1370651142	0.1364079655	0.135768803	0.1351466514
	0.134540609	0.1339498434	0.1333735845	0.1328111174	0.1322617797
	0.1317249643	0.1312001312	0.1306868379	0.1301848137	0.1296941404
	0.1292156824	0.128752112	0.1283103412	0.1279073046	0.127583728
	0.1274369338	2.335025708	-0.05030777972	-2.077045344	-2.766145321
	-2.615244576	-0.9599029378	0.7418262921	1.078631164	0.9246775306
	0.7166835867	0.3976464752	0.2097588796	0.202240893	0.1875808605
	0.001074263781	-0.09660538045	-0.007837070235	0.6076524008	1.43509638
	0.1992051648	1.728133155	0.4309134603	-1.256252585	-1.57116952
	-0.6405376836	-0.3298500714	-1.107746779	-2.880810054	-4.512455348
	0.1508442951	10.99700387	-4.095287568	-7.683840455	1.344923508
	2.419795891	2.272653793	0.2070480213	1.911983835	-1.14262189
	1.471811095	2.004615189	0.2523649296	-0.4673421046	-0.3853734197
	-0.06478075118	0.490747091	0.7212517384	0.3346971085	0.1015459638
	0.05592063755	0.06938437552	0.0635770377	0.004217278412	-0.160159538
	-0.5031959048	-0.821302982	-0.8233514119	-0.9218563876	-0.5440094749
	-1.129219447	-0.2831727789	-0.04356324758	-0.0522596435	0.02600487615
	0.08941994955	0.1196870533	0.1341102764	0.1409105097	0.1438847993
	0.1449058936	0.1449391631	0.1444878645	0.143811706	0.1430418995
	0.1422428926	0.1414451813	0.1406624047	0.139900049	0.1391597785
	0.1384415405	0.1377445607	0.1370678032	0.1364101764	0.135770622
	0.1351481494	0.1345418438	0.1339508626	0.133374427	0.1328118152
	0.1322623593	0.1317254477	0.1312005369	0.1306871817	0.13018511
	0.1296944031	0.1292159259	0.1287523499	0.1283105793	0.1279075195
	0.1275838369	0.1274368585	3.473368117	0.4771982694	-2.050661062
	-2.979546384	-3.000447968	-0.7395283762	1.523932908	1.562562045
	1.083349105	0.6683549543	0.1653116467	0.08485696035	0.338603011
	0.4610470862	0.1768164146	0.1994624739	0.2964196329	0.5742246194
	1.072054844	0.06950869514	2.194749171	2.249182782	0.4501483588
	-0.5416695637	-0.3329412148	-0.1815996944	-0.543841164	-1.225251171
	-1.128142807	3.562347859	15.42019128	6.968632631	-2.496680974
	4.121014454	3.203113165	5.045911742	5.692912555	2.459552393
	0.9550125788	1.858478741	2.878192397	1.363058888	-0.4868255745
	-0.5036244708	-0.1782313131	0.1983715626	0.4118090596	0.2656832168
	0.1143553252	0.07073310102	0.07342446113	0.05795472755	-0.02761743292
	-0.3093196237	-1.089899711	-2.110153571	-1.684250504	-0.8519950668
	-0.4212362154	-0.4353171127	-0.1131188966	-0.02635413618	-0.01235552904
	0.04631576003	0.09457450224	0.1207492269	0.1342621556	0.1409054624
	0.1438727147	0.1449052749	0.1449461076	0.1444977283	0.1438218584
	0.1430511846	0.1422509344	0.1414519595	0.1406680388	0.1399046993
	0.1391636041	0.1384446834	0.1377471419	0.1370699236	0.1364119193
	0.1357720557	0.1351493298	0.1345428167	0.1339516653	0.1333750904
	0.1328123646	0.1322628156	0.1317258284	0.1312008568	0.130687454
	0.1301853475	0.1296946196	0.1292161383	0.128752578	0.1283108359
	0.1279077687	0.1275838977	0.1274364369	2.808535444	0.1685852588
	-1.99053084	-2.853335555	-3.012412602	-0.1241612957	2.672056189
	2.163361035	1.238193998	0.5559343535	-0.2611613931	-0.1822109607
	0.5571214147	0.8720603544	0.2022501706	0.5445777599	0.7089719717
	0.5053149485	0.6047758182	0.452077386	1.952579195	2.226524212
	1.524490261	0.2175251628	-0.07204150269	-0.07666460876	-0.2349223493
	-0.3964748128	0.2317216479	3.809608737	11.64005253	7.371683131
	-0.2941815275	1.275145121	3.922445988	7.539140113	6.553166512
	3.02274109	1.456773286	1.131962458	-0.4264126716	1.316802936
	-0.6573016941	-0.6759736248	-0.2634788599	0.04758376171	0.2215655854
	0.1914600452	0.1150294052	0.08465666011	0.08015889855	0.05710772247
	-0.03709507035	-0.3358602894	-1.148254534	-2.447047813	-2.606742093
	-1.54035061	-0.4719274757	-0.2161331194	-0.04555588855	0.007458704517
	0.02791404963	0.06716311068	0.1014784773	0.1228453249	0.134864839
	0.1410751046	0.1439242456	0.1449262352	0.1449590684	0.1445079642
	0.1438304729	0.143058439	0.1422569814	0.1414569584	0.140672151
	0.1399080739	0.1391663711	0.138446952	0.1377490027	0.1370714509
	0.1364131738	0.1357730871	0.1351501785	0.1345435158	0.1339522418
	0.1333755664	0.1328127585	0.1322631426	0.1317261013	0.1312010867
	0.1306876514	0.1301855237	0.1296947895	0.129216324	0.1287528124
	0.1283111542	0.1279081389	0.1275839663	0.1274351996	0.851640049
	-0.9120439949	-2.048061655	-2.570920968	-2.777785123	0.5761772214
	3.853317218	2.750096053	1.355176952	0.4201179719	-0.782807867
	-0.6034512456	0.7501633147	1.299411498	-0.1844410709	0.5205130521
	1.143812552	0.4958116203	0.2301683523	-0.03504955061	-0.4210623049
	-0.07270655015	0.6232617077	0.3868191689	0.07621414602	-0.007405666176
	-0.07688237653	-0.02445740253	0.7090844503	3.330023188	7.796343902
	5.097618895	0.0981539575	-0.4042484095	-1.066921224	-6.258768282
	-5.488434426	-3.356108793	-0.7830100243	0.3782543229	0.630628818
	1.875244267	-0.8180602236	-0.8517645484	-0.3258091491	-0.01966220554
	0.1324556642	0.1486224422	0.1134263612	0.09321973762	0.08542706014
	0.06067382593	-0.01574369499	-0.1698726012	-0.1534605458	1.23973688
	2.931144059	-0.2884631995	-0.4681006981	-0.1486294708	-0.0137946862
	0.03059341135	0.0519179036	0.08048194312	0.106641407	0.1246489837
	0.1354617717	0.1412710873	0.1439926765	0.1449542552	0.1449735125
	0.1445171119	0.1438370391	0.1430634527	0.1422609249	0.1414601085
	0.1406746902	0.1399101325	0.1391680466	0.1384483195	0.1377501209
	0.1370723666	0.1364139246	0.1357737033	0.1351506847	0.1345439318
	0.1339525841	0.1333758484	0.1328129913	0.1322633354	0.1317262622
	0.131201223	0.130687771	0.1301856369	0.129694913	0.1292164887
	0.1287530756	0.1283116052	0.1279088191	0.1275843137	0.1274319195
	-0.02495834407	-1.572896689	-2.176561832	-2.395065433	-2.621672113
	0.73493771	4.419754368	3.099153819	1.398550682	0.3840023456
	-0.9902635528	-0.9011982099	0.7503964978	1.537900658	-0.3751303325
	0.1339182084	1.346315577	0.5326963831	0.1019289444	-0.2586468415
	-1.59231058	-2.146764014	0.04340898138	0.306572734	0.115520124
	0.01647128244	-0.02638724611	0.08972181658	0.841333264	3.102305911
	6.458473636	4.190228861	0.1019504929	-0.6209683837	-3.726583522
	-19.1269219	-17.84297015	-8.205231429	-2.046300002	0.05907188809
	1.509441108	3.021542196	-0.8499453645	-0.9655625007	-0.3540694325
	-0.03669319608	0.1078803022	0.1353798662	0.1124462589	0.09572014266
	0.08704130472	0.06248944578	-0.001658701597	-0.07424574762	0.3105428363
	2.876799796	6.863845935	2.334357301	-0.1974681643	-0.1161610665
	-0.001637760676	0.03912071548	0.05992479463	0.08513978976	0.1086420996
	0.1254292489	0.135758849	0.1413883708	0.1440429462	0.1449780645
	0.1449858661	0.1445240202	0.1438411614	0.1430660692	0.1422626876
	0.1414613617	0.1406756215	0.1399108479	0.1391686086	0.1384487674
	0.1377504811	0.1370726576	0.1364141605	0.1357738947	0.1351508401
	0.1345440579	0.1339526862	0.133375931	0.1328130581	0.1322633899
	0.1317263074	0.1312012626	0.13068781	0.1301856849	0.1296949899
	0.1292166382	0.128753393	0.1283122877	0.1279101779	0.1275859725
	0.1274232849	