3131	
	0.01623791104	0.01623079814	0.01621279611	0.01618456622	0.01614644045
	0.01609856271	0.01604100054	0.01597379327	0.01589697048	0.01581055882
	0.01571458463	0.01560907485	0.01549405765	0.01536956281	0.01523562228
	0.01509227086	0.01493954712	0.01477749471	0.01460616402	0.01442561458
	0.01423591821	0.01403716338	0.01382946126	0.01361295427	0.01338782834
	0.01315433155	0.01291280355	0.01266372563	0.01240781131	0.01214617957
	0.0118806966	0.01161465507	0.0113540988	0.01111029315	0.01090398794
	0.01077187816	0.01077422441	0.01099867606	0.01154840883	0.01249696578
	0.01380260891	0.01522185036	0.01632713351	0.01670832365	0.01624348029
	0.01518050515	0.01395054168	0.01291325882	0.01223651327	0.01192358995
	0.01189584892	0.01205958228	0.01233828576	0.01267986818	0.01305256615
	0.01343833586	0.01382735015	0.01421434566	0.01459647999	0.01497216781
	0.0153404784	0.01570083134	0.01605284303	0.0163962476	0.01673085433
	0.01705652319	0.01737314987	0.01768065601	0.01797898255	0.01826808499
	0.01854792997	0.01881849276	0.01907975534	0.01933170506	0.01957433347
	0.01980763554	0.02003160902	0.02024625392	0.0204515721	0.02064756698
	0.02083424325	0.02101160666	0.02117966384	0.02133842218	0.02148788965
	0.02162807471	0.02175898619	0.02188063323	0.02199302517	0.02209617147
	0.02219008162	0.0222747651	0.02235023131	0.02241648959	0.02247354954
	0.02252142208	0.02256012276	0.02258968168	0.02261017194	0.02262178723
	0.02262502252	0.01623743184	0.01623075154	0.01621278956	0.01618456173
	0.01614643532	0.01609855711	0.01604099455	0.01597378675	0.01589696319
	0.01581055049	0.01571457492	0.01560906337	0.01549404394	0.0153695463
	0.01523560227	0.01509224644	0.01493951715	0.0147774577	0.01460611807
	0.01442555718	0.01423584605	0.0140370721	0.01382934508	0.01361280551
	0.01338763697	0.01315408468	0.01291248556	0.01266332004	0.01240730776
	0.01214559414	0.01188012564	0.0116144088	0.01135501756	0.01111445864
	0.01091622974	0.01080272	0.01084501623	0.01114897623	0.01184293212
	0.01302352583	0.01464654829	0.01640970646	0.017767623	0.018195353
	0.01754853587	0.01616323717	0.01459577357	0.01328936946	0.01243432403
	0.01201854255	0.01193760315	0.01207621786	0.0123440025	0.01268123509
	0.01305239441	0.0134377375	0.013826723	0.01421380807	0.01459605014
	0.01497183295	0.0153402196	0.01570063128	0.01605268776	0.01639612643
	0.01673075919	0.01705644801	0.0173730901	0.01768060822	0.01797894413
	0.01826805395	0.01854790479	0.01881847225	0.01907973859	0.01933169134
	0.0195743222	0.01980762629	0.02003160141	0.02024624767	0.02045156697
	0.02064756278	0.02083423982	0.02101160388	0.02117966161	0.02133842042
	0.02148788828	0.02162807368	0.02175898546	0.02188063277	0.02199302495
	0.02209617148	0.02219008187	0.0222747656	0.0223502321	0.02241649076
	0.02247355131	0.02252142487	0.02256012767	0.02258969163	0.02261019588
	0.02262185985	0.02262533484	0.01623717409	0.01623065876	0.0162127484
	0.01618453557	0.01614641409	0.01609853746	0.01604097484	0.01597376588
	0.01589694022	0.01581052449	0.01571454487	0.01560902812	0.01549400209
	0.01536949617	0.01523554173	0.01509217283	0.01493942707	0.01477734678
	0.0146059806	0.01442538573	0.01423563082	0.0140368001	0.01382899908
	0.01361236264	0.013387067	0.01315334843	0.01291153428	0.01266209915
	0.01240577342	0.01214376538	0.01187822811	0.01161324557	0.01135687703
	0.01112522817	0.01095003518	0.01089135722	0.01105513196	0.011608289
	0.01276797465	0.01472010099	0.01742848635	0.02039983307	0.02267325608
	0.02330162773	0.02204663033	0.01955382275	0.01682334027	0.01459108593
	0.01312333102	0.01235340164	0.01208806656	0.01213847018	0.01236706169
	0.01268810865	0.01305315932	0.01343652668	0.01382510706	0.01421231677
	0.0145948174	0.01497085608	0.01533945758	0.01570003913	0.01605222678
	0.01639576597	0.01673047574	0.01705622378	0.01737291163	0.01768046535
	0.01797882913	0.01826796092	0.01854782918	0.01881841055	0.01907968807
	0.01933164984	0.01957428804	0.0198075981	0.02003157813	0.02024622841
	0.02045155105	0.02064754963	0.02083422897	0.02101159496	0.02117965432
	0.0213384145	0.02148788354	0.02162806995	0.02175898262	0.02188063073
	0.02199302365	0.02209617088	0.02219008197	0.02227476644	0.02235023379
	0.02241649352	0.02247355555	0.02252143145	0.02256013842	0.02258971081
	0.02261023412	0.02262194424	0.02262551729	0.01623700914	0.01623056006
	0.01621268857	0.01618449296	0.01614637875	0.0160985047	0.01604094203
	0.01597373118	0.01589690206	0.01581048132	0.01571449504	0.01560896972
	0.01549393285	0.01536941329	0.01523544177	0.01509205141	0.01493927863
	0.01477716415	0.0146057545	0.01442510398	0.01423527743	0.01403635392
	0.01382843201	0.01361163739	0.01338613436	0.01315214455	0.01290997994
	0.01266010624	0.01240327408	0.0121408036	0.01187521619	0.01161163617
	0.01136084123	0.01114565293	0.01101353802	0.01105921574	0.01145918572
	0.01250882621	0.01462136301	0.01819568057	0.02324510414	0.02887399746
	0.03317438514	0.034215922	0.03155964828	0.02659927101	0.02135295075
	0.01717839471	0.01446339918	0.0129923949	0.01237090179	0.01225441363
	0.01241004505	0.0127012854	0.0130551201	0.01343481019	0.01382256477
	0.01420991726	0.01459281704	0.01496926447	0.01533821312	0.01569907054
	0.01605147181	0.01639517497	0.01673001053	0.01705585539	0.01737261816
	0.01768023019	0.01797863967	0.01826780751	0.0185477044	0.01881830864
	0.01907960453	0.01933158116	0.01957423142	0.01980755134	0.02003153944
	0.02024619638	0.02045152452	0.02064752767	0.02083421082	0.02101158
	0.02117964204	0.0213384045	0.02148787549	0.02162806358	0.02175897773
	0.02188062717	0.0219930213	0.02209616969	0.02219008193	0.02227476762
	0.02235023634	0.02241649775	0.02247356204	0.02252144131	0.02256015377
	0.022589736	0.02261027788	0.02262202165	0.02262563731	0.0162368855
	0.0162304648	0.01621261903	0.01618443832	0.01614633143	0.01609846003
	0.01604089694	0.01597368331	0.01589684934	0.01581042167	0.0157144262
	0.01560888908	0.0154938373	0.01536929904	0.01523530407	0.01509188432
	0.01493907455	0.01477691334	0.01460544431	0.01442471793	0.01423479382
	0.0140357441	0.01382765798	0.01361064876	0.01338486473	0.01315050809
	0.0129078709	0.01265740971	0.0123999113	0.01213687428	0.01187140039
	0.01161026531	0.0113686307	0.01118038681	0.01111963762	0.01134173731
	0.01215153475	0.01408931469	0.01796500751	0.02464861612	0.0343362978
	0.04536563663	0.05381699638	0.05561418847	0.04993243813	0.03987348077
	0.02963034998	0.02175512467	0.01676002376	0.01405639189	0.01283043669
	0.01243932904	0.01247798791	0.0127224041	0.01305884358	0.01343282371
	0.01381922392	0.01420669451	0.01459011094	0.01496710434	0.01533652082
	0.01569775135	0.01605044211	0.01639436781	0.01672937432	0.01705535092
	0.01737221576	0.01767990736	0.01797837928	0.01826759643	0.01854753252
	0.01881816812	0.01907948925	0.01933148629	0.01957415316	0.01980748664
	0.02003148588	0.020246152	0.02045148773	0.02064749718	0.02083418559
	0.02101155918	0.02117962494	0.02133839055	0.02148786423	0.02162805466
	0.02175897085	0.02188062211	0.02199301793	0.02209616791	0.02219008173
	0.02227476908	0.02235023964	0.02241650327	0.02247357043	0.02252145374
	0.02256017234	0.02258976439	0.02261032208	0.02262208866	0.02262572424
	0.01623678125	0.01623037362	0.01621254413	0.01618437482	0.01614627407
	0.01609840472	0.0160408405	0.0159736231	0.01589678287	0.01581034642
	0.01571433935	0.01560878739	0.0154937169	0.01536915518	0.01523513088
	0.01509167439	0.01493881848	0.01477659905	0.0146050562	0.01442423564
	0.01423419067	0.01403498486	0.01382669603	0.01360942237	0.01338329276
	0.01314848617	0.01290527191	0.01265410045	0.01239581851	0.01213219135
	0.01186717746	0.0116100108	0.01138249872	0.01123573371	0.0112865203
	0.01179111192	0.01327768624	0.01673615748	0.02375488249	0.03621993053
	0.05488289979	0.07668833749	0.09350812582	0.09662868955	0.08451239584
	0.06411679054	0.0441973549	0.02949809329	0.02049918614	0.01572887238
	0.01353115937	0.0127146328	0.01257773354	0.01275364548	0.01306507996
	0.01343088292	0.01381525841	0.01420276486	0.0145867837	0.01496443868
	0.01533442772	0.01569611665	0.01604916383	0.016393364	0.0167285817
	0.01705472135	0.01737171273	0.01767950315	0.01797805276	0.01826733138
	0.01854731642	0.01881799124	0.01907934398	0.01933136664	0.01957405436
	0.01980740489	0.02003141815	0.02024609582	0.02045144113	0.02064745854
	0.0208341536	0.02101153275	0.02117960321	0.02133837281	0.0214878499
	0.02162804327	0.02175896206	0.02188061563	0.02199301357	0.02209616557
	0.02219008137	0.02227477077	0.02235024359	0.02241650986	0.02247358032
	0.02252146805	0.02256019288	0.02258979396	0.02261036432	0.02262214613
	0.02262579184	0.01623668635	0.01623028521	0.01621246583	0.01618430457
	0.01614620831	0.01609833999	0.01604077374	0.01597355148	0.01589670363
	0.01581025662	0.01571423571	0.01560866612	0.01549357342	0.01536898393
	0.01523492495	0.01509142513	0.01493851489	0.01477622708	0.01460459771
	0.01442366705	0.01423348109	0.01403409364	0.01382556946	0.01360798954
	0.01338146077	0.01314613626	0.01290226174	0.01265028826	0.0123911549
	0.01212700575	0.01186300595	0.01161188869	0.01140511439	0.01131945279
	0.01153763129	0.01247812557	0.01504600971	0.0210354521	0.03353013714
	0.05656577921	0.09240949468	0.1355885096	0.1692192854	0.1745796728
	0.1488616764	0.1076827403	0.0692753189	0.04223763826	0.02638760108
	0.01825946168	0.01455524523	0.013105904	0.01271695209	0.012797321
	0.01307460412	0.01342932413	0.01381086541	0.01419826635	0.01458293789
	0.01496134446	0.01533199145	0.01569420944	0.01604766905	0.01639218751
	0.01672765063	0.01705398018	0.01737111929	0.01767902535	0.01797766607
	0.01826701696	0.01854705968	0.0188177808	0.01907917093	0.01933122393
	0.01957393639	0.01980730721	0.02003133714	0.02024602859	0.02045138532
	0.02064741223	0.02083411523	0.02101150104	0.02117957712	0.02133835149
	0.02148783266	0.02162802957	0.02175895145	0.0218806078	0.02199300827
	0.02209616266	0.02219008081	0.02227477262	0.02235024804	0.02241651727
	0.02247359133	0.02252148361	0.02256021443	0.02258982344	0.02261040373
	0.02262219584	0.02262584716	0.01623659588	0.01623019815	0.01621238494
	0.01618422896	0.01614613548	0.01609826702	0.01604069771	0.01597346951
	0.0158966127	0.01581015349	0.01571411672	0.01560852695	0.01549340894
	0.01536878786	0.01523468952	0.01509114062	0.01493816903	0.01477580419
	0.01460407762	0.01442302363	0.01423268022	0.01403309053	0.01382430511
	0.01360638627	0.01337941728	0.01314352412	0.01289893006	0.01264609709
	0.01238609722	0.01212158865	0.01185936682	0.01161695266	0.01143930417
	0.01144013902	0.01190045444	0.01349106735	0.01773404837	0.02782361491
	0.04964914854	0.09169332518	0.1600658045	0.2453573779	0.3126098915
	0.3216025961	0.2673717501	0.1847993456	0.1115604812	0.06265323158
	0.03537601027	0.02195588408	0.01599510214	0.01363916276	0.01290261988
	0.01285531058	0.01308801794	0.01342843511	0.01380623987	0.01419334804
	0.01457868864	0.01495790941	0.01532927806	0.01569207916	0.01604599469
	0.01639086593	0.01672660183	0.01705314304	0.01737044728	0.017678483
	0.01797722618	0.01826665855	0.01854676646	0.01881754008	0.01907897268
	0.01933106022	0.01957380092	0.0198071949	0.02003124393	0.02024595116
	0.02045132099	0.02064735882	0.02083407095	0.02101146443	0.02117954698
	0.02133832684	0.02148781272	0.0216280137	0.02175893916	0.0218805987
	0.02199300209	0.02209615922	0.02219008004	0.02227477456	0.02235025286
	0.0224165253	0.02247360309	0.0225214999	0.02256023632	0.02258985215
	0.02261044017	0.02262223944	0.02262589413	0.0162365073	0.0162301114
	0.01621230183	0.01618414896	0.01614605668	0.01609818691	0.01604061352
	0.01597337828	0.0158965113	0.01581003841	0.01571398395	0.01560837181
	0.01549322579	0.01536856984	0.01523442819	0.01509082542	0.01493778669
	0.01477533783	0.01460350562	0.01442231805	0.01423180473	0.0140319976
	0.01382293238	0.01360465196	0.01337721531	0.01314072134	0.01289537395
	0.01264165945	0.01238082969	0.01211620961	0.011856708	0.01162613932
	0.01148760666	0.01160596991	0.0124032323	0.01492842869	0.02167843997
	0.03820519543	0.0755047492	0.150987796	0.2799148164	0.447076279
	0.5807846601	0.59532893	0.4823306909	0.3186531003	0.1810844436
	0.09438352133	0.04862331921	0.02715080933	0.01793738118	0.01433463877
	0.01313884404	0.01292834972	0.01310552317	0.01342838173	0.01380154871
	0.01418815915	0.01457415789	0.01495422841	0.01532635957	0.01568977987
	0.01604418121	0.0163894296	0.0167254581	0.01705222716	0.01736970982
	0.01767788612	0.01797674079	0.01826626212	0.01854644147	0.01881727274
	0.01907875214	0.01933087785	0.0195736498	0.01980706948	0.02003113972
	0.02024586453	0.02045124896	0.02064729897	0.02083402129	0.02101142335
	0.02117951314	0.02133829916	0.02148779031	0.02162799586	0.02175892532
	0.02188058843	0.02199299508	0.02209615526	0.02219007904	0.02227477653
	0.02235025793	0.02241653375	0.02247361534	0.02252151655	0.0225602581
	0.02258987976	0.02261047388	0.02262227827	0.02262593516	0.01623641922
	0.0162300243	0.01621221669	0.01618406529	0.01614597287	0.01609810069
	0.01604052223	0.01597327899	0.01589640072	0.01580991286	0.01571383917
	0.01560820278	0.01549302651	0.01536833302	0.01523414487	0.01509048447
	0.01493737415	0.01477483604	0.01460289207	0.01442156379	0.0142308723
	0.01403083822	0.01382148231	0.01360282804	0.01337491042	0.01313780265
	0.01289169393	0.0126371102	0.0123755325	0.01211111096	0.01185537553
	0.01164006143	0.01155162298	0.01182266249	0.01306874219	0.01688120923
	0.02723107302	0.05347503871	0.1155291106	0.2479905877	0.4865072791
	0.8086541822	1.070313533	1.092720433	0.86252119	0.5444634382
	0.2916242078	0.1418338339	0.06733407926	0.03412724317	0.02043549403
	0.01519778214	0.01342413219	0.01301523784	0.01312669595	0.01342914139
	0.01379690827	0.01418283923	0.01456946889	0.0149503998	0.01532331131
	0.01568736839	0.01604227125	0.01638791054	0.0167242436	0.01705125085
	0.01736892086	0.01767724545	0.0179762182	0.01826583416	0.01854608975
	0.0188169828	0.0190785125	0.01933067933	0.01957348507	0.01980693259
	0.02003102585	0.02024576977	0.02045117011	0.0206472334	0.02083396686
	0.02101137829	0.02117947601	0.02133826876	0.0214877657	0.02162797625
	0.02175891009	0.02188057711	0.02199298732	0.02209615083	0.02219007781
	0.02227477848	0.02235026315	0.02241654245	0.02247362786	0.02252153329
	0.02256027953	0.0225899062	0.02261050519	0.02262231341	0.02262597182
	0.01623633095	0.01622993649	0.01621212971	0.01618397855	0.01614588488
	0.01609800933	0.01604042494	0.01597317282	0.01589628233	0.01580977841
	0.01571368422	0.01560802208	0.0154928138	0.01536808072	0.01523384368
	0.01509012293	0.01493693794	0.01477430718	0.01460224771	0.01442077479
	0.01422990111	0.01402963627	0.0138199865	0.01360095658	0.01337255879
	0.01313484314	0.01288798987	0.01263258007	0.01237037012	0.01210648123
	0.01185553962	0.01165877128	0.01163121105	0.01209068442	0.01390474254
	0.01940125055	0.03466055938	0.0748455945	0.1745946997	0.3996519898
	0.8274544043	1.429054518	1.924811108	1.957629605	1.50723677
	0.9094968324	0.459443803	0.2093126475	0.09238693362	0.04299039488
	0.02347074489	0.01620844112	0.01374856737	0.01311213712	0.01315031716
	0.01343045961	0.01379236996	0.0141775109	0.01456474124	0.01494652176
	0.01532020931	0.01568490229	0.0160403082	0.01638634146	0.01672298306
	0.01705023295	0.01736809485	0.0176765721	0.01797566706	0.01826538141
	0.01854571665	0.01881667448	0.01907825712	0.0193304674	0.0195733089
	0.01980678599	0.02003090377	0.02024566807	0.0204510854	0.02064716292
	0.02083390831	0.02101132979	0.02117943601	0.02133823601	0.02148773916
	0.02162795508	0.02175889365	0.02188056487	0.02199297891	0.02209614597
	0.02219007636	0.02227478038	0.02235026846	0.02241655131	0.02247364049
	0.02252154997	0.02256030048	0.0225899315	0.02261053449	0.02262234567
	0.02262600521	0.01623624216	0.01622984783	0.01621204112	0.01618388928
	0.0161457935	0.0160979138	0.01604032276	0.01597306103	0.01589615755
	0.01580963671	0.01571352105	0.01560783205	0.01549259049	0.01536781639
	0.0152335289	0.01508974612	0.01493648476	0.01477375969	0.01460158337
	0.01441996497	0.01422890927	0.01402841543	0.01381847611	0.01359907881
	0.01337021519	0.01313191544	0.01288435702	0.01262818962	0.01236548077
	0.01210243242	0.01185713034	0.01168154256	0.01172367633	0.01240215533
	0.01489207364	0.02245617864	0.04398693492	0.1028747944	0.2562234676
	0.6215317284	1.352750016	2.41828797	3.305566186	3.352574851
	2.528270435	1.463032422	0.6982937574	0.2990633257	0.1237063815
	0.05349383719	0.02690893216	0.01731098373	0.01409179115	0.01321222446
	0.01317432992	0.01343184818	0.01378791861	0.01417227622	0.01456008697
	0.01494268897	0.01531712759	0.01568243799	0.01603833469	0.01638475463
	0.01672170106	0.01704919226	0.01736724625	0.01767587732	0.01797509615
	0.01826491078	0.01854532762	0.01881635214	0.0190779895	0.01933024485
	0.0195731236	0.01980663156	0.02003077499	0.02024556066	0.02045099586
	0.02064708834	0.02083384631	0.0210112784	0.02117939362	0.02133820128
	0.021487711	0.02162793262	0.02175887618	0.02188055185	0.02199296992
	0.02209614074	0.02219007469	0.02227478221	0.02235027379	0.02241656023
	0.02247365313	0.02252156648	0.02256032095	0.02258995581	0.02261056217
	0.02262237573	0.02262603615	0.01623615276	0.01622975836	0.0162119512
	0.01618379803	0.01614569948	0.01609781502	0.01604021675	0.01597294487
	0.01589602782	0.01580948946	0.01571335165	0.01560763506	0.01549235944
	0.01536754351	0.01523320481	0.01508935936	0.01493602124	0.01477320197
	0.01460090967	0.01441914793	0.01422791427	0.01402719842	0.01381698087
	0.01359723381	0.01336793112	0.01312908715	0.01288088236	0.01262404413
	0.01236096888	0.01209898652	0.01185980343	0.01170674551	0.01182323158
	0.01273841441	0.01597373472	0.02588109266	0.05477292897	0.1365984451
	0.3592205262	0.9162022178	2.081550442	3.824095386	5.278418569
	5.348403199	3.982570362	2.226810229	1.008745475	0.4080926812
	0.1594732704	0.06486939567	0.03046913718	0.01841013158	0.01442302731
	0.01330599286	0.0131959913	0.0134326392	0.01378348652	0.0141672175
	0.01455560794	0.01493898964	0.01531413575	0.01568002881	0.0160363913
	0.01638318097	0.01672042123	0.01704814698	0.0173663892	0.01767517214
	0.01797451415	0.01826442917	0.01854492816	0.01881602019	0.0190777132
	0.01933001458	0.0195729315	0.01980647119	0.02003064108	0.02024544885
	0.02045090255	0.02064701056	0.0208337816	0.02101122474	0.02117934931
	0.02133816496	0.02148768154	0.0216279091	0.02175885788	0.0218805382
	0.02199296048	0.0220961352	0.02219007285	0.02227478396	0.02235027911
	0.02241656916	0.02247366574	0.02252158281	0.02256034097	0.02258997929
	0.02261058858	0.02262240415	0.02262606529	0.01623606283	0.01622966822
	0.01621186027	0.01618370533	0.01614560354	0.0160977139	0.016040108
	0.01597282559	0.01589589461	0.01580933837	0.01571317804	0.01560743351
	0.01549212352	0.01536726558	0.01523287566	0.01508896787	0.01493555386
	0.01477264208	0.01460023677	0.01441833654	0.01422693255	0.01402600638
	0.01381552813	0.01359545719	0.01336575302	0.01312641842	0.01287764149
	0.01262022993	0.01235690197	0.01209607691	0.01186295684	0.01173189846
	0.01192107037	0.01306968253	0.01705081325	0.02935063852	0.0659623689
	0.1726815003	0.4736328923	1.256710245	2.949437574	5.513273622
	7.634383742	7.744674026	5.756157847	3.146464575	1.363595392
	0.5248260119	0.1955416299	0.07576331352	0.03372968403	0.01937805147
	0.01470427278	0.01338240595	0.0132122475	0.01343209667	0.01377898237
	0.01416240203	0.0145513943	0.01493550295	0.01531129672	0.01567772327
	0.01603451521	0.016381649	0.01671916561	0.01704711425	0.01736553711
	0.01767446715	0.01797392947	0.01826394327	0.01854452366	0.01881568297
	0.01907743175	0.01932977946	0.01957273496	0.01980630685	0.02003050364
	0.02024533395	0.02045080656	0.02064693047	0.02083371493	0.0210111694
	0.02117930361	0.02133812747	0.02148765112	0.02162788481	0.02175883896
	0.02188052407	0.02199295069	0.02209612942	0.02219007087	0.02227478565
	0.02235028442	0.02241657808	0.02247367828	0.02252159897	0.02256036062
	0.02259000214	0.02261061406	0.02262243139	0.02262609315	0.01623597253
	0.01622957764	0.01621176869	0.01618361172	0.01614550643	0.01609761134
	0.01603999759	0.01597270446	0.0158957594	0.01580918514	0.01571300223
	0.01560722978	0.01549188559	0.015366986	0.01523254559	0.01508857669
	0.01493508879	0.01477208764	0.01459957412	0.01441754263	0.01422597903
	0.01402485825	0.0138141421	0.01359378006	0.01336372089	0.0131239601
	0.01287469639	0.0126168126	0.01235331278	0.01209356723	0.01186581015
	0.01175395417	0.01200633347	0.01335817326	0.01799185055	0.03240344291
	0.07591967859	0.2053104207	0.5792264889	1.577763341	3.778699848
	7.118289315	9.835680731	10.00655211	7.49391747	4.055318785
	1.699097099	0.6282899894	0.225684373	0.08440347519	0.03619347239
	0.02007600665	0.01489694695	0.01343085422	0.01322029123	0.01342956902
	0.01377432939	0.01415788914	0.0145475239	0.01493229707	0.01530866486
	0.0156755636	0.01603273907	0.0163801841	0.01671795404	0.01704610967
	0.01736470235	0.01767377222	0.01797335003	0.0182634595	0.01854411933
	0.01881534474	0.01907714863	0.01932954236	0.01957253635	0.01980614046
	0.02003036428	0.02024521729	0.020450709	0.020646849	0.02083364704
	0.02101111302	0.02117925701	0.02133808924	0.02148762008	0.02162786002
	0.02175881965	0.02188050963	0.02199294067	0.02209612349	0.02219006879
	0.02227478729	0.0223502897	0.02241658698	0.02247369078	0.022521615
	0.02256038002	0.02259002456	0.02261063893	0.02262245788	0.02262612021
	0.01623588209	0.01622948688	0.01621167686	0.01618351774	0.01614540883
	0.01609750822	0.01603988657	0.01597258272	0.01589562362	0.01580903147
	0.0157128262	0.0156070262	0.0154916484	0.01536670807	0.01523221853
	0.01508819056	0.01493463177	0.01477154565	0.0145989303	0.01441677676
	0.01422506678	0.01402377031	0.01381284322	0.01359222813	0.01336186705
	0.01312175222	0.01287209394	0.01261383695	0.01235020634	0.01209128609
	0.01186754166	0.01176980981	0.01206798164	0.01356499161	0.01865849438
	0.03453842626	0.08279302591	0.2275492767	0.6503726209	1.79217225
	4.328974599	8.171037575	11.25823858	11.49936678	8.706073356
	4.703487	1.926695701	0.692926612	0.2431600315	0.089052101
	0.03741246653	0.02038778962	0.01497076622	0.01344349661	0.01321817491
	0.0134246462	0.01376950292	0.01415373718	0.01454406189	0.01492942739
	0.0153062843	0.01567358448	0.01603109014	0.01637880781	0.01671680364
	0.01704514698	0.01736389599	0.01767309631	0.01797278314	0.01826298383
	0.01854372007	0.01881500955	0.01907686718	0.01932930604	0.01957233795
	0.01980597395	0.0200302246	0.02024510021	0.02045061096	0.02064676705
	0.0208335787	0.02101105623	0.02117921005	0.02133805069	0.02148758877
	0.021627835	0.02175880015	0.02188049505	0.02199293055	0.02209611749
	0.02219006667	0.0222747889	0.02235029498	0.02241659587	0.02247370325
	0.02252163097	0.02256039929	0.02259004678	0.02261066351	0.022622484
	0.02262614686	0.01623579177	0.01622939624	0.01621158517	0.01618342394
	0.01614531147	0.01609740541	0.016039776	0.0159724616	0.0158954887
	0.01580887901	0.01571265188	0.01560682503	0.01549141458	0.0153664349
	0.01523189817	0.01508781386	0.01493418803	0.01477102236	0.01459831282
	0.01441604798	0.01422420675	0.01402275586	0.01381164762	0.01359082108
	0.01336021537	0.01311982312	0.01286986531	0.01261132842	0.01234757002
	0.01208907025	0.01186745507	0.01177693515	0.01209717483	0.0136593122
	0.01894181542	0.03536272729	0.08513391968	0.2339776202	0.6670510427
	1.832069539	4.417017521	8.339988596	11.50826493	11.80903517
	9.003329492	4.865708457	1.969916551	0.6991035098	0.243313371
	0.08862186986	0.03713326299	0.02025429957	0.01491203003	0.01341726388
	0.01320529635	0.01341727545	0.01376455592	0.01415000746	0.01454106003
	0.01492693522	0.01530418785	0.01567181212	0.01602958958	0.01637753732
	0.01671572848	0.01704423773	0.01736312757	0.01767244733	0.01797223536
	0.01826252172	0.01854333044	0.01881468118	0.01907659058	0.01932907316
	0.01957214199	0.01980580917	0.02003008614	0.02024498399	0.02045051355
	0.02064668554	0.02083351068	0.02101099966	0.02117916325	0.02133801225
	0.02148755754	0.02162781003	0.02175878069	0.0218804805	0.02199292045
	0.0220961115	0.02219006457	0.02227479053	0.02235030026	0.02241660477
	0.02247371572	0.02252164693	0.02256041856	0.02259006899	0.02261068808
	0.02262251012	0.02262617352	0.01623570179	0.01622930601	0.016211494
	0.01618333085	0.01614521504	0.01609730379	0.01603966689	0.01597234229
	0.01589535603	0.01580872937	0.01571248112	0.0156066284	0.01549118665
	0.0153661694	0.01523158791	0.01508745057	0.01493376224	0.01477052323
	0.01459772805	0.01441536372	0.01422340759	0.01402182493	0.01381056694
	0.01358957223	0.01335878088	0.01311818903	0.01286802602	0.01260929527
	0.01234538384	0.01208680518	0.01186513117	0.01177393741	0.012089406
	0.01362662932	0.01879513814	0.03472657535	0.08246811455	0.2231467393
	0.6251492141	1.686896671	4.01781036	7.578381761	10.52726384
	10.8526348	8.274176673	4.468605033	1.808641056	0.6439124212
	0.2258734826	0.08315200417	0.0353958201	0.0196941248	0.01472794162
	0.01335476599	0.01318258535	0.01340779658	0.01375962366	0.01414676348
	0.01453855536	0.01492484667	0.01530239616	0.01567026375	0.01602825204
	0.01637638518	0.01671473932	0.01704339113	0.01736240496	0.01767183199
	0.0179717124	0.01826207804	0.01854295455	0.01881436313	0.01907632178
	0.01932884622	0.01957195059	0.0198056479	0.02002995042	0.02024486991
	0.02045041781	0.02064660536	0.02083344371	0.02101094394	0.02117911712
	0.02133797435	0.02148752673	0.0216277854	0.02175876149	0.02188046615
	0.0219929105	0.02209610561	0.02219006252	0.02227479219	0.02235030556
	0.02241661368	0.02247372823	0.02252166297	0.02256043796	0.02259009142
	0.02261071296	0.02262253661	0.02262620057	0.01623561239	0.01622921643
	0.01621140373	0.01618323898	0.01614512022	0.01609720419	0.01603956025
	0.01597222595	0.01589522696	0.01580858407	0.01571231567	0.01560643834
	0.01549096691	0.01536591424	0.01523129082	0.01508710422	0.01493335841
	0.01477005283	0.01459718115	0.01441472972	0.01422267559	0.01402098428
	0.01380960819	0.01358848849	0.01335756972	0.01311685423	0.01286657655
	0.01260773079	0.01234362822	0.0120844514	0.0118605182	0.01176087505
	0.01204560265	0.01347266785	0.01824804067	0.03277341724	0.07547199087
	0.1981683381	0.5382233614	1.407997025	3.275436454	6.137297007
	8.586347178	8.883107848	6.743061345	3.647731696	1.49651981
	0.5438308644	0.1952796815	0.07382963786	0.0325260364	0.01879894095
	0.01444484044	0.01326369762	0.01315231343	0.01339688218	0.01375490489
	0.01414406491	0.01453656823	0.01492317199	0.01530091744	0.01566894741
	0.01602708555	0.0163753592	0.01671384353	0.01704261398	0.01736173431
	0.01767125577	0.01797121911	0.01826165699	0.01854259607	0.01881405857
	0.0190760635	0.01932862755	0.01957176572	0.01980549183	0.02002981885
	0.02024475917	0.02045032478	0.02064652738	0.02083337852	0.02101088965
	0.02117907216	0.02133793739	0.02148749669	0.02162776137	0.02175874277
	0.02188045216	0.0219929008	0.0220960999	0.02219006059	0.02227479391
	0.02235031089	0.02241662262	0.02247374079	0.02252167914	0.02256045762
	0.02259011427	0.02261073845	0.02262256385	0.02262622844	0.0162355237
	0.0162291277	0.01621131468	0.01618314885	0.01614502769	0.01609710744
	0.01603945706	0.01597211373	0.01589510276	0.01580844459	0.0157121572
	0.01560625672	0.0154907575	0.01536567183	0.01523100963	0.01508677786
	0.01493297994	0.01476961485	0.01459667605	0.01441415007	0.01422201475
	0.01402023746	0.01380877389	0.01358757053	0.01335657949	0.01311581162
	0.01286550334	0.01260661505	0.012342287	0.01208204916	0.01185393335
	0.01173921429	0.01197178384	0.01322132994	0.01739505988	0.02987968577
	0.06565599543	0.1650884806	0.4296962	1.077392623	2.419274379
	4.455963348	6.239697024	6.465149595	4.89452246	2.675153096
	1.129844113	0.4256553878	0.1585545888	0.06250131222	0.02901948539
	0.01770492256	0.01410095117	0.01315494619	0.01311758868	0.01338540073
	0.01375062485	0.01414195797	0.0145351001	0.01492190528	0.01529974764
	0.01566786218	0.01602609169	0.01637446257	0.01671304518	0.0170419107
	0.01736112006	0.01767072293	0.01797075941	0.01826126217	0.0185422582
	0.01881377032	0.01907581821	0.01932841928	0.01957158923	0.01980534255
	0.0200296928	0.02024465294	0.02045023542	0.0206464524	0.0208333158
	0.0210108374	0.02117902886	0.02133790179	0.02148746773	0.02162773822
	0.02175872472	0.02188043868	0.02199289149	0.02209609445	0.02219005881
	0.02227479571	0.02235031624	0.02241663157	0.02247375341	0.02252169548
	0.02256047765	0.02259013776	0.02261076486	0.02262259228	0.02262625759
	0.01623543575	0.01622903995	0.01621122716	0.01618306094	0.01614493811
	0.01609701437	0.01603935828	0.01597200671	0.01589498465	0.01580831228
	0.01571200724	0.01560608528	0.01549056035	0.01536544433	0.01523074671
	0.01508647408	0.01493262958	0.01476921215	0.01459621555	0.01441362723
	0.01422142686	0.01401958498	0.01380806242	0.01358681331	0.01335579999
	0.01311504368	0.01286478002	0.01260591594	0.01234134554	0.01207970127
	0.01184597776	0.0117114546	0.0118774521	0.01290778476	0.01636566345
	0.02652255731	0.05477717914	0.1302970137	0.3219327949	0.7669328878
	1.645732018	2.944234077	4.085211517	4.230010942	3.215018686
	1.79675629	0.7919744774	0.3129590434	0.1222649166	0.05098558112
	0.02538140994	0.01655423225	0.01373679183	0.01304013009	0.0130817098
	0.01337424563	0.01374699083	0.01414046488	0.01453413189	0.01492102497
	0.0152988712	0.01566699883	0.01602526604	0.01637369415	0.0167123452
	0.01704128344	0.01736056499	0.01767023648	0.01797033636	0.01826089647
	0.01854194363	0.01881350082	0.01907558809	0.01932822334	0.01957142281
	0.0198052015	0.02002957353	0.02024455228	0.02045015067	0.02064638122
	0.02083325622	0.02101078772	0.02117898768	0.02133786791	0.02148744018
	0.02162771619	0.02175870756	0.02188042588	0.02199288266	0.02209608933
	0.02219005722	0.0222747976	0.02235032161	0.02241664052	0.02247376607
	0.02252171201	0.02256049813	0.02259016207	0.02261079255	0.02262262236
	0.02262628854	0.01623534844	0.01622895314	0.01621114137	0.01618297572
	0.01614485215	0.0160969258	0.01603926485	0.01597190592	0.01589487381
	0.01580818844	0.0157118672	0.01560592557	0.01549037719	0.01536523363
	0.0152305041	0.015086195	0.01493230948	0.01476884675	0.01459580135
	0.01441316223	0.01422091173	0.01401902468	0.01380746847	0.01358620676
	0.01335521419	0.01311452392	0.01286436907	0.01260558977	0.01234078515
	0.01207754058	0.01183739589	0.01168056341	0.01177336769	0.01256972735
	0.01528986771	0.02314493518	0.04431550873	0.09856271678	0.2293265201
	0.5159565472	1.051015444	1.809277219	2.463634761	2.542771507
	1.953462718	1.127899195	0.5238125566	0.2189824775	0.09066618548
	0.04059358879	0.02200465945	0.01546363266	0.01338696278	0.01292941615
	0.01304758064	0.01336417929	0.01374415259	0.0141395755	0.01453362351
	0.01492049499	0.01529826229	0.01566634077	0.01602459892	0.01637304899
	0.01671174175	0.01704073232	0.01736007037	0.01766979837	0.01796995217
	0.0182605622	0.01854165461	0.01881325216	0.01907537505	0.01932804144
	0.01957126796	0.01980507004	0.02002946217	0.02024445819	0.02045007136
	0.02064631457	0.02083320038	0.02101074115	0.02117894905	0.02133783613
	0.02148741433	0.02162769551	0.02175869146	0.02188041389	0.02199287441
	0.02209608459	0.02219005586	0.02227479956	0.02235032696	0.0224166494
	0.02247377873	0.0225217287	0.0225605191	0.02259018739	0.02261082187
	0.02262265464	0.02262632195	0.01623526137	0.0162288671	0.0162110575
	0.01618289368	0.01614477051	0.01609684255	0.01603917769	0.01597181239
	0.01589477131	0.01580807424	0.01571173838	0.01560577902	0.01549020955
	0.01536504135	0.01523028348	0.01508594234	0.01493202124	0.01476851998
	0.0145954342	0.01441275485	0.01422046752	0.01401855213	0.01380698372
	0.01358573674	0.01335479959	0.01311421855	0.01286422361	0.01260558186
	0.01234057638	0.01207569294	0.01182892351	0.01164940354	0.01166946304
	0.01223994258	0.01427239631	0.02006958624	0.03521293051	0.07238289864
	0.1574077564	0.3330707103	0.641867666	1.057706777	1.404243316
	1.440795114	1.122838703	0.6737609746	0.3314800365	0.1476696574
	0.06554952557	0.03200353615	0.01912217085	0.01450922031	0.01307554027
	0.01283017246	0.01301732612	0.01335572814	0.01374217673	0.0141392433
	0.01453351512	0.0149202668	0.01529788662	0.0156658654	0.01602407625
	0.01637251893	0.01671123062	0.0170402557	0.01735963621	0.01766940953
	0.01796960832	0.01826026109	0.01854139291	0.0188130261	0.01907518074
	0.0193278751	0.01957112605	0.01980494934	0.0200293598	0.02024437159
	0.0204499983	0.02064625311	0.02083314886	0.02101069816	0.02117891338
	0.02133780677	0.02148739045	0.02162767642	0.02175867661	0.02188040283
	0.02199286684	0.02209608029	0.02219005472	0.02227480158	0.02235033224
	0.02241665814	0.02247379126	0.02252174546	0.02256054054	0.02259021384
	0.0226108532	0.0226226898	0.02262635863	0.01623517378	0.01622878141
	0.01621097567	0.01618281534	0.01614469394	0.01609676548	0.01603909771
	0.01597172706	0.01589467817	0.01580797077	0.01571162195	0.01560564685
	0.01549005874	0.01536486887	0.01523008625	0.0150857174	0.01493176599
	0.01476823253	0.01459511408	0.01441240384	0.01422009104	0.01401816119
	0.01380659755	0.01358538605	0.01335452967	0.01311408847	0.01286428976
	0.01260582781	0.01234067383	0.01207424611	0.01182116468	0.0116203023
	0.01157343218	0.01194199665	0.01338094748	0.01747501075	0.02787116414
	0.05234629996	0.1055341284	0.2092282505	0.3808911896	0.599761545
	0.7741203559	0.7882405473	0.6237784812	0.3897357678	0.2036515855
	0.09735091996	0.04694192448	0.02537310262	0.01681998762	0.0137262369
	0.01281523244	0.01274657136	0.01299215248	0.01334914233	0.01374103895
	0.01413938677	0.0145337303	0.0149202823	0.01529770354	0.01566554566
	0.01602368072	0.0163720934	0.0167108058	0.01703985056	0.0173592614
	0.01766907009	0.01796930565	0.01825999434	0.01854115994	0.01881282408
	0.01907500654	0.01932772561	0.01957099826	0.01980484047	0.02002926734
	0.02024429328	0.02044993218	0.02064619745	0.02083310219	0.02101065919
	0.02117888104	0.02133778016	0.0214873688	0.02162765911	0.02175866315
	0.02188039283	0.02199286003	0.02209607647	0.02219005382	0.02227480361
	0.02235033736	0.02241666662	0.02247380354	0.02252176213	0.02256056233
	0.02259024148	0.02261088694	0.02262272868	0.02262639971	0.01623508423
	0.01622869532	0.01621089601	0.01618274136	0.01614462329	0.0160966955
	0.01603902582	0.01597165084	0.01589459532	0.01580787899	0.01571151892
	0.01560553016	0.01548992589	0.01536471733	0.01522991353	0.01508552118
	0.01493154441	0.01476798462	0.01459484033	0.01441210718	0.01421977817
	0.01401784453	0.01380629785	0.01358513567	0.01335437554	0.01311409152
	0.01286450926	0.01260625575	0.01234101428	0.01207323178	0.01181452137
	0.01159483307	0.0114901687	0.01168924609	0.01264700519	0.01541614658
	0.02229425382	0.03787570217	0.07013297376	0.1296520839	0.2226804661
	0.3350273781	0.4202218132	0.4245113416	0.3412318167	0.222059038
	0.1234720963	0.06383121812	0.0339109567	0.02053163489	0.01507962532
	0.01311795552	0.01260916116	0.01267993139	0.01297241386	0.01334441319
	0.01374063281	0.0141398957	0.01453418073	0.01492047726	0.0152976686
	0.01566535178	0.01602339299	0.01637176025	0.01671046002	0.0170395129
	0.01735894407	0.01766877952	0.01796904446	0.01825976276	0.01854095674
	0.01881264723	0.01907485362	0.01932759407	0.01957088561	0.01980474436
	0.02002918561	0.02024422401	0.02044987364	0.02064614815	0.02083306082
	0.02101062464	0.02117885236	0.02133775655	0.0214873496	0.02162764377
	0.02175865122	0.021880384	0.02199285403	0.02209607316	0.02219005314
	0.02227480562	0.02235034222	0.02241667468	0.02247381532	0.02252177843
	0.02256058423	0.0225902702	0.02261092343	0.02262277237	0.02262644676
	0.01623499007	0.01622860769	0.01621081881	0.01618267262	0.01614455958
	0.01609663356	0.01603896291	0.01597158461	0.01589452363	0.0158077998
	0.0157114302	0.01560542987	0.01548981196	0.01536458768	0.01522976617
	0.01508535436	0.01493135691	0.01476777608	0.01459461191	0.01441186241
	0.01421952428	0.01401759426	0.01380607194	0.01358496592	0.01335430769
	0.0131141848	0.01286482258	0.01260678976	0.01234151918	0.01207262309
	0.0118091802	0.01157380308	0.01142192676	0.01148626682	0.01207411429
	0.01386458109	0.01826231845	0.02790007701	0.04698479002	0.08044614537
	0.1300178984	0.1868747266	0.2278956493	0.2285589874	0.186764316
	0.1267202341	0.07525104114	0.04248549899	0.02519496178	0.01715731585
	0.01382472231	0.01266753804	0.01245383044	0.01262946289	0.01295780654
	0.01334132967	0.01374079017	0.01414064106	0.01453477211	0.01492078521
	0.01529773619	0.01566525313	0.01602319295	0.01637150664	0.01671018538
	0.01703923813	0.01735868184	0.01766853685	0.01796882468	0.01825956679
	0.01854078406	0.01881249644	0.0190747229	0.0193274814	0.01957078897
	0.0198046618	0.02002911534	0.02024416439	0.02044982323	0.02064610567
	0.02083302517	0.02101059486	0.02117882764	0.0213377362	0.02148733305
	0.02162763056	0.02175864097	0.02188037641	0.0219928489	0.02209607038
	0.02219005267	0.02227480753	0.02235034671	0.02241668213	0.02247382634
	0.022521794	0.02256060579	0.02259029971	0.02261096291	0.02262282223
	0.02262650222	0.01623488626	0.01622851701	0.01621074484	0.01618261046
	0.01614450404	0.01609658072	0.01603890989	0.01597152917	0.01589446385
	0.01580773394	0.01571135656	0.01560534678	0.01548971773	0.01536448066
	0.01522964483	0.01508521745	0.01493120362	0.0147676065	0.0145944275
	0.01441166685	0.01421932461	0.0140174025	0.01380590735	0.01358485773
	0.01335429767	0.01311432709	0.0128651722	0.01260735434	0.01234210089
	0.0120723461	0.01180514603	0.01155739211	0.01136893514	0.01133148537
	0.01164853334	0.01274890337	0.01547230366	0.02129283301	0.03237479087
	0.0509223877	0.07708128794	0.1056801	0.1253379308	0.1249456582
	0.1039982507	0.07382068791	0.04713423065	0.02937703366	0.01959038084
	0.01490139334	0.01295840103	0.01234878347	0.01234214694	0.01259311304
	0.01294761068	0.01333955255	0.01374130761	0.01414148662	0.01453541046
	0.01492114138	0.01529786214	0.01566522004	0.016023061	0.0163713199
	0.01670997395	0.01703902151	0.01735847207	0.01766834085	0.01796864594
	0.01825940664	0.0185406424	0.01881237239	0.01907461512	0.01932738834
	0.01957070904	0.01980459345	0.02002905711	0.02024411496	0.02044978141
	0.02064607042	0.02083299558	0.02101057014	0.02117880713	0.02133771932
	0.02148731933	0.02162761961	0.02175863248	0.02188037015	0.0219928447
	0.02209606814	0.02219005238	0.02227480927	0.0223503507	0.02241668874
	0.02247383625	0.02252180831	0.02256062633	0.02259032928	0.02261100525
	0.02262287998	0.02262657009	0.01623476256	0.01622842179	0.01621067601
	0.01618255696	0.01614445824	0.01609653811	0.01603886763	0.01597148525
	0.01589441666	0.01580768205	0.01571129865	0.01560528151	0.01548964382
	0.01536439687	0.01522955003	0.01508511074	0.01493108456	0.01476747537
	0.01459428579	0.01441151792	0.01421917466	0.01401726195	0.01380579267
	0.01358479374	0.01335431976	0.01311448119	0.01286550593	0.01260787957
	0.01234267191	0.01207230096	0.01180230549	0.01154537271	0.01133019279
	0.01122001486	0.01134893342	0.01198575591	0.01362780466	0.01709106832
	0.02347133731	0.03371309612	0.04752256938	0.06196553635	0.07144285801
	0.07090318409	0.06032739603	0.04505998551	0.03118662387	0.02159932326
	0.01612549223	0.01345677141	0.01238732929	0.01213395661	0.01226585736
	0.01256831022	0.01294091943	0.01333868857	0.01374197334	0.01414230073
	0.01453600841	0.01492148659	0.01529800633	0.01566522553	0.01602297923
	0.01637118839	0.01670981833	0.01703885855	0.0173583122	0.0176681902
	0.01796850777	0.0182592823	0.01854053209	0.01881227557	0.01907453084
	0.01932731548	0.01957064639	0.01980453983	0.02002901141	0.02024407615
	0.02044974857	0.02064604274	0.02083297234	0.02101055074	0.02117879102
	0.02133770607	0.02148730857	0.02162761104	0.02175862585	0.02188036527
	0.02199284146	0.02209606646	0.02219005225	0.02227481078	0.02235035403
	0.02241669428	0.02247384465	0.02252182075	0.02256064488	0.02259035767
	0.02261104956	0.02262294743	0.0226266575	0.01623459677	0.01622832262
	0.01621061672	0.01618251524	0.01614442405	0.01609650689	0.01603883694
	0.01597145349	0.01589438262	0.01580764469	0.01571125698	0.0156052346
	0.01548959075	0.01536433677	0.01522948212	0.01508503445	0.01493099965
	0.01476738218	0.01459418558	0.01441141336	0.01421907058	0.01401716638
	0.01380571823	0.01358475937	0.0133543524	0.013114616	0.01286578017
	0.01260830643	0.01234315541	0.0120723879	0.01180050322	0.01153735268
	0.01130425165	0.0111461211	0.01115375544	0.01149987478	0.01248557738
	0.01457086223	0.01831587757	0.02410856462	0.03160292327	0.03912390977
	0.04384467548	0.04340200964	0.03789016135	0.02991723634	0.02249593066
	0.01720044157	0.01409688455	0.01258520204	0.01203410898	0.01199851855
	0.01221720091	0.01255251606	0.01293682176	0.01333835316	0.01374259093
	0.0141429668	0.01453649073	0.01492177056	0.01529813485	0.01566524679
	0.01602293248	0.01637110218	0.0167097122	0.01703874531	0.01735819993
	0.0176680837	0.01796840964	0.01825919372	0.01854045331	0.0188122063
	0.01907447047	0.01932726323	0.01957060144	0.01980450135	0.0200289786
	0.02024404829	0.020449725	0.02064602288	0.02083295568	0.02101053683
	0.0211787795	0.02133769661	0.0214873009	0.02162760494	0.02175862115
	0.02188036184	0.0219928392	0.02209606533	0.02219005226	0.02227481199
	0.02235035661	0.02241669853	0.02247385115	0.0225218306	0.02256066022
	0.02259038285	0.02261109341	0.02262302551	0.0226267784	0.01623433699
	0.01622822922	0.01621057598	0.01618248964	0.01614440351	0.01609648816
	0.01603881853	0.01597143444	0.01589436221	0.01580762228	0.01571123198
	0.01560520645	0.0154895589	0.0153643007	0.0152294414	0.01508498874
	0.01493094884	0.01476732653	0.01459412592	0.01441135142	0.01421900943
	0.0140171111	0.01380567675	0.01358474362	0.01335437945	0.01311470837
	0.01286596274	0.01260859179	0.01234349574	0.01207253399	0.01179961792
	0.01153300189	0.01128988883	0.01110513051	0.01104620971	0.01123545924
	0.01187448841	0.01325051264	0.01567901255	0.01932097304	0.02386544739
	0.0282600213	0.03090632917	0.0305621263	0.02733402049	0.02265890443
	0.0182201579	0.01497347888	0.01304137222	0.012120401	0.01184166154
	0.01192339407	0.01218984123	0.0125435729	0.01293452747	0.01333821634
	0.01374299762	0.01414339179	0.01453679894	0.01492195478	0.01529822189
	0.0156652665	0.01602290921	0.01637105367	0.01670965065	0.01703867876
	0.01735813345	0.01766802034	0.01796835108	0.01825914074	0.01854040614
	0.01881216478	0.01907443427	0.0193272319	0.01957057448	0.01980447827
	0.02002895894	0.02024403161	0.02044971091	0.02064601102	0.02083294575
	0.02101052856	0.02117877267	0.02133769102	0.02148729639	0.02162760138
	0.02175861843	0.02188035989	0.02199283796	0.02209606477	0.02219005239
	0.02227481285	0.02235035831	0.0224167013	0.02247385541	0.02252183719
	0.02256067097	0.022590402	0.02261113164	0.02262311052	0.02262696237
	0.01623385413	0.01622818407	0.01621056959	0.01618248509	0.01614439845
	0.0160964828	0.01603881294	0.01597142852	0.01589435578	0.01580761516
	0.01571122398	0.01560519738	0.01548954858	0.01536428897	0.01522942809
	0.01508497376	0.01493093216	0.01476730824	0.0145941063	0.01441133108
	0.01421898944	0.0140170932	0.01380566374	0.01358473978	0.0133543911
	0.01311474452	0.01286603512	0.01260871264	0.01234366783	0.01207271714
	0.01179962994	0.01153224564	0.01128664571	0.01109484176	0.01101758743
	0.01116245968	0.01170173866	0.01287174368	0.01491650692	0.01793214691
	0.02162007565	0.02510731553	0.0271422944	0.0267984949	0.02419513574
	0.02045372471	0.01688511343	0.01425635673	0.01269025033	0.01196051966
	0.01177311635	0.01189560285	0.01217925014	0.01253987583	0.01293343714
	0.01333803087	0.01374307644	0.01414351206	0.01453689458	0.0149220145
	0.01529825106	0.01566527373	0.01602290213	0.01637103807	0.01670963057
	0.01703865692	0.01735811156	0.01766799944	0.01796833175	0.01825912325
	0.01854039057	0.0188121511	0.01907442236	0.01932722161	0.01957056566
	0.01980447075	0.02002895256	0.02024402623	0.0204497064	0.02064600726
	0.02083294264	0.02101052601	0.02117877059	0.02133768936	0.0214872951
	0.0216276004	0.02175861774	0.02188035945	0.02199283776	0.0220960648
	0.02219005265	0.02227481336	0.02235035912	0.02241670249	0.0224738572
	0.02252184003	0.02256067598	0.02259041209	0.02261115556	0.02262318229
	0.02262727722	