3131	
	0.01597560635	0.01596856616	0.01595069399	0.01592260674	0.01588461738
	0.01583686146	0.01577940217	0.01571227574	0.0156355089	0.0155491253
	0.01545314787	0.01534759971	0.01523250454	0.01510788708	0.01497377343
	0.01483019177	0.01467717313	0.01451475266	0.01434297129	0.01416187812
	0.01397153374	0.01377201492	0.01356342132	0.01334588536	0.01311958715
	0.01288477833	0.01264182261	0.01239126947	0.01213399624	0.01187149254
	0.01160643864	0.01134387033	0.01109344885	0.01087362761	0.01071859091
	0.01068802232	0.01087656298	0.01141243575	0.01242415591	0.01395232011
	0.01581877941	0.01755509076	0.01855052823	0.01841917537	0.01727664416
	0.01563797985	0.01406330833	0.0128931692	0.01221229328	0.0119479116
	0.01197679469	0.01218731092	0.01249966972	0.01286407625	0.01325206332
	0.01364825681	0.01404461769	0.01443698072	0.01482315675	0.01520195248
	0.01557268179	0.0159349258	0.01628841417	0.01663296458	0.01696845025
	0.01729478139	0.01761189381	0.01791974153	0.01821829185	0.01850752183
	0.01878741583	0.01905796375	0.01931915969	0.01957100103	0.01981348771
	0.02004662168	0.02027040654	0.0204848472	0.02068994965	0.02088572077
	0.02107216818	0.02124930011	0.02141712533	0.02157565298	0.02172489257
	0.02186485387	0.02199554685	0.0221169816	0.02222916831	0.02233211715
	0.02242583827	0.02251034169	0.02258563732	0.02265173494	0.02270864458
	0.02275637762	0.02279495021	0.02282439365	0.02284478385	0.02285632219
	0.02285952695	0.01597513256	0.01596852012	0.0159506884	0.01592260368
	0.01588461402	0.01583685794	0.01577939855	0.01571227194	0.01563550476
	0.01554912062	0.01545314242	0.01534759321	0.01523249665	0.01510787736
	0.01497376133	0.01483017656	0.01467715385	0.01451472801	0.01434293955
	0.01416183695	0.01397147997	0.01377194422	0.01356332786	0.0133457613
	0.01311942218	0.01288455952	0.01264153544	0.01239090254	0.01213355583
	0.01187104262	0.01160620349	0.01134448533	0.0110965458	0.01088313137
	0.01074340829	0.01074712851	0.01100735844	0.01168136232	0.01293283742
	0.01482282354	0.01713815978	0.01928730207	0.02048645831	0.02024777123
	0.01874352987	0.01665184217	0.01467859139	0.0132272016	0.01237701603
	0.01202240783	0.01200770759	0.01219887323	0.01250330373	0.01286474786
	0.0132517757	0.01364775358	0.01404414306	0.01443659529	0.01482286054
	0.01520172956	0.01557251509	0.01593480109	0.01628832054	0.01663289391
	0.01696839659	0.01729474039	0.01761186227	0.01791971711	0.01821827282
	0.01850750692	0.01878740408	0.01905795445	0.0193191523	0.01957099514
	0.019813483	0.02004661792	0.02027040354	0.02048484481	0.02068994776
	0.02088571929	0.02107216704	0.02124929926	0.02141712471	0.02157565257
	0.02172489235	0.02186485381	0.02199554693	0.02211698182	0.02222916867
	0.02233211766	0.02242583894	0.02251034255	0.02258563841	0.02265173638
	0.02270864658	0.02275638062	0.02279495534	0.02282440386	0.02284480817
	0.02285639528	0.02285983724	0.0159748808	0.01596843173	0.01595065178
	0.01592258256	0.01588459841	0.01583684459	0.015779386	0.01571225927
	0.01563549125	0.01554910559	0.01545312514	0.01534757286	0.01523247221
	0.01510784755	0.01497372451	0.01483013056	0.01467709581	0.01451465413
	0.0143428447	0.01416171418	0.01397131985	0.01377173396	0.01356305003
	0.01334539239	0.01311893089	0.01288390567	0.01264067158	0.01238978443
	0.01213217835	0.01186954363	0.0116051413	0.01134554137	0.01110422271
	0.01090865151	0.01081310863	0.01091901908	0.01139973731	0.01251199553
	0.01454785317	0.01765739371	0.02152922841	0.02515081723	0.02711307674
	0.02654273038	0.02380238957	0.02014926438	0.01680363045	0.01438590585
	0.01295387922	0.01228778187	0.01212102571	0.01224342764	0.01251883851
	0.01286889818	0.01325188257	0.01364667997	0.01404291494	0.0144355278
	0.01482201321	0.01520108092	0.01557202543	0.01593443277	0.01628804306
	0.016632684	0.01696823692	0.01729461817	0.01761176809	0.01791964405
	0.01821821577	0.01850746207	0.01878736861	0.01905792624	0.01931912975
	0.01957097703	0.01981346841	0.02004660613	0.020270394	0.02048483709
	0.02068994151	0.02088571426	0.02107216301	0.02124929608	0.02141712224
	0.02157565071	0.02172489102	0.02186485296	0.02199554652	0.02211698183
	0.02222916909	0.02233211852	0.02242584027	0.02251034444	0.02258564101
	0.02265173991	0.0227086515	0.0227563878	0.02279496663	0.02282442356
	0.02284484693	0.02285648007	0.0228600192	0.01597472397	0.01596834068
	0.01595059986	0.01592254847	0.01588457244	0.01583682231	0.01577936506
	0.01571223816	0.01563546875	0.01554908059	0.01545309647	0.01534753915
	0.01523243181	0.01510779837	0.01497366386	0.01483005493	0.01467700055
	0.01451453303	0.01434268939	0.0141615134	0.01397105829	0.01377139078
	0.01356259695	0.01334479117	0.01311813068	0.01288284121	0.01263926606
	0.01238796767	0.01212994918	0.01186715261	0.01160358608	0.01134784471
	0.01111858773	0.01095588981	0.01094311931	0.01124449334	0.01215718338
	0.01415125452	0.01781079488	0.02351689343	0.03078464579	0.03766766743
	0.04130555758	0.03993333178	0.03439798489	0.02732017958	0.02105812985
	0.01665147642	0.01405768304	0.01278638473	0.01233104313	0.0123254097
	0.01254755188	0.01287688656	0.01325250257	0.01364509649	0.01404097757
	0.0144338138	0.01482064293	0.01520002818	0.01557122899	0.01593383278
	0.0162875905	0.01663234126	0.01696797591	0.01729441814	0.01761161376
	0.01791952417	0.01821812201	0.01850738826	0.01878731015	0.01905787966
	0.01931909244	0.01957094701	0.01981344416	0.02004658648	0.02027037805
	0.02048482413	0.02068993099	0.02088570574	0.02107215615	0.0212492906
	0.02141711794	0.02157564742	0.02172488861	0.02186485134	0.02199554563
	0.02211698164	0.02222916959	0.02233211974	0.02242584228	0.02251034736
	0.02258564504	0.02265174543	0.02270865911	0.02275639863	0.02279498286
	0.02282444956	0.02284489143	0.0228565581	0.02286013951	0.01597461105
	0.01596825609	0.0159505414	0.01592250572	0.01588453815	0.01583679218
	0.01577933643	0.01571220912	0.01563543775	0.01554904614	0.01545305697
	0.01534749276	0.01523237629	0.01510773088	0.01497358076	0.01482995146
	0.01467687042	0.01451436784	0.01434247789	0.01416124036	0.01397070308
	0.01377092537	0.01356198327	0.01334397785	0.01311704951	0.01288140514
	0.01263737422	0.01238553356	0.01212699654	0.01186409765	0.01160201389
	0.01135255102	0.01114274375	0.01103356412	0.01115806729	0.01179168705
	0.01346066704	0.01705144913	0.02375998917	0.03452304906	0.04861771429
	0.06218491027	0.06921092254	0.06600338774	0.0545816466	0.04057716515
	0.02866214089	0.02056484724	0.01590414744	0.01359706549	0.01266454021
	0.01245337698	0.01259207112	0.01288953148	0.01325392948	0.01364314447
	0.01403842084	0.01443151847	0.01481879843	0.01519860765	0.01557015262
	0.01593302082	0.01628697725	0.01663187617	0.01696762121	0.0172941459
	0.0176114034	0.0179193605	0.0182179938	0.01850728717	0.01878722994
	0.01905781564	0.01931904108	0.01957090562	0.01981341067	0.0200465593
	0.02027035594	0.02048480613	0.02068991634	0.02088569384	0.02107214654
	0.02124928291	0.02141711188	0.02157564275	0.02172488517	0.02186484899
	0.02199554429	0.02211698126	0.02222917017	0.0223321213	0.02242584492
	0.02251035123	0.02258565041	0.02265175272	0.02270866904	0.02275641242
	0.02279500263	0.02282447904	0.02284493662	0.02285662598	0.0228602272
	0.01597452022	0.01596817846	0.01595048061	0.01592245731	0.01588449732
	0.01583675531	0.01577930086	0.01571217278	0.01563539884	0.01554900286
	0.01545300737	0.01534743457	0.01523230673	0.01510764646	0.014973477
	0.01482982251	0.01467670855	0.01451416278	0.01434221584	0.01416090274
	0.01397026471	0.01377035207	0.01356122869	0.01334297954	0.01311572485
	0.01287964957	0.01263506949	0.01238258872	0.01212348549	0.01186066672
	0.0116010203	0.01136112272	0.01118073331	0.01115348485	0.0114928151
	0.01266169869	0.01559237455	0.02195537158	0.03419249535	0.05453507569
	0.08206600568	0.1091026363	0.1228612397	0.1155303665	0.09192510032
	0.06422888867	0.04168326408	0.02699438437	0.01882186545	0.01483420107
	0.01315868216	0.01263875599	0.0126558006	0.01290787959	0.01325654457
	0.01364101337	0.01403536754	0.01442873104	0.01481654615	0.01519686865
	0.01556883263	0.01593202348	0.01628622272	0.01663130292	0.0169671832
	0.01729380905	0.01761114258	0.01791915716	0.01821783419	0.01850716106
	0.01878712968	0.01905773548	0.01931897665	0.0195708536	0.0198133685
	0.02004652502	0.02027032801	0.02048478335	0.02068989778	0.02088567875
	0.02107213433	0.02124927311	0.02141710413	0.02157563677	0.02172488073
	0.02186484594	0.02199554252	0.02211698071	0.02222917081	0.02233212318
	0.02242584814	0.02251035598	0.02258565697	0.02265176155	0.02270868087
	0.02275642843	0.0227950247	0.02282450998	0.02284498013	0.02285668463
	0.02286029591	0.01597444138	0.0159681063	0.01595041925	0.0159224052
	0.01588445142	0.01583671273	0.01577925916	0.01571212985	0.0156353527
	0.01554895148	0.01545294852	0.01534736561	0.01523222444	0.0151075468
	0.01497335478	0.01482967096	0.01467651878	0.01451392296	0.01434191017
	0.01416050992	0.01396975594	0.01376968834	0.01356035715	0.01334182919
	0.0131142022	0.0128776376	0.01263244024	0.01237925998	0.01211960863
	0.01185718782	0.01160127406	0.01137521783	0.0112372904	0.0113301231
	0.01199234023	0.0139924109	0.0189605842	0.03000657097	0.05205553518
	0.09027287657	0.1440011059	0.1980285703	0.2250941823	0.2086138302
	0.1599942412	0.1055626471	0.06338801635	0.03721556787	0.0232589237
	0.0166425044	0.01385702238	0.01289390404	0.01274213127	0.01293291051
	0.01326071088	0.01363890256	0.0140319585	0.01442555807	0.01481396666
	0.01519487125	0.01556731331	0.01593087321	0.01628535061	0.01663063882
	0.01696667452	0.01729341687	0.01761083814	0.0179189192	0.01821764694
	0.01850701275	0.01878701149	0.01905764077	0.01931890037	0.01957079188
	0.01981331839	0.0200464842	0.0202702947	0.02048475615	0.02068987558
	0.02088566067	0.02107211968	0.02124926134	0.0214170948	0.02157562955
	0.02172487536	0.02186484223	0.02199554034	0.02211697997	0.02222917151
	0.02233212535	0.02242585189	0.02251036149	0.02258566455	0.02265177166
	0.02270869421	0.02275644604	0.02279504807	0.02282454111	0.02284502105
	0.02285673577	0.02286035261	0.01597436946	0.01596803804	0.01595035796
	0.01592235057	0.01588440156	0.01583666538	0.01577921213	0.01571208107
	0.01563530009	0.01554889285	0.0154528814	0.01534728708	0.01523213093
	0.01510743383	0.01497321659	0.01482950011	0.01467630549	0.01451365427
	0.01434156878	0.01416007259	0.01396919134	0.01376895407	0.01355939594
	0.01334056432	0.01311253325	0.0128754407	0.01262958586	0.01237568779
	0.01211557328	0.01185399975	0.01160344187	0.01139648674	0.01131729915
	0.01157928018	0.01270905875	0.01595599954	0.02411329402	0.04285938535
	0.08194760884	0.1529913509	0.2572486876	0.3649495557	0.4181304031
	0.3816786444	0.2822608059	0.1763510396	0.09863083329	0.05295685326
	0.02976538928	0.01918146858	0.01480194304	0.0132291105	0.01285336879
	0.01296517491	0.01326665312	0.01363698016	0.01402833688	0.01442211632
	0.01481115062	0.01519268368	0.01556564512	0.015929607	0.01628438797
	0.01662990362	0.01696610966	0.01729297999	0.01761049793	0.01791865244
	0.01821743637	0.01850684547	0.01878687782	0.01905753336	0.01931881364
	0.01957072156	0.01981326116	0.02004643751	0.02027025653	0.02048472493
	0.02068985005	0.02088563985	0.02107210278	0.02124924775	0.02141708402
	0.02157562119	0.02172486913	0.02186483791	0.02199553777	0.02211697908
	0.02222917226	0.02233212777	0.02242585609	0.02251036766	0.02258567298
	0.0226517828	0.02270870868	0.0227564647	0.02279507207	0.02282457173
	0.02284505927	0.02285678104	0.02286040123	0.01597430171	0.01596797242
	0.01595029689	0.01592229416	0.0158843486	0.01583661409	0.01577916056
	0.01571202721	0.01563524183	0.01554882789	0.0154528071	0.01534720032
	0.01523202787	0.01510730967	0.01497306521	0.01482931359	0.01467607348
	0.01451336311	0.01434120028	0.01415960242	0.01396858674	0.01376817086
	0.01355837464	0.01333922553	0.01311077383	0.01287313566	0.0126266121
	0.01237201841	0.01211158575	0.01185141412	0.01160808327	0.01142626167
	0.01142486829	0.01191541649	0.01369569648	0.01874281991	0.03171575153
	0.06271813667	0.1305809546	0.2605440978	0.4604422709	0.6730908545
	0.7767079704	0.6978647539	0.4973871724	0.2944943501	0.1540744469
	0.07632233968	0.0389230153	0.02259217578	0.01602210195	0.01364837191
	0.01298940713	0.01300439347	0.01327433647	0.01363534402	0.01402463336
	0.01441852552	0.01480819449	0.01519037943	0.01556388267	0.01592826498
	0.01628336416	0.01662911881	0.01696550437	0.01729251001	0.0176101305
	0.01791836322	0.01821720722	0.0185066628	0.01878673135	0.01905741531
	0.01931871805	0.01957064384	0.01981319777	0.02004638567	0.02027021408
	0.02048469013	0.02068982156	0.02088561659	0.02107208388	0.02124923252
	0.02141707192	0.0215756118	0.02172486211	0.02186483303	0.02199553486
	0.02211697803	0.02222917303	0.02233213041	0.02242586068	0.02251037438
	0.02258568212	0.02265179475	0.02270872397	0.02275648402	0.02279509622
	0.0228246015	0.02284509496	0.02285682177	0.02286044412	0.01597423655
	0.01596790857	0.015950236	0.01592223645	0.01588429321	0.01583655958
	0.01577910519	0.01571196905	0.01563517877	0.01554875757	0.01545272678
	0.01534710674	0.01523191704	0.01510717659	0.01497290357	0.01482911524
	0.01467582782	0.01451305621	0.0143408137	0.01415911156	0.01396795864
	0.0137673612	0.01355732396	0.01333785489	0.01310898162	0.01287080137
	0.01262362612	0.01236839533	0.01210783387	0.01184967154	0.01161552223
	0.01146514854	0.01156199828	0.01234733617	0.01499181293	0.02252224385
	0.04245153078	0.09215724558	0.2067571976	0.4387828719	0.8137075324
	1.224671201	1.422522784	1.258015835	0.8639475507	0.4846906553
	0.2377697599	0.109443033	0.05118721287	0.02694075797	0.01751468343
	0.01414426628	0.01314632986	0.01304908738	0.01328336789	0.01363399213
	0.01402095451	0.01441490205	0.01480519634	0.0151880343	0.01556208251
	0.01592688877	0.01628230968	0.01662830676	0.01696487507	0.01729201904
	0.01760974482	0.01791805825	0.01821696452	0.01850646851	0.01878657496
	0.0190572888	0.01931861527	0.01957056004	0.01981312923	0.02004632949
	0.02027016797	0.02048465228	0.02068979051	0.02088559119	0.02107206322
	0.02124921585	0.02141705867	0.0215756015	0.02172485441	0.02186482766
	0.02199553163	0.02211697684	0.02222917383	0.02233213321	0.02242586559
	0.02251038156	0.02258569182	0.0226518073	0.02270873982	0.02275650369
	0.02279512026	0.0228246303	0.02284512847	0.022856859	0.02286048284
	0.01597417303	0.01596784586	0.01595017521	0.01592217775	0.01588423593
	0.0158365025	0.01577904673	0.01571190737	0.01563511179	0.01554868291
	0.01545264166	0.01534700782	0.01523180027	0.01510703695	0.01497273469
	0.01482890898	0.01467557366	0.01451274041	0.01434041817	0.0141586123
	0.01396732361	0.01376654758	0.01355627457	0.0133364943	0.01310721379
	0.01286851541	0.01262073137	0.01236495085	0.01210446997	0.01184889846
	0.01162571465	0.01151257451	0.01172697017	0.01287240614	0.01660334866
	0.02737276403	0.05679864186	0.1334832819	0.319895125	0.7192011033
	1.396477685	2.159484737	2.522812587	2.199129832	1.457773491
	0.775425437	0.3572689608	0.1536744563	0.06661752493	0.03214033716
	0.01922499804	0.01469304686	0.01331532114	0.01309635592	0.01329295236
	0.01363281135	0.01401737668	0.0144113541	0.01480225192	0.01518572334
	0.01556030096	0.01592551994	0.01628125507	0.01662748988	0.01696423827
	0.01729151928	0.01760934999	0.0179177443	0.01821671337	0.01850626646
	0.01878641159	0.01905715611	0.01931850707	0.01957047151	0.01981305661
	0.02004626981	0.02027011886	0.02048461188	0.02068975732	0.020885564
	0.02107204107	0.02124919796	0.02141704442	0.02157559041	0.02172484611
	0.02186482186	0.02199552814	0.02211697552	0.02222917464	0.02233213616
	0.02242587075	0.0225103891	0.02258570194	0.0226518203	0.02270875605
	0.02275652353	0.02279514403	0.02282465816	0.02284516015	0.02285689353
	0.02286051846	0.01597411054	0.01596778389	0.01595011446	0.01592211831
	0.01588417722	0.01583644343	0.01577898586	0.01571184295	0.01563504177
	0.01554860493	0.01545255294	0.01534690506	0.01523167945	0.01510689309
	0.01497256157	0.01482869871	0.0146753161	0.01451242243	0.0143400226
	0.01415811653	0.01396669769	0.01376575169	0.0135552559	0.0133351838
	0.01310552471	0.01286635077	0.01261802282	0.01236179857	0.01210159721
	0.01184907415	0.01163814438	0.01156640276	0.01191282131	0.01347041518
	0.01847795931	0.03318457534	0.07465764846	0.1874008337	0.475724122
	1.127032993	2.280290747	3.606212217	4.230577869	3.648594068
	2.347393061	1.187767993	0.5153273858	0.2082529067	0.08452357907
	0.03786965703	0.02103017436	0.01525198983	0.01348243579	0.01314193867
	0.01330193678	0.01363159182	0.01401394723	0.01440797888	0.01479945136
	0.01518351807	0.01555859192	0.01592419837	0.01628022967	0.01662668979
	0.01696360996	0.01729102262	0.01760895487	0.01791742804	0.01821645881
	0.0185060605	0.01878624419	0.0190570195	0.0193183952	0.01957037964
	0.019812981	0.02004620749	0.02027006746	0.0204845695	0.02068972243
	0.02088553537	0.02107201771	0.02124917908	0.02141702937	0.02157557869
	0.02172483732	0.02186481571	0.02199552442	0.0221169741	0.02222917546
	0.02233213922	0.02242587613	0.02251039692	0.0225857124	0.02265183363
	0.02270877252	0.0227565434	0.0227951675	0.02282468519	0.02284519036
	0.02285692601	0.02286055178	0.01597404873	0.0159677224	0.01595005375
	0.01592205834	0.01588411747	0.01583638292	0.01577892323	0.01571177652
	0.01563496958	0.01554852466	0.01545246188	0.01534679996	0.01523155641
	0.01510674733	0.01497238715	0.01482848818	0.01467506	0.01451210862
	0.01433963538	0.01415763541	0.01396609577	0.01376499357	0.01355429507
	0.01333396007	0.01310396377	0.01286437286	0.01261558293	0.01235902801
	0.01209926233	0.01185001919	0.01165178988	0.01162277564	0.01210652503
	0.01409939104	0.02048448966	0.03956219591	0.09490579764	0.2510745411
	0.6686007294	1.655318233	3.460543026	5.554044941	6.525755821
	5.601736341	3.532929091	1.712772401	0.7032214163	0.2687019843
	0.1031583215	0.0435295443	0.02273773645	0.01576153743	0.01362977708
	0.01318067024	0.01330895997	0.01363006963	0.01401069322	0.01440486179
	0.01479687643	0.01518148386	0.0155570048	0.01592296073	0.01627926057
	0.01662592655	0.01696300504	0.01729054017	0.01760856781	0.0179171158
	0.01821620566	0.01850585434	0.01878607562	0.0190568812	0.01931828142
	0.01957028581	0.01981290349	0.0200461434	0.02027001446	0.02048452569
	0.0206896863	0.02088550567	0.02107199344	0.02124915943	0.02141701369
	0.02157556646	0.02172482815	0.02186480929	0.02199552053	0.0221169726
	0.02222917628	0.02233214237	0.02242588166	0.02251040495	0.02258572309
	0.02265184718	0.02270878914	0.02275656326	0.02279519065	0.02282471153
	0.02284521942	0.02285695697	0.02286058342	0.01597398736	0.01596766124
	0.01594999306	0.01592199803	0.01588405704	0.01583632145	0.01577885944
	0.01571170883	0.01563489608	0.01554844311	0.01545236965	0.01534669396
	0.01523143291	0.01510660185	0.01497221418	0.01482828089	0.01467480985
	0.01451180481	0.01433926412	0.01415717894	0.01396553115	0.01376429096
	0.01355341582	0.01333285497	0.01310257347	0.01286263697	0.01261347853
	0.01235670203	0.0120974575	0.01185141466	0.01166520049	0.01167635293
	0.01228959863	0.0146965424	0.02241038797	0.04578634661	0.1151221061
	0.3165289315	0.873659002	2.234581575	4.774309932	7.706794671
	9.040751233	7.775388119	4.867261178	2.284784363	0.8946850632
	0.3259681368	0.119712986	0.04829350334	0.02411003754	0.01615408811
	0.01373831943	0.01320733242	0.0133126972	0.01362799176	0.0140076355
	0.0144020772	0.01479459836	0.01517967764	0.0155555827	0.0159218391
	0.01627837161	0.01662521789	0.01696243678	0.01729008195	0.01760819641
	0.01791681337	0.01821595838	0.01850565142	0.01878590858	0.01905674334
	0.01931816739	0.01957019135	0.01981282516	0.02004607841	0.02026996055
	0.02048448103	0.02068964937	0.02088547527	0.02107196855	0.02124913925
	0.02141699758	0.02157555389	0.02172481871	0.02186480267	0.02199551651
	0.02211697105	0.02222917712	0.02233214558	0.0224258873	0.02251041312
	0.02258573394	0.02265186088	0.02270880584	0.02275658306	0.02279521356
	0.02282473733	0.02284524765	0.02285698684	0.02286061387	0.01597392629
	0.01596760031	0.01594993244	0.01592193758	0.01588399627	0.0158362595
	0.0157787951	0.01571164057	0.01563482209	0.01554836124	0.01545227741
	0.01534658843	0.01523131063	0.0151064587	0.01497204519	0.01482808003
	0.01467456967	0.01451151612	0.01433891539	0.0141567557	0.01396501503
	0.01376365861	0.0135526377	0.0133318944	0.01310138782	0.0128611863
	0.01261175903	0.0123548573	0.01209613167	0.01185285523	0.01167669815
	0.011721033	0.01244061803	0.01518687721	0.02399052527	0.05090559397
	0.1318473076	0.3711956563	1.047042055	2.729852396	5.897859069
	9.513715963	11.1240304	9.626840268	6.040108976	2.775532876
	1.047096432	0.3677509749	0.1308770729	0.05128959796	0.02491745884
	0.01636884896	0.01379196438	0.01321774629	0.01331214847	0.01362518855
	0.01400480427	0.01439968963	0.01479267612	0.01517814591	0.01555436078
	0.01592085981	0.0162775825	0.01662457864	0.01696191642	0.01728965652
	0.01760784726	0.01791652586	0.01821572094	0.01850545486	0.01878574554
	0.01905660787	0.0193180547	0.01957009753	0.01981274702	0.02004601334
	0.02026990641	0.02048443604	0.02068961211	0.02088544452	0.02107194335
	0.0212491188	0.02141698122	0.02157554111	0.0217248091	0.02186479593
	0.02199551242	0.02211696946	0.02222917796	0.02233214884	0.02242589302
	0.0225104214	0.0225857449	0.02265187467	0.02270882258	0.02275660282
	0.02279523628	0.02282476278	0.02284527534	0.02285701601	0.02286064357
	0.01597386544	0.01596753957	0.01594987193	0.01592187717	0.01588393548
	0.01583619751	0.01577873076	0.01571157242	0.01563474839	0.01554827998
	0.01545218625	0.01534648464	0.01523119109	0.01510631972	0.01497188243
	0.01482788833	0.01467434288	0.01451124681	0.0143385946	0.01415637253
	0.01396455618	0.01376310786	0.01355197539	0.01333109742	0.01310043122
	0.0128600507	0.01261045573	0.01235350755	0.0120952098	0.01185392838
	0.01168467887	0.01175107661	0.01253942414	0.0154991813	0.02496908276
	0.05398090563	0.1415645201	0.4018323513	1.140839343	2.990800334
	6.481741251	10.43852813	12.18688114	10.61408638	6.690716514
	3.033750031	1.115347486	0.3827164894	0.133958802	0.05188004193
	0.02500680493	0.01636856728	0.01378166096	0.01320979191	0.01330688905
	0.01362163253	0.01400225061	0.01439775437	0.0147911548	0.01517692317
	0.01555336507	0.0159200425	0.01627690816	0.01662402025	0.01696145278
	0.01728927074	0.01760752573	0.01791625752	0.01821549674	0.01850526738
	0.01878558868	0.01905647657	0.01931794478	0.01957000552	0.01981267004
	0.02004594898	0.02026985268	0.02048439129	0.02068957493	0.02088541379
	0.02107191812	0.02124909829	0.0214169648	0.02157552828	0.02172479946
	0.02186478916	0.02199550832	0.02211696787	0.02222917881	0.02233215212
	0.02242589878	0.02251042973	0.02258575592	0.0226518885	0.02270883934
	0.02275662255	0.02279525891	0.02282478804	0.02284530276	0.02285704485
	0.0228606729	0.01597380471	0.01596747897	0.01594981159	0.01592181698
	0.01588387498	0.01583613591	0.01577866695	0.01571150502	0.01563467575
	0.0155482002	0.01545209715	0.01534638378	0.01523107566	0.01510618652
	0.01497172781	0.01482770809	0.01467413221	0.01451100021	0.01433830579
	0.01415603438	0.01396416071	0.01376264626	0.01355143829	0.01333047564
	0.01309971773	0.01285924599	0.01260958214	0.01235264829	0.01209461496
	0.01185430181	0.01168794264	0.01176235154	0.0125718931	0.01558475534
	0.02517537171	0.05440228514	0.1420566794	0.400362819	1.126780823
	2.931140929	6.332900223	10.2140856	11.95932063	10.44657058
	6.58436295	2.959898841	1.074251708	0.3659317418	0.1280731625
	0.04991404502	0.02435551292	0.01615135915	0.01370802916	0.01318399402
	0.01329719787	0.01361746411	0.01400004982	0.01439631635	0.01479006419
	0.01517603068	0.01555261151	0.01591939949	0.01627635828	0.01662355041
	0.01696105206	0.01728892964	0.01760723591	0.01791601167	0.01821528851
	0.01850509124	0.01878543985	0.01905635098	0.01931783891	0.01956991639
	0.01981259509	0.02004588607	0.02026979998	0.02048434725	0.02068953828
	0.02088538343	0.02107189315	0.02124907797	0.02141694852	0.02157551554
	0.02172478987	0.02186478244	0.02199550424	0.0221169663	0.02222917968
	0.02233215542	0.02242590455	0.02251043806	0.02258576694	0.02265190233
	0.0227088561	0.02275664229	0.02279528154	0.02282481331	0.02284533017
	0.02285707368	0.02286070223	0.01597374404	0.01596741846	0.01594975146
	0.01592175716	0.01588381505	0.01583607509	0.01577860419	0.01571143897
	0.01563460486	0.01554812268	0.01545201104	0.01534628687	0.01523096551
	0.01510606045	0.01497158288	0.01482754109	0.01467393973	0.01451077867
	0.01433805162	0.01415574427	0.01396383196	0.01376227747	0.0135510303
	0.01333003298	0.01309925083	0.01285877394	0.01260913498	0.01235226172
	0.01209428764	0.01185379467	0.01168595443	0.01175329682	0.01253356551
	0.01543141357	0.0245793558	0.05211524766	0.1333501207	0.3677992268
	1.011534297	2.577320472	5.510890403	8.915513335	10.50452535
	9.160786152	5.736388061	2.569077687	0.934759789	0.3218618663
	0.1146282232	0.04580249801	0.0230821878	0.01575182285	0.01358131909
	0.01314343513	0.0132840145	0.01361297394	0.01399829428	0.01439540717
	0.01478941724	0.01517547571	0.01555210553	0.01591893547	0.01627593708
	0.01662317296	0.01696071769	0.01728863625	0.01760698047	0.01791579067
	0.01821509827	0.01850492818	0.01878530058	0.01905623238	0.01931773819
	0.01956983106	0.01981252298	0.02004582528	0.02026974887	0.02048430443
	0.02068950254	0.02088535377	0.02107186872	0.02124905806	0.02141693254
	0.02157550304	0.02172478047	0.02186477585	0.02199550025	0.02211696478
	0.02222918057	0.02233215871	0.0224259103	0.02251044636	0.02258577791
	0.02265191613	0.02270887285	0.02275666205	0.02279530427	0.02282483876
	0.02284535786	0.02285710286	0.02286073193	0.01597368331	0.01596735798
	0.01594969157	0.01592169787	0.01588375597	0.01583601547	0.01577854296
	0.01571137486	0.01563453636	0.01554804817	0.01545192872	0.01534619481
	0.01523086165	0.01510594262	0.01497144883	0.01482738861	0.01467376675
	0.01451058351	0.01433783334	0.01415550319	0.01396357049	0.01376200125
	0.01355074984	0.01332976578	0.01309902358	0.01285862271	0.01260909534
	0.01235232031	0.01209419661	0.01185241166	0.01167895217	0.01172526335
	0.01243069444	0.01506649936	0.02329885699	0.04762744242	0.1176324661
	0.3134040516	0.8316744765	2.049705905	4.292909916	6.932728003
	8.209115299	7.123295584	4.42393898	1.991639528	0.7396808597
	0.2622898091	0.09670525849	0.04035686882	0.02140575989	0.01523055831
	0.01341865991	0.01309301613	0.01326873627	0.01360854629	0.01399707757
	0.01439504068	0.014789209	0.01517525126	0.01555184197	0.01591864747
	0.01627564335	0.01662288783	0.01696045034	0.01728839168	0.01760676072
	0.01791559586	0.01821492737	0.01850477945	0.01878517199	0.0190561218
	0.01931764353	0.01956975034	0.0198124544	0.0200457672	0.02026969986
	0.02048426324	0.02068946808	0.02088532511	0.02107184507	0.02124903876
	0.02141691706	0.0215754909	0.02172477134	0.02186476945	0.02199549639
	0.02211696334	0.02222918148	0.02233216198	0.02242591598	0.02251045456
	0.02258578879	0.02265192985	0.02270888955	0.02275668186	0.02279532718
	0.02282486457	0.0228453861	0.02285713273	0.02286076239	0.01597362236
	0.01596729741	0.01594963192	0.01592163925	0.01588369802	0.01583595742
	0.01577848375	0.01571131322	0.01563447088	0.01554797733	0.01545185091
	0.01534610837	0.01523076488	0.01510583384	0.01497132649	0.01482725141
	0.01467361391	0.0145104151	0.01433765084	0.01415531028	0.01396337422
	0.01376181366	0.01355059019	0.01332966322	0.01309901933	0.01285876783
	0.01260943008	0.01235278827	0.01209433868	0.01185033036	0.01166786865
	0.01168211848	0.01227834434	0.01454784812	0.02155641275	0.04180089246
	0.09825018066	0.2499711598	0.6334130747	1.493584578	3.027694799
	4.828242722	5.709356106	4.924172215	3.049329641	1.398719321
	0.5399622952	0.2004770211	0.07773621211	0.03448871989	0.01957506399
	0.01465704581	0.01323975195	0.01303834099	0.01325292365	0.01360458087
	0.01399647431	0.01439520829	0.01478941595	0.01517533636	0.01555180555
	0.01591852531	0.01627547066	0.01662269128	0.01696024806	0.01728819511
	0.01760657658	0.01791542764	0.01821477642	0.01850464581	0.01878505489
	0.01905602003	0.01931755566	0.0195696749	0.01981238994	0.02004571237
	0.02026965343	0.0204842241	0.02068943526	0.02088529776	0.02107182247
	0.0212490203	0.02141690221	0.02157547927	0.02172476259	0.02186476333
	0.02199549271	0.02211696199	0.02222918241	0.02233216521	0.02242592157
	0.02251046263	0.02258579951	0.02265194341	0.02270890618	0.02275670173
	0.02279535034	0.02282489091	0.02284541517	0.02285716369	0.02286079403
	0.01597356091	0.01596723653	0.01594957247	0.01592158145	0.01588364149
	0.01583590134	0.01577842702	0.01571125457	0.01563440897	0.01554791075
	0.01545177824	0.01534602818	0.01523067582	0.01510573471	0.01497121634
	0.0148271298	0.01467348118	0.0145102729	0.01433750276	0.01415516293
	0.01396323864	0.0137617074	0.01355053995	0.01332970802	0.01309921266
	0.01285917345	0.01261009309	0.01235362107	0.01209472834	0.01184784783
	0.01165410005	0.01162928393	0.0120964175	0.01394726279	0.01960983483
	0.0355578813	0.07846599597	0.188709376	0.4529385192	1.013585622
	1.968245906	3.06230264	3.586844368	3.078308716	1.919768965
	0.9104347894	0.3706967697	0.1459325422	0.06035049549	0.02894225105
	0.01780402222	0.01409338017	0.01306266993	0.01298461163	0.01323800653
	0.01360141576	0.0139965212	0.01439587553	0.0147899963	0.01517569709
	0.01555197177	0.01591855218	0.01627540792	0.01662257621	0.01696010647
	0.01728804405	0.01760642677	0.01791528549	0.01821464541	0.01850452753
	0.01878494972	0.01905592757	0.01931747513	0.01956960526	0.0198123301
	0.02004566125	0.02026960997	0.02048418735	0.02068940437	0.02088527197
	0.02107180112	0.02124900284	0.02141688817	0.02157546827	0.02172475431
	0.02186475754	0.02199548925	0.02211696075	0.02222918336	0.02233216836
	0.02242592701	0.0225104705	0.02258580999	0.02265195676	0.02270892267
	0.02275672162	0.02279537382	0.02282491795	0.02284544538	0.02285719618
	0.02286082736	0.01597349854	0.01596717505	0.01594951313	0.0159215246
	0.01588358668	0.01583584764	0.01577837324	0.01571119943	0.01563435115
	0.01554784896	0.01545171121	0.01534595474	0.01523059493	0.01510564556
	0.01497111856	0.01482702365	0.01467336799	0.01451015558	0.01433738667
	0.01415505703	0.0139631572	0.0137616723	0.01355058377	0.01332987747
	0.01309957077	0.01285979411	0.01261102669	0.01235476366	0.01209538129
	0.01184530475	0.01163920081	0.0115725589	0.0119051709	0.0133335253
	0.01768832222	0.02964509674	0.06062277936	0.1364995086	0.3084001618
	0.651645058	1.204236188	1.811907573	2.089089963	1.788847517
	1.135269806	0.563144445	0.2440526758	0.1027997683	0.04593900485
	0.02417008944	0.016236263	0.01358426902	0.01290105008	0.01293584135
	0.01322506765	0.01359927056	0.01399720438	0.01439698092	0.01479089145
	0.01517628817	0.01555230818	0.0159187057	0.01627544003	0.01662253264
	0.01696001917	0.01728793448	0.01760630891	0.01791516812	0.01821453378
	0.0185044245	0.01878485661	0.01905584474	0.0193174023	0.01956954184
	0.01981227529	0.0200456142	0.02026956984	0.02048415332	0.02068937569
	0.02088524798	0.02107178124	0.02124898656	0.02141687507	0.021575458
	0.02172474658	0.02186475215	0.02199548605	0.02211695964	0.02222918431
	0.02233217141	0.02242593225	0.02251047808	0.02258582015	0.0226519698
	0.02270893892	0.02275674147	0.0227953976	0.02282494582	0.02284547708
	0.02285723073	0.022860863	0.01597343461	0.01596711249	0.01594945378
	0.01592146887	0.01588353393	0.01583579674	0.01577832287	0.01571114826
	0.0156342979	0.01554779242	0.01545165028	0.01534588844	0.0152305225
	0.01510556656	0.01497103304	0.01482693249	0.01467327325	0.01451006117
	0.01433729925	0.01415498728	0.01396312169	0.01376169597	0.01355070322
	0.01333014464	0.01310005515	0.01286057668	0.01261216343	0.01235614889
	0.01209629749	0.01184300972	0.01162459609	0.0115170891	0.01172164404
	0.01276044975	0.01595470742	0.02452704157	0.045917064	0.09584553379
	0.2027144453	0.4032671405	0.7071710541	1.0245474	1.159430706
	0.9937585382	0.6469331845	0.3380106857	0.156701265	0.07119427935
	0.03483963882	0.02034666013	0.01494125486	0.01315444282	0.01276306398
	0.01289451025	0.01321473898	0.01359821984	0.01399845544	0.01439843771
	0.01479202859	0.01517705527	0.01555277618	0.01591895909	0.01627554876
	0.01662254835	0.01695997808	0.0172878612	0.01760621977	0.01791507361
	0.01821444044	0.01850433621	0.01878477544	0.01905577161	0.0193173374
	0.01956948491	0.01981222583	0.02004557155	0.02026953333	0.02048412227
	0.02068934947	0.02088522602	0.02107176301	0.02124897162	0.02141686305
	0.02157544856	0.02172473949	0.02186474722	0.02199548313	0.02211695867
	0.02222918527	0.02233217433	0.02242593723	0.02251048532	0.02258582989
	0.02265198238	0.02270895479	0.02275676115	0.02279542165	0.02282497464
	0.02284551061	0.02285726799	0.02286090174	0.01597336809	0.01596704818
	0.01594939428	0.01592141448	0.01588348368	0.01583574914	0.01577827642
	0.01571110155	0.01563424967	0.01554774155	0.0154515958	0.01534582957
	0.01523045871	0.01510549768	0.01497095949	0.01482685555	0.01467319552
	0.01450998722	0.01433723654	0.01415494755	0.01396312277	0.01376176446
	0.01355087777	0.01333047976	0.01310062345	0.01286146286	0.01261342834
	0.01235769712	0.01209744865	0.01184118268	0.01161137887	0.01146671207
	0.01155772995	0.01226195962	0.01449690116	0.02039584289	0.03460579261
	0.06626342585	0.1303896774	0.2436621417	0.4052000891	0.5647674372
	0.6271339253	0.5396145477	0.362099045	0.1999844691	0.0995865186
	0.04926803425	0.0267556888	0.01745095948	0.0139300383	0.01281143342
	0.01265184423	0.01286161303	0.01320720498	0.01359819634	0.01400015617
	0.01440013847	0.0147933244	0.01517793772	0.0155533329	0.01591928263
	0.01627571372	0.01662260954	0.01695997399	0.01728781818	0.01760615544
	0.01791499954	0.018214364	0.0185042619	0.01878470587	0.01905570813
	0.01931728054	0.01956943467	0.01981218193	0.02004553355	0.02026950069
	0.02048409444	0.02068932593	0.02088520626	0.0210717466	0.02124895815
	0.0214168522	0.02157544006	0.02172473311	0.02186474278	0.02199548054
	0.02211695785	0.0222291862	0.02233217707	0.0224259419	0.0225104921
	0.02258583907	0.02265199435	0.0227089701	0.02275678048	0.02279544582
	0.02282500442	0.02284554634	0.02285730877	0.02286094468	0.01597329731
	0.01596698112	0.0159493345	0.01592136183	0.01588343646	0.01583570541
	0.0157782344	0.01571105976	0.01563420687	0.0155476967	0.01545154807
	0.01534577833	0.0152304036	0.01510543877	0.01497089743	0.01482679188
	0.01467313313	0.01450993097	0.01433719422	0.01415493117	0.01396315047
	0.013761863	0.01355108586	0.01333085174	0.01310123153	0.01286239173
	0.01261474197	0.012359318	0.01209877334	0.01183992725	0.01160021971
	0.01142373566	0.01141987792	0.01185310667	0.01333976197	0.01724423588
	0.02636846847	0.04583238004	0.08326216626	0.1457021906	0.2297222979
	0.3082424532	0.3362382545	0.2911390859	0.2019628136	0.11823026
	0.06361708435	0.03467615425	0.02112387539	0.01535694553	0.01317703492
	0.01255076723	0.01256671617	0.01283695716	0.01320228119	0.01359901658
	0.01400215011	0.01440196186	0.01479468959	0.01517887166	0.01555393347
	0.01591964514	0.01627591348	0.01662270159	0.01695999705	0.01728779885
	0.01760611167	0.0179149432	0.01821430278	0.01850420062	0.01878464742
	0.0190556541	0.01931723169	0.01956939123	0.01981214378	0.02004550039
	0.02026947212	0.02048407003	0.02068930523	0.02088518887	0.02107173214
	0.02124894629	0.02141684264	0.02157543257	0.0217247275	0.0218647389
	0.02199547828	0.02211695717	0.0222291871	0.0223321796	0.02242594618
	0.02251049833	0.02258584754	0.02265200552	0.02270898458	0.02275679915
	0.02279546982	0.02282503506	0.0228455846	0.02285735414	0.02286099338
	0.01597321943	0.01596690998	0.01594927451	0.01592131155	0.01588339303
	0.01583566621	0.01577819738	0.01571102336	0.01563416989	0.0155476582
	0.01545150732	0.01534573484	0.01523035718	0.0151053896	0.01497084629
	0.01482674042	0.01467308428	0.01450988955	0.01433716784	0.01415493143
	0.01396319476	0.01376197684	0.01355130603	0.01333122969	0.01310183564
	0.01286330268	0.01261602396	0.01236091444	0.01210018021	0.01183923261
	0.01159138051	0.01138907165	0.01130995193	0.0115345462	0.01246568059
	0.01495152816	0.0206332677	0.0322955454	0.05367738303	0.08750959668
	0.1306387095	0.1688677572	0.1812299855	0.1582742013	0.1138258922
	0.0709385882	0.04161383628	0.02528939695	0.01734440724	0.01390190811
	0.01263938046	0.01236127873	0.01250464272	0.01281956048	0.01319952968
	0.01360041895	0.01400425806	0.01440378064	0.0147960337	0.01517979328
	0.01555453324	0.01592001559	0.01627612664	0.01662280987	0.01696003734
	0.01728779657	0.01760608406	0.01791490175	0.01821425499	0.01850415129
	0.01878459948	0.01905560924	0.01931719078	0.01956935462	0.01981211148
	0.02004547221	0.02026944778	0.02048404919	0.02068928754	0.02088517399
	0.02107171975	0.02124893613	0.02141683446	0.02157542616	0.0217247227
	0.0218647356	0.02199547639	0.02211695664	0.02222918795	0.02233218188
	0.02242595	0.02251050389	0.02258585516	0.02265201565	0.02270899793
	0.02275681677	0.0227954932	0.02282506621	0.0228456256	0.02285740543
	0.02286105023	0.01597312924	0.01596683306	0.01594921487	0.01592126478
	0.01588335441	0.01583563234	0.01577816596	0.01571099282	0.01563413909
	0.01554762631	0.01545147375	0.01534569921	0.01523031938	0.0151053499
	0.0149708055	0.01482670011	0.0146730472	0.01450986017	0.0143371531
	0.01415494187	0.01396324606	0.01376209196	0.01355151794	0.01333158445
	0.01310239447	0.01286413835	0.01261719715	0.01236238853	0.01210155824
	0.01183899873	0.01158480214	0.01136258675	0.0112266499	0.01129807382
	0.01183503275	0.01335387874	0.01679514101	0.02363849026	0.03566168413
	0.05379256176	0.07578876358	0.09434598415	0.09976141875	0.0881244697
	0.06599038087	0.04409425013	0.02848940708	0.0194318347	0.01489343214
	0.01292790868	0.01227057463	0.01222934874	0.01246150269	0.01280803579
	0.01319837883	0.01360210471	0.01400629474	0.01440547001	0.01479727015
	0.01518064208	0.01555508996	0.01592036463	0.0162763329	0.01662292045
	0.01696008537	0.01728780495	0.01760606836	0.01791487241	0.01821421889
	0.01850411284	0.01878456143	0.01905557323	0.01931715768	0.01956932483
	0.01981208509	0.02004544913	0.02026942779	0.02048403205	0.02068927298
	0.02088516173	0.02107170955	0.02124892776	0.02141682772	0.0215754209
	0.02172471877	0.02186473291	0.02199547487	0.02211695627	0.02222918872
	0.02233218385	0.02242595329	0.02251050868	0.02258586174	0.0226520245
	0.02270900979	0.02275683279	0.02279551526	0.02282509716	0.0228456692
	0.02285746435	0.02286111921	0.01597301646	0.01596674871	0.01594915732
	0.0159212234	0.01588332196	0.0158356047	0.01577814076	0.01571096856
	0.0156341148	0.01554760129	0.01545144751	0.01534567149	0.01523029013
	0.0151053194	0.01497077447	0.01482666995	0.01467302028	0.01450984028
	0.01433714611	0.01415495665	0.01396329578	0.01376219582	0.01355170346
	0.01333189003	0.01310287124	0.0128648475	0.01261819186	0.01236364872
	0.01210279144	0.01183907579	0.01158023065	0.01134353663	0.01116700468
	0.01113165715	0.01140210661	0.01229035136	0.01433022109	0.01829785113
	0.02501697389	0.03471976645	0.04597101863	0.05503810598	0.05741490306
	0.05148837663	0.04038654025	0.02915864576	0.02086872067	0.015893707
	0.01336179184	0.01230196523	0.01202849891	0.01214174215	0.012433039
	0.01280090145	0.01319822707	0.01360377543	0.01400808442	0.01440691542
	0.01479832078	0.01518136383	0.01555556588	0.01592066602	0.01627651411
	0.01662302082	0.01696013261	0.01728781821	0.01760606072	0.01791485265
	0.01821419283	0.01850408424	0.01878453267	0.01905554572	0.01931713223
	0.01956930182	0.01981206464	0.0200454312	0.02026941225	0.02048401871
	0.02068926164	0.02088515219	0.02107170161	0.02124892125	0.02141682249
	0.02157541682	0.02172471575	0.02186473085	0.02199547374	0.02211695604
	0.0222291894	0.02233218549	0.02242595598	0.02251051259	0.02258586714
	0.02265203181	0.02270901972	0.02275684657	0.02279553501	0.02282512664
	0.02284571451	0.02285753271	0.0228612074	0.01597285897	0.01596665736
	0.01594910608	0.01592119038	0.01588329738	0.01583558428	0.01577812239
	0.01571095102	0.01563409731	0.01554758334	0.01545142875	0.01534565173
	0.01523026936	0.01510529786	0.01497075273	0.0148266491	0.01467300214
	0.01450982774	0.01433714362	0.01415497094	0.01396333676	0.01376227796
	0.01355184748	0.01333212485	0.01310323543	0.01286538767	0.01261895009
	0.01236461733	0.01210377563	0.01183930905	0.01157735241	0.0113309888
	0.01112769161	0.01102330038	0.0111256393	0.01162784592	0.01283927718
	0.01517304971	0.01900752548	0.02433388868	0.03025940244	0.03483524255
	0.03590866952	0.0328025751	0.02705764987	0.02113299737	0.01662749734
	0.01385871202	0.01245525619	0.01192261762	0.01187916904	0.01208720375
	0.01241546181	0.01279679814	0.01319852104	0.01360516299	0.01400947403
	0.01440801937	0.0147991199	0.01518191323	0.01555592953	0.01592089788
	0.01627665511	0.01662310054	0.0169601719	0.0172878315	0.01760605786
	0.0179148403	0.0182141754	0.01850406461	0.01878451265	0.01905552643
	0.01931711428	0.01956928554	0.01981205014	0.02004541847	0.02026940121
	0.02048400923	0.02068925358	0.02088514542	0.02107169599	0.02124891666
	0.02141681882	0.02157541397	0.02172471366	0.02186472946	0.02199547301
	0.02211695596	0.02222918998	0.02233218677	0.02242595803	0.02251051553
	0.0225858712	0.02265203734	0.02270902734	0.0227568574	0.02279555123
	0.02282515261	0.0228457591	0.02285761141	0.02286132861	0.01597260535
	0.01596656847	0.01594906998	0.01592116992	0.0158832826	0.01583557206
	0.01577811141	0.01571094056	0.0156340869	0.01554757266	0.0154514176
	0.01534564	0.01523025705	0.01510528513	0.01497073995	0.01482663696
	0.01467299177	0.01450982096	0.01433714321	0.01415498107	0.01396336363
	0.01376233058	0.01355193874	0.01333227283	0.01310346441	0.01286572744
	0.01261942923	0.01236523776	0.01210443483	0.0118395826	0.01157591955
	0.01132418653	0.01110605195	0.01096372952	0.01097503347	0.01127216398
	0.01205380075	0.01356325202	0.01598753312	0.01924595541	0.02274086037
	0.02533753204	0.02588095	0.02405643196	0.02071963945	0.01722370693
	0.01450519927	0.01281369365	0.01197877929	0.01171919632	0.01179777948
	0.0120571484	0.01240576595	0.01279461843	0.01319880701	0.01360605094
	0.01401034302	0.01440870672	0.01479961756	0.01518225608	0.01555615722
	0.01592104375	0.01627674448	0.01662315173	0.01696019781	0.01728784111
	0.01760605729	0.01791483369	0.01821416551	0.01850405324	0.01878450094
	0.01905551508	0.0193171037	0.01956927592	0.01981204157	0.02004541096
	0.0202693947	0.02048400366	0.02068924887	0.02088514147	0.02107169274
	0.02124891402	0.02141681673	0.02157541239	0.02172471253	0.02186472875
	0.0219954727	0.02211695604	0.02222919046	0.02233218766	0.02242595939
	0.02251051745	0.0225858738	0.02265204088	0.02270903227	0.02275686459
	0.02279556252	0.02282517229	0.02284579785	0.02285769685	0.02286151215
	0.01597212808	0.01596652384	0.01594906458	0.01592116686	0.01588327938
	0.01583556885	0.01577810829	0.0157109375	0.01563408381	0.01554756946
	0.01545141422	0.01534563641	0.01523025327	0.01510528119	0.01497073599
	0.0148266332	0.01467298861	0.01450981902	0.01433714343	0.01415498488
	0.01396337314	0.01376234889	0.01355197035	0.01333232418	0.0131035445
	0.01286584829	0.01261960517	0.01236548054	0.01210473578	0.0118398579
	0.01157585696	0.01132284332	0.01110086336	0.01094822387	0.01093398785
	0.01117242234	0.01182957385	0.01309895809	0.01511233653	0.01776974691
	0.0205599105	0.02257928566	0.02295277089	0.02147130837	0.01880930312
	0.01601487893	0.0138296569	0.01247080159	0.01181749414	0.01164807367
	0.0117682973	0.01204577912	0.01240184356	0.01279356609	0.01319875834
	0.01360628728	0.01401060999	0.0144089284	0.01479978189	0.01518237083
	0.01555623409	0.01592109334	0.01627677508	0.01662316943	0.01696020695
	0.0172878447	0.01760605741	0.01791483175	0.01821416244	0.01850404965
	0.01878449723	0.01905551148	0.01931710035	0.0195692729	0.0198120389
	0.02004540864	0.02026939272	0.020484002	0.02068924749	0.02088514036
	0.02107169186	0.02124891335	0.02141681625	0.02157541207	0.02172471237
	0.02186472873	0.02199547281	0.02211695628	0.02222919084	0.02233218818
	0.02242596007	0.02251051831	0.02258587491	0.02265204234	0.02270903429
	0.02275686765	0.02279556775	0.02282518264	0.02284582215	0.02285776906
	0.02286182504	