3131	
	0.01556049513	0.01555356574	0.01553589377	0.01550802979	0.01547025859
	0.01542270372	0.01536542244	0.01529844721	0.01522180153	0.01513550587
	0.01503957968	0.01493404225	0.01481891307	0.01469421217	0.01455996051
	0.01441618067	0.01426289774	0.01410014067	0.01392794425	0.01374635191
	0.01355541988	0.01335522315	0.01314586452	0.01292748869	0.01270030536
	0.01246462959	0.0122209575	0.01197011577	0.01171356821	0.01145405177
	0.01119688263	0.01095255172	0.01074159334	0.01060291171	0.01060596339
	0.01086357888	0.01153320335	0.0127802663	0.01467180487	0.0170086479
	0.01921969865	0.02053070276	0.02042731322	0.01902426718	0.01695588734
	0.01493141979	0.01339151095	0.01245362972	0.0120329156	0.01197771478
	0.0121492151	0.01244794284	0.01281189812	0.01320579611	0.01361073884
	0.01401697715	0.01441956256	0.0148159701	0.01520487668	0.01558555717
	0.01595759154	0.01632072276	0.01667478621	0.01701967308	0.0173553102
	0.01768164814	0.0179986538	0.01830630554	0.01860458988	0.01889349924
	0.01917303036	0.01944318311	0.01970395975	0.01995536435	0.02019740233
	0.02043008023	0.02065340543	0.02086738601	0.02107203066	0.0212673485
	0.02145334909	0.02163004232	0.02179743833	0.02195554753	0.02210438048
	0.02224394789	0.02237426054	0.02249532928	0.02260716494	0.02270977829
	0.02280318002	0.02288738065	0.02296239053	0.02302821992	0.02308487928
	0.02313238055	0.02317074076	0.02319999299	0.02322021771	0.02323162894
	0.02323478327	0.01556002855	0.01555351968	0.01553588874	0.01550802795
	0.01547025686	0.01542270212	0.01536542105	0.01529844596	0.01522180034
	0.01513550458	0.01503957815	0.01493404028	0.01481891041	0.01469420847
	0.01455995531	0.01441617331	0.0142628873	0.01410012587	0.01392792329
	0.01374632227	0.01355537803	0.01335516419	0.01314578175	0.01292737319
	0.01270014587	0.01246441375	0.01222067685	0.01196978133	0.01171325339
	0.01145400345	0.01119779573	0.01095621902	0.01075236959	0.01063081097
	0.01067266443	0.01101261886	0.01184362481	0.01337611748	0.01570718492
	0.01860121435	0.02133817337	0.02292414741	0.02270738814	0.02086516719
	0.0182343453	0.01571003901	0.01381545096	0.01266334474	0.01212822022
	0.01201764785	0.01216449296	0.01245305748	0.01281315919	0.0132057581
	0.01361035927	0.01401657913	0.01441923444	0.01481572132	0.01520469453
	0.01558542583	0.01595749745	0.01632065552	0.0166747382	0.01701963882
	0.01735528574	0.01768163068	0.01799864134	0.01830629665	0.01860458355
	0.01889349476	0.01917302719	0.0194431809	0.01970395823	0.01995536333
	0.02019740168	0.02043007985	0.02065340524	0.02086738598	0.02107203074
	0.02126734867	0.02145334934	0.02163004263	0.0217974387	0.02195554795
	0.02210438095	0.02224394841	0.02237426112	0.02249532992	0.02260716565
	0.02270977909	0.02280318094	0.02288738172	0.02296239181	0.02302822152
	0.02308488142	0.0231323837	0.02317074605	0.02320000347	0.02322024252
	0.02323170267	0.02323509009	0.01555978327	0.01555343534	0.0155358563
	0.01550801154	0.01547024655	0.01542269475	0.01536541526	0.01529844101
	0.01522179568	0.01513549975	0.01503957265	0.01493403354	0.01481890167
	0.01469419673	0.01455993918	0.01441615086	0.01426285583	0.01410008159
	0.01392786087	0.01374623423	0.01355525389	0.01335498936	0.0131455361
	0.0129270295	0.01269966888	0.01246376202	0.0122198139	0.01196871351
	0.01171213999	0.01145345363	0.01119963011	0.01096533793	0.01078111807
	0.01070857508	0.01086528031	0.01145701598	0.01279764493	0.015260593
	0.01906931083	0.02389188987	0.02850137161	0.03111161341	0.03055342945
	0.02721183571	0.02264286244	0.01839775008	0.0152848077	0.01339679423
	0.01246693851	0.01216337199	0.012222745	0.01247422398	0.01281962091
	0.01320685653	0.01360976301	0.01401562652	0.01441835813	0.01481502424
	0.01520417138	0.01558504341	0.01595722133	0.0163204573	0.01667459624
	0.01701953723	0.01735521305	0.01768157864	0.01799860406	0.01830626993
	0.01860456439	0.01889348102	0.01917301735	0.01944317385	0.01970395321
	0.01995535978	0.02019739919	0.02043007814	0.02065340412	0.02086738529
	0.02107203038	0.02126734857	0.02145334944	0.0216300429	0.02179743913
	0.02195554853	0.02210438167	0.02224394928	0.02237426216	0.02249533115
	0.02260716711	0.02270978083	0.02280318301	0.02288738424	0.02296239495
	0.02302822552	0.02308488675	0.02313239124	0.02317075769	0.02320002352
	0.02322028167	0.02323178767	0.02323527083	0.01555963448	0.01555335158
	0.01553581187	0.01550798554	0.0154702295	0.01542268242	0.01536540555
	0.01529843269	0.01522178786	0.01513549168	0.01503956353	0.01493402242
	0.01481888735	0.01469417757	0.01455991295	0.01441611444	0.01426280484
	0.0141000099	0.01392775985	0.01374609179	0.01355505307	0.01335470651
	0.01314513859	0.01292647319	0.01269889659	0.01246270675	0.01221841785
	0.01196699338	0.01171037899	0.01145272772	0.01120318274	0.01098202574
	0.01083366694	0.01085228008	0.0112272244	0.01230938879	0.01467044758
	0.0190522208	0.02599912401	0.03502391623	0.04377987089	0.04864297133
	0.0472453836	0.04050817392	0.03168394405	0.02377900181	0.01815695587
	0.01479914532	0.01310242934	0.01243277547	0.01232945164	0.01251297887
	0.01283168894	0.01320921003	0.0136090051	0.01401415989	0.01441696724
	0.01481390593	0.0152033281	0.0155844255	0.01595677459	0.01632013629
	0.01667436619	0.0170193725	0.01735509508	0.01768149411	0.01799854344
	0.01830622641	0.01860453312	0.01889345853	0.01917300117	0.01944316222
	0.01970394486	0.0199553538	0.02019739495	0.02043007517	0.02065340208
	0.02086738396	0.02107202958	0.02126734819	0.02145334941	0.02163004315
	0.02179743964	0.02195554927	0.02210438266	0.02224395052	0.02237426367
	0.02249533298	0.02260716931	0.02270978349	0.02280318624	0.0228873882
	0.02296239987	0.02302823179	0.02308489501	0.02313240265	0.02317077444
	0.02320005001	0.0232203266	0.02323186595	0.02323539089	0.01555953195
	0.0155532772	0.01553576398	0.01550795411	0.01547020761	0.0154226661
	0.0153653925	0.01529842141	0.01522177724	0.01513548072	0.01503955118
	0.01493400743	0.01481886811	0.01469415189	0.01455987783	0.01441606571
	0.01426273666	0.01409991405	0.0139276248	0.01374590134	0.01355478451
	0.01335432822	0.01314460691	0.0129257292	0.01269786435	0.01246129876
	0.01221656428	0.01196474116	0.01170818593	0.01145227942	0.01120956871
	0.01100932635	0.0109187378	0.01108710604	0.01182982081	0.01376398677
	0.01796050949	0.02592668507	0.03896339105	0.0564189609	0.07366706443
	0.08309516126	0.07974163859	0.06584230621	0.04840281592	0.03339760497
	0.02311651895	0.01714291505	0.0141339089	0.01285933155	0.01249518782
	0.01257250064	0.01285031337	0.0132131368	0.01360822839	0.01401226742
	0.01441512545	0.014812414	0.01520220002	0.01558359796	0.01595617594
	0.01631970597	0.01667405769	0.01701915151	0.01735493674	0.01768138058
	0.01799846195	0.01830616785	0.01860449098	0.01889342817	0.01917297927
	0.01944314642	0.01970393347	0.01995534561	0.02019738909	0.02043007102
	0.0206533992	0.02086738203	0.02107202838	0.02126734757	0.02145334924
	0.02163004338	0.02179744022	0.02195555018	0.0221043839	0.02224395211
	0.02237426565	0.0224953354	0.02260717225	0.02270978705	0.02280319057
	0.02288739351	0.02296240646	0.02302824013	0.02308490585	0.02313241723
	0.02317079492	0.02320008012	0.02322037235	0.02323193427	0.0232354788
	0.01555945402	0.01555321255	0.01553571667	0.01550792013	0.01547018255
	0.01542264677	0.01536537672	0.01529840762	0.01522176421	0.01513546729
	0.01503953611	0.01493398921	0.01481884478	0.01469412083	0.01455983541
	0.01441600688	0.01426265436	0.01409979835	0.01392746176	0.01374567136
	0.01355446017	0.01335387127	0.01314396468	0.01292483079	0.01269661916
	0.01245960516	0.01221435149	0.0119621099	0.01170582816	0.01145266309
	0.01122016151	0.01105109937	0.01104785027	0.01144789006	0.01277676693
	0.0161184025	0.02347442669	0.0378950213	0.06240988714	0.09640528436
	0.1307365946	0.1492502531	0.1414412629	0.1127096163	0.07823319456
	0.04986793631	0.03126141812	0.02084251503	0.01570491458	0.01348930839
	0.01273399144	0.01265687247	0.01287669392	0.01321904403	0.01360762294
	0.01401006945	0.01441291999	0.01481061335	0.01520083506	0.01558259576
	0.01595545064	0.01631918446	0.0166736837	0.01701888349	0.01735474461
	0.01768124273	0.01799836292	0.01830609661	0.01860443966	0.01889339114
	0.01917295252	0.01944312708	0.01970391949	0.01995533552	0.02019738184
	0.02043006586	0.02065339559	0.02086737959	0.02107202684	0.02126734673
	0.02145334898	0.02163004361	0.02179744088	0.02195555127	0.0221043854
	0.02224395406	0.02237426808	0.02249533839	0.02260717588	0.02270979146
	0.02280319593	0.02288740007	0.02296241457	0.0230282503	0.02308491884
	0.02313243425	0.02317081786	0.02320011184	0.02322041656	0.02323199352
	0.02323554803	0.01555939059	0.01555315598	0.01553567154	0.01550788536
	0.0154701556	0.01542262528	0.01536535882	0.01529839182	0.01522174923
	0.01513545188	0.01503951888	0.01493396848	0.01481881835	0.01469408573
	0.01455978755	0.01441594057	0.01426256161	0.01409966797	0.013927278
	0.01374541212	0.01355409447	0.01335335598	0.01314324045	0.01292381809
	0.01269521756	0.01245770613	0.01221189544	0.01195927569	0.01170360357
	0.01145448164	0.01123646024	0.0111116934	0.01123462056	0.01197814711
	0.01420550725	0.01979265622	0.03242822793	0.05819977231	0.1039814335
	0.1700598947	0.2384991298	0.274974503	0.2572000921	0.1980592706
	0.1303424911	0.07731237751	0.04420078918	0.02646125198	0.01799614618
	0.0143764975	0.01306084524	0.01277006579	0.01291190429	0.01322729497
	0.01360737888	0.01400770076	0.01441045403	0.01480858224	0.01519929134
	0.01558146132	0.01595462935	0.01631859376	0.01667325994	0.01701857968
	0.01735452669	0.01768108626	0.01799825043	0.0183060156	0.01860438122
	0.01889334891	0.01917292196	0.01944310494	0.01970390344	0.01995532391
	0.02019737347	0.02043005988	0.02065339139	0.02086737673	0.02107202501
	0.02126734572	0.02145334864	0.02163004385	0.02179744164	0.02195555252
	0.02210438715	0.02224395634	0.02237427094	0.02249534191	0.02260718017
	0.02270979666	0.02280320225	0.02288740776	0.02296242401	0.023028262
	0.02308493356	0.02313245306	0.0231708423	0.02320014392	0.02322045834
	0.02323204544	0.02323560547	0.01555933647	0.01555310575	0.01553562904
	0.01550785082	0.01547012769	0.01542260236	0.01536533936	0.01529837449
	0.01522173276	0.015135435	0.01503950014	0.01493394608	0.01481878994
	0.01469404813	0.01455973639	0.01441586974	0.01426246259	0.01409952876
	0.01392708175	0.01374513518	0.01355370369	0.01335280524	0.01314246643
	0.01292273637	0.01269372311	0.01245569109	0.01220932309	0.01195642483
	0.01170181051	0.01145830676	0.01125986519	0.01119531534	0.01149307901
	0.01272610681	0.01628044472	0.02533021353	0.04652764737	0.09177293627
	0.1762149898	0.3036570303	0.4394465628	0.5110902483	0.4715657575
	0.3509796734	0.2194571024	0.1218303438	0.06410522717	0.03468627212
	0.02120477161	0.01557234202	0.01348780555	0.01291457067	0.0129564349
	0.01323805958	0.01360763641	0.01400529208	0.01440783847	0.0148064079
	0.01519763443	0.01558024269	0.01595374677	0.01631795877	0.01667280421
	0.01701825275	0.01735429203	0.01768091763	0.01799812905	0.01830592809
	0.018604318	0.01889330315	0.01917288878	0.01944308085	0.01970388594
	0.0199553112	0.02019736429	0.02043005329	0.02065338675	0.02086737355
	0.02107202298	0.02126734459	0.02145334826	0.02163004412	0.0217974425
	0.02195555394	0.02210438915	0.02224395893	0.0223742742	0.02249534592
	0.02260718505	0.02270980258	0.02280320941	0.02288741645	0.02296243459
	0.02302827499	0.02308494962	0.02313247311	0.02317086752	0.02320017564
	0.02322049756	0.02323209165	0.023235655	0.01555928873	0.01555306042
	0.01553558911	0.01550781703	0.01547009945	0.01542257858	0.01536531886
	0.01529835609	0.01522171529	0.01513541721	0.01503948055	0.01493392287
	0.01481876071	0.01469400964	0.01455968416	0.01441579756	0.01426236172
	0.01409938696	0.01392688181	0.01374485292	0.01355330528	0.0133522436
	0.01314167711	0.01292163401	0.01269220348	0.01245365417	0.01220676484
	0.01195373842	0.01170071028	0.01146457326	0.01129135659	0.01130503428
	0.01183464111	0.01373599459	0.01917046097	0.03335272295	0.06793714984
	0.1455274559	0.2983244471	0.5403190377	0.8061137235	0.9452185686
	0.8600767769	0.618601005	0.367704795	0.1917147662	0.09359120207
	0.04623425946	0.02550091477	0.01710969093	0.0140185948	0.01308971767
	0.01300969242	0.01325116604	0.0136084393	0.01400295316	0.01440518413
	0.01480418193	0.01519593427	0.01557899139	0.01595284021	0.01631730626
	0.01667233564	0.01701791637	0.01735405035	0.01768074375	0.01799800374
	0.01830583759	0.01860425251	0.01889325565	0.01917285426	0.01944305572
	0.01970386764	0.01995529788	0.02019735463	0.02043004635	0.02065338184
	0.0208673702	0.02107202083	0.02126734341	0.02145334789	0.02163004444
	0.02179744346	0.02195555553	0.02210439136	0.02224396182	0.02237427782
	0.02249535038	0.02260719048	0.02270980914	0.02280321733	0.022887426
	0.02296244615	0.023028289	0.0230849667	0.02313249399	0.02317089306
	0.02320020666	0.0232205344	0.02323213346	0.02323569894	0.0155592456
	0.0155530189	0.0155355515	0.01550778421	0.01547007129	0.0154225544
	0.01536529774	0.01529833705	0.01522169728	0.01513539903	0.01503946079
	0.01493389974	0.01481873187	0.01469397192	0.01455963319	0.01441572724
	0.01426226354	0.01409924895	0.01392668716	0.01374457801	0.01355291705
	0.01335169615	0.01314090773	0.01292056035	0.01269072726	0.0124516895
	0.01220434644	0.01195137608	0.01170048639	0.01147345797	0.01133109985
	0.01144144865	0.0122636047	0.01503318134	0.02300238998	0.04442763097
	0.09896870679	0.2279008663	0.4964698794	0.9434385285	1.44947047
	1.712843844	1.538233427	1.069995653	0.6048708538	0.2967791317
	0.1352456408	0.06164311566	0.03095429666	0.01898006345	0.01464212358
	0.01328993828	0.01306955008	0.01326598449	0.0136097017	0.01400076033
	0.01440259515	0.01480199595	0.01519426212	0.01557776017	0.01595194788
	0.01631666365	0.01667187383	0.01701758449	0.01735381162	0.01768057173
	0.01799787954	0.01830574772	0.01860418732	0.01889320826	0.01917281972
	0.01944303051	0.01970384921	0.01995528443	0.02019734484	0.02043003929
	0.02065337684	0.02086736678	0.02107201865	0.02126734223	0.02145334755
	0.02163004484	0.02179744454	0.02195555728	0.02210439379	0.02224396497
	0.02237428178	0.02249535524	0.02260719639	0.02270981627	0.0228032259
	0.02288743629	0.0229624585	0.02302830383	0.02308498452	0.02313251539
	0.02317091863	0.02320023683	0.02322056917	0.02323217189	0.02323573884
	0.01555920587	0.01555298033	0.01553551588	0.01550775243	0.01547004347
	0.01542253013	0.01536527638	0.01529831778	0.01522167917	0.01513538099
	0.01503944151	0.01493387756	0.0148187046	0.01469393659	0.01455958571
	0.01441566194	0.01426217247	0.01409912096	0.01392650657	0.01374432281
	0.01355255644	0.0133511874	0.01314019273	0.01291956348	0.01268936082
	0.0124498864	0.01220218123	0.01194946091	0.01170120738	0.01148476567
	0.01137804697	0.01160121563	0.01277164353	0.01660369814	0.02778659734
	0.05881018482	0.1412597851	0.3465857979	0.7986713169	1.587466621
	2.50474093	2.980821024	2.649041275	1.788381643	0.9633863151
	0.4457132334	0.1905586703	0.08092117723	0.0374342241	0.02110795139
	0.01532644564	0.01350346735	0.01313209839	0.01328138412	0.01361119909
	0.01399875143	0.01440016439	0.01479993778	0.01519268751	0.01557660078
	0.01595110733	0.01631605789	0.01667143802	0.01701727087	0.01735358561
	0.01768040855	0.01799776145	0.01830566204	0.01860412499	0.01889316278
	0.01917278646	0.01944300613	0.01970383133	0.01995527132	0.02019733527
	0.02043003237	0.02065337193	0.02086736342	0.02107201652	0.02126734111
	0.02145334728	0.02163004533	0.02179744575	0.02195555918	0.02210439642
	0.02224396837	0.02237428603	0.02249536045	0.02260720271	0.02270982387
	0.02280323502	0.02288744718	0.02296247149	0.0230283193	0.02308500288
	0.02313253709	0.02317094405	0.02320026619	0.02322060223	0.02323220773
	0.02323577575	0.01555916871	0.01555294404	0.01553548193	0.01550772166
	0.01547001612	0.01542250604	0.01536525507	0.01529829861	0.01522166135
	0.01513536357	0.01503942334	0.01493385714	0.01481867998	0.01469390514
	0.01455954382	0.0144156046	0.01426209265	0.01409900881	0.01392634825
	0.01374409887	0.01355223971	0.01335074025	0.0131395642	0.01291868805
	0.01268816523	0.01244832502	0.01220036368	0.01194806863	0.01170280295
	0.01149785567	0.01142965477	0.01177586885	0.01333273702	0.01837254959
	0.03332553087	0.07606822603	0.1943104393	0.5033282675	1.218898196
	2.518631714	4.058783091	4.856975653	4.292566943	2.834019236
	1.462516468	0.6403353032	0.2581753471	0.1030951277	0.04450796891
	0.02333117494	0.01601581548	0.01371219599	0.01319177063	0.01329580422
	0.01361259244	0.0139969301	0.01439797155	0.0147980882	0.01519127541
	0.01557556175	0.0159503538	0.01631551426	0.01667104628	0.01701698836
	0.01735338151	0.01768026076	0.01799765414	0.01830558389	0.01860406789
	0.01889312094	0.01917275571	0.01944298347	0.01970381462	0.01995525901
	0.02019732624	0.02043002582	0.02065336727	0.02086736025	0.02107201453
	0.0212673401	0.02145334712	0.02163004594	0.02179744708	0.02195556124
	0.02210439922	0.02224397198	0.02237429054	0.02249536596	0.02260720938
	0.02270983188	0.02280324458	0.02288745857	0.02296248498	0.02302833524
	0.02308502162	0.02313255894	0.02317096927	0.02320029481	0.02322063391
	0.02323224161	0.02323581044	0.01555913347	0.01555290951	0.01553544933
	0.01550769179	0.01546998933	0.01542248228	0.01536523405	0.01529827984
	0.01522164418	0.01513534721	0.0150394068	0.01493383919	0.01481865899
	0.01469387892	0.01455950939	0.01441555781	0.01426202772	0.01409891763
	0.01392621942	0.0137439164	0.01355198124	0.01335037492	0.01313905045
	0.01291797329	0.01268719355	0.01244707275	0.01219896502	0.01194722345
	0.01170506307	0.01151164738	0.0114818727	0.01195153996	0.01390100645
	0.02019055862	0.03914199684	0.09471673179	0.2537415793	0.6864356592
	1.730155031	3.682016392	6.012128785	7.215541661	6.382535639
	4.167943002	2.079583074	0.8671367198	0.3319072461	0.1258384106
	0.05139254744	0.02540141968	0.0166341037	0.01389335918	0.01324197235
	0.01330745976	0.01361348761	0.01399527938	0.01439608369	0.01479651865
	0.01519008372	0.01557468636	0.01594971868	0.01631505529	0.01667071469
	0.01701674844	0.01735320751	0.01768013419	0.01799756177	0.01830551623
	0.01860401816	0.01889308425	0.01917272856	0.01944296333	0.01970379966
	0.01995524791	0.02019731805	0.02043001985	0.02065336302	0.02086735736
	0.02107201276	0.02126733926	0.02145334711	0.02163004668	0.02179744855
	0.02195556343	0.02210440218	0.02224397577	0.02237429525	0.02249537172
	0.02260721633	0.02270984021	0.0228032545	0.02288747033	0.02296249886
	0.02302835153	0.0230850406	0.02313258087	0.02317099428	0.02320032281
	0.02322066452	0.02323227404	0.02323584353	0.01555909964	0.01555287629
	0.01553541779	0.0155076627	0.01546996309	0.01542245897	0.0153652135
	0.01529826169	0.01522162794	0.01513533226	0.01503939237	0.01493382431
	0.01481864243	0.01469385903	0.01455948393	0.0144155237	0.01426198068
	0.01409885164	0.01392612604	0.01374378379	0.01355179288	0.01335010806
	0.01313867476	0.0129174513	0.01268648849	0.01244618158	0.01219803159
	0.01194690266	0.01170766676	0.01152473324	0.01152952921	0.0121101804
	0.01441423977	0.02184275968	0.04448784117	0.1121401522	0.3104944084
	0.8659063685	2.243861326	4.865850477	7.987229492	9.587809231
	8.534366657	5.577177406	2.72155164	1.090641785	0.3998591112
	0.1455198422	0.05703311904	0.02701877913	0.01709678493	0.01402330475
	0.01327620412	0.01331466171	0.0136135214	0.01399378154	0.0143945575
	0.01479528941	0.01518916103	0.01557401081	0.01594922819	0.01631469975
	0.01667045667	0.01701656069	0.01735307043	0.01768003373	0.01799748783
	0.01830546159	0.0186039776	0.01889305402	0.01917270594	0.01944294637
	0.01970378693	0.01995523838	0.02019731096	0.02043001464	0.02065335931
	0.02086735486	0.02107201126	0.02126733863	0.02145334725	0.02163004755
	0.02179745014	0.02195556575	0.02210440528	0.02224397971	0.02237430013
	0.02249537767	0.02260722349	0.02270984878	0.02280326469	0.02288748237
	0.02296251301	0.02302836806	0.02308505975	0.02313260283	0.02317101909
	0.02320035034	0.02322069435	0.02323230543	0.02323587548	0.01555906678
	0.01555284398	0.01553538703	0.01550763424	0.01546993738	0.01542243618
	0.01536519355	0.01529824435	0.01522161286	0.015135319	0.01503938039
	0.01493381297	0.0148186309	0.01469384629	0.01455946859	0.01441550388
	0.01426195376	0.01409881398	0.01392607254	0.01374370728	0.01355168341
	0.01334995203	0.01313845434	0.0129171456	0.01268608079	0.01244568664
	0.01219758597	0.01194704937	0.01171023958	0.01153559933	0.01156714022
	0.01223249126	0.01480451669	0.02308704667	0.04848429174	0.1250943936
	0.352552765	0.9988939389	2.625893016	5.748569286	9.447512179
	11.33514719	10.17418651	6.698705431	3.229694444	1.257311175
	0.4465652353	0.1580031769	0.0603517168	0.02790269117	0.01733037522
	0.01408272324	0.01328945405	0.01331618262	0.01361245389	0.01399243878
	0.01439344192	0.01479444825	0.01518854485	0.01557356272	0.01594890222
	0.01631446189	0.01667028236	0.01701643235	0.01735297547	0.01767996309
	0.01799743501	0.01830542187	0.01860394758	0.01889303123	0.01917268858
	0.01944293311	0.01970377681	0.01995523068	0.02019730516	0.02043001035
	0.02065335625	0.02086735281	0.02107201009	0.02126733824	0.02145334758
	0.02163004857	0.02179745185	0.02195556818	0.02210440848	0.02224398376
	0.02237430513	0.02249538375	0.02260723081	0.02270985751	0.02280327505
	0.02288749459	0.02296252735	0.02302838474	0.023085079	0.02313262478
	0.02317104377	0.02320037756	0.02322072368	0.02323233617	0.02323590672
	0.01555903449	0.01555281222	0.01553535678	0.01550760626	0.01546991214
	0.01542241391	0.01536517428	0.01529822795	0.01522159911	0.01513530763
	0.01503937111	0.01493380545	0.0148186248	0.01469384121	0.01455946406
	0.01441549929	0.01426194831	0.01409880656	0.01392606159	0.01374369066
	0.01355165818	0.0133499143	0.01313839959	0.01291707022	0.01268598805
	0.01244560572	0.01219763017	0.01194759079	0.01171242908	0.01154291343
	0.01158999268	0.01230203262	0.015014097	0.02371715644	0.05037843386
	0.1307747853	0.3694016875	1.047394788	2.756384434	6.049527393
	9.964044226	11.98197026	10.82727339	7.175445184	3.439181363
	1.315369216	0.4587484893	0.1601383134	0.06061168953	0.02787942569
	0.01729346823	0.01406174963	0.01327944443	0.01331156041	0.01361024003
	0.01399128796	0.0143927795	0.0147940291	0.01518826004	0.01557335989
	0.01594875348	0.01631435076	0.01667019826	0.01701636808	0.01735292595
	0.01767992467	0.01799740502	0.01830539834	0.01860392903	0.01889301657
	0.01917267697	0.01944292392	0.01970376956	0.01995522501	0.02019730079
	0.02043000708	0.0206533539	0.02086735128	0.02107200928	0.02126733811
	0.0214533481	0.02163004973	0.02179745367	0.0219555707	0.02210441176
	0.02224398789	0.0223743102	0.0224953899	0.0226072382	0.02270986633
	0.0228032855	0.02288750691	0.02296254177	0.0230284015	0.0230850983
	0.02313264674	0.02317106837	0.02320040462	0.02322075275	0.02323236659
	0.02323593761	0.01555900238	0.01555278065	0.01553532676	0.01550757855
	0.01546988728	0.01542239217	0.01536515573	0.01529821256	0.01522158678
	0.01513529825	0.01503936463	0.01493380188	0.01481862427	0.01469384397
	0.01455947057	0.01441551024	0.01426196473	0.01409882993	0.01392609401
	0.0137437351	0.01355171882	0.01334999719	0.01313851362	0.01291722911
	0.01268621433	0.01244593963	0.01219814985	0.01194845736	0.01171397929
	0.01154580484	0.01159519603	0.01230924073	0.01501115302	0.02362614505
	0.0498074934	0.1279454276	0.3568704693	0.9978397056	2.59495099
	5.672713526	9.390127235	11.36870959	10.30713916	6.834791837
	3.266666301	1.242268895	0.4320600206	0.1512273259	0.05772449573
	0.02694639181	0.01699042212	0.01396292089	0.01324727437	0.0133012353
	0.01360705624	0.0139904039	0.01439260536	0.01479405064	0.01518831777
	0.01557340957	0.01594878691	0.01631436983	0.01667020684	0.01701636967
	0.0173529232	0.01767991945	0.01799739859	0.01830539152	0.01860392235
	0.01889301032	0.01917267133	0.01944291897	0.01970376533	0.01995522148
	0.02019729794	0.02043000487	0.02065335232	0.02086735028	0.02107200886
	0.02126733826	0.02145334881	0.02163005103	0.02179745559	0.02195557329
	0.02210441509	0.02224399205	0.0223743153	0.02249539608	0.02260724561
	0.02270987516	0.02280329596	0.02288751923	0.02296255619	0.02302841827
	0.0230851176	0.02313266869	0.02317109298	0.02320043167	0.02322078183
	0.02323239701	0.0232359685	0.01555897006	0.01555274892	0.01553529667
	0.01550755095	0.0154698627	0.01542237092	0.01536513792	0.01529819821
	0.0152215759	0.0151352909	0.01503936095	0.01493380222	0.0148186292
	0.01469385439	0.01455948784	0.01441553634	0.01426200248	0.01409888334
	0.01392616873	0.01374383908	0.01355186322	0.0133501977	0.01313879216
	0.01291761601	0.01268675015	0.01244667311	0.01219911815	0.01194959723
	0.01171478268	0.01154404968	0.01158234757	0.01225384942	0.01479873488
	0.02284017782	0.04692806059	0.1174357473	0.3190097446	0.8678174875
	2.201845882	4.752616491	7.897940075	9.649302784	8.751246955
	5.778179471	2.764960094	1.059972678	0.3739229717	0.1334554864
	0.05230447742	0.0252764158	0.01647064175	0.01380061405	0.01319718587
	0.01328646545	0.01360327128	0.01398988918	0.01439294347	0.01479451482
	0.01518871473	0.01557370802	0.01594899947	0.01631451689	0.01667030656
	0.01701643606	0.0173529665	0.01767994695	0.01799741541	0.01830540123
	0.01860392741	0.01889301243	0.01917267163	0.01944291825	0.0197037641
	0.0199552201	0.02019729662	0.02043000376	0.0206533515	0.02086734984
	0.02107200883	0.02126733867	0.02145334971	0.02163005246	0.02179745759
	0.02195557593	0.02210441844	0.0222439962	0.02237432038	0.02249540221
	0.02260725296	0.02270988392	0.02280330634	0.02288753147	0.02296257054
	0.02302843496	0.02308513685	0.02313269065	0.02317111766	0.02320045889
	0.02322081116	0.02323242775	0.02323599974	0.0155589371	0.01555271662
	0.01553526622	0.01550752324	0.0154698383	0.01542235011	0.01536512084
	0.01529818491	0.01522156646	0.0151352855	0.01503935996	0.01493380625
	0.01481863925	0.01469387198	0.01455951516	0.01441557655	0.01426206008
	0.0140989647	0.01392628281	0.01374399846	0.01355208558	0.01335050767
	0.01313922374	0.01291821484	0.01268757311	0.01244777589	0.01220049819
	0.0119509821	0.01171489448	0.01153810263	0.01155357717	0.01214476979
	0.01441306528	0.02150618101	0.04233993482	0.1017042435	0.2657634092
	0.6952255602	1.700521504	3.582919604	5.930771366	7.289757247
	6.603302556	4.344193291	2.098459028	0.8237327065	0.2997880347
	0.1108887865	0.04542123651	0.02315700137	0.01581337105	0.01359713193
	0.01313552901	0.0132690472	0.01359936939	0.01398985309	0.01439380103
	0.01479540543	0.01518943303	0.01557424064	0.01594938027	0.01631478409
	0.01667049184	0.01701656333	0.01735305311	0.01768000527	0.01799745417
	0.01830542656	0.0186039436	0.01889302247	0.0191726776	0.01944292157
	0.01970376576	0.01995522077	0.02019729677	0.0204300037	0.02065335144
	0.02086734992	0.02107200917	0.02126733934	0.02145335078	0.02163005399
	0.02179745964	0.02195557858	0.02210442177	0.0222440003	0.02237432537
	0.02249540824	0.02260726019	0.02270989253	0.02280331656	0.02288754353
	0.0229625847	0.0230284515	0.02308515601	0.02313271261	0.02317114247
	0.02320048643	0.023220841	0.02323245915	0.0232360317	0.01555890303
	0.01555268332	0.01553523507	0.01550749521	0.01546981395	0.0154223297
	0.01536510446	0.01529817262	0.01522155838	0.01513528191	0.0150393614
	0.01493381361	0.01481865388	0.01469389592	0.01455955134	0.0144156292
	0.01426213518	0.01409907069	0.01392643157	0.0137442067	0.01355237668
	0.01335091414	0.01313979021	0.01291900034	0.01268864884	0.01244920391
	0.01220224361	0.01195260326	0.01171450607	0.01152896856	0.01151297289
	0.01199756015	0.01391234575	0.0198417301	0.03685903858	0.08380542058
	0.208363046	0.5192274596	1.212325844	2.464197399	4.013621081
	4.924863125	4.453799939	2.93773	1.44972447	0.5917645594
	0.2255207858	0.08773108794	0.03820380003	0.02089797152	0.01510535072
	0.01337710737	0.01306931893	0.01325093518	0.01359584971	0.01399038554
	0.01439516241	0.01479668741	0.01519044054	0.01557498248	0.01594991103
	0.01631515833	0.01667075341	0.01701674494	0.01735317844	0.01768009118
	0.0179975126	0.01830546593	0.01860396982	0.01889303968	0.01917268869
	0.01944292857	0.01970377006	0.01995522334	0.02019729827	0.02043000461
	0.02065335208	0.0208673505	0.02107200985	0.02126734024	0.021453352
	0.0216300556	0.02179746173	0.02195558121	0.02210442504	0.02224400432
	0.02237433025	0.02249541411	0.02260726722	0.02270990092	0.02280332652
	0.02288755532	0.0229625986	0.0230284678	0.02308517501	0.02313273455
	0.02317116748	0.02320051444	0.02322087161	0.02323249158	0.02323606479
	0.01555886727	0.01555264852	0.01553520286	0.01550746666	0.01546978957
	0.01542230965	0.01536508876	0.01529816129	0.01522155156	0.01513527995
	0.01503936495	0.01493382377	0.01481867233	0.01469392511	0.01455959484
	0.01441569208	0.01426222465	0.0140991969	0.01392660883	0.01374445508
	0.01355272426	0.01335139994	0.01314046752	0.01291993923	0.01268993241
	0.01245090058	0.01220429773	0.01195445992	0.01171388767	0.01151796223
	0.01146561441	0.011830568	0.01336130975	0.01807289046	0.03126714281
	0.06639338108	0.1554906173	0.3663934455	0.8109336424	1.575720001
	2.496309725	3.031237237	2.737414126	1.82575027	0.931645478
	0.4003272353	0.1615964999	0.06699103641	0.03152395523	0.01875360525
	0.01442109719	0.01316238311	0.01300488126	0.01323388067	0.01359313081
	0.01399153352	0.01439698466	0.01479830695	0.01519169201	0.01557589935
	0.01595056689	0.01631562185	0.01667107866	0.01701697199	0.01735333619
	0.01768020025	0.0179975876	0.01830551716	0.01860400454	0.01889306299
	0.01917270417	0.01944293872	0.01970377663	0.01995522755	0.02019730097
	0.02043000637	0.02065335332	0.02086735152	0.02107201083	0.02126734135
	0.02145335334	0.02163005727	0.02179746381	0.0219555838	0.02210442823
	0.0222440082	0.02237433494	0.02249541975	0.02260727398	0.02270990899
	0.02280333613	0.02288756674	0.02296261212	0.02302848376	0.02308519376
	0.02313275642	0.02317119271	0.02320054306	0.0232209033	0.02323252547
	0.02323609949	0.01555882912	0.01555261162	0.01553516922	0.01550743739
	0.01546976508	0.01542228996	0.01536507374	0.01529815087	0.01522154586
	0.01513527935	0.01503937022	0.01493383614	0.01481869368	0.01469395824
	0.01455964377	0.01441576254	0.01426232473	0.01409933804	0.01392680712
	0.01374473311	0.0135531136	0.01335194439	0.01314122682	0.0129209916
	0.01269137005	0.01245279829	0.01220659209	0.01195654394	0.01171331872
	0.01150643417	0.01141654372	0.01166114142	0.01281746972	0.01638528068
	0.02614418784	0.05118846349	0.1118123578	0.2476252611	0.517289305
	0.9557993212	1.461611182	1.745203951	1.574906366	1.070016325
	0.5696499742	0.2596938695	0.1120016649	0.05011669638	0.02587635488
	0.0168856276	0.01381194356	0.01296884008	0.01294694792	0.01321917896
	0.01359148339	0.01399328549	0.01439919574	0.01480019299	0.01519313084
	0.01557694923	0.01595131754	0.01631615303	0.01667145226	0.01701723362
	0.01735351872	0.01768032709	0.01799767536	0.01830557758	0.01860404589
	0.0188930911	0.01917272313	0.0194429514	0.01970378504	0.0199552331
	0.02019730464	0.02043000884	0.02065335507	0.02086735289	0.02107201206
	0.02126734261	0.02145335476	0.02163005896	0.02179746587	0.02195558631
	0.02210443128	0.0222440119	0.02237433941	0.02249542512	0.02260728041
	0.02270991668	0.0228033453	0.02288757767	0.02296262514	0.02302849924
	0.02308521213	0.02313277812	0.02317121815	0.02320057243	0.02322093637
	0.02323256133	0.02323613642	0.01555878767	0.01555257187	0.01553513371
	0.01550740726	0.0154697405	0.01542227066	0.01536505941	0.01529814132
	0.01522154114	0.01513527985	0.01503937674	0.01493384999	0.01481871692
	0.01469399383	0.01455969602	0.01441583756	0.0142624312	0.01409948816
	0.01392701807	0.013745029	0.01355352812	0.01335252426	0.01314203565
	0.01292211262	0.01269290129	0.01245482035	0.01220904558	0.01195882613
	0.01171302552	0.01149553752	0.01136995661	0.01150295757	0.01232277739
	0.01490047499	0.02181515638	0.03893865779	0.07851022908	0.162436268
	0.3193739787	0.5599241207	0.8236978758	0.9641363223	0.8703316726
	0.6052875419	0.3378638724	0.1641697685	0.07625991491	0.03733196407
	0.02142129861	0.0153646392	0.01330431206	0.01280548298	0.01289831647
	0.01320756109	0.01359100136	0.01399556683	0.01440169634	0.01480226003
	0.01519469158	0.0155780842	0.01595212856	0.01631672736	0.01667185683
	0.01701751755	0.01735371732	0.01768046556	0.01799777155	0.01830564413
	0.01860409172	0.01889312248	0.01917274449	0.01944296585	0.01970379476
	0.01995523962	0.02019730902	0.02043001184	0.02065335721	0.02086735453
	0.02107201347	0.02126734397	0.02145335623	0.02163006064	0.02179746786
	0.02195558871	0.02210443417	0.02224401538	0.02237434359	0.02249543015
	0.02260728643	0.02270992388	0.02280335393	0.02288758799	0.02296263752
	0.02302851409	0.02308522997	0.02313279953	0.02317124372	0.02320060262
	0.02322097117	0.02323259979	0.02323617634	0.01555874162	0.01555252834
	0.01553509592	0.01550737621	0.01546971592	0.01542225189	0.01536504584
	0.0152981326	0.01522153726	0.01513528115	0.01503938401	0.0149338646
	0.01481874092	0.01469403029	0.01455974932	0.01441591395	0.01426253952
	0.01409964088	0.01392723272	0.01374533017	0.01355395015	0.01335311476
	0.01314285942	0.01292325442	0.01269446138	0.01245688353	0.01221156509
	0.01196124771	0.01171313996	0.0114860831	0.01132876066	0.01136485553
	0.01190132342	0.01367584976	0.01838311573	0.02966908547	0.05462163699
	0.104830507	0.1934403399	0.3215697222	0.4548017026	0.5215521317
	0.4715246339	0.3365828125	0.1974858842	0.1026938518	0.05186916984
	0.02816557887	0.0180961385	0.01419275921	0.01290409721	0.01267522947
	0.01285997887	0.01319921507	0.01359160924	0.01399824573	0.01440436491
	0.01480441212	0.01519630287	0.0155792526	0.01595296297	0.01631731854
	0.01667227372	0.01701781055	0.01735392266	0.01768060906	0.01799787152
	0.01830571353	0.0186041397	0.01889315551	0.01917276713	0.01944298128
	0.01970380524	0.01995524672	0.02019731385	0.02043001518	0.0206533596
	0.02086735635	0.02107201499	0.0212673454	0.0214533577	0.02163006228
	0.02179746976	0.02195559095	0.02210443685	0.0222440186	0.02237434745
	0.02249543477	0.02260729198	0.02270993053	0.02280336191	0.02288759759
	0.0229626491	0.02302852813	0.02308524706	0.02313282042	0.02317126926
	0.02320063364	0.02322100804	0.02323264165	0.02323622033	0.0155586891
	0.01555247981	0.01553505549	0.01550734435	0.0154696916	0.01542223387
	0.01536503317	0.01529812475	0.01522153408	0.01513528296	0.01503939155
	0.01493387918	0.01481876457	0.01469406599	0.01455980136	0.01441598845
	0.0142626451	0.01409978972	0.01392744194	0.01374562376	0.01355436166
	0.01335369061	0.01314366285	0.01292436819	0.01269598397	0.01245890125
	0.01221404816	0.01196371897	0.01171368501	0.01147849403	0.01129450014
	0.01125098292	0.01156153102	0.0127186307	0.01580058844	0.02299831769
	0.03828132452	0.06755938712	0.1165010297	0.1834671447	0.2495633603
	0.2805836484	0.2544042546	0.1867429726	0.115461517	0.06463365916
	0.03591049077	0.02187856519	0.01572534737	0.01333120702	0.01260344533
	0.01257656315	0.01283152964	0.01319389318	0.01359309542	0.01400114696
	0.01440706525	0.01480654773	0.01519789083	0.01558040132	0.0159537829
	0.01631789965	0.01667268382	0.0170180991	0.01735412517	0.01768075082
	0.01799797049	0.01830578241	0.01860418748	0.01889318853	0.01917278984
	0.01944299686	0.01970381589	0.01995525399	0.02019731884	0.02043001865
	0.02065336209	0.02086735824	0.02107201655	0.02126734682	0.02145335913
	0.02163006383	0.02179747153	0.02195559302	0.0221044393	0.02224402152
	0.02237435094	0.02249543895	0.02260729698	0.02270993653	0.02280336913
	0.02288760632	0.02296265972	0.02302854113	0.02308526313	0.02313284048
	0.02317129449	0.02320066538	0.02322104731	0.02323268795	0.02323626994
	0.01555862706	0.01555242472	0.01553501226	0.01550731208	0.015469668
	0.01542221696	0.01536502161	0.0152981178	0.01522153152	0.01513528499
	0.01503939887	0.014933893	0.01481878677	0.01469409936	0.0145598499
	0.01441605785	0.01426274343	0.01409992833	0.0139276368	0.01374589725
	0.01355474504	0.01335422717	0.01314441151	0.01292540623	0.01269740395
	0.01246078728	0.0122163876	0.01196612508	0.01171458481	0.01147284415
	0.0112675534	0.01116177317	0.01130059717	0.01200452177	0.01394177159
	0.01839406397	0.02752444012	0.04425328484	0.07085856595	0.1054492654
	0.1379485513	0.1522099439	0.1386518383	0.1049317394	0.06867638425
	0.04175046205	0.02581717217	0.01772375913	0.01410045637	0.01272355768
	0.0123872905	0.01250534102	0.01281166806	0.01319105718	0.01359515883
	0.01400406996	0.01440965535	0.014808565	0.01519938249	0.01558147827
	0.01595455126	0.01631844434	0.01667306846	0.01701836997	0.01735431547
	0.01768088421	0.01799806376	0.01830584745	0.0186042327	0.01889321986
	0.01917281149	0.01944301176	0.01970382613	0.01995526103	0.02019732371
	0.02043002206	0.02065336455	0.0208673601	0.02107201808	0.02126734819
	0.02145336048	0.02163006527	0.02179747313	0.02195559487	0.02210444148
	0.0222440241	0.02237435401	0.02249544262	0.02260730137	0.02270994181
	0.0228033755	0.02288761405	0.02296266918	0.02302855286	0.02308527786
	0.02313285929	0.02317131893	0.02320069748	0.02322108916	0.02323274004
	0.02323632753	0.01555855018	0.01555236119	0.01553496657	0.01550728032
	0.01546964592	0.01542220168	0.01536501145	0.01529811186	0.01522152949
	0.01513528702	0.01503940553	0.01493390536	0.0148188065	0.01469412892
	0.01455989283	0.0144161192	0.01426283032	0.01410005081	0.01392780899
	0.01374613896	0.0135550839	0.01335470146	0.01314507336	0.01292632409
	0.01269866039	0.01246245984	0.01221847766	0.01196833716	0.01171569263
	0.01146895026	0.01124747728	0.01109525156	0.01110930424	0.01149453961
	0.01265724017	0.01533247172	0.02067434366	0.0300874151	0.04440023752
	0.062162933	0.07810672826	0.08464731227	0.07765982656	0.06086150432
	0.04247052314	0.02832140322	0.01961928123	0.0150685727	0.01302687612
	0.01231157058	0.01223836966	0.01245632881	0.01279866408	0.01319002318
	0.01359745759	0.01400680795	0.01441199663	0.01481036712	0.01520070924
	0.0155824347	0.0159552334	0.01631892801	0.01667341018	0.01701861077
	0.0173544848	0.01768100302	0.01799814694	0.01830590555	0.01860427317
	0.01889324798	0.01917283097	0.01944302523	0.01970383543	0.01995526746
	0.02019732818	0.02043002522	0.02065336684	0.02086736185	0.0210720195
	0.02126734946	0.02145336171	0.02163006655	0.02179747455	0.02195559649
	0.02210444336	0.02224402631	0.02237435664	0.02249544574	0.0226073051
	0.02270994629	0.02280338091	0.02288762065	0.02296267731	0.02302856303
	0.02308529085	0.02313287631	0.02317134187	0.02320072922	0.02322113347
	0.02323279958	0.02323639705	0.01555844814	0.01555228743	0.01553491999
	0.01550725074	0.01546962651	0.01542218874	0.01536500304	0.01529810706
	0.01522152796	0.01513528884	0.01503941116	0.01493391567	0.01481882287
	0.01469415338	0.01455992831	0.01441616987	0.01426290207	0.01410015195
	0.01392795118	0.01374633856	0.01355536376	0.0133550932	0.01314562007
	0.01292708248	0.01269969927	0.01246384574	0.01222022098	0.01197022673
	0.01171682843	0.01146648812	0.0112333904	0.01104830753	0.01097610768
	0.01114736556	0.0118077178	0.01337549834	0.01645998536	0.02172253616
	0.02941179028	0.03856104	0.04643639908	0.04946077869	0.0458531018
	0.03742883168	0.02806015146	0.02063528283	0.01592940395	0.01343133409
	0.01234516181	0.01204404675	0.01214044851	0.01242429964	0.01279072199
	0.01319008317	0.01359965225	0.01400916543	0.01441396241	0.01481186715
	0.01520181004	0.01558322736	0.01595579862	0.01631932885	0.01667369349
	0.01701881054	0.01735462537	0.01768110174	0.01799821613	0.01830595395
	0.01860430695	0.0188932715	0.01917284732	0.01944303658	0.0197038433
	0.01995527294	0.02019733202	0.02043002795	0.02065336884	0.02086736339
	0.02107202076	0.02126735057	0.02145336278	0.02163006766	0.02179747575
	0.02195559784	0.02210444492	0.02224402813	0.02237435877	0.02249544827
	0.02260730812	0.0227099499	0.02280338528	0.02288762599	0.02296268392
	0.02302857139	0.0230853017	0.02313289088	0.02317136233	0.02320075932
	0.02322117934	0.02323286838	0.02323648549	0.01555829901	0.01555220368
	0.01553487653	0.01550722616	0.01546961132	0.01542217892	0.01536499681
	0.01529810359	0.01522152693	0.01513529031	0.01503941546	0.01493392345
	0.01481883516	0.01469417169	0.01455995484	0.01441620771	0.01426295564
	0.01410022744	0.01392805731	0.01374648756	0.01355557267	0.01335538567
	0.01314602832	0.01292764901	0.01270047606	0.01246488442	0.01222153574
	0.01197168106	0.01171781892	0.01146510928	0.01122432642	0.01101774881
	0.01089013006	0.01092711427	0.01128114151	0.0121958007	0.01399840208
	0.01699989737	0.02123564883	0.02608730981	0.03010626829	0.03155630893
	0.02964838918	0.02529692185	0.02039118466	0.01640840427	0.01383290771
	0.01247335111	0.01193631061	0.01188058452	0.01208003202	0.0124047031
	0.01278622549	0.01319059386	0.01360143965	0.01401097267	0.01441544522
	0.01481299234	0.01520263412	0.01558382042	0.0159562215	0.01631962883
	0.01667390561	0.01701896018	0.01735473074	0.01768117581	0.01799826811
	0.01830599035	0.01860433241	0.01889328928	0.01917285971	0.01944304522
	0.01970384933	0.01995527717	0.02019733502	0.02043003011	0.02065337045
	0.02086736464	0.0210720218	0.0212673515	0.02145336367	0.02163006856
	0.02179747672	0.02195559892	0.02210444614	0.02224402953	0.02237436041
	0.02249545018	0.02260731038	0.0227099526	0.02280338853	0.02288762996
	0.02296268886	0.02302857767	0.02308530997	0.02313290229	0.02317137906
	0.02320078578	0.02322122437	0.02323294738	0.02323660649	0.01555805218
	0.01555211906	0.01553484479	0.01550721064	0.01546960215	0.01542217308
	0.01536499316	0.01529810162	0.01522152647	0.01513529138	0.01503941827
	0.0149339284	0.01481884287	0.01469418311	0.01455997131	0.01441623116
	0.01426298878	0.01410027411	0.0139281229	0.01374657962	0.01355570176
	0.01335556643	0.01314628077	0.01292799971	0.0127009579	0.01246553136
	0.01222236212	0.01197261778	0.01171853524	0.01146454551	0.01121952767
	0.0110010987	0.01084316501	0.01080768914	0.01099940314	0.01157571792
	0.01273163755	0.01462607283	0.01722441467	0.02010412993	0.02241004817
	0.02319585314	0.0220703987	0.01955229118	0.01668289673	0.01431254701
	0.0127666031	0.01197450252	0.01171899076	0.01179223774	0.01204701474
	0.01239399424	0.0127838774	0.01319103296	0.01360257615	0.0140120963
	0.01441636239	0.01481368753	0.0152031433	0.015584187	0.01595648301
	0.01631981443	0.01667403692	0.01701905288	0.01735479606	0.01768122178
	0.01799830041	0.01830601303	0.0186043483	0.01889330042	0.01917286753
	0.0194430507	0.01970385321	0.01995527993	0.02019733701	0.02043003159
	0.02065337158	0.02086736555	0.02107202258	0.0212673522	0.02145336434
	0.02163006925	0.02179747744	0.0219555997	0.022104447	0.02224403051
	0.02237436152	0.02249545147	0.02260731188	0.02270995436	0.02280339063
	0.0228876325	0.022962692	0.02302858168	0.0230853153	0.02313290984
	0.0231713907	0.02320080581	0.02322126351	0.02323303306	0.02323678888
	0.01555758245	0.01555207437	0.01553484	0.01550720889	0.01546960066
	0.01542217194	0.01536499245	0.01529810138	0.01522152669	0.01513529209
	0.01503941955	0.01493393038	0.01481884577	0.01469418724	0.01455997713
	0.01441623932	0.0142630002	0.01410029009	0.01392814525	0.01374661092
	0.01355574563	0.01335562791	0.01314636689	0.0129281201	0.01270112525
	0.01246576097	0.01222266788	0.01197299744	0.01171892535	0.0114646963
	0.01121867837	0.01099718547	0.0108310154	0.01077523248	0.01092054615
	0.01139898059	0.01236674176	0.01393873395	0.01606108119	0.01836868856
	0.02017531589	0.02075684614	0.01983645842	0.01782955642	0.01554488965
	0.01365173735	0.01242044942	0.01180756119	0.01164391477	0.01176063984
	0.01203469682	0.012389729	0.01278275817	0.01319102776	0.01360289126
	0.01401244627	0.01441665997	0.01481391753	0.01520331353	0.01558431028
	0.01595657128	0.01631987723	0.01667408143	0.01701908436	0.0173548183
	0.01768123747	0.01799831149	0.01830602085	0.01860435384	0.01889330435
	0.01917287034	0.01944305273	0.0197038547	0.01995528104	0.02019733787
	0.02043003228	0.02065337216	0.02086736606	0.02107202304	0.02126735265
	0.02145336478	0.02163006969	0.0217974779	0.02195560019	0.02210444752
	0.02224403106	0.02237436212	0.02249545212	0.0226073126	0.02270995518
	0.02280339156	0.02288763358	0.02296269329	0.0230285833	0.02308531747
	0.02313291304	0.02317139611	0.02320081643	0.02322128829	0.02323310587
	0.02323709843	