3131	
	0.01503127459	0.01502448148	0.01500706033	0.01497948267	0.01494200027
	0.01489472327	0.01483770315	0.01477096948	0.01469454404	0.01460844604
	0.01451269404	0.01440730672	0.01429230336	0.0141677043	0.01403353163
	0.01388981017	0.01373656884	0.01357384279	0.01340167635	0.0132201274
	0.01302927391	0.01282922372	0.01262013026	0.01240221878	0.01217583364
	0.01194152878	0.01170024982	0.01145371126	0.01120518068	0.01096108146
	0.01073413841	0.01054915273	0.01045252521	0.01052526223	0.01089423154
	0.01172560773	0.01317079315	0.01523890719	0.01763182986	0.019699887
	0.02070071045	0.02026655065	0.01865785621	0.01655039711	0.01460102544
	0.01317569804	0.01234262712	0.01199929546	0.01199522261	0.01219911092
	0.01251879602	0.01289740425	0.01330270781	0.01371745859	0.01413274126
	0.01454401153	0.01494893629	0.01534628344	0.01573537176	0.01611580325
	0.01648733239	0.01684980084	0.01720310331	0.01754716855	0.01788194813
	0.01820740939	0.01852353075	0.0188302986	0.01912770509	0.01941574659
	0.0196944226	0.01996373502	0.02022368753	0.02047428525	0.02071553439
	0.02094744209	0.02117001622	0.02138326531	0.02158719836	0.02178182487
	0.02196715469	0.02214319803	0.02230996535	0.02246746734	0.0226157149
	0.02275471904	0.02288449088	0.02300504158	0.0231163823	0.02321852417
	0.0233114782	0.02339525526	0.02346986607	0.02353532124	0.02359163171
	0.02363880999	0.02367687422	0.0237058599	0.02372585378	0.02373708753
	0.02374017137	0.01503081499	0.01502443375	0.01500705425	0.01497948045
	0.01494199846	0.01489472172	0.01483770184	0.01477096831	0.01469454288
	0.01460844473	0.01451269237	0.01440730444	0.0142923001	0.01416769959
	0.01403352479	0.01388980026	0.01373655453	0.01357382221	0.01340164685
	0.01322008531	0.01302921411	0.01282913926	0.01262001195	0.01240205543
	0.01217561396	0.01194124851	0.01169993281	0.01145346623	0.01120534633
	0.01096258103	0.01073930893	0.01056358471	0.01048887203	0.01061038837
	0.01108069165	0.01210529285	0.01387983022	0.01643011962	0.01939267728
	0.02194280856	0.0231288548	0.02249393661	0.02040259782	0.01773546217
	0.01531198742	0.01355919149	0.01253134832	0.01208484992	0.01203103259
	0.01221279133	0.01252334915	0.01289849455	0.01330263319	0.01371708236
	0.01413235492	0.01454369422	0.01494869558	0.01534610683	0.01573524405
	0.01611571144	0.01648726653	0.01684975361	0.01720306942	0.0175471442
	0.01788193063	0.0182073968	0.01852352169	0.01883029208	0.0191277004
	0.01941574323	0.01969442021	0.01996373333	0.02022368637	0.02047428446
	0.02071553389	0.0209474418	0.0211700161	0.02138326531	0.02158719846
	0.02178182505	0.02196715494	0.02214319834	0.02230996571	0.02246746775
	0.02261571536	0.02275471956	0.02288449145	0.02300504221	0.02311638302
	0.02321852498	0.02331147912	0.02339525633	0.02346986735	0.02353532285
	0.02359163386	0.02363881318	0.0236768796	0.0237058706	0.02372587913
	0.02373716203	0.02374047324	0.01503057262	0.01502434937	0.01500702172
	0.01497946421	0.01494198849	0.01489471473	0.01483769644	0.01477096369
	0.01469453844	0.01460843991	0.01451268655	0.01440729684	0.01429228969
	0.01416768494	0.01403350394	0.0138897704	0.01373651174	0.01357376093
	0.01340155929	0.0132199605	0.01302903679	0.01282888841	0.01261965942
	0.01240156549	0.01217494699	0.01194037731	0.01169889471	0.01145251046
	0.01120532582	0.01096594563	0.01075251354	0.01060263394	0.01059126409
	0.01085854047	0.0116416589	0.01328220283	0.01614009936	0.02032464997
	0.02527245246	0.02955083896	0.03144683293	0.03016087184	0.02641701908
	0.02182217227	0.01776757457	0.01488997902	0.01319258423	0.01238964124
	0.0121620978	0.0122651573	0.01254232006	0.01290421029	0.01330351715
	0.01371645011	0.01413141742	0.0145428418	0.01494801904	0.01534559869
	0.01573487179	0.01611544185	0.01648707226	0.01684961387	0.01720296891
	0.01754707185	0.01788187848	0.01820735914	0.01852349445	0.01883027235
	0.01912768608	0.01941573282	0.01969441264	0.01996372784	0.02022368238
	0.02047428159	0.02071553184	0.02094744037	0.02117001514	0.02138326471
	0.02158719814	0.02178182496	0.02196715504	0.0221431986	0.02230996612
	0.02246746831	0.02261571606	0.02275472041	0.02288449247	0.02300504343
	0.02311638446	0.02321852669	0.02331148118	0.02339525884	0.02346987047
	0.02353532684	0.02359163918	0.02363882072	0.02367689127	0.02370589075
	0.02372591844	0.02373724697	0.02374065193	0.0150304255	0.01502426625
	0.01500697781	0.01497943884	0.01494197214	0.01489470314	0.01483768744
	0.01477095598	0.01469453104	0.01460843192	0.01451267697	0.01440728442
	0.01429227276	0.01416766122	0.0140334702	0.01388972215	0.01373644261
	0.01357366196	0.01340141784	0.01321975885	0.0130287502	0.01282848284
	0.01261908919	0.0124007727	0.01217386773	0.01193896961	0.01169722836
	0.01145102509	0.01120552796	0.01097221114	0.01077655782	0.0106740828
	0.0107811598	0.01132727764	0.01272450029	0.01560902358	0.02072055329
	0.02840198686	0.0376951846	0.04579870573	0.04923113532	0.04641620469
	0.03896431073	0.03016966054	0.02266838459	0.01748581992	0.01445566095
	0.01296155128	0.01240467354	0.01236128766	0.01257717803	0.01291495968
	0.01330548679	0.01371562115	0.0141299704	0.01454148752	0.01494693298
	0.01534477915	0.01573426997	0.0161150054	0.01648675747	0.01684938727
	0.01720280581	0.01754695435	0.0178817937	0.01820729785	0.01852345005
	0.0188302401	0.01912766261	0.0194157157	0.01969440013	0.01996371868
	0.02022367568	0.0204742767	0.0207155283	0.02094743784	0.02117001337
	0.02138326352	0.02158719741	0.0217818246	0.02196715499	0.02214319882
	0.02230996658	0.02246746901	0.022615717	0.0227547216	0.02288449394
	0.02300504522	0.02311638663	0.02321852932	0.02331148438	0.02339526277
	0.02346987536	0.02353533308	0.02359164742	0.0236388321	0.023676908
	0.02370591723	0.02372596336	0.02373732502	0.02374077104	0.01503032437
	0.01502419293	0.0150069309	0.01497940843	0.01494195132	0.0148946879
	0.01483767541	0.0147709456	0.01469452108	0.0146084212	0.01451266417
	0.01440726786	0.01429225023	0.01416762964	0.01403342531	0.01388965791
	0.01373635053	0.01357353005	0.0134012292	0.01321948977	0.0130283676
	0.01282794123	0.01261832769	0.01239971469	0.01217243079	0.01193710797
	0.01169506938	0.01144926506	0.01120651867	0.01098282859	0.01081550276
	0.01078969393	0.01109256635	0.01211239412	0.01458693186	0.01973374781
	0.02910278135	0.04363660036	0.06169845043	0.07762846601	0.08410241666
	0.07791158009	0.06273274994	0.04552120645	0.03139013618	0.02195549292
	0.01656392379	0.01388998356	0.0127893325	0.0125110213	0.01263095522
	0.01293167864	0.01330886511	0.01371474123	0.01412810207	0.01453969381
	0.01494548354	0.01534368227	0.01573346348	0.01611442012	0.01648633512
	0.01684908309	0.01720258675	0.01754679643	0.01788167965	0.01820721532
	0.01852339018	0.01883019655	0.01912763084	0.01941569246	0.01969438309
	0.01996370617	0.02022366649	0.02047426995	0.02071552336	0.02094743426
	0.02117001082	0.02138326177	0.02158719629	0.02178182398	0.0219671548
	0.022143199	0.0223099671	0.02246746986	0.02261571818	0.02275472313
	0.02288449586	0.02300504759	0.02311638951	0.02321853283	0.02331148866
	0.02339526803	0.02346988192	0.02353534138	0.02359165821	0.02363884663
	0.02367692843	0.02370594728	0.02372600901	0.0237373931	0.02374085846
	0.01503024796	0.01502412966	0.01500688494	0.01497937583	0.01494192768
	0.01489466999	0.01483766101	0.01477093307	0.01469450903	0.01460840827
	0.01451264877	0.01440724801	0.01429222325	0.01416759184	0.01403337151
	0.01388958086	0.01373623996	0.01357337149	0.01340100226	0.01321916579
	0.01302790668	0.0128272885	0.01261741011	0.01239844138	0.01217070792
	0.01193489903	0.01169258846	0.01144754302	0.011208985	0.01099958624
	0.01087452713	0.0109651414	0.01157305427	0.01335497514	0.01762960543
	0.02672163977	0.04386097979	0.07146193688	0.1068450436	0.1385031619
	0.1508721571	0.1373653511	0.1064014575	0.072738171	0.04625258246
	0.02927433418	0.01988838042	0.01530508443	0.01335875421	0.01272760056
	0.01270761683	0.01295557336	0.01331407259	0.01371400561	0.01412593283
	0.01453754611	0.01494373356	0.01534235421	0.01573248592	0.01611371029
	0.01648582265	0.01684871382	0.01720232064	0.01754660444	0.01788154088
	0.01820711479	0.01852331715	0.01883014335	0.01912759197	0.01941566397
	0.01969436215	0.01996369073	0.0202236551	0.02047426155	0.02071551718
	0.02094742975	0.02117000758	0.02138325951	0.02158719481	0.02178182314
	0.02196715448	0.02214319915	0.02230996768	0.02246747085	0.02261571959
	0.02275472499	0.02288449822	0.0230050505	0.02311639308	0.02321853718
	0.02331149397	0.02339527454	0.02346988997	0.02353535149	0.02359167114
	0.0236388636	0.02367695131	0.02370597893	0.0237260531	0.02373745214
	0.02374092738	0.01503018627	0.01502407479	0.01500684151	0.0149793428
	0.01494190251	0.0148946503	0.01483764487	0.01477091891	0.01469449542
	0.01460839372	0.01451263155	0.01440722588	0.0142921932	0.01416754972
	0.01403331152	0.0138894948	0.01373611629	0.01357319389	0.01340074773
	0.01321880206	0.01302738876	0.01282655476	0.01261637886	0.01239701269
	0.01216878447	0.01193246744	0.0116899794	0.01144620175	0.01121366547
	0.01102443012	0.01095948984	0.0112191097	0.01228273305	0.0152446955
	0.02242749018	0.03820844938	0.06922192778	0.1213539995	0.190589836
	0.2536129873	0.2773147092	0.2481638101	0.1853130184	0.1199570691
	0.07089745388	0.04087214453	0.0249361178	0.01737258151	0.01416349298
	0.0130255671	0.01281118783	0.01298778995	0.01332150765	0.01371361579
	0.01412359873	0.01453514564	0.01494175884	0.01534085098	0.01573137813
	0.01611290538	0.01648524124	0.01684829461	0.01720201833	0.01754638613
	0.01788138292	0.01820700019	0.01852323378	0.01883008251	0.01912754742
	0.01941563124	0.01969433803	0.01996367291	0.0202236419	0.02047425178
	0.02071550996	0.02094742446	0.02117000376	0.02138325683	0.02158719304
	0.0217818221	0.02196715407	0.02214319928	0.02230996833	0.02246747199
	0.02261572123	0.02275472717	0.02288450098	0.02300505393	0.02311639728
	0.0232185423	0.02331150021	0.02339528216	0.02346989934	0.02353536313
	0.02359168579	0.02363888233	0.02367697566	0.02370601091	0.02372609475
	0.02373750389	0.02374098461	0.01503013416	0.01502402657	0.01500680104
	0.01497931034	0.01494187673	0.01489462955	0.01483762759	0.01477090365
	0.0146944808	0.01460837821	0.01451261333	0.01440720257	0.01429216163
	0.01416750546	0.01403324837	0.01388940403	0.01373598557	0.0135730058
	0.01340047771	0.01321841564	0.01302683794	0.01282577393	0.01261528169
	0.01239549575	0.01216675505	0.01192994822	0.01168744308	0.01144557474
	0.01122124194	0.01105915482	0.0110760589	0.0115709963	0.01328902891
	0.01801197646	0.02973844644	0.05653626251	0.111745167	0.209100232
	0.3435731931	0.4684275374	0.5137247543	0.4517939975	0.325518496
	0.2001430711	0.1106968427	0.05868487396	0.03233322915	0.02027751722
	0.01525384975	0.01341747022	0.01294455605	0.01302900444	0.01333140937
	0.0137137325	0.01412123378	0.01453260147	0.01493964388	0.01533923575
	0.01573018632	0.01611203881	0.01648461487	0.01684784264	0.01720169207
	0.01754615026	0.01788121201	0.01820687602	0.01852314328	0.01883001633
	0.01912749885	0.01941559546	0.01969431158	0.0199636533	0.02022362733
	0.02047424095	0.02071550193	0.02094741854	0.02116999947	0.02138325381
	0.02158719102	0.02178182091	0.02196715358	0.02214319942	0.02230996904
	0.02246747327	0.02261572309	0.02275472964	0.02288450412	0.02300505783
	0.02311640207	0.02321854814	0.02331150729	0.02339529078	0.02346990985
	0.02353537604	0.02359170177	0.0236389023	0.02367700079	0.02370604252
	0.02372613383	0.02373754994	0.02374103395	0.01503008872	0.01502398355
	0.01500676347	0.01497927896	0.01494185099	0.01489460835	0.0148376097
	0.01477088783	0.01469446574	0.01460836242	0.01451259498	0.01440717929
	0.01429213017	0.01416746133	0.01403318529	0.01388931311	0.01373585425
	0.01357281635	0.01340020512	0.01321802477	0.01302627997	0.01282498226
	0.01261416951	0.01239396175	0.01216471855	0.01192747779	0.01168516835
	0.0114459368	0.01123219482	0.01110495454	0.01122830791	0.01203664329
	0.01465451559	0.02189748505	0.04044686074	0.08474266175	0.1808147791
	0.359234807	0.6162655021	0.8601536709	0.9459735353	0.8178095503
	0.5687675867	0.3326433935	0.1729602923	0.0850738673	0.04275121705
	0.02418876057	0.01666615543	0.01390915464	0.01310796457	0.01307895954
	0.01334371605	0.01371443028	0.01411895313	0.01453002283	0.01493747743
	0.01533757592	0.01572896007	0.01611114648	0.01648396933	0.01684737637
	0.01720135507	0.01754590626	0.0178810349	0.01820674707	0.01852304908
	0.01882994726	0.01912744801	0.0194155579	0.01969428372	0.01996363257
	0.02022361187	0.02047422941	0.02071549334	0.02094741219	0.02116999484
	0.02138325053	0.02158718882	0.02178181961	0.02196715305	0.02214319957
	0.02230996984	0.02246747469	0.02261572515	0.02275473238	0.02288450762
	0.02300506217	0.02311640739	0.0232185546	0.02331151512	0.02339530024
	0.02346992132	0.02353538997	0.02359171876	0.02363892309	0.02367702623
	0.02370607342	0.02372617055	0.0237375916	0.02374107774	0.01503004816
	0.01502394462	0.0150067285	0.01497924889	0.01494182568	0.01489458714
	0.01483759166	0.01477087193	0.01469445078	0.01460834702	0.01451257739
	0.01440715722	0.01429210048	0.01416741968	0.01403312555	0.01388922667
	0.01373572891	0.01357263485	0.01339994311	0.01321764808	0.0130257411
	0.01282421673	0.01261309411	0.01239248252	0.01216277282	0.01192518469
	0.01168331187	0.01144745037	0.01124663683	0.01116186732	0.01141681272
	0.01262185795	0.01641549828	0.02708540923	0.05537746089	0.1261427839
	0.2880855879	0.6054038203	1.082439386	1.545301814	1.705018646
	1.451308672	0.9756491548	0.5434142521	0.2664242729	0.1224532402
	0.05673823348	0.02919744871	0.01840298266	0.01449390421	0.01329737429
	0.01313602218	0.0133579453	0.01371566196	0.01411683986	0.01452751233
	0.01493534817	0.01533594015	0.01572775019	0.01611026524	0.0164833311
	0.01684691473	0.01720102086	0.01754566379	0.01788085849	0.0182066183
	0.01852295473	0.01882987785	0.01912739674	0.01941551986	0.01969425539
	0.01996361139	0.02022359601	0.02047421752	0.02071548445	0.02094740558
	0.02116999	0.02138324709	0.02158718652	0.02178181825	0.02196715251
	0.02214319976	0.02230997071	0.02246747624	0.0226157274	0.02275473537
	0.02288451142	0.0230050669	0.02311641317	0.02321856161	0.02331152358
	0.02339531043	0.02346993357	0.02353540471	0.02359173649	0.02363894439
	0.02367705169	0.02370610348	0.0237262052	0.02373762989	0.02374111749
	0.01503001128	0.01502390891	0.01500669583	0.01497922017	0.01494180107
	0.01489456627	0.01483757388	0.01477085637	0.01469443645	0.01460833266
	0.01451256142	0.01440713751	0.01429207417	0.01416738275	0.01403307236
	0.01388914924	0.01373561596	0.01357247038	0.01339970454	0.01321730372
	0.01302524697	0.01282351337	0.01261210576	0.01239112714	0.01216100951
	0.01192318076	0.01168198011	0.01145011779	0.01126415783	0.01122821423
	0.01163653868	0.01331438591	0.01855183466	0.03359314728	0.07491332944
	0.1831272752	0.4442380738	0.983190152	1.826187971	2.661100013
	2.948620703	2.481011041	1.618741499	0.8609090167	0.3991390575
	0.1724269144	0.07442625894	0.03522992195	0.02040964457	0.01514657651
	0.01350310239	0.01319688899	0.01337313245	0.01371724331	0.01411493808
	0.01452516099	0.01493334089	0.0153343954	0.01572660652	0.01610943127
	0.01648272621	0.01684647637	0.01720070276	0.01754543238	0.0178806896
	0.01820649458	0.01852286372	0.01882981061	0.01912734683	0.01941548266
	0.01969422753	0.01996359046	0.02022358023	0.02047420563	0.02071547551
	0.02094739891	0.02116998511	0.0213832436	0.02158718418	0.02178181688
	0.02196715198	0.0221432	0.02230997167	0.02246747792	0.02261572982
	0.02275473858	0.02288451551	0.02300507196	0.02311641936	0.0232185691
	0.02331153259	0.02339532122	0.02346994646	0.02353542007	0.02359175475
	0.02363896598	0.02367707701	0.02370613272	0.02372623813	0.0237376656
	0.02374115427	0.01502997721	0.01502387575	0.01500666509	0.01497919276
	0.01494177729	0.01489454598	0.01483755664	0.01477084154	0.01469442319
	0.01460831992	0.01451254782	0.01440712124	0.01429205271	0.01416735263
	0.01403302866	0.013889085	0.01373552131	0.01357233133	0.01339950133
	0.01321700855	0.01302482138	0.01282290561	0.01261125094	0.01238995867
	0.01215950944	0.01192155433	0.01168121741	0.011453753	0.01128373024
	0.01130021352	0.01187516049	0.0140765216	0.02095470519	0.0411333471
	0.09842525671	0.2549485413	0.6513207358	1.508005494	2.892111376
	4.284062763	4.772411785	3.996355773	2.551081126	1.303028575
	0.5737689595	0.2343283923	0.09513559928	0.0419526304	0.02255388391
	0.01581990866	0.01370934904	0.01325659873	0.01338786653	0.01371886713
	0.01411325458	0.01452304581	0.01493153326	0.0153330042	0.01572557584
	0.01610867862	0.01648217912	0.01684607879	0.01720041329	0.01754522097
	0.01788053463	0.01820638049	0.01852277935	0.01882974791	0.0191273
	0.01941544751	0.01969420104	0.01996357041	0.02022356503	0.02047419409
	0.02071546678	0.02094739236	0.02116998027	0.02138324016	0.02158718188
	0.02178181554	0.02196715149	0.0221432003	0.02230997272	0.02246747972
	0.0226157324	0.02275474199	0.02288451983	0.02300507731	0.02311642588
	0.02321857697	0.02331154203	0.02339533249	0.02346995985	0.02353543591
	0.02359177338	0.02363898773	0.02367710212	0.02370616122	0.02372626968
	0.02373769935	0.02374118883	0.0150299453	0.01502384458	0.01500663595
	0.01497916654	0.0149417544	0.01489452644	0.0148375402	0.01477082775
	0.0146944114	0.0146083093	0.01451253729	0.01440710932	0.01429203741
	0.01416733113	0.01403299701	0.0138890376	0.01373545016	0.01357222509
	0.01339934393	0.01321677741	0.01302448527	0.01282242281	0.01261057021
	0.01238903131	0.01215833901	0.01192036624	0.01168100388	0.01145798698
	0.01130373103	0.0113719977	0.01211275028	0.01484217892	0.02340766049
	0.04900709161	0.1237182567	0.3350958441	0.8919281544	2.139655086
	4.200707627	6.288226051	7.045833083	5.920605678	3.740975188
	1.852856877	0.7803941401	0.3034436303	0.1170069296	0.0487115637
	0.02462046173	0.0164458874	0.01389527005	0.01330898978	0.01340044989
	0.01372015095	0.01411176966	0.01452122971	0.01492999349	0.01533182216
	0.0157246999	0.01610803765	0.01648171168	0.01684573765	0.01720016364
	0.01754503759	0.01788039932	0.01820628016	0.01852270457	0.01882969187
	0.01912725779	0.01941541554	0.01969417671	0.01996355184	0.02022355081
	0.02047418321	0.02071545848	0.0209473861	0.02116997563	0.02138323684
	0.02158717966	0.02178181428	0.02196715108	0.02214320067	0.02230997386
	0.02246748162	0.0226157351	0.02275474555	0.02288452434	0.02300508289
	0.02311643267	0.02321858516	0.02331155182	0.02339534413	0.02346997362
	0.02353545209	0.02359179226	0.02363900955	0.02367712701	0.02370618911
	0.02372630017	0.02373773165	0.02374122179	0.01502991499	0.01502381492
	0.01500660811	0.01497914136	0.01494173237	0.01489450773	0.01483752472
	0.01477081522	0.01469440138	0.01460830121	0.01451253035	0.0144071025
	0.01429202928	0.01416731971	0.0140329795	0.01388900999	0.01373540673
	0.01357215766	0.01339924088	0.01321662241	0.01302425574	0.01282208892
	0.01261009645	0.01238838815	0.01215754783	0.01191964966	0.01168126523
	0.01146231548	0.01132212013	0.01143622046	0.01232372453	0.01552269039
	0.02560144024	0.05612610572	0.1469522083	0.4102746494	1.123164153
	2.75995538	5.498165626	8.271463859	9.317055713	7.908095968
	5.005010381	2.433079463	0.9900955956	0.3699270322	0.1369291823
	0.05456869956	0.02633367498	0.01694460059	0.01403796966	0.01334763717
	0.01340917554	0.01372071352	0.01411045512	0.01451976367	0.01492877861
	0.01533089597	0.01572401368	0.01610753382	0.01648134219	0.01684546605
	0.0171999632	0.01754488895	0.0178802885	0.01820619707	0.0185226419
	0.01882964432	0.0191272215	0.0194153877	0.01969415526	0.01996353525
	0.02022353797	0.02047417327	0.02071545083	0.02094738027	0.02116997129
	0.02138323372	0.02158717759	0.02178181313	0.02196715076	0.02214320113
	0.02230997508	0.02246748362	0.02261573792	0.02275474925	0.02288452901
	0.02300508865	0.02311643968	0.02321859358	0.02331156188	0.02339535605
	0.02346998766	0.02353546851	0.02359181131	0.0236390314	0.02367715171
	0.02370621652	0.02372632988	0.02373776293	0.02374125362	0.01502988582
	0.01502378636	0.01500658124	0.01497911704	0.01494171115	0.01489448989
	0.0148375103	0.0147708041	0.01469439335	0.01460829592	0.01451252738
	0.01440710129	0.01429202906	0.01416731941	0.0140329776	0.01388900429
	0.01373539404	0.01357213338	0.0133991984	0.01321655237	0.01302414528
	0.01282192139	0.01260985342	0.0123880595	0.01215716775	0.01191941329
	0.01168189373	0.01146618655	0.01133677091	0.01148527163	0.01248129872
	0.01602324922	0.02719516228	0.06124127892	0.1634863532	0.4634039184
	1.286402181	3.201125539	6.430002166	9.701439621	10.9805719
	9.432302804	6.023023281	2.906582201	1.156493524	0.4200117256
	0.151071047	0.05848525245	0.02741370107	0.01724059436	0.01411710672
	0.01336712502	0.01341267156	0.01372026429	0.01410929489	0.01451868953
	0.01492793329	0.01533026157	0.01572354397	0.01610718653	0.01648108459
	0.01684527399	0.01719981916	0.01754478023	0.0178802059	0.0182061339
	0.01852259328	0.01882960667	0.01912719218	0.01941536476	0.01969413724
	0.01996352107	0.0202235268	0.02047416451	0.020715444	0.02094737501
	0.02116996734	0.02138323089	0.02158717572	0.02178181212	0.02196715055
	0.02214320169	0.02230997639	0.02246748571	0.02261574082	0.02275475304
	0.02288453378	0.02300509454	0.02311644682	0.02321860216	0.0233115721
	0.02339536815	0.02347000187	0.02353548508	0.02359183044	0.02363905324
	0.02367717627	0.02370624362	0.02372635909	0.02373779354	0.02374128473
	0.01502985735	0.01502375847	0.01500655503	0.01497909337	0.01494169064
	0.01489447289	0.01483749698	0.0147707945	0.01469438742	0.01460829361
	0.0145125286	0.01440710597	0.01429203714	0.01416733079	0.01403299213
	0.01388902168	0.01373541382	0.01357215474	0.01339922006	0.01321657243
	0.0130241612	0.01282193041	0.01260985477	0.01238806195	0.01215721304
	0.01191964708	0.01168277576	0.01146911037	0.01134588725	0.01151285355
	0.01256352895	0.01626659918	0.02791179366	0.0633380318	0.1695448126
	0.4805175351	1.333257901	3.32367905	6.708481973	10.17548542
	11.5855347	10.04612418	6.474621561	3.125736676	1.231066275
	0.4404406959	0.1560810864	0.05963259179	0.02765548103	0.0172827713
	0.01411992117	0.01336431894	0.01341022147	0.01371868167	0.01410830224
	0.01451804223	0.01492748887	0.01532994287	0.01572330819	0.01610700835
	0.01648094791	0.01684516798	0.01719973619	0.01754471481	0.01788015397
	0.01820609245	0.01852256003	0.01882957989	0.01912717055	0.01941534725
	0.01969412306	0.01996350959	0.02022351754	0.02047415708	0.0207154381
	0.02094737042	0.02116996386	0.02138322838	0.02158717409	0.02178181128
	0.02196715046	0.02214320233	0.02230997778	0.02246748786	0.02261574378
	0.02275475689	0.02288453862	0.02300510049	0.02311645403	0.02321861082
	0.02331158241	0.02339538033	0.02347001617	0.02353550172	0.02359184962
	0.02363907508	0.02367720076	0.02370627056	0.02372638805	0.02373782384
	0.0237413155	0.01502982916	0.01502373088	0.01500652916	0.01497907014
	0.0149416707	0.01489445667	0.01483748475	0.01477078641	0.01469438362
	0.01460829428	0.01451253402	0.01440711658	0.01429205355	0.01416735391
	0.01403302318	0.01388906234	0.01373546636	0.01357222223	0.01339930666
	0.01321668382	0.01302430527	0.01282211844	0.01261010356	0.01238839802
	0.01215768135	0.01192032859	0.01168381888	0.01147076271	0.01134839084
	0.01151544098	0.01255892226	0.01621517004	0.027628154	0.0620131825
	0.1638241611	0.457512074	1.251189264	3.090967979	6.247800886
	9.56337377	10.98053908	9.573094802	6.203801996	3.009659151
	1.187260194	0.4245700899	0.1504975839	0.05770810196	0.02699937451
	0.01706035626	0.01404488669	0.0133392083	0.01340195725	0.01371605533
	0.01410752742	0.01451785008	0.01492746227	0.01532995073	0.0157233137
	0.01610700442	0.01648093584	0.01684515069	0.01719971628	0.01754469417
	0.01788013384	0.01820607357	0.01852254279	0.01882956448	0.01912715698
	0.01941533546	0.01969411293	0.01996350098	0.02022351032	0.0204741511
	0.02071543324	0.02094736655	0.0211699609	0.02138322624	0.02158717271
	0.02178181063	0.02196715051	0.02214320307	0.02230997923	0.02246749005
	0.02261574678	0.02275476076	0.02288454348	0.02300510645	0.02311646126
	0.02321861949	0.02331159272	0.02339539252	0.02347003047	0.02353551837
	0.02359186881	0.02363909692	0.02367722525	0.0237062975	0.023726417
	0.02373785414	0.02374134627	0.01502980079	0.01502370316	0.01500650329
	0.01497904709	0.01494165118	0.01489444114	0.01483747353	0.01477077978
	0.01469438187	0.01460829783	0.01451254349	0.01440713287	0.01429207797
	0.0141673883	0.01403307013	0.01388912544	0.01373555055	0.01357233435
	0.01339945614	0.01321688373	0.01302457365	0.01282248013	0.01261059213
	0.01238905638	0.01215855494	0.01192142816	0.01168497045	0.01147105108
	0.01134415447	0.01149310847	0.01246940175	0.01588181899	0.0264140915
	0.05761736999	0.1480003505	0.4018807768	1.069267495	2.58740847
	5.201927268	8.034945625	9.317807159	8.147960216	5.296091362
	2.593278328	1.036797633	0.3761956997	0.1355156619	0.05307929142
	0.02555729564	0.01660742509	0.01390241689	0.01329498415	0.0133888533
	0.01371267708	0.01410705279	0.01451813238	0.01492785493	0.01533028237
	0.01572355739	0.01610717226	0.01648104661	0.01684522093	0.01719975866
	0.01754471782	0.0178801452	0.01820607709	0.01852254151	0.01882956042
	0.0191271515	0.01941532943	0.01969410691	0.01996349532	0.02022350519
	0.02047414662	0.02071542944	0.02094736345	0.02116995848	0.02138322449
	0.02158717161	0.02178181017	0.02196715069	0.0221432039	0.02230998073
	0.02246749227	0.02261574978	0.02275476462	0.0228845483	0.02300511237
	0.02311646842	0.02321862809	0.02331160296	0.02339540463	0.02347004469
	0.02353553494	0.02359188795	0.02363911877	0.02367724981	0.0237063246
	0.02372644621	0.02373788475	0.02374137738	0.01502977179	0.01502367489
	0.01500647707	0.01497902397	0.01494163189	0.01489442618	0.01483746324
	0.0147707745	0.01469438202	0.01460830403	0.01451255666	0.01440715435
	0.0142921097	0.01416743302	0.01403313167	0.01388920914	0.01373566385
	0.01357248759	0.01339966368	0.01321716546	0.01302495703	0.01282300252
	0.0126113025	0.01239001248	0.01215980193	0.01192291134	0.01168622287
	0.01147012388	0.01133400492	0.01144942748	0.01230944926	0.01532446108
	0.02450185331	0.05108767887	0.1258480317	0.3284101369	0.8405368146
	1.96889202	3.894444976	6.029243552	7.047534501	6.181266155
	4.038085036	2.009606987	0.8242468544	0.3079430444	0.1145227235
	0.0466544885	0.02357733328	0.01599322938	0.01371219751	0.01323729517
	0.01337251664	0.0137089814	0.01410697601	0.01451889488	0.01492865163
	0.01533092117	0.01572402579	0.01610750188	0.01648127307	0.01684537368
	0.01719985982	0.01754478335	0.01788018642	0.0182061019	0.01852255541
	0.01882956721	0.01912715378	0.01941532897	0.01969410489	0.01996349251
	0.02022350213	0.02047414362	0.02071542672	0.02094736112	0.02116995662
	0.02138322314	0.02158717079	0.0217818099	0.021967151	0.02214320481
	0.02230998227	0.0224674945	0.02261575275	0.02275476843	0.02288455305
	0.02300511818	0.02311647547	0.02321863654	0.02331161303	0.02339541656
	0.02347005874	0.02353555137	0.023591907	0.02363914061	0.02367727451
	0.02370635202	0.02372647593	0.02373791603	0.02374140921	0.01502974162
	0.01502364557	0.01500645011	0.0149790005	0.01494161266	0.01489441164
	0.01483745375	0.01477077041	0.01469438385	0.01460831255	0.01451257305
	0.01440718033	0.01429214774	0.01416748664	0.0140332058	0.01388931069
	0.01373580245	0.01357267665	0.01339992187	0.01321751869	0.01302544103
	0.01282366561	0.01261220715	0.01239122952	0.01216137724	0.01192473835
	0.01168760433	0.01146832148	0.01131950185	0.01139050451	0.01210193783
	0.01462786061	0.02220557019	0.04358853981	0.1016468632	0.2523648872
	0.6157262576	1.382031309	2.656877188	4.075864012	4.774083895
	4.203964081	2.776159606	1.416994832	0.6032854504	0.2351842133
	0.09166689142	0.03954858114	0.02136394396	0.01530254476	0.01349819755
	0.01317294764	0.01335484185	0.01370545341	0.01410738616	0.01452012421
	0.01492981983	0.01533183713	0.01572469559	0.01610797624	0.01648160305
	0.01684560034	0.01720001373	0.01754488656	0.01788025455	0.01820614597
	0.01852258311	0.01882958391	0.01912716317	0.01941533362	0.01969410656
	0.01996349238	0.020223501	0.02047414203	0.02071542501	0.02094735953
	0.02116995529	0.02138322217	0.02158717025	0.02178180983	0.02196715142
	0.02214320578	0.02230998383	0.0224674967	0.02261575567	0.02275477215
	0.02288455767	0.02300512384	0.02311648231	0.02321864476	0.02331162285
	0.02339542822	0.02347007252	0.02353556756	0.02359192588	0.02363916244
	0.02367729941	0.02370637991	0.02372650642	0.02373794834	0.02374144218
	0.01502970966	0.01502361464	0.015006422	0.01497897642	0.01494159331
	0.01489439741	0.01483744492	0.01477076732	0.01469438705	0.01460832294
	0.014512592	0.01440720987	0.01429219079	0.01416754733	0.01403328998
	0.01388942652	0.01373596136	0.01357289457	0.01340022102	0.01321792991
	0.01302600678	0.01282444322	0.01261327017	0.01239265988	0.01216322351
	0.01192686123	0.01168915892	0.01146608717	0.01130257519	0.01132354363
	0.01187245735	0.01388118213	0.01983237123	0.03616230067	0.07883920506
	0.184566682	0.426359477	0.9103736657	1.684222544	2.53127551
	2.949403109	2.608857574	1.752509655	0.925430676	0.4129843099
	0.1698746312	0.07038353844	0.03273401785	0.0191936038	0.0146147009
	0.01328331068	0.01310850517	0.01333764047	0.01370253143	0.01410833948
	0.0145217831	0.01493130962	0.01533298778	0.01572553462	0.01610857195
	0.01648201987	0.01684588912	0.01720021209	0.01754502161	0.01788034553
	0.01820620646	0.01852262264	0.01882960913	0.01912717874	0.01941534276
	0.01969411148	0.01996349463	0.02022350162	0.02047414172	0.02071542425
	0.02094735864	0.02116995447	0.02138322157	0.02158716996	0.02178180992
	0.02196715196	0.0221432068	0.02230998539	0.02246749886	0.0226157585
	0.02275477574	0.02288456212	0.02300512928	0.0231164889	0.02321865269
	0.02331163233	0.02339543951	0.02347008592	0.0235355834	0.02359194452
	0.0236391842	0.02367732453	0.02370640841	0.02372653798	0.0237379821
	0.02374147675	0.01502967516	0.01502358145	0.01500639228	0.01497895147
	0.01494157371	0.01489438339	0.01483743661	0.01477076501	0.0146943913
	0.0146083347	0.01451261277	0.01440724189	0.0142922373	0.01416761295
	0.01403338118	0.01388955242	0.01373613469	0.01357313313	0.0134005496
	0.01321838299	0.01302663179	0.0128253041	0.01261444871	0.01239424674
	0.01216527208	0.01192922013	0.01169092286	0.01146386599	0.01128513819
	0.01125542082	0.01164416445	0.01315974932	0.01761981048	0.02952716676
	0.05945098749	0.1300952928	0.2830331422	0.5723952266	1.012939947
	1.479672473	1.704934831	1.514660962	1.039753707	0.5715265696
	0.2691693268	0.1179020514	0.0526491382	0.02683879807	0.01726063902
	0.01398900055	0.01308539901	0.01304920895	0.01332234755	0.01370052974
	0.01410984126	0.01452380784	0.01493305497	0.01533431989	0.01572650323
	0.0161092604	0.01648250315	0.01684622559	0.01720044474	0.01754518134
	0.01788045434	0.01820627984	0.01852267153	0.01882964118	0.0191271993
	0.01941535556	0.01969411911	0.01996349888	0.02022350371	0.02047414251
	0.02071542431	0.02094735835	0.0211699541	0.02138322129	0.0215871699
	0.02178181016	0.02196715257	0.02214320785	0.02230998693	0.02246750095
	0.02261576121	0.02275477916	0.02288456635	0.02300513445	0.02311649516
	0.02321866022	0.02331164137	0.02339545033	0.02347009883	0.02353559878
	0.02359196279	0.0236392058	0.02367734985	0.02370643766	0.02372657093
	0.02373801782	0.02374151354	0.01502963713	0.0150235452	0.01500636048
	0.01497892542	0.01494155376	0.0148943695	0.01483742873	0.0147707633
	0.01469439625	0.01460834727	0.01451263453	0.0144072752	0.01429228559
	0.01416768108	0.01403347604	0.01388968367	0.01373631584	0.01357338308
	0.01340089472	0.0132188599	0.01302729089	0.01282621326	0.01261569478
	0.01239592628	0.01216744455	0.01193174063	0.01169290373	0.01146201866
	0.01126877805	0.01119164489	0.01143448418	0.01251538424	0.01571180439
	0.02404140798	0.04419161758	0.08955185759	0.1825546573	0.348759794
	0.5887642214	0.8325920747	0.9454768481	0.8434243011	0.5931068355
	0.3405108668	0.1700394557	0.07999784975	0.03904755019	0.02212551909
	0.01566378468	0.01345950589	0.01291554948	0.0129984359	0.01330986322
	0.01369959671	0.01411183763	0.01452610896	0.01493497602	0.01533577168
	0.01572755606	0.016110009	0.01648302972	0.01684659335	0.01720070009
	0.01754535761	0.01788057522	0.0182063621	0.01852272696	0.01882967807
	0.01912722347	0.01941537106	0.01969412877	0.01996350467	0.02022350698
	0.02047414419	0.02071542504	0.02094735858	0.02116995412	0.0213832213
	0.02158717004	0.02178181054	0.02196715326	0.02214320891	0.02230998843
	0.02246750294	0.02261576377	0.02275478237	0.02288457032	0.02300513929
	0.02311650102	0.02321866729	0.02331164987	0.02339546055	0.02347011111
	0.02353561354	0.02359198053	0.0236392271	0.02367737531	0.02370646774
	0.0237266056	0.02373805615	0.02374155332	0.01502959425	0.01502350489
	0.01500632612	0.01497889815	0.0149415335	0.01489435579	0.01483742123
	0.01477076198	0.01469440153	0.01460836008	0.01451265642	0.01440730854
	0.01429233384	0.0141677492	0.014033571	0.01388981526	0.01373649781
	0.01357363464	0.01340124266	0.01321934144	0.01302795727	0.01282713349
	0.01261695724	0.01239763005	0.0121696551	0.01193433309	0.01169506788
	0.01146076815	0.01125458025	0.01113586129	0.0112539792	0.01197516199
	0.01416582222	0.01977525764	0.03287810434	0.06106807564	0.115932018
	0.208711935	0.335774879	0.4590905726	0.5131783399	0.4597008
	0.3315607472	0.1992199019	0.1059535237	0.05406296254	0.02925471494
	0.01858424924	0.01442255505	0.01303753985	0.01277833022	0.01295768002
	0.01330053331	0.01369971069	0.01411421811	0.01452857518	0.01493698273
	0.01533727565	0.01572864408	0.01611078266	0.01648357463	0.01684697474
	0.01720096567	0.01754554162	0.017880702	0.01820644888	0.01852278588
	0.01882971768	0.01912724976	0.01941538823	0.01969413975	0.0199635115
	0.02022351108	0.02047414653	0.0207154263	0.02094735921	0.02116995444
	0.02138322154	0.02158717034	0.02178181101	0.02196715398	0.02214320995
	0.02230998985	0.02246750481	0.02261576615	0.02275478534	0.02288457397
	0.02300514374	0.02311650642	0.02321867381	0.02331165774	0.02339547004
	0.02347012259	0.02353562748	0.02359199753	0.02363924789	0.02367740076
	0.02370649865	0.02372664234	0.02373809786	0.02374159716	0.0150295446
	0.01502345928	0.01500628879	0.01497886971	0.01494151309	0.01489434237
	0.0148374141	0.01477076092	0.01469440681	0.01460837254	0.01451267754
	0.01440734062	0.01429238024	0.01416781471	0.01403366241	0.01388994212
	0.01373667349	0.01357387783	0.01340157946	0.0132198081	0.01302860369
	0.0128280269	0.01261818394	0.01239928784	0.01217181362	0.01193689507
	0.01169733806	0.01146018405	0.01124309126	0.01108985317	0.01110693885
	0.01154575903	0.01297631368	0.01661920641	0.02488039154	0.04193093209
	0.07354156132	0.1242964273	0.1903703489	0.2516165493	0.2768757408
	0.2492009314	0.1845732465	0.1163693919	0.06633132481	0.03713803345
	0.02254273728	0.01605395187	0.01350556944	0.01271817945	0.01267326848
	0.0129268932	0.01329423389	0.01370070602	0.0141168269	0.01453108007
	0.01493897935	0.01533876168	0.01572971683	0.01611154539	0.01648411234
	0.01684735167	0.01720122869	0.01754572433	0.0178808283	0.01820653569
	0.01852284513	0.01882975778	0.01912727662	0.01941540598	0.01969415129
	0.01996351885	0.02022351564	0.02047414927	0.0207154279	0.02094736013
	0.021169955	0.02138322195	0.02158717076	0.02178181155	0.02196715473
	0.02214321096	0.02230999119	0.02246750653	0.02261576832	0.02275478803
	0.02288457727	0.02300514776	0.02311651129	0.0232186797	0.02331166486
	0.02339547868	0.02347013312	0.0235356404	0.02359201352	0.02363926787
	0.02367742589	0.02370653028	0.02372668148	0.02373814401	0.02374164659
	0.01502948512	0.01502340675	0.01500624825	0.01497884043	0.01494149293
	0.01489432952	0.01483740745	0.01477076001	0.01469441178	0.01460838411
	0.01451269706	0.01440737021	0.01429242301	0.01416787512	0.01403374678
	0.01389005931	0.01373683594	0.01357410295	0.01340189154	0.01322024089
	0.01302920362	0.01282885658	0.01261932399	0.01240083061	0.01217382966
	0.0119393163	0.01169960068	0.01146019966	0.01123438952	0.0110538805
	0.01099293579	0.01122010996	0.01210118649	0.01438129184	0.01944525196
	0.02952516447	0.04740586583	0.07477927794	0.1087734211	0.1389243089
	0.1505670057	0.1363370888	0.1039480214	0.06910231585	0.04260343324
	0.02648636316	0.01812138452	0.01432064557	0.01285734668	0.01248737801
	0.01259672677	0.01290498467	0.01329051045	0.0137023165	0.0141194797
	0.01453349039	0.01494086939	0.01534016038	0.01573072472	0.01611226189
	0.01648461778	0.0168477064	0.0172014766	0.01754589689	0.01788094788
	0.01820661813	0.01852290162	0.01882979621	0.01912730252	0.01941542325
	0.01969416265	0.0199635262	0.02022352031	0.02047415218	0.02071542968
	0.02094736122	0.02116995571	0.02138322248	0.02158717127	0.02178181213
	0.02196715546	0.02214321191	0.02230999241	0.02246750808	0.02261577025
	0.02275479041	0.02288458018	0.02300515129	0.02311651557	0.02321868488
	0.02331167114	0.02339548633	0.02347014251	0.02353565205	0.02359202817
	0.0236392866	0.02367745024	0.02370656227	0.02372672321	0.02373819593
	0.02374170398	0.01502941049	0.01502334539	0.01500620481	0.01497881116
	0.01494147374	0.01489431769	0.01483740145	0.01477075921	0.0146944162
	0.01460839431	0.01451271421	0.01440739616	0.01429246051	0.0141679281
	0.01403382081	0.01389016223	0.01373697873	0.01357430098	0.01340216627
	0.01322062211	0.01302973236	0.0128295882	0.01262032993	0.01240219363
	0.01217561688	0.0119414858	0.01170172002	0.01146065131	0.01122821987
	0.01102717752	0.01090866264	0.01098394573	0.01148375421	0.01285474072
	0.0158791352	0.02172769249	0.03170688353	0.04634009011	0.0637456507
	0.07855960381	0.08390642837	0.07661023572	0.06039527852	0.04265714904
	0.02874325117	0.01998176225	0.01530777054	0.01317761395	0.01241752771
	0.01232776598	0.01254360575	0.01289031896	0.01328872767	0.01370422424
	0.01412198237	0.01453567491	0.01494256073	0.01534140636	0.01573162125
	0.01611289915	0.01648506755	0.01684802233	0.01720169766	0.01754605098
	0.01788105487	0.01820669206	0.01852295244	0.01882983091	0.01912732603
	0.01941543903	0.01969417313	0.01996353306	0.02022352474	0.02047415501
	0.02071543147	0.02094736236	0.02116995648	0.02138322307	0.02158717181
	0.02178181272	0.02196715616	0.02214321279	0.0223099935	0.02246750944
	0.02261577192	0.02275479245	0.02288458266	0.0230051543	0.0231165192
	0.02321868927	0.02331167648	0.02339549286	0.02347015058	0.02353566217
	0.0235920411	0.02363930356	0.02367747311	0.02370659393	0.0237267674
	0.02373825528	0.0237417732	0.0150293105	0.01502327336	0.01500615994
	0.01497878352	0.01494145661	0.01489430747	0.01483739639	0.01477075854
	0.01469441985	0.01460840272	0.01451272832	0.01440741748	0.0142924913
	0.01416797161	0.01403388163	0.01389024683	0.01373709617	0.01357446395
	0.01340239248	0.01322093616	0.01303016813	0.01283019143	0.01262115983
	0.01240331948	0.01217709769	0.01194330008	0.01170355643	0.01146132838
	0.01122415063	0.01100846739	0.01084960199	0.0108209854	0.01106771889
	0.01185618126	0.01362515404	0.0169825263	0.02252661119	0.03035053256
	0.03929989955	0.04663303357	0.04911026172	0.0453601313	0.03719629005
	0.02813710959	0.0208447835	0.01612937758	0.01358026555	0.01245355331
	0.01213195503	0.0122225118	0.01250860994	0.0128811207	0.01328820031
	0.01370610476	0.01412414863	0.01453751286	0.0149439704	0.01534244134
	0.01573236516	0.01611342789	0.01648544089	0.01684828476	0.01720188145
	0.01754617926	0.01788114406	0.01820675382	0.01852299499	0.01882986006
	0.01912734586	0.01941545242	0.01969418208	0.01996353899	0.02022352863
	0.02047415754	0.02071543311	0.02094736346	0.02116995725	0.02138322368
	0.02158717235	0.02178181328	0.02196715681	0.02214321356	0.02230999444
	0.02246751058	0.02261577331	0.02275479413	0.02288458469	0.02300515674
	0.02311652214	0.02321869282	0.02331168079	0.02339549814	0.02347015715
	0.02353567048	0.0235920519	0.02363931808	0.02367749352	0.02370662397
	0.02372681318	0.02373832388	0.02374186118	0.01502916359	0.01502319079
	0.01500611755	0.01497876025	0.01494144303	0.01489429963	0.01483739258
	0.01477075808	0.01469442262	0.01460840903	0.01451273885	0.01440743337
	0.01429251423	0.01416800399	0.01403392689	0.01389030979	0.0137371836
	0.01357458531	0.01340256099	0.01322117019	0.01303049298	0.01283064131
	0.01262177918	0.01240416079	0.01217820768	0.01194467148	0.01170498549
	0.01146202483	0.01122172461	0.01099641309	0.01081133752	0.01071651358
	0.01080588415	0.01124256884	0.01227847966	0.01423475216	0.01738327004
	0.02167949447	0.02642293531	0.03017787106	0.03137208906	0.02939889479
	0.02517071919	0.02042033052	0.01651667626	0.01395008256	0.01257329305
	0.01202034352	0.01195754849	0.01215743011	0.01248704111	0.0128757555
	0.01328829168	0.01370766312	0.01412581499	0.01453890115	0.01494502875
	0.01534321675	0.01573292221	0.01611382384	0.01648572058	0.01684848149
	0.01720201935	0.0175462756	0.01788121114	0.01820680035	0.01852302712
	0.01882988214	0.01912736094	0.01941546265	0.01969418899	0.01996354362
	0.02022353171	0.02047415959	0.02071543449	0.02094736441	0.02116995795
	0.02138322424	0.02158717287	0.02178181381	0.02196715738	0.02214321422
	0.02230999522	0.02246751151	0.02261577441	0.02275479544	0.02288458624
	0.02300515859	0.02311652435	0.02321869548	0.02331168401	0.02339550208
	0.02347016205	0.02353567673	0.02359206014	0.02363932946	0.02367751023
	0.02370665042	0.0237268582	0.02373840269	0.0237419813	0.01502892015
	0.0150231065	0.01500608604	0.01497874531	0.01494143475	0.01489429496
	0.01483739038	0.01477075794	0.01469442447	0.01460841305	0.01451274546
	0.01440744327	0.01429252845	0.01416802403	0.01403395486	0.01389034866
	0.01373723756	0.0135746602	0.01340266498	0.01322131465	0.01303069358
	0.01283091932	0.0126221624	0.01240468263	0.01217889958	0.01194553599
	0.01170591595	0.01146258643	0.0112205899	0.01098997789	0.01079050011
	0.01065963267	0.01066456988	0.01091604947	0.01157476233	0.01282890907
	0.01481147691	0.01744255128	0.02026014245	0.02242442718	0.02307809384
	0.02192141627	0.01947180471	0.01669279643	0.01437632743	0.01284535939
	0.01205055119	0.01179058729	0.011863376	0.01212183281	0.01247520282
	0.01287289464	0.0132884775	0.0137086594	0.01412685192	0.0145397601
	0.0149456828	0.01534369601	0.01573326667	0.01611406884	0.01648589375
	0.01684860338	0.01720210486	0.01754633541	0.01788125284	0.01820682933
	0.01852304719	0.01882989597	0.01912737045	0.01941546916	0.01969419342
	0.01996354663	0.02022353377	0.02047416101	0.02071543549	0.02094736515
	0.02116995853	0.02138322473	0.02158717332	0.02178181427	0.02196715787
	0.02214321476	0.02230999583	0.0224675122	0.02261577521	0.02275479636
	0.02288458731	0.02300515983	0.02311652581	0.02321869721	0.02331168608
	0.0233955046	0.02347016517	0.02353568072	0.02359206546	0.02363933701
	0.0236775219	0.02370667054	0.02372689751	0.02373848835	0.02374216176
	0.01502845781	0.01502306013	0.01500608032	0.01497874335	0.01494143339
	0.01489429412	0.01483739012	0.01477075828	0.01469442543	0.01460841472
	0.014512748	0.0144074469	0.01429253352	0.01416803104	0.01403396453
	0.013890362	0.01373725598	0.01357468569	0.01340270031	0.01322136371
	0.0130307618	0.01283101421	0.01262229413	0.01240486438	0.01217914654
	0.01194585972	0.01170630528	0.01146295096	0.01122060703	0.0109887042
	0.01078544443	0.01064469499	0.01062584319	0.01082422747	0.01137369824
	0.01242355639	0.01406670141	0.01621385111	0.01847222896	0.02017130174
	0.02065545512	0.0197146107	0.01776242031	0.01555033613	0.01370330922
	0.01248803288	0.01187631506	0.01171153812	0.0118298353	0.0121086199
	0.01247053272	0.01287158774	0.01328837927	0.01370892365	0.01412717106
	0.01454003738	0.01494589866	0.01534385605	0.01573338245	0.01611415152
	0.01648595235	0.01684864471	0.01720213391	0.01754635578	0.01788126709
	0.01820683928	0.01852305413	0.01882990081	0.01912737383	0.01941547152
	0.01969419509	0.01996354783	0.02022353465	0.02047416167	0.02071543602
	0.02094736559	0.02116995892	0.0213832251	0.02158717369	0.02178181464
	0.02196715825	0.02214321516	0.02230999626	0.02246751266	0.0226157757
	0.0227547969	0.0228845879	0.02300516048	0.02311652653	0.02321869802
	0.02331168701	0.02339550568	0.02347016647	0.02353568234	0.02359206764
	0.02363934025	0.02367752739	0.0237066814	0.02372692283	0.02373856187
	0.02374246653	