3131	
	0.01501215698	0.0150053686	0.01498795613	0.01496038834	0.01492291585
	0.01487564833	0.01481863706	0.0147519115	0.01467549337	0.01458940184
	0.01449365543	0.01438827281	0.01427327323	0.01414867708	0.0140145065
	0.01387078639	0.01371754586	0.01355482034	0.01338265456	0.01320110709
	0.01301025685	0.01281021322	0.01260113199	0.01238324234	0.01215689541
	0.01192265762	0.01168149886	0.01143518243	0.01118707569	0.01094380427
	0.01071849081	0.01053667691	0.01044602581	0.01052941054	0.01091580277
	0.01177229836	0.01324717183	0.01533935447	0.01773486575	0.01977282297
	0.02071762536	0.02022583847	0.01858182776	0.01646868403	0.0145347776
	0.01313285639	0.01232162788	0.01199463675	0.012001226	0.0122114509
	0.01253466442	0.01291515347	0.01332143412	0.01373668685	0.01415222671
	0.01456362789	0.01496861691	0.01536599157	0.01575508607	0.01613551063
	0.01650702442	0.01686947194	0.01722274972	0.01756678775	0.01790153846
	0.01822696978	0.01854306058	0.01884979757	0.01914717313	0.01943518381
	0.01971382927	0.01998311147	0.0202430342	0.02049360261	0.020734823
	0.02096670253	0.02118924911	0.02140247128	0.0216063781	0.02180097906
	0.02198628406	0.0221623033	0.02232904727	0.02248652669	0.02263475246
	0.02277373561	0.02290348728	0.02302401864	0.02313534087	0.0232374651
	0.02333040236	0.02341416356	0.02348875939	0.02355420052	0.02361049788
	0.02365766401	0.02369571709	0.02372469272	0.02374467787	0.02375590491
	0.02375898608	0.01501169762	0.01500532082	0.01498795002	0.01496038612
	0.01492291405	0.01487564679	0.01481863576	0.01475191034	0.01467549222
	0.01458940053	0.01449365376	0.01438827051	0.01427326996	0.01414867233
	0.0140144996	0.01387077638	0.0137175314	0.01355479951	0.01338262471
	0.01320106447	0.01301019629	0.01281012767	0.01260101219	0.01238307703
	0.01215667343	0.01192237542	0.01168118258	0.01143494725	0.01118727714
	0.01094540725	0.01072393061	0.01055176401	0.01048387454	0.01061776866
	0.01110870854	0.01216364261	0.01397472116	0.01655513413	0.0195208762
	0.02203232835	0.02314672788	0.02243930116	0.02030524405	0.01763314423
	0.01523026152	0.01350657272	0.01250492625	0.01207747757	0.01203578982
	0.01222460182	0.01253901001	0.01291617062	0.01332133843	0.01373630792
	0.01415184315	0.01456331433	0.01496837951	0.01536581757	0.01575496032
	0.01613542028	0.01650695963	0.0168694255	0.01722271641	0.01756676385
	0.01790152128	0.01822695743	0.0185430517	0.01884979119	0.01914716855
	0.01943518054	0.01971382694	0.01998310983	0.02024303307	0.02049360186
	0.02073482252	0.02096670226	0.021189249	0.0214024713	0.02160637821
	0.02180097925	0.02198628432	0.02216230361	0.02232904764	0.02248652711
	0.02263475293	0.02277373613	0.02290348785	0.02302401927	0.02313534158
	0.0232374659	0.02333040329	0.02341416463	0.02348876068	0.02355420213
	0.02361050003	0.0236576672	0.02369572248	0.02372470343	0.02374470324
	0.02375597944	0.02375928776	0.01501145537	0.01500523645	0.0149879175
	0.0149603699	0.0149229041	0.01487563983	0.01481863039	0.01475190575
	0.0146754878	0.01458939573	0.01449364794	0.01438826289	0.01427325949
	0.01414865759	0.01401447856	0.01387074623	0.01371748814	0.01355473753
	0.01338253608	0.01320093809	0.01301001668	0.01280987355	0.01260065509
	0.01238258098	0.01215599894	0.0119214968	0.01168014269	0.0114340119
	0.01118734437	0.01094904285	0.01073787286	0.01059267482	0.01059068139
	0.0108757379	0.01168989788	0.01337831229	0.01629680788	0.0205340615
	0.02548934984	0.02970056687	0.0314702712	0.03005907914	0.0262462599
	0.02164890708	0.01763266898	0.01480378805	0.01314748398	0.01237284444
	0.01216246173	0.0122750556	0.01255720235	0.01292159346	0.0133221253
	0.01373565222	0.01415090714	0.01456247008	0.01496771156	0.01536531666
	0.01575459369	0.01613515491	0.01650676851	0.01686928809	0.01722261763
	0.01756669278	0.01790147009	0.0182269205	0.01854302501	0.01884977187
	0.01914715455	0.01943517038	0.01971381956	0.01998310448	0.0202430292
	0.02049359908	0.02073482056	0.0209667009	0.0211892481	0.02140247074
	0.02160637793	0.02180097919	0.02198628444	0.02216230389	0.02232904807
	0.02248652768	0.02263475364	0.02277373699	0.02290348888	0.02302402049
	0.02313534302	0.02323746762	0.02333040535	0.02341416714	0.0234887638
	0.02355420612	0.02361050535	0.02365767474	0.02369573414	0.02372472358
	0.02374474257	0.02375606438	0.02375946637	0.01501130832	0.01500515336
	0.01498787362	0.01496034456	0.0149228878	0.01487562828	0.01481862143
	0.01475189808	0.01467548044	0.01458938777	0.01449363838	0.01438825045
	0.01427324249	0.0141486337	0.01401444454	0.0138706975	0.01371741827
	0.01355463742	0.01338239293	0.01320073391	0.01300972641	0.01280946271
	0.01260007749	0.01238177831	0.01215490756	0.01192007733	0.01167847457
	0.01143256381	0.0111877032	0.01095579466	0.01076325814	0.01066756826
	0.01078892182	0.0113634919	0.0128129973	0.01578253658	0.02100773716
	0.02879413899	0.0381072921	0.04608051589	0.04926294757	0.04620564517
	0.03863074755	0.02984411733	0.02242295176	0.01733195694	0.01437394437
	0.01292672221	0.01239680024	0.01236765713	0.01259063893	0.01293181021
	0.01332391675	0.01373477779	0.01414945986	0.01456112808	0.0149666391
	0.01536450872	0.01575400095	0.01613472532	0.01650645882	0.01686906527
	0.01722245734	0.01756657737	0.01790138688	0.01822686039	0.0185429815
	0.0188497403	0.0191471316	0.01943515365	0.01971380736	0.01998309557
	0.0202430227	0.02049359435	0.02073481713	0.02096669846	0.0211892464
	0.02140246961	0.02160637725	0.02180097887	0.02198628442	0.02216230414
	0.02232904855	0.0224865284	0.02263475459	0.0227737382	0.02290349036
	0.0230240223	0.0231353452	0.02323747026	0.02333040855	0.02341417107
	0.0234887687	0.02355421237	0.02361051359	0.02365768613	0.02369575088
	0.02372475006	0.02374478749	0.02375614242	0.02375958546	0.01501120727
	0.0150050801	0.01498782677	0.01496031422	0.01492286704	0.01487561311
	0.01481860948	0.01475188777	0.01467547054	0.01458937709	0.01449362558
	0.01438823387	0.01427321986	0.01414860193	0.01401439928	0.01387063266
	0.01371732522	0.01355450401	0.01338220203	0.01320046148	0.01300933893
	0.01280891409	0.01259930622	0.01238070726	0.01215345484	0.01191820126
	0.0116763173	0.01143086644	0.01118894304	0.01096718243	0.01080435126
	0.01078880407	0.01111429947	0.01218141724	0.01474731307	0.02005074993
	0.02964117077	0.04439246801	0.06250731984	0.07817731044	0.08414040865
	0.07746648593	0.06206527089	0.04489660751	0.03093686601	0.02167961712
	0.01641871804	0.01382496789	0.01276808654	0.01251180843	0.01264221351
	0.01294771531	0.01332702373	0.01373382665	0.01414758803	0.01455934993
	0.01496520764	0.01536342736	0.01575320664	0.01613414927	0.01650604335
	0.0168687662	0.01722224207	0.01756642227	0.01790127495	0.01822677945
	0.01854292283	0.01884969767	0.01914710054	0.01943513097	0.01971379075
	0.0199830834	0.02024301376	0.02049358781	0.02073481236	0.02096669501
	0.02118924396	0.02140246795	0.0216063762	0.02180097832	0.02198628428
	0.02216230436	0.02232904911	0.02248652927	0.0226347558	0.02277373975
	0.0229034923	0.02302402467	0.0231353481	0.02323747378	0.02333041284
	0.02341417634	0.02348877525	0.02355422067	0.02361052439	0.02365770066
	0.02369577131	0.02372478012	0.02374483314	0.0237562105	0.02375967286
	0.01501113094	0.01500501691	0.01498778089	0.0149602817	0.01492284349
	0.0148755953	0.01481859517	0.01475187532	0.01467545857	0.01458936422
	0.01449361023	0.014388214	0.01427319278	0.0141485639	0.01401434507
	0.0138705549	0.01371721352	0.01355434369	0.0133819724	0.01320013352
	0.01300887216	0.012808253	0.01259837697	0.0123794185	0.0121517137
	0.01191597723	0.01167384568	0.01142924257	0.01119177963	0.01098508166
	0.01086660188	0.01097289037	0.01161688224	0.01347774844	0.01791264448
	0.02729467178	0.04486842808	0.07292464589	0.1084448385	0.1395816853
	0.1508984254	0.1364236866	0.1050642061	0.07154286143	0.04542229605
	0.02878780998	0.01963851455	0.0151923447	0.01331713154	0.01272014607
	0.01271570631	0.01297046117	0.01333185132	0.01373298926	0.0141454101
	0.01455721992	0.01496347921	0.01536211812	0.01575224393	0.01613345069
	0.01650553929	0.01686840318	0.01722198061	0.01756623375	0.01790113878
	0.01822668087	0.01854285129	0.01884964561	0.01914706254	0.01943510316
	0.01971377034	0.01998306838	0.02024300271	0.02049357967	0.0207348064
	0.02096669068	0.02118924086	0.02140246581	0.02160637481	0.02180097755
	0.02198628403	0.02216230456	0.02232904973	0.0224865303	0.02263475724
	0.02277374163	0.02290349467	0.0230240276	0.02313535168	0.02323747814
	0.02333041816	0.02341418286	0.02348878331	0.02355423078	0.02361053732
	0.02365771763	0.02369579419	0.02372481176	0.02374487722	0.02375626954
	0.02375974177	0.01501106935	0.01500496214	0.01498773756	0.01496024877
	0.01492281842	0.01487557571	0.01481857914	0.01475186127	0.01467544507
	0.01458934976	0.01449359306	0.01438819187	0.01427316265	0.01414852157
	0.01401428465	0.01387046809	0.01371708861	0.01355416415	0.01338171492
	0.01319976537	0.01300834777	0.01280750996	0.01259733278	0.01237797283
	0.01214977083	0.01191353212	0.01167125785	0.01142804555	0.01119698222
	0.01101153627	0.01095619015	0.01123956103	0.01236012597	0.01545240417
	0.02291342304	0.0392270137	0.07108909917	0.1241729391	0.1937521731
	0.2557335292	0.2772677722	0.2461824697	0.1826493551	0.117691435
	0.06939889391	0.04003229691	0.02451951903	0.01718726979	0.01409212993
	0.01300650115	0.01281494163	0.01300114031	0.01333878386	0.01373246292
	0.01414306024	0.01455483799	0.01496152866	0.01536063627	0.01575115307
	0.01613265864	0.01650496749	0.01686799113	0.01722168363	0.01756601943
	0.01790098381	0.01822656855	0.01854276965	0.01884958609	0.01914701901
	0.01943507122	0.01971374684	0.01998305104	0.0202429899	0.02049357021
	0.02073479943	0.02096668559	0.0211892372	0.02140246326	0.02160637315
	0.0218009766	0.02198628369	0.02216230476	0.02232905042	0.02248653148
	0.02263475892	0.02277374384	0.02290349746	0.02302403105	0.0231353559
	0.02323748328	0.02333042441	0.02341419049	0.0234887927	0.02355424243
	0.02361055198	0.02365773637	0.02369581855	0.02372484374	0.02374491887
	0.02375632128	0.023759799	0.01501101735	0.01500491403	0.01498769721
	0.01496021643	0.01492279277	0.0148755551	0.01481856199	0.01475184616
	0.01467543058	0.01458933438	0.01449357493	0.01438816861	0.01427313103
	0.01414847711	0.01401422109	0.01387037658	0.01371695665	0.01355397408
	0.01338144185	0.01319937435	0.01300779018	0.01280671938	0.01259622209
	0.01237643838	0.01214772225	0.01191100311	0.01166875864	0.01142761809
	0.01120526006	0.01104843391	0.01107911399	0.01160938076	0.01341549269
	0.01834923337	0.03054961389	0.05830995024	0.1151557973	0.2144805918
	0.3497829673	0.4725736931	0.5134360092	0.4476708087	0.3202691323
	0.195908236	0.1080418301	0.05726928966	0.03165971285	0.0199858553
	0.01514078293	0.01338272759	0.0129426383	0.01304039234	0.01334805343
	0.01373240656	0.01414067124	0.01455231208	0.01495943945	0.01535904413
	0.01574997963	0.01613180607	0.0165043516	0.01686754698	0.01722136322
	0.01756578793	0.0179008162	0.01822644687	0.01854268106	0.01884952138
	0.01914697157	0.01943503633	0.01971372109	0.01998303199	0.02024297577
	0.02049355973	0.02073479168	0.0209666799	0.0211892331	0.02140246039
	0.02160637125	0.02180097551	0.02198628328	0.02216230497	0.0223290512
	0.02248653281	0.02263476081	0.02277374634	0.02290350063	0.02302403498
	0.02313536071	0.02323748912	0.02333043151	0.02341419912	0.02348880322
	0.02355425535	0.02361056797	0.02365775634	0.02369584368	0.02372487536
	0.02374495796	0.02375636733	0.02375984834	0.01501097204	0.01500487115
	0.01498765977	0.01496018519	0.01492276717	0.01487553404	0.01481854426
	0.0147518305	0.01467541568	0.01458931874	0.01449355671	0.01438814541
	0.01427309958	0.01414843286	0.01401415766	0.01387028498	0.01371682417
	0.01355378274	0.01338116629	0.01319897897	0.01300722551	0.01280591805
	0.01259509654	0.01237488732	0.01214566822	0.01190852849	0.01166653965
	0.01142824041	0.0112171099	0.01109703243	0.01123970969	0.01209925627
	0.0148497123	0.02242439165	0.04175980451	0.08775298061	0.186914669
	0.3693259143	0.6282709952	0.8681439798	0.9450441834	0.8093993947
	0.5586035593	0.3248811156	0.1683640867	0.08275212024	0.04169674394
	0.02374756745	0.01649710726	0.01385418731	0.0130989687	0.01308796169
	0.01335960468	0.0137328973	0.01413835835	0.01454975059	0.01495729935
	0.01535740826	0.01574877253	0.01613092836	0.01650371704	0.0168670889
	0.01722103236	0.01756554855	0.01790064258	0.01822632059	0.0185425889
	0.01884945388	0.01914692196	0.01943499972	0.01971369398	0.01998301185
	0.02024296078	0.02049354858	0.0207347834	0.0209666738	0.02118922867
	0.02140245728	0.0216063692	0.02180097433	0.02198628285	0.0221623052
	0.02232905206	0.02248653429	0.02263476292	0.02277374912	0.02290350416
	0.02302403935	0.02313536605	0.0232374956	0.02333043935	0.02341420859
	0.02348881469	0.02355426929	0.02361058497	0.02365777713	0.02369586912
	0.02372490626	0.02374499468	0.02375640899	0.02375989213	0.01501093163
	0.01500483236	0.01498762496	0.01496015527	0.01492274203	0.01487551301
	0.01481852641	0.01475181479	0.01467540092	0.01458930354	0.01449353931
	0.01438812348	0.01427306997	0.01414839116	0.0140140977	0.01387019802
	0.01371669784	0.01355359956	0.01338090158	0.0131985981	0.01300668039
	0.01280514346	0.01259400864	0.01237339247	0.01214370779	0.01190623806
	0.01166475827	0.01143007383	0.01123264027	0.01115737116	0.01143863515
	0.01271557756	0.01670216404	0.02787616456	0.05742691167	0.1310836101
	0.2986612542	0.6237739386	1.104962641	1.560261096	1.702644644
	1.434742334	0.9565241473	0.5295773346	0.2587011304	0.1187670992
	0.05514495248	0.02855616376	0.0181625285	0.01441417147	0.01328000224
	0.01314227753	0.01337298092	0.01373389644	0.01413620645	0.01454725573
	0.01495519616	0.01535579644	0.01574758187	0.01613006182	0.01650308989
	0.01686663558	0.0172207044	0.0175653108	0.01790046976	0.01822619456
	0.01854249666	0.01884938612	0.01914687197	0.01943496269	0.01971366645
	0.01998299132	0.02024294543	0.02049353709	0.02073477484	0.02096666746
	0.02118922406	0.02140245403	0.02160636705	0.02180097309	0.02198628241
	0.02216230547	0.022329053	0.0224865359	0.02263476522	0.02277375215
	0.022903508	0.0230240441	0.02313537185	0.02323750264	0.02333044783
	0.0234142188	0.02348882696	0.02355428404	0.0236106027	0.02365779844
	0.02369589459	0.02372493633	0.02374502933	0.02375644729	0.02375993188
	0.01501089491	0.01500479682	0.01498759244	0.01496012673	0.01492271761
	0.01487549234	0.01481850883	0.01475179946	0.01467538682	0.01458928942
	0.01449352357	0.014388104	0.01427304382	0.01414835431	0.01401404443
	0.01387012025	0.01371658414	0.01355343373	0.01338066076	0.01319825016
	0.0130061808	0.01280443214	0.01259300934	0.01237202375	0.01214193353
	0.01190424405	0.01166351892	0.01143311046	0.01125140682	0.01122767411
	0.01167061955	0.01344566953	0.01895276853	0.03472785299	0.07797418813
	0.1908841641	0.4617607107	1.01507115	1.866325833	2.687718756
	2.943514275	2.450189648	1.584332167	0.837204992	0.3866574137
	0.1668024386	0.07211519052	0.03433677721	0.02008358314	0.0150383541
	0.01347642229	0.01320017714	0.01338726631	0.01373523486	0.01413426333
	0.01454491869	0.01495321389	0.01535427483	0.0157464568	0.01612924214
	0.01650249579	0.01686620535	0.01722039244	0.01756508406	0.01790030443
	0.01822607358	0.01854240778	0.01884932053	0.01914682337	0.01943492652
	0.01971363941	0.01998297104	0.02024293019	0.02049352564	0.02073476625
	0.02096666108	0.0211892194	0.02140245073	0.02160636487	0.02180097185
	0.02198628199	0.0221623058	0.02232905404	0.02248653764	0.02263476769
	0.02277375541	0.02290351212	0.0230240492	0.02313537806	0.02323751015
	0.02333045685	0.0234142296	0.02348883986	0.02355429941	0.02361062097
	0.02365782004	0.02369591991	0.02372496557	0.02374506227	0.023756483
	0.02375996866	0.01501086101	0.01500476383	0.01498756188	0.01496009951
	0.01492269403	0.01487547227	0.01481849183	0.01475178489	0.01467537384
	0.01458927697	0.01449351028	0.01438808803	0.01427302265	0.0141483244
	0.01401400083	0.01387005592	0.01371648909	0.01355329379	0.01338045589
	0.01319795225	0.01300575091	0.01280381798	0.01259214572	0.01237084496
	0.01214042683	0.01190263421	0.01166286078	0.0114371435	0.01127231163
	0.01130393655	0.01192266027	0.01424986244	0.0214874268	0.04268003005
	0.1027556669	0.26643825	0.6785700253	1.559577102	2.958270011
	4.327822114	4.763194677	3.943730988	2.49315017	1.264615976
	0.5545970617	0.226155748	0.09193968867	0.0407661722	0.02213286219
	0.01568135959	0.01367309884	0.01325692363	0.01340112126	0.01373662648
	0.01413254104	0.01454281702	0.01495142965	0.01535290518	0.01574544347
	0.01612850284	0.01650195885	0.01686581547	0.01722010882	0.01756487712
	0.0179001529	0.01822596216	0.01854232549	0.01884925947	0.01914677783
	0.0194348924	0.01971361375	0.01998295166	0.02024291552	0.02049351454
	0.02073475788	0.02096665482	0.02118921481	0.02140244748	0.02160636273
	0.02180097065	0.02198628162	0.0221623062	0.02232905517	0.0224865395
	0.02263477032	0.02277375886	0.02290351648	0.02302405458	0.02313538462
	0.02323751804	0.02333046632	0.02341424089	0.02348885326	0.02355431526
	0.02361063961	0.0236578418	0.02369594503	0.02372499408	0.02374509383
	0.02375651676	0.02376000323	0.01501082928	0.01500473285	0.01498753295
	0.01496007349	0.01492267135	0.01487545296	0.01481847565	0.01475177138
	0.01467536237	0.0145892667	0.01449350011	0.0143880765	0.01427300773
	0.01414830328	0.0140139695	0.01387000872	0.01371641794	0.0135531872
	0.0133802976	0.01319771939	0.01300541191	0.01280333075	0.01259145886
	0.01236991084	0.01213925429	0.01190146784	0.01166275581	0.01144177325
	0.011293626	0.01137993847	0.0121736679	0.01505826804	0.02407736449
	0.05099470174	0.1294584414	0.3509130904	0.9309385879	2.215663086
	4.299039678	6.352843309	7.032073891	5.840521431	3.651909399
	1.795071329	0.7528027258	0.2922569852	0.1128275956	0.04721681899
	0.02410431718	0.0162781803	0.01385013656	0.01330664739	0.0134129355
	0.01373771366	0.01413102608	0.01454101456	0.01494991116	0.01535174246
	0.01574458304	0.01612787387	0.01650150057	0.01686548133	0.01721986454
	0.01756469789	0.01790002082	0.01822586436	0.0185422527	0.01884920501
	0.01914673688	0.01943486145	0.01971359024	0.01998293375	0.02024290185
	0.0204935041	0.02073474995	0.02096664886	0.02118921042	0.02140244437
	0.02160636068	0.02180096953	0.02198628132	0.02216230667	0.02232905639
	0.02248654148	0.02263477308	0.02277376248	0.02290352103	0.0230240602
	0.02313539144	0.02323752626	0.02333047613	0.02341425255	0.02348886704
	0.02355433145	0.0236106585	0.02365786363	0.02369596993	0.02372502197
	0.02374512432	0.02375654906	0.02376003619	0.01501079917	0.01500470339
	0.01498750531	0.01496004853	0.01492264956	0.01487543451	0.01481846046
	0.01475175916	0.0146753527	0.014589259	0.01449349361	0.01438807016
	0.01427300013	0.01414829242	0.01401395255	0.01386998164	0.01371637495
	0.01355312004	0.01338019452	0.01319756387	0.01300518115	0.01280299468
	0.01259098202	0.01236926482	0.01213846539	0.0119007758	0.01166311957
	0.01144645809	0.01131317973	0.01144788661	0.01239651944	0.01577686455
	0.0263944846	0.05851685911	0.15400824	0.4302352185	1.173730568
	2.860306555	5.628007388	8.35588358	9.300004527	7.801396773
	4.882549916	2.353905973	0.9534583337	0.3556713975	0.1318057083
	0.05279375062	0.02573515905	0.01675269872	0.01398574296	0.01334324157
	0.01342109245	0.01373813987	0.01412969621	0.01453956312	0.01494871507
	0.01535083277	0.01574391002	0.01612738028	0.01650113898	0.01686521583
	0.01721966885	0.01756455296	0.01789991293	0.01822578358	0.01854219188
	0.01884915895	0.01914670179	0.01943483459	0.01971356959	0.01998291782
	0.02024288954	0.02049349461	0.02073474267	0.02096664334	0.02118920633
	0.02140244147	0.02160635879	0.02180096853	0.02198628112	0.02216230723
	0.0223290577	0.02248654355	0.02263477596	0.02277376622	0.02290352574
	0.02302406599	0.02313539847	0.0232375347	0.0233304862	0.02341426448
	0.0234888811	0.02355434788	0.02361067755	0.02365788548	0.02369599463
	0.02372504939	0.02374515403	0.02375658034	0.02376006802	0.01501077021
	0.01500467503	0.01498747865	0.01496002443	0.01492262859	0.01487541694
	0.01481844635	0.0147517484	0.01467534507	0.01458925417	0.01449349116
	0.01438806953	0.01427300056	0.01414829285	0.01401395146	0.01386997682
	0.01371636319	0.0135530967	0.01338015294	0.01319749461	0.01300507126
	0.01280282745	0.01259073921	0.01236893738	0.01213809157	0.01190056417
	0.01166383372	0.01145060781	0.01132871273	0.01149970649	0.01256279688
	0.01630499484	0.02807651328	0.06391775763	0.1714673448	0.4862667496
	1.345112145	3.31886823	6.582288909	9.799680025	10.96242934
	9.307438895	5.874005151	2.809284619	1.112244609	0.4032892065
	0.1452320328	0.05651028208	0.02675967895	0.0170332786	0.01406061322
	0.01336157222	0.01342429627	0.01373763437	0.01412853997	0.01453850512
	0.01494788572	0.0153502116	0.01574345076	0.01612704117	0.01650088779
	0.01686502882	0.01721952881	0.01756444743	0.01789983288	0.01822572247
	0.01854214493	0.01884912266	0.01914667359	0.01943481256	0.01971355233
	0.01998290426	0.02024287889	0.02049348627	0.02073473619	0.02096663838
	0.02118920263	0.02140243884	0.02160635709	0.02180096767	0.02198628104
	0.02216230789	0.0223290591	0.02248654571	0.02263477892	0.02277377006
	0.02290353056	0.02302407191	0.02313540564	0.02323754331	0.02333049645
	0.02341427659	0.02348889532	0.02355436446	0.0236106967	0.02365790733
	0.0236960192	0.02372507649	0.02374518325	0.02375661096	0.02376009914
	0.01501074195	0.01500464736	0.01498745266	0.01496000101	0.01492260834
	0.01487540023	0.01481843335	0.01475173917	0.01467533957	0.01458925235
	0.01449349296	0.01438807489	0.01427300943	0.01414830515	0.01401396705
	0.01386999544	0.01371638439	0.0135531197	0.01338017648	0.01319751683
	0.01300508964	0.01280283935	0.01259074418	0.01236894511	0.01213814661
	0.01190082046	0.0116647755	0.0114537007	0.0113383192	0.01152872171
	0.01264923038	0.01656066711	0.02882911807	0.06611835256	0.1778186054
	0.504176014	1.394041642	3.446262957	6.86830013	10.27934608
	11.56824784	9.915357575	6.314012658	3.019457043	1.182988857
	0.4225498614	0.1499366656	0.05758306078	0.02698403601	0.01707162188
	0.01406269245	0.01335868336	0.01342187515	0.01373608617	0.01412757264
	0.01453787554	0.01494745407	0.0153499025	0.01574322243	0.0161268689
	0.01650075586	0.01686492667	0.01721944899	0.0175643846	0.0178997831
	0.0182256828	0.01854211315	0.01884909711	0.01914665298	0.0194347959
	0.01971353885	0.01998289337	0.02024287012	0.02049347926	0.02073473064
	0.02096663408	0.02118919939	0.02140243654	0.02160635563	0.02180096697
	0.02198628107	0.02216230864	0.02232906057	0.02248654793	0.02263478194
	0.02277377396	0.02290353544	0.0230240779	0.02313541289	0.02323755199
	0.02333050678	0.0234142888	0.02348890964	0.02355438112	0.02361071589
	0.02365792918	0.0236960437	0.02372510344	0.02374521221	0.02375664126
	0.02376012991	0.01501071396	0.01500461998	0.01498742702	0.01495997802
	0.01492258867	0.01487538432	0.01481842146	0.01475173147	0.01467533623
	0.01458925356	0.01449349902	0.01438808626	0.01427302676	0.01414832936
	0.01401399941	0.01387003769	0.01371643886	0.01355318953	0.01338026593
	0.01319763172	0.01300523805	0.01280303284	0.01259099994	0.01236929038
	0.01213862759	0.01190152044	0.01166584662	0.01145539359	0.01134085973
	0.01153120913	0.01264368203	0.01650419957	0.02852220562	0.06469306789
	0.1716880589	0.4796462013	1.307348657	3.204252846	6.398208491
	9.664049469	10.96558851	9.44886007	6.049869852	2.906850959
	1.140562443	0.4072107105	0.1445514503	0.05572972468	0.02635283113
	0.01685781346	0.01399061785	0.01333459053	0.01341396286	0.01373358363
	0.0141268434	0.01453770201	0.01494743666	0.01534991607	0.0157432322
	0.01612686848	0.01650074681	0.01686491199	0.01721943135	0.01756436592
	0.01789976465	0.01822566536	0.01854209716	0.01884908275	0.01914664031
	0.01943478488	0.01971352937	0.01998288532	0.02024286337	0.02049347367
	0.02073472611	0.02096663049	0.02118919667	0.0214024346	0.02160635443
	0.02180096646	0.02198628124	0.02216230948	0.0223290621	0.02248655019
	0.022634785	0.02277377789	0.02290354034	0.02302408389	0.02313542014
	0.02323756069	0.02333051712	0.02341430101	0.02348892395	0.02355439778
	0.02361073508	0.02365795103	0.02369606819	0.02372513039	0.02374524117
	0.02375667156	0.02376016068	0.01501068582	0.01500459248	0.01498740138
	0.01495995522	0.01492256942	0.0148753691	0.01481841061	0.01475172526
	0.01467533497	0.01458925769	0.01449350919	0.01438810339	0.0142730522
	0.014148365	0.01401404791	0.01387010269	0.01371652542	0.01355330463
	0.01338041919	0.01319783642	0.01300551258	0.01280340243	0.01259149868
	0.0123699616	0.01213951636	0.01190263364	0.01166699302	0.01145559209
	0.01133620882	0.01150727668	0.01254829363	0.01614962805	0.02723152534
	0.06002091131	0.1548816493	0.4207065257	1.115821662	2.680461522
	5.327976252	8.123124642	9.306285231	8.041466544	5.164962356
	2.505240986	0.9962925181	0.3609326921	0.1302258537	0.05130303123
	0.02497336034	0.01642450157	0.01385436247	0.01329234842	0.0134014914
	0.01373040536	0.0141264305	0.01453800259	0.01494783454	0.01535024943
	0.01574347695	0.01612703743	0.01650085884	0.01686498359	0.0172194751
	0.01756439089	0.01789977725	0.01822567001	0.01854209688	0.01884907958
	0.01914663561	0.01943477953	0.01971352394	0.01998288016	0.02024285868
	0.02049346956	0.02073472263	0.02096662766	0.02118919448	0.02140243304
	0.02160635349	0.02180096614	0.02198628154	0.02216231041	0.02232906369
	0.02248655249	0.02263478806	0.0227737818	0.02290354521	0.02302408985
	0.02313542734	0.02323756931	0.02333052737	0.02341431313	0.02348893819
	0.02355441436	0.02361075423	0.02365797288	0.02369609276	0.02372515749
	0.02374527038	0.02375670218	0.0237601918	0.01501065703	0.01500456443
	0.01498737539	0.01495993234	0.01492255041	0.01487535445	0.01481840068
	0.01475172041	0.01467533563	0.01458926451	0.01449352311	0.01438812578
	0.01427308505	0.01414841111	0.01401411118	0.01387018859	0.01371664151
	0.01355346144	0.01338063132	0.01319812412	0.01300590373	0.01280393496
	0.01259222212	0.01237093384	0.0121407807	0.01190412589	0.01166821028
	0.01145445975	0.01132525611	0.01146074667	0.01237854222	0.01555884022
	0.02520532519	0.05310366	0.1314314755	0.3431032474	0.8755137708
	2.037230655	3.987869677	6.097299225	7.039669401	6.100167099
	3.939103912	1.942647168	0.792720013	0.2957279882	0.1101808062
	0.04516705955	0.02308180105	0.0158376586	0.01367268856	0.01323734068
	0.01338599083	0.01372696348	0.01412642527	0.01453878137	0.0149486322
	0.015350886	0.0157439433	0.01612736586	0.01650108489	0.01686513649
	0.01721957675	0.01756445712	0.01789981924	0.01822569562	0.01854211155
	0.01884908709	0.01914663855	0.01943477965	0.01971352243	0.01998287781
	0.02024285601	0.02049346691	0.0207347202	0.02096662558	0.02118919283
	0.02140243188	0.02160635283	0.02180096601	0.02198628196	0.02216231141
	0.02232906531	0.02248655478	0.02263479109	0.02277378566	0.02290354999
	0.0230240957	0.02313543441	0.02323757778	0.02333053746	0.02341432508
	0.02348895225	0.0235544308	0.02361077329	0.02365799474	0.02369611747
	0.02372518491	0.0237453001	0.02375673346	0.02376022364	0.01501062707
	0.01500453532	0.01498734866	0.01495990913	0.01492253145	0.01487534022
	0.01481839155	0.01475171675	0.01467533797	0.01458927366	0.01449354026
	0.01438815271	0.01427312428	0.01414846623	0.01401418721	0.01387029256
	0.01371678323	0.01355365455	0.01338089481	0.01319848431	0.0130063969
	0.01280461011	0.01259314233	0.01237216988	0.01214237533	0.01190595858
	0.01166953344	0.01145236536	0.01130966887	0.01139812351	0.01215876692
	0.01482202031	0.02277783472	0.04517996393	0.1058851754	0.2630126609
	0.6398823558	1.427505631	2.71843966	4.12164539	4.769100181
	4.149373864	2.709710625	1.37130849	0.581018723	0.2262008617
	0.08835486202	0.03838094312	0.02096762367	0.01517794762	0.01346841251
	0.01317604505	0.01336926128	0.01372371616	0.01412690944	0.01454002329
	0.01494979692	0.01535179597	0.01574460817	0.01612783689	0.01650141291
	0.01686536217	0.01721973034	0.01756456042	0.01789988773	0.01822574017
	0.0185421398	0.01884910434	0.01914664847	0.0194347848	0.01971352456
	0.01998287808	0.02024285524	0.02049346563	0.02073471877	0.02096662423
	0.02118919171	0.02140243108	0.02160635243	0.02180096606	0.02198628249
	0.02216231247	0.02232906695	0.02248655705	0.02263479406	0.02277378942
	0.02290355466	0.02302410139	0.02313544129	0.02323758603	0.0233305473
	0.02341433675	0.02348896604	0.023554447	0.02361079219	0.02365801657
	0.02369614238	0.02372521281	0.0237453306	0.02375676577	0.02376025661
	0.01501059532	0.0150045046	0.01498732076	0.01495988528	0.01492251237
	0.0148753263	0.01481838308	0.01475171409	0.0146753417	0.01458928469
	0.01449356	0.01438818323	0.01427316857	0.01414852849	0.01401427341
	0.013870411	0.01371694553	0.01355387691	0.0133811998	0.01319890327
	0.01300697293	0.01280540128	0.01259422289	0.01237362152	0.01214424269
	0.01190808544	0.01167101561	0.0114497876	0.0112915048	0.01132705927
	0.01191611143	0.01403368262	0.02027439182	0.03735271159	0.08187740951
	0.1918212649	0.4419423549	0.9383183372	1.720984106	2.558481152
	2.946259803	2.575888179	1.712191262	0.8969671721	0.3984778887
	0.1637238772	0.06801322206	0.03186917795	0.01889381312	0.01452086371
	0.01326332468	0.01311470485	0.01335302133	0.01372107532	0.01412793232
	0.01454168968	0.0149512789	0.01535293727	0.01574543976	0.01612842744
	0.01650182642	0.01686564899	0.01721992768	0.01756469505	0.01789997867
	0.01822580086	0.01854217966	0.01884912996	0.01914666446	0.01943479435
	0.01971352987	0.01998288069	0.02024285618	0.0204934656	0.02073471825
	0.02096662355	0.02118919108	0.02140243064	0.02160635228	0.02180096627
	0.02198628312	0.02216231358	0.02232906858	0.02248655927	0.02263479695
	0.02277379305	0.02290355914	0.02302410686	0.0231354479	0.02323759398
	0.0233305568	0.02341434806	0.02348897946	0.02355446286	0.02361081083
	0.02365803833	0.0236961675	0.02372524132	0.02374536217	0.02375679954
	0.02376029118	0.015010561	0.01500447161	0.01498729125	0.01495986056
	0.01492249302	0.01487531257	0.01481837512	0.01475171221	0.01467534646
	0.01458929708	0.01449358156	0.01438821625	0.01427321634	0.01414859572
	0.01401436669	0.0138705396	0.0137171224	0.01355412013	0.01338153459
	0.01319936461	0.01300760896	0.01280627677	0.01259542036	0.01237523135
	0.01214631388	0.01191044838	0.01167270238	0.0114472071	0.01127280018
	0.01125483859	0.01167505636	0.01327333248	0.01794526802	0.03037635362
	0.06152596849	0.1347970004	0.2925680222	0.5885763703	1.033345526
	1.494372698	1.702919039	1.496289958	1.017083245	0.5549680348
	0.2602890066	0.1139257991	0.05104148734	0.02623038832	0.01704555538
	0.01392291129	0.0130744365	0.01305830436	0.01333862959	0.01371933343
	0.01412949367	0.01454371601	0.01495301244	0.0153542572	0.01574639889
	0.01612910924	0.01650230532	0.01686598271	0.01722015871	0.01756485394
	0.01790008712	0.0182258742	0.01854222869	0.01884916226	0.01914668532
	0.01943480747	0.01971353781	0.01998288524	0.02024285855	0.02049346664
	0.02073471853	0.02096662346	0.02118919088	0.02140243051	0.02160635235
	0.02180096662	0.02198628384	0.02216231471	0.02232907019	0.02248656142
	0.02263479971	0.02277379651	0.02290356341	0.02302411206	0.02313545418
	0.02323760153	0.02333056586	0.02341435889	0.02348899238	0.02355447825
	0.02361082911	0.02365805994	0.02369619283	0.02372527057	0.02374539512
	0.02375683527	0.02376032798	0.01501052316	0.01500443554	0.01498725965
	0.01495983473	0.01492247332	0.01487529897	0.01481836758	0.01475171089
	0.01467535191	0.01458931027	0.01449360409	0.01438825053	0.01427326587
	0.01414866545	0.01401446363	0.01387067356	0.01371730713	0.01355437484
	0.01338188605	0.01319985002	0.01300827943	0.01280720106	0.01259668607
	0.01237693477	0.01214851011	0.01191297438	0.01167460942	0.01144501489
	0.01125524226	0.01118728113	0.01145394722	0.01259535721	0.01594083762
	0.0246222472	0.04555211077	0.09247951842	0.1881609746	0.3577440294
	0.5995467175	0.8400404703	0.944194363	0.833704248	0.5809858674
	0.3313203511	0.1648436464	0.07753962381	0.038004767	0.02171673237
	0.01551735127	0.01341663094	0.01291232066	0.01301005371	0.01332693449
	0.01371862408	0.01413153627	0.01454601271	0.01495491836	0.0153556947
	0.01574744076	0.01612985012	0.0165028267	0.01686634713	0.017220412
	0.01756502902	0.01790020739	0.01822595622	0.01854228412	0.01884919929
	0.01914670971	0.01943482322	0.01971354774	0.01998289128	0.02024286206
	0.02049346854	0.02073471947	0.02096662386	0.02118919105	0.02140243065
	0.0216063526	0.0218009671	0.0219862846	0.02216231584	0.02232907175
	0.02248656346	0.02263480231	0.02277379976	0.0229035674	0.02302411692
	0.02313546007	0.02323760862	0.02333057438	0.02341436912	0.02348900467
	0.02355449301	0.02361084686	0.02365808125	0.0236962183	0.02372530065
	0.02374542979	0.02375687359	0.02376036776	0.01501048045	0.01500439541
	0.01498722548	0.01495980766	0.01492245329	0.01487528552	0.01481836039
	0.01475170996	0.01467535766	0.01458932365	0.01449362671	0.0143882848
	0.01427331532	0.01414873512	0.0140145606	0.01387080782	0.01371749262
	0.01355463109	0.01338224027	0.01320033999	0.01300895714	0.01280813638
	0.01259796817	0.01237866255	0.01215074495	0.01191557461	0.01167670893
	0.01144345569	0.01123998441	0.01112822409	0.0112638354	0.0120278795
	0.01431992352	0.02015768566	0.03373967485	0.06283346995	0.1191317418
	0.2135591775	0.3412989081	0.4627181215	0.5123861317	0.4547067604
	0.3252704764	0.1942696801	0.1030088072	0.05259480099	0.02860326832
	0.01832105673	0.01432834879	0.01301293204	0.01278134629	0.01297136998
	0.01331825594	0.01371891838	0.01413394854	0.01454846914	0.01495690757
	0.01535718306	0.01574851697	0.01613061545	0.01650336597	0.01686672483
	0.01722067524	0.01756521161	0.01790033338	0.01822604261	0.01854234291
	0.01884923894	0.01914673613	0.01943484058	0.01971355892	0.01998289832
	0.02024286636	0.02049347107	0.02073472089	0.02096662465	0.02118919151
	0.02140243101	0.02160635301	0.02180096766	0.02198628541	0.02216231695
	0.02232907323	0.02248656538	0.02263480473	0.02277380276	0.02290357109
	0.0230241214	0.02313546549	0.02323761516	0.02333058226	0.02341437863
	0.02348901617	0.02355450696	0.02361086386	0.02365810205	0.02369624374
	0.02372533157	0.02374546654	0.02375691531	0.0237604116	0.01501043096
	0.01500434995	0.0149871883	0.0149597794	0.01492243308	0.01487527234
	0.01481835355	0.01475170924	0.01467536337	0.01458933665	0.01449364851
	0.01438831775	0.01427336283	0.01414880208	0.01401465392	0.01387093719
	0.01371767163	0.01355487873	0.01338258305	0.01320081473	0.01300961442
	0.01280904429	0.01259921379	0.01238034359	0.0121529275	0.01191814667
	0.01167892688	0.01144261149	0.01122760846	0.01107953224	0.01110913897
	0.01157750223	0.0130750927	0.01686202845	0.0254096481	0.04296791779
	0.07532726426	0.1268615324	0.1931487222	0.2533436325	0.2764026008
	0.2466720796	0.1813602614	0.1137515895	0.06469952107	0.03628485511
	0.02214902479	0.0158916204	0.01344909929	0.0127072273	0.01268107619
	0.01294220001	0.01331246589	0.01372005003	0.01413657562	0.01455096015
	0.01495888544	0.01535865307	0.01574957773	0.01613136972	0.01650389791
	0.01686709793	0.0172209358	0.01756539279	0.01790045878	0.01822612894
	0.01854240196	0.01884927901	0.01914676306	0.01943485846	0.01971357063
	0.01998290584	0.02024287109	0.02049347398	0.02073472264	0.0209666257
	0.02118919218	0.02140243153	0.02160635352	0.02180096828	0.02198628622
	0.02216231802	0.02232907461	0.02248656714	0.02263480693	0.02277380548
	0.02290357441	0.02302412544	0.02313547037	0.02323762106	0.02333058939
	0.02341438728	0.0234890267	0.02355451989	0.02361087986	0.02365812203
	0.02369626888	0.0237253632	0.02374550567	0.02375696146	0.02376046103
	0.01501037161	0.01500429756	0.01498714791	0.01495975028	0.0149224131
	0.01487525971	0.01481834715	0.01475170864	0.01467536872	0.0145893487
	0.01449366864	0.01438834812	0.0142734066	0.0141488638	0.01401474001
	0.01387105666	0.01371783713	0.01355510794	0.01338290062	0.01320125492
	0.01301022433	0.01280988734	0.01260037132	0.01238190797	0.01215496636
	0.01192057968	0.01168115042	0.01144241968	0.01121820123	0.01104146353
	0.01098931422	0.0112364284	0.01216086031	0.01452984287	0.01976142729
	0.03012100881	0.0483854476	0.0761191503	0.1101564018	0.1397366268
	0.1502923848	0.1350636707	0.1023188083	0.06773307807	0.04171386294
	0.02600178541	0.01789085793	0.01422531855	0.01282698219	0.01248618953
	0.01260804746	0.01292149508	0.01330912108	0.01372175702	0.0141392356
	0.01455335418	0.01496075673	0.01536003625	0.0157505741	0.0161320781
	0.0165043978	0.01686744895	0.01722118129	0.01756556382	0.01790057744
	0.01822621087	0.0185424582	0.01884931735	0.01914678899	0.01943487582
	0.01971358211	0.01998291332	0.02024287589	0.02049347701	0.02073472454
	0.0209666269	0.02118919299	0.02140243215	0.0216063541	0.02180096892
	0.02198628701	0.02216231902	0.02232907588	0.02248656873	0.0226348089
	0.02277380789	0.02290357734	0.02302412899	0.02313547467	0.02323762625
	0.02333059568	0.02341439494	0.0234890361	0.02355453155	0.02361089452
	0.02365814077	0.02369629324	0.0237253952	0.0237455474	0.02375701337
	0.02376051841	0.01501029709	0.01500423631	0.01498710459	0.01495972114
	0.01492239407	0.01487524805	0.01481834137	0.01475170811	0.01467537346
	0.01458935931	0.01449368631	0.01438837474	0.01427344497	0.01414891792
	0.01401481554	0.01387116156	0.01371798257	0.01355530952	0.01338318014
	0.01320164261	0.01301076182	0.01281063067	0.01260139262	0.01238329009
	0.01215677416	0.01192276156	0.01168324277	0.0114427146	0.0112114975
	0.01101319845	0.01090080739	0.01098939003	0.01151685921	0.01294191108
	0.01606306438	0.02206377252	0.03223743956	0.047034372	0.06443084745
	0.07893960265	0.08375026448	0.07596881914	0.05957045038	0.04194509407
	0.02826404467	0.01971201589	0.0151772308	0.01312520389	0.0124045275
	0.01233327498	0.01255739248	0.01290768519	0.0133076059	0.01372372848
	0.0141417376	0.01455552194	0.01496243062	0.01536126813	0.01575146023
	0.01613270802	0.01650484254	0.01686776151	0.01722140013	0.0175657165
	0.01790068356	0.0182262843	0.01854250876	0.01884935195	0.01914681249
	0.01943489165	0.01971359267	0.01998292029	0.02024288043	0.02049347994
	0.02073472643	0.02096662814	0.02118919384	0.02140243281	0.02160635471
	0.02180096957	0.02198628776	0.02216231993	0.022329077	0.02248657011
	0.02263481059	0.02277380996	0.02290357984	0.02302413201	0.02313547831
	0.02323763066	0.02333060103	0.02341440148	0.02348904418	0.02355454167
	0.02361090746	0.02365815773	0.02369631611	0.02372542685	0.0237455916
	0.02375707272	0.02376058763	0.01501019721	0.01500416437	0.01498705981
	0.0149596936	0.01492237706	0.01487523798	0.01481833647	0.01475170765
	0.01467537738	0.01458936805	0.01449370084	0.0143883966	0.01427347647
	0.01414896235	0.01401487758	0.01387124778	0.01371810217	0.01355547539
	0.01338341027	0.01320196197	0.01301120476	0.01281124352	0.01260223517
	0.01238443173	0.01215827228	0.01192458748	0.01168506213	0.01144328017
	0.01120704596	0.01099338401	0.01083881685	0.01081910921	0.01108352019
	0.01190487612	0.01372968072	0.017169824	0.02281247802	0.03071019597
	0.03964044647	0.04681119593	0.04902222497	0.04503444531	0.03677611101
	0.02776612107	0.02058788877	0.01598152126	0.01350901928	0.01242762034
	0.01213003643	0.01223241464	0.01252404774	0.01289906577	0.01330725768
	0.01372564804	0.01414389887	0.01455734454	0.01496382533	0.01536229121
	0.01575219541	0.0161332306	0.01650521164	0.01686802108	0.01722158205
	0.01756584357	0.017900772	0.01822634562	0.01854255108	0.018849381
	0.01914683231	0.01943490507	0.01971360168	0.01998292629	0.0202428844
	0.02049348256	0.02073472816	0.0209666293	0.02118919468	0.02140243347
	0.0216063553	0.02180097018	0.02198628844	0.02216232074	0.02232907797
	0.02248657128	0.02263481201	0.02277381166	0.02290358189	0.02302413446
	0.02313548126	0.02323763422	0.02333060535	0.02341440677	0.02348905075
	0.02355454998	0.02361091826	0.02365817225	0.02369633652	0.0237254569
	0.02374563738	0.02375714132	0.02376067559	0.0150100504	0.01500408187
	0.01498701749	0.0149596704	0.01492236356	0.01487523024	0.01481833279
	0.01475170734	0.01467538034	0.0145893746	0.01449371168	0.01438841289
	0.01427349991	0.01414899541	0.01401492373	0.01387131193	0.01371819119
	0.0135555989	0.01338358169	0.01320219994	0.01301153494	0.01281170056
	0.01260286394	0.01238528488	0.01215939546	0.01192596856	0.01168648176
	0.01144390405	0.01120436811	0.01098060783	0.01079866807	0.01071003287
	0.01081109441	0.01126845442	0.01233761027	0.01434031622	0.0175402933
	0.02187037415	0.02659683764	0.03026351259	0.03132146179	0.02922810913
	0.02495005892	0.02022190946	0.01637634982	0.01386865304	0.01253558259
	0.01200989553	0.01196230055	0.01217004104	0.01250351439	0.01289406664
	0.01330746113	0.01372722856	0.01414555926	0.01455872063	0.01496487223
	0.01536305762	0.01575274586	0.01613362191	0.01650548814	0.01686821565
	0.01722171851	0.01756593898	0.0179008385	0.01822639179	0.01854258301
	0.01884940298	0.01914684736	0.01943491532	0.01971360862	0.01998293097
	0.02024288754	0.02049348466	0.02073472959	0.0209666303	0.02118919542
	0.02140243408	0.02160635585	0.02180097073	0.02198628904	0.02216232142
	0.02232907877	0.02248657222	0.02263481312	0.02277381297	0.02290358345
	0.02302413632	0.02313548348	0.02323763688	0.02333060857	0.02341441071
	0.02348905565	0.02355455624	0.0236109265	0.02365818363	0.02369635323
	0.02372548335	0.0237456824	0.02375722012	0.02376079568	0.01500980709
	0.0150039976	0.014986986	0.0149596555	0.01492235533	0.01487522563
	0.01481833067	0.0147517073	0.0146753823	0.01458937876	0.01449371848
	0.01438842303	0.01427351445	0.01414901586	0.01401495224	0.01387135153
	0.01371824613	0.01355567512	0.01338368747	0.01320234682	0.01301173882
	0.01281198299	0.01260325302	0.01238581414	0.0121600958	0.01192683984
	0.01168740864	0.01144442709	0.01120309529	0.01097377524	0.01077679986
	0.01065066394	0.0106641545	0.01093007569	0.01161087862	0.01289420486
	0.0149069581	0.01755534691	0.02035937937	0.0224703217	0.02304572
	0.02182081801	0.01934195098	0.01657450048	0.01429163037	0.01279659049
	0.01202981665	0.01178819074	0.01187167999	0.01213591551	0.01249224828
	0.01289141039	0.01330770969	0.01372823669	0.01414659201	0.01455957193
	0.01496551919	0.01536353131	0.01575308624	0.01613386403	0.01650565932
	0.0168683362	0.01722180313	0.01756599821	0.01790087983	0.01822642055
	0.01854260296	0.01884941676	0.01914685685	0.01943492183	0.01971361308
	0.01998293401	0.02024288963	0.02049348611	0.02073473062	0.02096663107
	0.02118919602	0.02140243459	0.02160635633	0.02180097121	0.02198628955
	0.02216232198	0.02232907939	0.02248657293	0.02263481393	0.0227738139
	0.02290358452	0.02302413758	0.02313548495	0.02323763862	0.02333061065
	0.02341441323	0.02348905878	0.02355456023	0.02361093182	0.02365819119
	0.0236963649	0.02372550348	0.02374572171	0.02375730578	0.02376097607
	0.01500934501	0.01500395118	0.01498698025	0.01495965353	0.01492235398
	0.01487522481	0.01481833044	0.01475170766	0.01467538331	0.01458938049
	0.01449372107	0.01438842673	0.01427351962	0.01414902301	0.0140149621
	0.01387136512	0.01371826488	0.01355570105	0.0133837234	0.0132023967
	0.01301180817	0.01281207941	0.01260338682	0.01238599862	0.01216034614
	0.01192716713	0.0116877997	0.0114447853	0.01120308076	0.01097240014
	0.0107714662	0.01063503243	0.01062382501	0.01083483016	0.01140312514
	0.01247712403	0.01414428	0.01630397704	0.0185497407	0.02020530742
	0.02062758497	0.01963346934	0.01765846167	0.01545551386	0.01363539708
	0.01244943206	0.01186103849	0.01171181605	0.01183935892	0.01212322572
	0.01248778948	0.01289018278	0.01330763779	0.01372850736	0.01414691084
	0.01455984709	0.01496573284	0.01536368953	0.01575320068	0.01613394574
	0.01650571725	0.01686837707	0.01722183188	0.01756601838	0.01790089396
	0.01822643043	0.01854260985	0.01884942158	0.01914686022	0.0194349242
	0.01971361475	0.01998293522	0.02024289052	0.02049348679	0.02073473116
	0.02096663152	0.02118919643	0.02140243497	0.0216063567	0.02180097158
	0.02198628994	0.02216232238	0.02232907982	0.02248657339	0.02263481443
	0.02277381445	0.02290358512	0.02302413823	0.02313548567	0.02323763943
	0.02333061158	0.02341441431	0.02348906008	0.02355456185	0.02361093401
	0.02365819443	0.0236963704	0.02372551434	0.02374574705	0.02375737933
	0.02376128067	