3131	
	13.34109409	13.33789556	13.33810549	13.33892908	13.33682171
	13.33576259	13.34257284	13.35216875	13.34707975	13.3492922
	13.35543401	13.35486032	13.35601097	13.35756522	13.3581477
	13.35529709	13.35308613	13.35338342	13.36046413	13.37007468
	13.39021335	13.42429191	13.45136454	13.45656659	13.466199
	13.48343443	13.50471321	13.52827701	13.55338795	13.5783675
	13.60257358	13.62687831	13.64957448	13.67252217	13.69670235
	13.71646197	13.73860398	13.75663323	13.77796644	13.79810642
	13.81444508	13.83316445	13.85186749	13.86993844	13.88737315
	13.90331058	13.91943409	13.94086409	13.92145981	13.97517156
	13.99123271	14.02898782	14.01267652	14.03274436	14.05205367
	14.06855327	14.08428162	14.10044175	14.11844136	14.13225799
	14.14370969	14.15621349	14.16998192	14.18036953	14.19463761
	14.20445873	14.21716137	14.22712245	14.23584501	14.24685628
	14.25672277	14.27118918	14.27637005	14.28514426	14.29505416
	14.29879592	14.32297786	14.31800229	14.32627813	14.33250851
	14.33961005	14.34769328	14.35329751	14.36467963	14.3686393
	14.37364016	14.38249982	14.39401057	14.39100269	14.38990734
	14.4181005	14.39762544	14.41803479	14.42315246	14.44197032
	14.4131937	14.46373992	14.4435612	14.4430308	14.44421037
	14.44460432	13.34117915	13.33791223	13.33790674	13.33862479
	13.33699695	13.33585179	13.34186237	13.34881013	13.34797724
	13.34910258	13.35453259	13.35520889	13.35602142	13.35732744
	13.35841297	13.35501492	13.35281185	13.35313072	13.36119164
	13.36835993	13.38963177	13.42323841	13.45242236	13.45609622
	13.46538643	13.48300622	13.50432018	13.5280632	13.55330667
	13.57847367	13.60294817	13.62774649	13.64969089	13.67237726
	13.69646989	13.71622237	13.73796823	13.75760781	13.77842052
	13.7975722	13.81471067	13.8332686	13.85190505	13.86993491
	13.88763806	13.90364056	13.92026327	13.93826531	13.94484384
	13.9882493	13.98670173	13.99713528	14.0086413	14.0324456
	14.05216841	14.06861277	14.08427269	14.09974079	14.11663571
	14.12892464	14.14344955	14.15637557	14.17098261	14.17997927
	14.19338125	14.20433241	14.21631458	14.22770235	14.23675738
	14.24744459	14.2584646	14.27109426	14.27649058	14.28540315
	14.29677324	14.31106025	14.30967969	14.315371	14.3270441
	14.33275261	14.34002246	14.3477747	14.35189648	14.36436207
	14.36863675	14.37336663	14.37978279	14.38477211	14.38899076
	14.40738339	14.39304891	14.41755167	14.41540321	14.42458151
	14.41177572	14.4401626	14.44437777	14.44293726	14.44317235
	14.44458257	14.44490186	13.33941554	13.33772838	13.33790305
	13.33826539	13.33744618	13.33692542	13.3418122	13.34644868
	13.34798389	13.34736164	13.35331756	13.35546362	13.35629163
	13.35749495	13.3586301	13.35506137	13.35150875	13.34994826
	13.35620657	13.36552968	13.38694711	13.42071898	13.45551541
	13.45251263	13.46263452	13.48177542	13.50270856	13.52739583
	13.55323765	13.57901957	13.60347963	13.62907497	13.6500045
	13.672148	13.69512516	13.71590602	13.73806388	13.75846538
	13.77796202	13.7973345	13.81506726	13.83359622	13.85180408
	13.86989854	13.88831964	13.90480055	13.92184222	13.93957655
	13.96959707	13.97113342	13.99163916	14.00018676	14.01314394
	14.03414368	14.05248566	14.06876908	14.08431333	14.09998007
	14.11600017	14.13192927	14.14612372	14.15563696	14.16890796
	14.1791737	14.19257573	14.20471081	14.21544451	14.22775868
	14.23919314	14.24907637	14.26083293	14.26814535	14.27528291
	14.28672342	14.2996618	14.31189872	14.31446525	14.31975829
	14.33175772	14.3323507	14.34286266	14.34930581	14.34839622
	14.36436258	14.36844492	14.37314661	14.37874377	14.38096239
	14.38258334	14.40685909	14.3952063	14.40905867	14.41428398
	14.41736764	14.43971203	14.44904538	14.4159317	14.43978464
	14.44418225	14.44561982	14.44592624	13.33905825	13.33808542
	13.33827486	13.33838787	13.33860312	13.33908691	13.34265844
	13.34603886	13.34823405	13.34549831	13.3539003	13.35715382
	13.3570777	13.3580281	13.36089305	13.35606858	13.34947322
	13.34394161	13.35012539	13.36233796	13.3802147	13.41508253
	13.46603768	13.4415554	13.45733435	13.47924902	13.49671712
	13.52596059	13.55350642	13.58092322	13.60396455	13.62929817
	13.65021491	13.67217623	13.69468063	13.71733185	13.73886784
	13.75922874	13.77776818	13.79765462	13.81539352	13.83381934
	13.85181251	13.87037991	13.89041421	13.90624585	13.92363246
	13.93636808	13.95734568	13.97697551	13.99507739	14.00609424
	14.02027695	14.03631478	14.05288906	14.0690844	14.08461973
	14.10041948	14.11919694	14.12919348	14.14340876	14.15446086
	14.16803839	14.18122412	14.19294475	14.20597226	14.21508355
	14.2266861	14.23907845	14.24851104	14.25905074	14.26728445
	14.27594442	14.28699788	14.30415765	14.30566866	14.31187923
	14.32214939	14.34082267	14.32734596	14.34905249	14.35575841
	14.35210018	14.36686398	14.368416	14.37294591	14.37866131
	14.38343789	14.38735076	14.39835413	14.40025939	14.40739026
	14.41278781	14.41457111	14.41438588	14.41693524	14.42125454
	14.44513814	14.44568267	14.44726871	14.44763307	13.33952777
	13.33823065	13.33833394	13.33845007	13.33933367	13.3407142
	13.34333275	13.34686289	13.34843016	13.34758385	13.35627067
	13.35976738	13.3563614	13.35043876	13.34564727	13.34284556
	13.3516877	13.33101739	13.34244889	13.35838781	13.36844336
	13.40634158	13.50214384	13.41606028	13.4489252	13.47116525
	13.47052336	13.5235398	13.55412118	13.58637396	13.60477324
	13.62940793	13.65039473	13.67234648	13.69475319	13.71696725
	13.73916135	13.75652937	13.77820003	13.79812119	13.81586205
	13.83389084	13.85223068	13.8734061	13.89155724	13.90825747
	13.92692511	13.94344123	13.96240028	13.9792073	13.99248816
	14.00749228	14.02181905	14.03737151	14.05327849	14.06983239
	14.08534026	14.10043143	14.11854859	14.12753202	14.14185566
	14.15307141	14.16761787	14.18387003	14.1928623	14.20603709
	14.2151323	14.22605265	14.23857247	14.24904712	14.25746414
	14.26673197	14.28388602	14.28688664	14.29789447	14.3031669
	14.31062298	14.318455	14.32280888	14.33573761	14.34234499
	14.34264077	14.35667065	14.36825952	14.36804485	14.37274035
	14.37849354	14.38412055	14.38961829	14.39587087	14.40052198
	14.40620476	14.411789	14.41774948	14.42165749	14.42535824
	14.45636186	14.46900416	14.45035471	14.4526994	14.45071269
	13.33847062	13.33780745	13.33792961	13.33780092	13.33851181
	13.34193978	13.34632447	13.34993345	13.34053773	13.33855783
	13.35318238	13.35999425	13.3395723	13.3193824	13.38815575
	13.64391244	13.44279691	13.22230488	13.3456511	13.36178853
	13.34533445	13.37662308	13.5818745	13.38167912	13.43968363
	13.46277146	13.41452443	13.52992952	13.55367971	13.58658204
	13.60455443	13.62918901	13.65079546	13.67277953	13.6951182
	13.71677998	13.73946882	13.75945154	13.77962206	13.79757953
	13.81722465	13.83451938	13.85133353	13.87523765	13.88544911
	13.90626577	13.92109387	13.94397246	13.96146818	13.97933289
	13.9938813	14.01159489	14.02307651	14.03824931	14.05372039
	14.07157196	14.08751787	14.10023428	14.11467152	14.1344784
	14.14959569	14.15530152	14.16710007	14.18152623	14.19183471
	14.20422093	14.21540724	14.22622322	14.23806164	14.25019174
	14.25687866	14.26618339	14.27920353	14.29146171	14.29055205
	14.30242347	14.31008163	14.31833692	14.32235649	14.34124969
	14.34692185	14.35291057	14.35776595	14.36493113	14.36718047
	14.37263246	14.378422	14.38413585	14.38980724	14.3951951
	14.40013223	14.40529522	14.41083114	14.4170385	14.42371062
	14.43149714	14.46955915	14.49375451	14.47032416	14.49539845
	14.47010296	13.33739956	13.33727619	13.33774734	13.33851504
	13.33558264	13.342926	13.34931967	13.36875264	13.32984755
	13.32120742	13.35082084	13.35693354	13.29947637	13.24707622
	13.45351175	13.22923431	13.62613439	12.43124883	13.49440816
	13.41077931	13.26418652	13.24945022	13.57455223	13.3779538
	13.43504724	13.47202386	13.43768947	13.57712787	13.55084821
	13.58153191	13.60451189	13.63123462	13.65200122	13.67456764
	13.69591605	13.71731559	13.73792867	13.75775087	13.77876919
	13.79766177	13.81747226	13.83676962	13.85181833	13.87113159
	13.8876311	13.9061215	13.92366608	13.94281299	13.96248796
	13.98046947	13.99608419	14.0114004	14.02360174	14.03898966
	14.05400492	14.07130691	14.09066367	14.10050991	14.11591079
	14.12994103	14.13865404	14.15553859	14.16697778	14.18016418
	14.19097584	14.2033614	14.21638318	14.2275667	14.23873717
	14.25494161	14.25611393	14.26653317	14.27592164	14.27952653
	14.29850581	14.30272737	14.31002005	14.31886841	14.33830504
	14.33521353	14.3247447	14.34689271	14.35518177	14.36153006
	14.36660262	14.37259591	14.3784003	14.38417374	14.39004903
	14.39511673	14.4000336	14.4049246	14.41027375	14.4163178
	14.42308079	14.43058721	14.4551247	14.46452975	14.43209342
	14.55168031	14.50577564	13.33722043	13.33739353	13.3373665
	13.3426602	13.33949624	13.34340353	13.33841995	13.31670685
	13.35330428	13.38411523	13.3547568	13.35833885	13.3497527
	13.30097077	13.55924806	13.68549533	12.29244306	13.2682734
	13.85145234	13.67114512	13.07744424	13.02409241	13.41481583
	13.39779305	13.43296804	13.47603983	13.48292244	13.55169297
	13.51530888	13.58186895	13.60582048	13.63294702	13.65241315
	13.67728932	13.69733826	13.71885531	13.73812763	13.7579389
	13.7782168	13.79956373	13.81860216	13.83614724	13.85279546
	13.87039374	13.88841768	13.90686189	13.92473862	13.9460938
	13.96205102	13.98145519	13.99642541	14.00573192	14.02390945
	14.03958125	14.0544805	14.07060148	14.08766205	14.10387272
	14.11933804	14.13820767	14.1397548	14.15832587	14.16738648
	14.18007465	14.19601767	14.20319032	14.21673647	14.22818078
	14.23892519	14.26434834	14.25201014	14.26736117	14.27606437
	14.28358784	14.30364963	14.30301057	14.31062851	14.31904354
	14.33525207	14.33738742	14.33731436	14.3471179	14.35354779
	14.36037639	14.36626712	14.37246975	14.37838799	14.38446357
	14.39106871	14.39497357	14.40034089	14.40504052	14.41012462
	14.41591053	14.42249809	14.42963463	14.44021336	14.43884598
	14.35869362	14.44077098	14.35617945	13.33677444	13.33810662
	13.33633399	13.33870434	13.33959767	13.34380574	13.34016257
	13.32138816	13.34784407	13.35706873	13.33716237	13.36409991
	13.42358869	13.49057912	13.4358124	13.47396632	13.67931073
	14.54840318	12.04881084	13.24667276	13.39422368	13.05123741
	13.40256598	13.42064331	13.44255416	13.47603458	13.50027223
	13.53583358	13.61569616	13.58410881	13.60933309	13.62888908
	13.65331133	13.67498573	13.69645254	13.71931589	13.73899023
	13.76096431	13.77832319	13.79783265	13.81706288	13.83591032
	13.85321466	13.87096445	13.88895495	13.90719692	13.92480534
	13.94353346	13.96227871	13.98224241	13.99668231	14.01537886
	14.02504937	14.04003887	14.05505246	14.07090105	14.08680601
	14.10660891	14.11014484	14.13331013	14.13972682	14.16089532
	14.16810126	14.17934631	14.192916	14.2024946	14.21610506
	14.22662168	14.23640619	14.25686356	14.25770506	14.27238662
	14.27655769	14.28477604	14.29847816	14.29969634	14.31223596
	14.31800182	14.32757399	14.33346798	14.33884891	14.34597446
	14.3528487	14.3601818	14.36589154	14.37275181	14.37911665
	14.38481501	14.39309804	14.394829	14.4010842	14.40552721
	14.41033076	14.41583413	14.42212621	14.42841087	14.43128377
	14.43748377	14.51224351	14.48151666	14.43071067	13.3329581
	13.33361419	13.33539315	13.33563735	13.33592097	13.34077068
	13.34480056	13.35265987	13.35288723	13.35319192	13.33848128
	13.37930046	13.42262681	13.43696789	13.39163549	13.37793934
	13.45985869	13.02051635	11.86244234	13.05457429	13.69761549
	13.21221207	13.43021833	13.42730524	13.43321539	13.47271474
	13.50572953	13.5346093	13.56194387	13.5706425	13.61571402
	13.63160058	13.65691567	13.67625953	13.69573121	13.71981033
	13.73965417	13.76061549	13.77865391	13.79760189	13.81693362
	13.83739689	13.85354316	13.87149293	13.88951364	13.90747091
	13.92468492	13.94085877	13.96317457	13.98260388	13.9981886
	14.00708987	14.0249423	14.04036528	14.05568278	14.07223271
	14.09546056	14.15131204	14.10028329	14.13752442	14.14413618
	14.15641569	14.16689764	14.1792489	14.19287872	14.20219045
	14.21623669	14.22775813	14.23557101	14.24767914	14.25849537
	14.26805548	14.27605526	14.28422141	14.29496344	14.29804511
	14.31531134	14.31996142	14.32212202	14.33265293	14.3387293
	14.34554093	14.35291744	14.36096858	14.36645335	14.37399763
	14.38067196	14.38496864	14.39072472	14.39654421	14.40316201
	14.4064705	14.41063018	14.41587707	14.42159001	14.42793609
	14.4396399	14.38644364	14.44204365	14.34583138	14.49498387
	13.33204042	13.33359756	13.33533474	13.3343152	13.33841309
	13.33901336	13.34241437	13.35172101	13.35509251	13.35529998
	13.42123818	13.41290663	13.3546379	13.38084612	13.37110339
	13.34533899	13.38402993	13.17639197	13.08764816	13.32136892
	13.53905977	13.22895756	13.46314596	13.43854563	13.36230918
	13.46182404	13.50873041	13.53710061	13.56184143	13.58567226
	13.61462525	13.63329003	13.65869862	13.68021119	13.69857587
	13.72180839	13.74430551	13.75980535	13.77878062	13.79797979
	13.81707748	13.83774792	13.85397818	13.87207166	13.89016017
	13.90807471	13.92536585	13.94178842	13.96325679	13.98246298
	13.99681342	14.00858722	14.02536589	14.04084662	14.05628266
	14.07218291	14.08538589	14.08728187	14.12204676	14.13352225
	14.14250027	14.15442793	14.16592163	14.17921169	14.19464629
	14.2025008	14.21653571	14.2276704	14.23527709	14.24576024
	14.26012922	14.2677237	14.27521062	14.28385989	14.29509423
	14.30932493	14.31035077	14.32223624	14.32388459	14.33287652
	14.33907003	14.3460012	14.35334403	14.36286992	14.36809559
	14.37415815	14.37971414	14.38549541	14.3896527	14.39782657
	14.40154161	14.40694286	14.41077445	14.41565531	14.42142016
	14.43170089	14.47342978	14.46016185	14.42292912	14.49689245
	14.42686018	13.33013076	13.33095436	13.3325569	13.33268614
	13.33580462	13.33711234	13.3408905	13.34497274	13.34806859
	13.33375018	13.37167924	13.37507088	13.3175807	13.36357067
	13.38352644	13.29804345	13.34936264	13.30973486	13.32654385
	13.36097438	13.42353301	13.32502876	13.42119681	13.46935313
	13.38656843	13.46795537	13.51346127	13.54008102	13.56420076
	13.58828171	13.6114345	13.63629186	13.65687222	13.67837803
	13.70101301	13.7197207	13.74082393	13.75963611	13.77956743
	13.79829799	13.81699894	13.83626576	13.85360654	13.87251065
	13.89090484	13.90903391	13.92599359	13.94300404	13.96188921
	13.98090076	13.9944442	14.00860134	14.02606408	14.04159482
	14.05717174	14.07303068	14.08835668	14.09651389	14.1216863
	14.14747747	14.14821836	14.15469915	14.16751095	14.17861919
	14.19298915	14.20267151	14.21635603	14.22511108	14.23602709
	14.24563209	14.25731847	14.26661543	14.27477212	14.28387318
	14.29458733	14.30817071	14.30919045	14.31459054	14.33000227
	14.33480866	14.33987612	14.34675227	14.35317999	14.36157678
	14.36667337	14.37230425	14.37758029	14.38366905	14.39193961
	14.39552827	14.40225362	14.40685401	14.41183822	14.41567225
	14.42256919	14.43454534	14.47266871	14.48674496	14.38793192
	14.45763851	14.40039694	13.3279148	13.32822777	13.3291731
	13.33088958	13.33371511	13.33369815	13.34095279	13.33739392
	13.3542065	13.36268441	13.36331094	13.36581702	13.35813949
	13.36786128	13.44847982	13.37413038	13.36538096	13.33713553
	13.3347629	13.31062577	13.34876463	13.45165195	13.43062183
	13.45097501	13.45509412	13.48979555	13.51937167	13.54293283
	13.56788551	13.59032643	13.61578957	13.63886042	13.6586989
	13.67999331	13.70389819	13.71793349	13.73931871	13.76092941
	13.78197917	13.79885047	13.8172351	13.8362024	13.85402782
	13.87296487	13.89205086	13.91105164	13.92629406	13.94230013
	13.96013034	13.97999386	13.99302063	14.0065372	14.02670314
	14.04288222	14.05872139	14.07527857	14.09327799	14.1059458
	14.12103332	14.12034725	14.14275416	14.15580804	14.17321746
	14.17893179	14.1910337	14.20230439	14.21493518	14.22641951
	14.23897631	14.24667362	14.25619379	14.26537425	14.27446578
	14.28388871	14.2945671	14.30332059	14.30923002	14.31661511
	14.32896938	14.33611061	14.34140105	14.3479982	14.35606749
	14.36197776	14.36773903	14.3714035	14.37635339	14.38192254
	14.38902597	14.39532112	14.40120294	14.40643933	14.41077003
	14.41454073	14.42184098	14.43149025	14.44804411	14.45415301
	14.40100759	14.4029263	14.36009906	13.32544997	13.32562473
	13.3263188	13.32974418	13.33259282	13.32385292	13.34414012
	13.34633481	13.35281586	13.36905802	13.36408635	13.36514455
	13.36699397	13.34979344	13.34356594	13.36954185	13.36470793
	13.33761679	13.36317511	13.44471051	13.35218285	13.41236282
	13.4386719	13.45448992	13.47519614	13.5000557	13.52383852
	13.54413164	13.57421737	13.59321686	13.61835167	13.64057152
	13.65981926	13.68209807	13.70187664	13.71763326	13.73791753
	13.76191743	13.78469346	13.79961864	13.81763396	13.83651889
	13.85484567	13.87366096	13.89423223	13.91182589	13.92659291
	13.94130307	13.9587303	13.97922824	13.99599417	14.00752854
	14.02940423	14.04508898	14.0606744	14.07595347	14.09212971
	14.10107292	14.1168811	14.1261966	14.13996317	14.15341914
	14.16654722	14.17749548	14.19036582	14.20224622	14.2132396
	14.22434216	14.23550615	14.24701234	14.25628633	14.26489274
	14.27438215	14.28398757	14.29485206	14.30157829	14.30851496
	14.316887	14.32571878	14.33085573	14.34094552	14.34766753
	14.3549068	14.36060218	14.36722093	14.37077927	14.37536178
	14.38069377	14.38688751	14.39290241	14.39977636	14.40471501
	14.40923032	14.41387251	14.41609494	14.42442553	14.42982328
	14.43030488	14.41802702	14.41769109	14.40499663	13.32274496
	13.3228285	13.32353375	13.33103574	13.34022073	13.3076851
	13.33184671	13.34388507	13.35004033	13.35827794	13.3613712
	13.3651805	13.36869681	13.36958347	13.38469556	13.37411022
	13.36683644	13.34036153	13.34874439	13.22204657	13.43141405
	13.42241631	13.44062047	13.46283292	13.48429775	13.50646291
	13.52916037	13.55443887	13.57717031	13.59448905	13.61909596
	13.64054449	13.66017615	13.68251781	13.7009808	13.72072843
	13.73970411	13.76577932	13.78177641	13.79951063	13.81808108
	13.83675585	13.85498037	13.87614868	13.89542929	13.91385548
	13.92782316	13.94089986	13.95816853	13.97895166	14.00080794
	14.01177284	14.0347171	14.04422011	14.06145605	14.07464462
	14.0875523	14.09749016	14.11440374	14.12679928	14.14001352
	14.1526017	14.16476533	14.17731998	14.19102967	14.20366784
	14.21252831	14.22310407	14.23404761	14.24582062	14.25676119
	14.26459835	14.2742964	14.28670526	14.29457261	14.30099382
	14.30812386	14.31642267	14.32542846	14.33296413	14.3419006
	14.34840928	14.35399091	14.36170626	14.36601454	14.37014996
	14.37469424	14.37979175	14.3856125	14.39159608	14.3975984
	14.40429915	14.4074034	14.41446063	14.41258875	14.41884196
	14.42205597	14.42250489	14.42064439	14.4205256	14.41913835
	13.31992092	13.31995912	13.31983963	13.32638869	13.36289397
	13.31861416	13.32983952	13.3424622	13.34894632	13.35531904
	13.36094922	13.36581335	13.36997128	13.37271227	13.37296369
	13.37984132	13.37521432	13.42694973	13.37663234	13.37417977
	13.36174136	13.4348422	13.45130131	13.47752571	13.48893461
	13.51277852	13.53405288	13.55581121	13.57841769	13.60043558
	13.62442545	13.64929446	13.66104057	13.68498395	13.70196689
	13.72328472	13.74822864	13.76410093	13.77871127	13.79961004
	13.81855822	13.83714702	13.8551127	13.87522193	13.89560076
	13.91510898	13.93162678	13.94148302	13.95887717	13.97832126
	13.99937368	14.01160766	14.03040268	14.04587443	14.05951931
	14.07321106	14.08597772	14.09877309	14.1144378	14.12685749
	14.13961919	14.15220326	14.16473227	14.17765175	14.1914586
	14.20393765	14.2123505	14.22248553	14.23401061	14.24753384
	14.25694988	14.26421244	14.27362974	14.28399877	14.29317762
	14.30007531	14.30794088	14.31671728	14.32616833	14.33669047
	14.34183373	14.34675809	14.35270098	14.35961035	14.36497815
	14.36989831	14.37455298	14.37944657	14.38480459	14.39041171
	14.39579457	14.40096348	14.40428726	14.41027172	14.41149248
	14.41584644	14.41844139	14.41928934	14.4189762	14.41850185
	14.41801812	13.3172057	13.31710028	13.31359267	13.2981172
	13.32752307	13.33066061	13.33091938	13.34154395	13.34961798
	13.3545649	13.36132814	13.36662463	13.37146755	13.37532269
	13.37842392	13.37922523	13.38297251	13.40075143	13.35769552
	13.55070832	13.40632783	13.4440622	13.45750973	13.47957626
	13.48686753	13.51934062	13.53859198	13.55948578	13.58051121
	13.60082522	13.62559702	13.64253384	13.66227581	13.6845302
	13.70360116	13.7231093	13.74407616	13.76066886	13.77951425
	13.80014537	13.81887005	13.83760939	13.85637914	13.87798822
	13.89405779	13.91425629	13.92823076	13.94335277	13.9607416
	13.9781201	13.99615512	14.01180065	14.02568017	14.04178586
	14.05845037	14.07302525	14.08790212	14.10060226	14.1145534
	14.12722896	14.13999938	14.15261955	14.16530839	14.17775669
	14.1920816	14.20195495	14.21170935	14.22285556	14.23340386
	14.24511742	14.25527703	14.26380727	14.27340977	14.28390084
	14.29574552	14.29950966	14.30815677	14.32056558	14.3266666
	14.33471805	14.33984178	14.34524191	14.35166657	14.35829306
	14.36441487	14.37006886	14.37477822	14.37976556	14.38454734
	14.38952723	14.39439914	14.39905411	14.40307127	14.40741325
	14.41032838	14.41370304	14.41587418	14.41684784	14.41692079
	14.41667046	14.41649269	13.31489583	13.31442094	13.30656759
	13.2709684	13.27945083	13.31522375	13.33005786	13.34008274
	13.3487007	13.35500461	13.36179482	13.36760025	13.37302867
	13.37710013	13.38305831	13.38508659	13.39121961	13.40185434
	13.39486114	13.43845621	13.42104841	13.44427144	13.4759314
	13.48324477	13.50305154	13.52414541	13.5423631	13.56137291
	13.58749427	13.59791208	13.62041657	13.64365133	13.66430942
	13.68499991	13.70456534	13.72413377	13.74484848	13.76650561
	13.78173599	13.8004006	13.81899471	13.83786836	13.85672366
	13.87659061	13.89410645	13.91211318	13.92826563	13.9453011
	13.96252925	13.97905407	13.99499495	14.01704873	14.03274681
	14.04670042	14.06024218	14.07260156	14.09152146	14.10319244
	14.11471139	14.12750508	14.14024129	14.15301096	14.1663666
	14.17858184	14.1895727	14.20428603	14.21291605	14.22364262
	14.23184233	14.24328628	14.2538602	14.2637847	14.2731609
	14.28253115	14.29252326	14.29825282	14.30770984	14.33182218
	14.32645547	14.33091819	14.33874418	14.34458861	14.35094885
	14.35764959	14.36469317	14.3710624	14.3747137	14.3811478
	14.38442835	14.38914055	14.39329587	14.39749233	14.40160871
	14.4055819	14.40889594	14.4117479	14.41375078	14.41487062
	14.41518447	14.41515908	14.41510472	13.31319013	13.31206056
	13.30011707	13.25267531	13.24897994	13.30421366	13.32828975
	13.33915238	13.34783399	13.35536122	13.36251216	13.36989883
	13.37628713	13.37689663	13.38874184	13.39504029	13.39672055
	13.40808841	13.41357215	13.42926707	13.4400826	13.47738256
	13.44521482	13.57311602	13.56764686	13.55292007	13.53874962
	13.56310982	13.58713801	13.61187356	13.61858271	13.64546297
	13.66546727	13.68588692	13.70558986	13.72510798	13.74477487
	13.76527127	13.78208397	13.80043832	13.81908749	13.8380413
	13.85698231	13.87582292	13.8938735	13.91152134	13.92841594
	13.94622863	13.96358565	13.98021326	13.99485909	14.01579133
	14.03233637	14.04794447	14.06379425	14.06974487	14.09083761
	14.1048579	14.11478179	14.12759396	14.14025397	14.15354201
	14.16695939	14.18060427	14.18917181	14.20063475	14.21207582
	14.22629369	14.23230942	14.24282638	14.25355324	14.26456259
	14.27345219	14.28186852	14.29083477	14.29850488	14.30245008
	14.31896305	14.32017049	14.33161081	14.33870217	14.34449933
	14.35074656	14.3574361	14.36515836	14.37314106	14.37540013
	14.38420795	14.38304236	14.38973766	14.39252559	14.39625095
	14.40013147	14.40403532	14.40737884	14.40972184	14.41158372
	14.41320416	14.4137979	14.41394092	14.41395167	13.31211519
	13.3103508	13.29697625	13.25025639	13.23218204	13.29090382
	13.32572946	13.33880979	13.3477327	13.35549051	13.36317275
	13.37148919	13.38161035	13.38792047	13.3952654	13.39682848
	13.40023192	13.41134055	13.4215903	13.43444403	13.44936497
	13.45788326	13.48767729	13.62531942	13.49203433	13.48396897
	13.5668237	13.58257655	13.58822837	13.61137617	13.63365254
	13.64678832	13.6650768	13.68738204	13.70690952	13.72597782
	13.74512943	13.76443543	13.78236929	13.80057554	13.81918517
	13.83819153	13.85723825	13.87592339	13.89393399	13.91074485
	13.92710646	13.94645956	13.96446603	13.98131647	13.99702206
	14.01568866	14.02553943	14.04484341	14.06003192	14.06948131
	14.08807661	14.10375484	14.11452265	14.12788247	14.14017754
	14.15472158	14.16759058	14.17742151	14.18837096	14.19883287
	14.21077685	14.22148601	14.23720355	14.24321512	14.25352666
	14.26589085	14.2746541	14.28171046	14.29045611	14.30022848
	14.31661533	14.31356396	14.32813238	14.34105628	14.33952504
	14.34462499	14.35120937	14.35776022	14.36630761	14.36857761
	14.37810901	14.38250079	14.38271999	14.39514683	14.39202139
	14.39533709	14.39896664	14.4027997	14.40580445	14.40733287
	14.40811269	14.41083891	14.41250168	14.41299617	14.41306706
	13.31169995	13.30986494	13.29925619	13.26810549	13.25060356
	13.29045254	13.32561555	13.33923487	13.34787089	13.35613744
	13.36399549	13.372546	13.38059144	13.38540683	13.39407966
	13.39016016	13.4070881	13.42035429	13.42901926	13.44085134
	13.45905323	13.48800202	13.50293478	13.43798875	13.5534689
	13.5528178	13.57481048	13.56594728	13.58752199	13.6119374
	13.63090577	13.65112655	13.66607283	13.69126535	13.70928449
	13.72682643	13.74577207	13.76475866	13.78271916	13.8007304
	13.81928685	13.83837707	13.85752335	13.87605832	13.89375548
	13.90925471	13.9253134	13.94602425	13.96546893	13.98246085
	13.99867836	14.02107871	14.03035033	14.04528024	14.06458939
	14.08083301	14.0917846	14.10325926	14.11525528	14.12950454
	14.14041173	14.15450439	14.16794896	14.1804672	14.18796713
	14.19795058	14.21063063	14.2251768	14.23496468	14.24244752
	14.25309572	14.26438479	14.27444167	14.28176806	14.29074063
	14.2977853	14.31716295	14.32058379	14.32697532	14.33815408
	14.33844217	14.34512186	14.35479223	14.35889574	14.36537333
	14.37425761	14.37665621	14.38218404	14.38541789	14.40143049
	14.39208007	14.39461985	14.39811466	14.40178116	14.40445428
	14.40798706	14.4075438	14.40729997	14.40984774	14.4121967
	14.41247179	13.31199466	13.31071456	13.3048228	13.29124971
	13.28499981	13.30536179	13.32868152	13.34009625	13.34855728
	13.35962676	13.36622512	13.37467825	13.38087397	13.38392355
	13.39416191	13.3997238	13.41131957	13.42424424	13.43289073
	13.44672631	13.4633681	13.47533511	13.4875733	13.51722836
	13.5650713	13.5236172	13.55769951	13.57889372	13.5947224
	13.61675948	13.63262038	13.65065421	13.66733558	13.69881532
	13.71621636	13.72753464	13.74627083	13.7653265	13.78302074
	13.80101294	13.81947442	13.83867194	13.85796252	13.87670147
	13.89551659	13.91170979	13.93244789	13.94892643	13.96710929
	13.98387163	13.99796187	14.01584883	14.03617112	14.04854585
	14.05912647	14.08088466	14.0914823	14.1029458	14.11595054
	14.13122612	14.14048532	14.15296005	14.16752009	14.1773142
	14.18768552	14.19800982	14.210842	14.2254778	14.23151429
	14.24195416	14.25284823	14.26574533	14.27517852	14.28159686
	14.28961424	14.28917403	14.30448365	14.31653702	14.32358948
	14.33209419	14.33678041	14.34361193	14.36286126	14.36173499
	14.36247047	14.3626913	14.37635845	14.37965138	14.3880613
	14.37975656	14.388401	14.39403806	14.39744168	14.40077497
	14.40303421	14.40983787	14.41515195	14.41221158	14.40652044
	14.41182741	14.41277496	13.31292578	13.31241475	13.31036819
	13.30708258	13.30825337	13.31877459	13.33173662	13.34128772
	13.34946678	13.35897241	13.36514311	13.375978	13.38190289
	13.38744178	13.39660794	13.40471571	13.4164986	13.42606155
	13.43761003	13.45326636	13.46622419	13.47700248	13.48872388
	13.50558496	13.54324667	13.5434664	13.56364207	13.57711034
	13.59597167	13.6148459	13.63371253	13.65082954	13.66563382
	13.68855926	13.71885721	13.72728553	13.74629812	13.76603074
	13.78377445	13.80185118	13.81991258	13.83916444	13.85861126
	13.87758271	13.89613198	13.90600527	13.94224816	13.95558103
	13.96996347	13.98686572	13.99923093	14.0130165	14.02738703
	14.05022984	14.06366847	14.0780098	14.08661907	14.10234338
	14.11564717	14.12918129	14.13994153	14.15143681	14.16599421
	14.18064422	14.18787444	14.1988518	14.2118936	14.22360397
	14.2283733	14.24219142	14.25277002	14.26401594	14.27328584
	14.28144618	14.2906745	14.28888688	14.29916242	14.3154083
	14.32256521	14.33067109	14.33997342	14.35096854	14.34752531
	14.35736142	14.36231012	14.36652008	14.37427241	14.38301675
	14.38386627	14.39083622	14.38615428	14.39343299	14.39679342
	14.40003299	14.40282617	14.40790757	14.40306084	14.41468582
	14.40913183	14.41395466	14.41581737	13.31435528	13.31444115
	13.31461289	13.31535304	13.31872912	13.32566002	13.33419679
	13.34265441	13.35105827	13.36015726	13.36604941	13.37685854
	13.38351638	13.38940338	13.39853832	13.40745922	13.41860548
	13.43031152	13.44202635	13.45729177	13.47512464	13.4938348
	13.49092309	13.50800135	13.52878469	13.56578414	13.56225964
	13.58063477	13.5986442	13.6163799	13.63459657	13.65132267
	13.66661517	13.68248005	13.71158566	13.72758116	13.74707598
	13.76679837	13.78491518	13.80374718	13.82070562	13.84000343
	13.85945705	13.87845463	13.89819234	13.92006047	13.93701706
	13.94777219	13.96715793	13.99062847	14.00486202	14.01516777
	14.03181882	14.04932612	14.06313224	14.07654387	14.08676963
	14.10421634	14.11619482	14.12810892	14.13990914	14.15157082
	14.16384448	14.17714327	14.18756922	14.20017635	14.21179333
	14.22623327	14.22953311	14.24274649	14.25359034	14.26402014
	14.27257077	14.28160173	14.29329999	14.31453323	14.31048827
	14.31560352	14.32216898	14.33012845	14.34124099	14.34345446
	14.35701172	14.35528974	14.36164557	14.36632491	14.37197002
	14.37747861	14.37388145	14.39483864	14.38848631	14.39260709
	14.39609982	14.39960427	14.40547402	14.40732718	14.41421333
	14.40677095	14.41115498	14.41342577	14.41724444	13.31636643
	13.31655327	13.31774102	13.31976653	13.32344992	13.32916856
	13.33626334	13.34401246	13.35219534	13.36190037	13.3686428
	13.37804846	13.3844522	13.39108357	13.40019426	13.40952877
	13.42018358	13.4328822	13.4455483	13.46351104	13.48208022
	13.51555054	13.50691269	13.50973611	13.53022217	13.55166468
	13.56193578	13.58308678	13.60059873	13.61826924	13.63600895
	13.65312238	13.67013708	13.68849031	13.71083925	13.72929287
	13.74868132	13.76697497	13.78374713	13.81018204	13.82215992
	13.84137977	13.86027604	13.87916179	13.89923289	13.92309665
	13.93677222	13.94851269	13.96840589	13.99409001	14.01056328
	14.02067551	14.03366652	14.05158897	14.06065328	14.07600283
	14.09307024	14.10960578	14.11772974	14.12784845	14.13975016
	14.15180533	14.16363371	14.17589582	14.18646964	14.20185468
	14.21280951	14.21992042	14.23117544	14.24350718	14.25527935
	14.26530203	14.27227372	14.28120447	14.2899155	14.29251282
	14.31163726	14.31579093	14.32239474	14.33008389	14.34058684
	14.34935321	14.35160966	14.35662161	14.36116036	14.36528835
	14.37046907	14.37621584	14.3786281	14.38786989	14.3869236
	14.39140687	14.39524008	14.39783941	14.40533251	14.40169695
	14.40409819	14.40948321	14.41150549	14.40618688	14.40900253
	13.31954567	13.31880767	13.32012969	13.32260513	13.32631032
	13.33157076	13.33808365	13.3455378	13.35558982	13.36067014
	13.37037028	13.37652191	13.38455303	13.39279313	13.40169883
	13.41115937	13.42195929	13.43540307	13.44962103	13.46910105
	13.4805445	13.51838608	13.54450277	13.52417477	13.53512211
	13.55415795	13.56769495	13.58674122	13.60394093	13.62157059
	13.6377081	13.65797144	13.67337525	13.69212904	13.71154405
	13.7308802	13.75045594	13.76727438	13.79481596	13.80948477
	13.82348388	13.8395201	13.85865787	13.87914818	13.89945675
	13.92081047	13.9365685	13.9528037	13.97282405	13.99720585
	14.01359285	14.02340297	14.03420381	14.04946667	14.06158903
	14.07593532	14.09328536	14.11160687	14.11895444	14.12772962
	14.1395208	14.15173419	14.16354024	14.1754948	14.18639004
	14.19941335	14.21360992	14.22103393	14.2314306	14.24500479
	14.25422718	14.26536298	14.27205645	14.2811495	14.29433115
	14.30185831	14.30565976	14.31559569	14.32288833	14.33024339
	14.33764298	14.34223681	14.35223338	14.35746634	14.36099877
	14.3650328	14.36988981	14.37534363	14.38041806	14.3850946
	14.3860429	14.39072491	14.3946137	14.3962533	14.4001153
	14.40960539	14.41095828	14.40821204	14.41117507	14.40455038
	14.4042932	13.32419557	13.3212993	13.32194074	13.32465069
	13.32838947	13.33341966	13.33957648	13.34661164	13.35606391
	13.36533701	13.36944593	13.37621375	13.38451462	13.39381167
	13.40293976	13.41236587	13.42355846	13.43717256	13.45195831
	13.47217506	13.4795228	13.50293787	13.53593897	13.53847166
	13.54427385	13.55568912	13.56875591	13.5883606	13.60265538
	13.62180578	13.6382413	13.65795925	13.67587122	13.69480148
	13.71235583	13.73249875	13.75346744	13.76514663	13.78706809
	13.81178718	13.8236373	13.84798044	13.85924689	13.88051518
	13.90009966	13.91982822	13.93702932	13.95600723	13.97741957
	13.99950577	14.01435718	14.02396974	14.03698837	14.04878542
	14.06189894	14.07599741	14.09159755	14.10894919	14.11834707
	14.12732918	14.13928932	14.15157637	14.1633484	14.17523964
	14.18770352	14.20396962	14.20977995	14.22059394	14.23075112
	14.24502748	14.25664668	14.26417517	14.27214147	14.28267468
	14.29859288	14.31123077	14.31630231	14.31870332	14.32319559
	14.33022994	14.33723982	14.3430674	14.35300515	14.36043276
	14.36154029	14.36562621	14.37015833	14.37525741	14.38040516
	14.38468627	14.38707662	14.39084556	14.39437984	14.3965073
	14.39694334	14.39964662	14.40307786	14.40352047	14.40728577
	14.4059383	14.40595257	13.32730515	13.323164	13.32309418
	13.32610017	13.32991017	13.33480121	13.3407093	13.34737228
	13.35516609	13.363405	13.36958489	13.37663604	13.38499714
	13.39456225	13.40380334	13.41320539	13.4247795	13.4372478
	13.45182689	13.46858544	13.47856761	13.49796475	13.51806553
	13.53306899	13.54529679	13.55712672	13.56967778	13.59075724
	13.60236943	13.62377981	13.63868821	13.65531275	13.67568891
	13.69758166	13.71341646	13.73317956	13.75017633	13.77237679
	13.79224318	13.80936578	13.82874731	13.84487864	13.86982011
	13.88636896	13.90194728	13.92017807	13.93800564	13.95809767
	13.98063367	14.00131586	14.01434003	14.02396992	14.03525144
	14.04845416	14.0619653	14.07589701	14.09068992	14.10572025
	14.11642232	14.12663884	14.13907805	14.1514113	14.16308853
	14.1748279	14.18695937	14.19915781	14.20954388	14.22049279
	14.23070031	14.24509062	14.25276633	14.2627467	14.27256144
	14.28461467	14.29688744	14.30251323	14.30894808	14.31475209
	14.32550002	14.33091131	14.33690036	14.34326837	14.35145037
	14.36152132	14.363343	14.36729788	14.37110546	14.37575107
	14.38074151	14.38516046	14.38746928	14.39085469	14.39415198
	14.39675706	14.3985983	14.39980925	14.40142709	14.40341969
	14.40583458	14.40606944	14.40633827	13.32547159	13.32284613
	13.32342938	13.32700913	13.3309421	13.33575386	13.34149559
	13.34792391	13.35499001	13.36261517	13.3701242	13.37765415
	13.38608585	13.39525949	13.40419676	13.41382589	13.42578507
	13.4373822	13.44815741	13.46274231	13.47953104	13.49679161
	13.51249064	13.52839578	13.54374922	13.55716712	13.5739017
	13.58662133	13.60689996	13.622813	13.64119137	13.65730991
	13.67918838	13.69100044	13.71177782	13.73328061	13.75093358
	13.77102151	13.79124542	13.80903043	13.82655409	13.84405796
	13.8648386	13.88251303	13.90427661	13.92073012	13.93952171
	13.96058459	13.9838208	14.00312179	14.01430283	14.02360635
	14.03518753	14.04851457	14.06205279	14.07592485	14.09063611
	14.10369654	14.11479306	14.12606638	14.13892442	14.15126389
	14.16280671	14.17434376	14.18659716	14.19780351	14.21252628
	14.22103052	14.23158267	14.24621623	14.25722027	14.26247508
	14.27256861	14.2858274	14.28769479	14.29914214	14.30672726
	14.31356295	14.32624205	14.33298089	14.33665929	14.34259202
	14.3498462	14.35575621	14.36252842	14.37134373	14.37252742
	14.37658687	14.38222798	14.38725204	14.38797425	14.39061407
	14.39390984	14.39646156	14.39885547	14.40092163	14.40267289
	14.40418619	14.4052519	14.40552522	14.40566282	13.32373554
	13.32216442	13.32337226	13.32746768	13.33153321	13.3363079
	13.34195432	13.34825342	13.35505422	13.36245911	13.37038029
	13.3783074	13.38672761	13.39546677	13.40418064	13.41425346
	13.4263008	13.43713591	13.44686247	13.46000697	13.4786215
	13.49591992	13.51148497	13.52787271	13.54189197	13.555478
	13.57514238	13.5860524	13.60702595	13.62251648	13.64107511
	13.65751977	13.67490516	13.69860787	13.71117191	13.73251774
	13.75324556	13.77080464	13.79028043	13.81540646	13.82485732
	13.84431772	13.86286386	13.8748357	13.90570017	13.91976551
	13.94060075	13.96272852	13.98636991	14.00461389	14.01438461
	14.02349664	14.03520126	14.04865884	14.06217618	14.07625384
	14.09160189	14.10303344	14.11411133	14.12584772	14.13884142
	14.15116142	14.16258779	14.17397581	14.18625901	14.19780764
	14.21459625	14.22176955	14.23266648	14.24231007	14.25521362
	14.26161586	14.27227668	14.28309335	14.29670787	14.2989866
	14.30589675	14.31500646	14.3264855	14.33088614	14.33638643
	14.3420722	14.34954914	14.35723679	14.36657295	14.36899615
	14.37325589	14.37732827	14.38313894	14.38746883	14.39011198
	14.39063943	14.39375503	14.39617637	14.39854722	14.40072545
	14.40253334	14.40386608	14.40467716	14.40503585	14.40514782
	13.32350822	13.32237121	13.32335677	13.32759664	13.33173194
	13.33648821	13.34210381	13.34836583	13.35510335	13.36243291
	13.37040677	13.37847682	13.38684377	13.39544816	13.40415643
	13.41437902	13.42642374	13.43710193	13.44653758	13.45932862
	13.4776611	13.49570342	13.51133134	13.52704282	13.54116163
	13.55396512	13.57285786	13.58546152	13.60653504	13.62334196
	13.64162941	13.65766264	13.67538799	13.69631577	13.7123527
	13.73226153	13.75294157	13.77072577	13.79085962	13.82264411
	13.82392044	13.84404519	13.86284164	13.87669442	13.90420097
	13.9190837	13.94180205	13.96339823	13.98730985	14.0053698
	14.01459879	14.02336442	14.03517835	14.04871173	14.06222849
	14.07638282	14.09244917	14.10317034	14.11398891	14.12581848
	14.1387986	14.15114136	14.16252154	14.17386625	14.18601306
	14.19761152	14.20968985	14.22036702	14.23428062	14.24707885
	14.25439812	14.26137289	14.27229763	14.28707809	14.29244161
	14.2987791	14.30541574	14.31511412	14.32517568	14.33325237
	14.33648383	14.34191139	14.34946065	14.3612498	14.36408989
	14.37050734	14.37508663	14.37865576	14.38245152	14.38261078
	14.38964676	14.3907105	14.39371846	14.39607288	14.39841375
	14.40057849	14.40237469	14.40368067	14.40448429	14.40486993
	14.40495425	