3131	
	16.58992381	16.60322844	16.59208623	16.59652881	16.59705421
	16.59526058	16.61125833	16.60391065	16.5860722	16.61339489
	16.64097678	16.62018366	16.52563585	16.61016051	16.5874642
	16.57085919	16.54307736	16.48861535	16.45530252	16.39723885
	16.34627699	16.25689862	16.37274205	16.08292924	16.03282565
	15.90433851	15.82381668	15.72327135	15.61133615	15.53112521
	15.43737406	15.34148021	15.24599145	15.15086392	15.05909864
	14.96777024	14.87271659	14.76500687	14.68005183	14.59589251
	14.50554518	14.41451992	14.32789154	14.20610531	14.1312455
	14.04410847	13.958097	13.88926321	13.80801574	13.72721895
	13.65270664	13.5719786	13.49998304	13.36269658	13.35036146
	13.25534736	13.20981114	13.14087703	13.05754348	13.00512286
	12.94248027	12.90290607	12.84973071	12.80460288	12.77886749
	12.67313683	12.65492739	12.62067997	12.52875658	12.53451072
	12.57145524	12.52297125	12.47145777	12.41951847	12.42749508
	12.38670783	12.36368474	12.34379857	12.29806355	12.32440995
	12.26522008	12.21882578	12.20231928	12.19799808	12.21307802
	12.17980189	12.16158672	12.12542374	12.12316057	12.09119683
	12.09682385	12.03774005	12.12335606	12.0671176	12.09028615
	12.08463161	12.07156187	12.05367941	12.06846633	12.06736364
	12.06218074	16.59005498	16.59687026	16.59489577	16.59725849
	16.60010314	16.59086267	16.60614135	16.60803158	16.60671208
	16.60031025	16.67618153	16.62280713	16.66113588	16.61000509
	16.58603365	16.57284912	16.54206838	16.50184645	16.46297358
	16.39375572	16.34453542	16.26652984	16.36623916	16.07203646
	15.99716401	15.8946017	15.8151304	15.72583885	15.61160951
	15.51625234	15.42513521	15.34060501	15.24565091	15.14910514
	15.05734209	14.96402055	14.87470732	14.79501475	14.69985509
	14.59749263	14.50600138	14.41486395	14.32813716	14.232755
	14.14469771	14.09232922	13.97111263	13.89239173	13.80683314
	13.72535016	13.64853154	13.56551359	13.52007048	13.29879233
	13.36895817	13.27925309	13.20855594	13.12551525	13.07125908
	13.01364551	12.96270774	12.90280503	12.85426017	12.79638888
	12.74234481	12.68992931	12.65801911	12.60870307	12.57946154
	12.54921481	12.553531	12.38900351	12.46462347	12.41527763
	12.39735945	12.38217029	12.36602543	12.34029625	12.31112124
	12.30460543	12.27380628	12.25599379	12.22704829	12.22113587
	12.20208838	12.16646506	12.16769662	12.14285106	12.12274624
	12.10818912	12.11868346	12.05506465	12.09755744	12.06150926
	12.06681026	12.08076839	12.07394816	12.06900161	12.07057897
	12.06916491	12.06436386	16.59115571	16.59402551	16.59537444
	16.59674323	16.60004271	16.59855338	16.60258325	16.60785075
	16.63667019	16.59156958	16.5790074	16.6833115	16.63026453
	16.61989748	16.59195767	16.57118791	16.54565311	16.51445463
	16.47431677	16.40107686	16.34615941	16.27045357	16.35150621
	16.00839585	16.03643053	15.96559583	15.82064641	15.72311656
	15.63107495	15.52992302	15.43756604	15.34199227	15.24746432
	15.15527277	15.05860785	14.96217029	14.87185264	14.78354882
	14.69081218	14.59619387	14.50366281	14.40918305	14.31951433
	14.2296881	14.14027206	14.04833215	13.97467083	13.89212334
	13.80030613	13.72221544	13.64618395	13.57312631	13.4916605
	13.36624112	13.35918218	13.24866315	13.2113728	13.12658159
	13.08940668	13.00938045	12.94684016	12.89052304	12.861773
	12.7979413	12.67165963	12.64563693	12.66143996	12.58711219
	12.59450909	12.55504144	12.52858138	12.47646757	12.4780759
	12.32118626	12.42031188	12.35503114	12.35507593	12.33440794
	12.31618443	12.29171267	12.27449016	12.25612344	12.24580397
	12.22923025	12.2133999	12.15442517	12.18123154	12.17358877
	12.13387232	12.1268895	12.11205617	12.07054552	12.08179406
	12.07561574	12.07068818	12.06826372	12.0718604	12.06592008
	12.06857842	12.07100807	12.0680513	16.59255352	16.59267937
	16.59622871	16.5948438	16.59975865	16.59898593	16.60082267
	16.61049032	16.62568649	16.61939058	16.56254482	17.01830091
	16.54406827	16.62804523	16.5825002	16.57960659	16.55140889
	16.51908267	16.4764648	16.40272921	16.34575964	16.27364331
	16.25268224	16.08457721	16.01504539	15.8876382	15.81733645
	15.7013723	15.62173518	15.51896401	15.43500959	15.34032709
	15.25049728	15.15852224	15.05948184	14.96405687	14.8710405
	14.78370319	14.69430967	14.59502078	14.5017863	14.40070085
	14.31948124	14.23274255	14.16785636	14.0395563	13.97426452
	13.89377439	13.80070053	13.72588589	13.64394136	13.54889778
	13.48733606	13.41304842	13.34934539	13.27687984	13.20436534
	13.10010552	13.09737843	12.99646628	12.95915958	12.87057373
	12.81467019	12.82567174	12.69866292	12.53886126	12.67100129
	12.60556479	12.57781972	12.55351394	12.52148918	12.48924227
	12.41601539	12.50095432	12.46819227	12.40338475	12.35966881
	12.31169703	12.31486134	12.28390794	12.27478946	12.25448034
	12.24122191	12.21917659	12.17519496	12.2017498	12.07469126
	12.21382171	12.13423757	12.08593144	11.97881743	12.08567398
	12.08612777	12.08119169	12.0745312	12.06523005	12.06853472
	12.06025693	12.04615387	12.06745607	12.06860108	16.59387565
	16.59385185	16.5957394	16.59625457	16.59639374	16.59893474
	16.60254935	16.59829088	16.59203905	16.6436839	16.6102961
	16.5675679	16.57560763	16.60690428	16.5984906	16.59751435
	16.56983127	16.52616661	16.48354129	16.41199568	16.35238877
	16.27726541	16.21069181	16.10374895	16.01194386	15.90720415
	15.84211456	15.71712003	15.62572889	15.53319422	15.42756327
	15.33500557	15.23428007	15.15423378	15.05775557	14.9638871
	14.87130198	14.78400861	14.71572367	14.59824143	14.50357328
	14.41482964	14.31787978	14.23054914	14.12944818	14.05850872
	13.97726165	13.895132	13.80234371	13.72623992	13.64611743
	13.5940128	13.48895571	13.41591495	13.34242231	13.27009197
	13.20387305	13.13106336	13.08144239	13.00887981	12.93947525
	12.88666009	13.05019024	13.22765681	12.72057663	12.68513067
	12.66408289	12.60561114	12.57928132	12.55131605	12.52111831
	12.49603364	12.4686605	12.44759871	12.41825306	12.38724317
	12.3635537	12.33725704	12.31504257	12.29680098	12.28239368
	12.24757612	12.22710532	12.18921386	12.17560195	12.13393301
	12.15674146	11.9986159	12.10018307	12.04307578	12.03316414
	12.12540552	12.08581054	12.08646296	12.07787053	12.07079325
	12.06524456	12.06924325	12.09015641	12.06980867	12.06935924
	16.59312827	16.59272554	16.5936532	16.5959576	16.59676263
	16.59936804	16.60202154	16.60514546	16.59951077	16.67146395
	16.58409306	16.54383231	16.77876958	16.61224729	16.61841439
	16.61526305	16.56425824	16.54443152	16.4835145	16.41669789
	16.34676975	16.28140329	16.20159476	16.10800619	16.00721275
	15.91521516	15.82459521	15.72460075	15.62801135	15.52367957
	15.43360289	15.33801025	15.26340883	15.15305412	15.05502838
	14.96020415	14.87106387	14.77600716	14.60675516	14.58985719
	14.50601377	14.41313815	14.323615	14.23295562	14.14271978
	14.06812603	13.97287702	13.88084461	13.79667545	13.71307935
	13.63604737	13.54407766	13.48436764	13.42467859	13.33946978
	13.26678377	13.19842058	13.11622211	13.04930977	13.01050937
	12.99392351	12.82026256	12.87888252	12.87402702	12.62084652
	12.77397572	12.67494907	12.59392596	12.56992598	12.55253935
	12.51911631	12.49076661	12.4608996	12.41472171	12.39524627
	12.37820331	12.36581057	12.32850393	12.28272168	12.29147395
	12.31554835	12.22145913	12.23448048	12.21382781	12.19069295
	12.17820052	12.3081271	12.34398311	12.11654303	12.10310304
	12.42438689	12.14426822	12.05506049	12.09940788	12.08226639
	12.073564	12.06052666	12.06250024	12.05285236	12.06652188
	12.07257806	16.59085233	16.59261114	16.59155255	16.59500879
	16.59635296	16.59881078	16.60230991	16.59538119	16.62309144
	16.6012699	16.61657417	16.51530243	16.57519163	16.63361231
	16.64900723	16.66525583	16.63342053	16.58076198	16.50789277
	16.47793314	16.36607493	16.29009348	16.20383393	16.11134227
	16.0117823	15.91670567	15.82028238	15.71445423	15.63321617
	15.52790867	15.43185199	15.32618146	15.24302234	15.15154585
	15.05284438	14.95935849	14.87326132	14.77470924	14.6682817
	14.58211624	14.50404311	14.41889725	14.31394737	14.23213559
	14.14171159	14.0555481	13.96769786	13.87585222	13.7963969
	13.71370084	13.64167593	13.55100271	13.50862829	13.48823023
	13.33681457	13.26281005	13.18856511	13.1283792	13.0760045
	12.97090677	12.82141572	12.95513166	12.75137689	11.81683472
	12.34754898	12.63743224	12.64326917	12.62060868	12.56253359
	12.55285584	12.51666578	12.48311855	12.451216	12.42693389
	12.42364566	12.35819369	12.36999355	12.32591457	12.32812085
	12.30271843	12.13900675	12.25874689	12.21346113	12.22911583
	12.19521812	12.16812681	12.07426573	12.09498472	12.07049813
	12.06321129	12.09001038	12.0740684	12.05002968	12.06784644
	12.08081761	12.07402709	12.07172818	12.06939419	12.04799285
	12.05521663	12.0681543	16.59201131	16.59252295	16.59157007
	16.5936302	16.59313126	16.596964	16.59956819	16.59971761
	16.60825934	16.58316905	16.5957741	16.61556247	16.79910853
	16.88396335	16.60732351	16.59842209	16.57898925	16.4640968
	16.54522428	16.44499125	16.36747474	16.296233	16.21122552
	16.11731558	16.01891586	15.91920393	15.82378533	15.70585614
	15.62276366	15.52668487	15.43045043	15.32096515	15.22297482
	15.15531047	15.05115098	14.96079203	14.87101104	14.76865795
	14.67892757	14.58972224	14.50132966	14.3921933	14.30182413
	14.21889764	14.14031141	14.04100259	13.96237111	13.8759096
	13.79839823	13.71110506	13.61582917	13.52193348	13.45323279
	13.49489172	13.32729607	13.25494375	13.17760577	13.07833704
	13.06990924	12.89717021	13.30318967	12.86261744	12.57284633
	12.89898871	12.91125286	12.6148631	12.6338546	12.60329961
	12.59980847	12.55939428	12.51726961	12.48540344	12.45845966
	12.41634587	12.3787445	12.3877702	12.42446511	12.32781841
	12.28762129	12.28285437	12.26063674	12.20562883	12.25723422
	12.21654801	12.17231864	12.17233179	12.11136742	12.0594716
	11.77021638	12.17087122	11.99947955	12.23296007	12.00285037
	12.06617898	12.07970061	12.07358859	12.07320311	12.0543193
	12.05679273	12.07215041	12.06695554	16.5909597	16.59135346
	16.59094777	16.59334498	16.59370607	16.59564599	16.59763812
	16.60461389	16.61074655	16.60313886	16.63316723	16.26842353
	15.45764499	16.65873704	16.3564093	16.72114218	16.70326805
	16.8076523	16.58588603	16.48705258	16.37756953	16.29132939
	16.21435779	16.12605676	16.02254093	15.91396069	15.82142742
	15.72438616	15.62577896	15.52974009	15.42158189	15.38823558
	15.27317839	15.15118802	15.05187933	14.95805432	14.86719771
	14.76879295	14.67844023	14.58088987	14.49410961	14.41224247
	14.31213514	14.23239458	14.14013258	14.05643312	13.95479974
	13.87012601	13.7965885	13.71196273	13.64034822	13.54569743
	13.47436866	13.40582523	13.34236952	13.23642146	13.17209695
	13.1299278	13.03544172	12.98683731	13.13207819	12.71395683
	13.01705959	12.69137999	12.78901808	12.65379422	12.63178183
	12.58903735	12.54526688	12.54211532	12.51570954	12.4855359
	12.46487222	12.42437452	12.3792775	12.38132967	12.312067
	12.33401589	12.31589452	12.29341924	12.43430475	12.45597111
	12.31304374	12.17616983	12.19974275	12.17235646	12.13142495
	12.17108674	12.32892609	12.21651229	11.71222836	11.53745161
	12.07653207	12.12603031	12.09817173	12.072504	12.06885965
	12.0628472	12.05202136	12.06638082	12.06156683	16.58582044
	16.58985212	16.58906538	16.59099477	16.59074099	16.59160911
	16.59791016	16.60853193	16.62596457	16.60754196	16.59456166
	16.62350798	16.90224747	16.56409393	16.5712663	16.8142055
	16.73437214	17.1298804	16.43699706	16.5745325	16.38728368
	16.33995309	16.19695276	16.13025178	16.02751838	15.91646171
	15.80641516	15.72063918	15.62179361	15.51868504	15.42427456
	15.31494144	15.24620235	15.14662497	15.05217193	14.95712548
	14.86650689	14.77295941	14.67864569	14.59509391	14.49085315
	14.40394612	14.30972842	14.21110867	14.13792028	14.05158352
	13.93502348	13.8630955	13.79895063	13.70729485	13.6199298
	13.53646647	13.47490296	13.37447488	13.33971479	13.23417426
	13.1908535	13.08187559	13.04955864	12.97880263	12.94117616
	12.82560261	12.82565085	12.69647047	12.7230126	12.47835543
	12.63678883	12.6128174	12.63532306	12.5429728	12.5136275
	12.48416439	12.45705327	12.43792941	12.39698779	12.38444221
	12.387149	12.33595985	12.30568058	12.16669275	12.60619062
	12.50098466	12.48405304	12.09467392	12.24915494	12.19345119
	12.16172986	12.12477592	12.12099658	10.91810216	12.62817142
	12.22296759	12.11135628	12.01916492	12.12884795	12.07219539
	12.06014122	12.06063837	12.06229165	12.06463279	12.05340131
	16.58980769	16.58815552	16.58842646	16.5871214	16.59086456
	16.59174104	16.59742879	16.59680493	16.60373269	16.6060798
	16.6452287	16.51497721	16.73936588	16.7615465	16.79290893
	15.95766426	18.8061322	16.43734773	17.08842927	16.50574304
	16.48408305	16.34615908	16.38376575	16.15773813	16.02966072
	15.92227607	15.81699962	15.71944194	15.62210086	15.52733402
	15.43803659	15.33570395	15.24003375	15.14551436	15.05304465
	14.95410083	14.86487375	14.77018517	14.66805419	14.57395445
	14.48759364	14.39768868	14.30769606	14.232766	14.12954492
	14.04435279	14.00082392	13.87295171	13.80682439	13.7020149
	13.60275271	13.53314971	13.44873769	13.3982076	13.31078936
	13.22727818	13.13545036	13.1026092	13.03819568	12.97205024
	12.92659719	12.84903646	12.8120049	12.6964586	12.65730405
	12.6400715	12.65252311	12.62579787	12.57915369	12.52506821
	12.50239539	12.48591901	12.44980487	12.43106459	12.40081419
	12.38631104	12.38946879	12.33182061	12.31794419	12.55604432
	11.55181711	11.97799758	12.35420041	12.27180849	12.16238848
	12.15052397	12.12361491	12.11535456	12.10078297	11.96959494
	12.22394652	12.11769457	12.10098204	12.00088382	12.07481891
	12.05460953	12.06214846	12.06758756	12.06544375	12.06376411
	12.05366011	16.58797103	16.58415863	16.58944897	16.58164675
	16.5889763	16.59008631	16.59495686	16.59066726	16.55403263
	16.60365004	16.61330071	16.6353021	16.67881438	16.82412369
	16.41606824	18.04401725	16.60774219	17.51644204	16.18633561
	15.04699478	14.58356592	17.00255308	15.94661054	16.14999807
	16.02392058	15.92196766	15.81503804	15.71565824	15.61688724
	15.52258841	15.41931533	15.32710597	15.23896853	15.14227647
	15.04409199	14.94650729	14.86237821	14.7508915	14.66764076
	14.59180255	14.49678219	14.40202891	14.30318438	14.22172873
	14.11349114	14.03661169	13.79990748	13.87214297	13.78653585
	13.69245663	13.60885607	13.5274949	13.46874221	13.37797547
	13.28264768	13.21101703	13.16743253	13.08777942	13.02411535
	12.95608626	12.90857157	12.82364784	12.79640631	12.62946224
	12.70036896	12.7153559	12.43658847	12.74057337	12.5844347
	12.50117432	12.48660304	12.48041273	12.43133108	12.45330542
	12.3958358	12.35992187	12.32739487	12.31675114	12.22218847
	12.7532489	11.89753875	11.53349061	12.12613011	12.16623113
	12.18440147	12.16378053	12.13997704	12.12681899	12.10658656
	12.09587929	12.14497467	12.05656316	12.08102264	12.0480298
	12.09889883	12.04323898	12.064758	12.07896461	12.06550167
	12.06005039	12.04932915	16.5842644	16.58248603	16.5798773
	16.58595067	16.58684355	16.58661794	16.5923888	16.5982186
	16.60911931	16.6094521	16.6184804	16.62774343	16.51767178
	16.53248711	16.81095042	17.78205476	18.07025639	20.14105939
	16.41647141	16.52337711	16.15290008	19.03003561	15.99168212
	16.20179585	16.02156697	15.91595964	15.81304724	15.7157759
	15.61551449	15.51729595	15.42594964	15.32812895	15.23241477
	15.13942201	15.04542257	14.95236955	14.88457653	14.80564816
	14.70423038	14.54281929	14.48718195	14.40385372	14.3077253
	14.21451112	14.13874275	14.04118461	13.98078911	13.87032899
	13.77340107	13.67635928	13.60035044	13.5193622	13.45715973
	13.3343946	13.24863463	13.2322781	13.16179441	13.06753615
	13.01090415	12.94718364	12.88504677	12.8219721	12.78466029
	12.72181721	12.59057513	12.52839746	12.6401884	12.63678835
	12.55666797	12.5116868	12.49727523	12.47665425	12.42383371
	12.40868167	12.36260029	12.37642049	12.33506456	12.32799952
	11.94576183	12.38679281	12.27427272	12.52019148	12.20890985
	12.1424587	12.18462857	12.16543001	12.16379186	12.14043544
	12.09806344	12.08386944	12.10926476	12.05896705	12.09630182
	12.07609892	12.09341548	12.06286528	12.06868211	12.06882999
	12.05244395	12.04776319	12.05268139	16.57926261	16.58200851
	16.57857583	16.5877813	16.58584558	16.58528027	16.59250859
	16.60851543	16.62031965	16.58531079	16.61671652	16.67699934
	16.69724356	17.10207051	16.95237004	16.57002654	16.72799435
	16.82405851	16.23626604	16.15536715	16.22984586	19.34505373
	15.71041671	16.2777391	15.9045058	15.79935168	15.8075999
	15.71163405	15.61684679	15.51541388	15.42564719	15.33186849
	15.22955144	15.13330539	15.04309716	14.94687608	14.84284803
	14.74076147	14.68648638	14.63000249	14.4726582	14.42585521
	14.32058768	14.19966484	14.12079008	13.99789839	14.00733572
	13.85890098	13.76758744	13.68944363	13.59659969	13.50215121
	13.44326636	13.36225117	13.2600088	13.19489068	13.14242216
	13.05043563	13.00014018	12.94070296	12.87863051	12.83741346
	12.76559826	12.72715539	12.69856416	12.6269256	12.61533216
	12.5782661	12.4402801	12.47931524	12.50197494	12.42090824
	12.44777334	12.39911729	12.41099922	12.36535107	12.34152732
	12.32360735	12.4675988	12.23511936	12.26570112	12.33250096
	12.2243452	12.20610267	12.20015637	12.16933652	12.10387989
	12.14748699	12.14987858	12.11540852	12.10404972	12.12178331
	12.14953281	12.08658053	12.08067601	12.06096024	12.06846042
	12.05784106	12.02979739	12.07130288	12.01309524	16.56288934
	16.58079887	16.58840545	16.57463003	16.58017125	16.58375124
	16.58779653	16.58553029	16.59814776	16.59146717	16.6015866
	16.6362664	16.66685711	16.48942306	16.67941367	16.77812
	16.70585174	16.67331133	15.35532381	16.26053009	16.6817214
	16.40206137	16.03621646	16.44105334	16.21966797	15.76904817
	15.8213321	15.69294097	15.6083441	15.51209405	15.42031872
	15.31738275	15.22677224	15.13086471	15.04077658	14.94702009
	14.85250778	14.78980275	14.65325341	14.61811839	14.46916549
	14.38429891	14.30768322	14.20788633	14.12576565	14.02428064
	13.95119221	13.84617192	13.76223995	13.64959441	13.59522139
	13.5037676	13.43677254	13.35355594	13.27176199	13.25581244
	13.093705	12.96872066	12.99569273	12.92670166	12.85306941
	12.82940667	12.77000553	12.72417113	12.68254021	12.66031307
	12.64701126	12.58514498	12.52320578	12.49704612	12.49444561
	12.48819882	12.43195157	12.42454163	12.35841355	12.33377535
	12.33822791	12.29665575	12.17357233	12.27830555	12.24725755
	12.23442063	12.25131502	12.21501606	12.18619955	12.13263839
	12.30474129	12.09339713	12.19051491	12.12000846	12.10734526
	12.10443507	12.1287615	12.08694586	12.07728343	12.04500091
	12.06452876	12.06258069	12.0724032	12.06250386	12.03782155
	16.58247015	16.58126881	16.58290275	16.58145982	16.5683982
	16.58269773	16.59519865	16.5684495	16.58685561	16.58961468
	16.59626715	16.58669066	16.69984057	16.6309116	16.63602202
	16.6416611	16.91956958	16.5874508	15.7401281	16.79648188
	16.81958403	16.24162296	16.2481065	16.11365849	16.18323766
	15.94802655	15.82855109	15.67990593	15.60174848	15.51247097
	15.41732996	15.32174688	15.21665838	15.13167131	15.03881388
	14.93534229	14.82610416	14.74177436	14.66321148	14.55700083
	14.4793527	14.38308352	14.29682258	14.18521943	14.07593115
	14.03100147	13.9372203	13.79490233	13.74343034	13.58780918
	13.60081561	13.50592637	13.40759002	13.33942548	13.31800715
	13.10096381	13.18718597	13.03236204	13.01465629	12.87644117
	12.8677773	12.77286298	12.75700149	12.71939163	12.67995932
	12.65555077	12.62850788	12.57966932	12.54564879	12.51153317
	12.46482551	12.44216796	12.42937626	12.38598096	12.38986795
	12.37820084	12.34035501	12.30615398	12.31574385	12.2787778
	12.24591305	12.16396041	12.29909164	12.21736589	12.15991182
	12.03946016	11.83591977	12.20706193	12.03223421	12.10785341
	12.10735223	12.07401671	12.0400704	12.0861567	12.08563535
	12.05898162	12.062461	12.05795783	12.06208289	12.06289054
	11.91287384	16.56151515	16.57686121	16.5787154	16.57208032
	16.57720284	16.5766095	16.60728578	16.58462116	16.58325036
	16.58431571	16.58676767	16.58952549	16.59546555	16.57793011
	16.60326184	16.52660492	16.48664686	16.59773494	16.00166326
	16.41526332	16.15355786	16.31152357	16.25385934	16.09141154
	15.99198606	15.80892179	15.79306509	15.69281076	15.58674294
	15.50979517	15.41316279	15.32121189	15.23856078	15.11879928
	15.03807602	14.94137676	14.82402993	14.6817179	14.66924882
	14.56476413	14.47437319	14.38446576	14.28861088	14.1752471
	14.21380413	13.99888842	13.92746415	13.84623886	13.70298955
	13.84445739	13.61220534	13.50016408	13.39881368	13.36500618
	13.52441939	13.09809599	13.15868678	13.03982604	12.89325208
	12.8725287	12.78342699	12.81257302	12.74941164	12.71213077
	12.66632744	12.62324715	12.54640421	12.57540369	12.54819728
	12.5136454	12.4791414	12.43801251	12.43071919	12.40728557
	12.37934939	12.36044134	12.31299397	12.2372872	12.30993592
	12.27066466	12.25755492	12.22441599	12.27789359	12.19687781
	12.14465278	11.84930551	12.31259271	12.17674168	12.22258692
	12.11408248	12.10658809	12.07682251	12.04330599	12.11118283
	12.0446975	12.08614539	12.06858571	12.06065614	12.05169994
	12.06166226	12.04513147	16.57750472	16.57385596	16.57781317
	16.57103331	16.58934542	16.57280659	16.54096307	16.58446229
	16.57249522	16.57169274	16.57640866	16.57941821	16.58266323
	16.57177686	16.58006828	16.55052712	16.54369926	16.50942637
	16.55021605	16.38185058	16.16820343	16.30019627	16.21162035
	16.06964291	15.99195003	16.016909	15.78111182	15.69411277
	15.59943715	15.50664367	15.40617251	15.31642576	15.22808221
	15.12433057	15.03731707	14.93079874	14.84341312	14.74971976
	14.66537293	14.55416557	14.47198776	14.38181632	14.27844004
	14.1985988	14.0676766	13.97735522	13.92234355	13.82825708
	13.74925114	13.66822412	13.56524924	13.4757517	13.51582475
	12.98545139	12.82349878	13.22123397	13.17547177	12.97315057
	12.81113704	12.88489818	12.75197899	12.73732189	12.7328349
	12.7048396	12.67382037	12.63573969	12.56391094	12.58335488
	12.53715241	12.5115162	12.49084816	12.48768259	12.42490768
	12.40523007	12.3883678	12.38570038	12.31075025	12.32882506
	12.26178276	12.24409752	12.26825879	12.24464743	12.22424883
	12.15551613	12.33451382	12.08046993	12.82615143	12.12988493
	12.13339976	12.09161759	12.10820752	12.09312988	12.08023616
	12.10276347	12.06718305	12.07421383	12.06891054	12.07035048
	12.05265488	12.06100805	12.05766978	16.57912618	16.57332727
	16.56930979	16.5747895	16.56554862	16.57490647	16.57062154
	16.61726816	16.55636805	16.57297816	16.5682055	16.56423421
	16.55391468	16.5578279	16.54420225	16.53377481	16.50260235
	16.45234696	16.47816404	16.36993895	16.2864864	16.23306703
	16.16439309	16.0801881	16.00388654	15.88712183	15.78716887
	15.70485346	15.5967246	15.50691442	15.40433344	15.31082452
	15.22147406	15.12703495	15.01738045	14.92675511	14.83003985
	14.72949313	14.67022026	14.55834232	14.46785303	14.38014271
	14.28304489	14.1807447	14.09205033	14.00096356	13.89265035
	13.82342675	13.72567628	13.63030714	13.53543779	13.44044211
	13.12197638	13.22554496	14.51352495	13.41704418	13.0759362
	12.97870885	12.8085188	12.7815955	13.08652644	12.76308159
	12.71484994	12.68860073	12.71145218	12.63404285	12.56018978
	12.5852925	12.49847881	12.4677813	12.4871805	12.46773453
	12.39885631	12.39675907	12.36067365	12.37764778	12.29189994
	12.30293846	12.27452508	12.21592972	12.06715739	12.25882207
	12.21372425	12.18086031	12.37740526	12.13773918	12.18585213
	12.1241401	12.06311381	12.09596572	12.10148065	12.09468777
	12.09322647	12.0597505	12.06604266	12.0709728	12.06907505
	12.06556322	12.05215282	12.06378252	12.06147414	16.57267476
	16.57118081	16.5709406	16.57722927	16.56355711	16.58475991
	16.56784253	16.58756491	16.56248604	16.56443682	16.55731796
	16.54868765	16.54835516	16.53497339	16.52295174	16.50275842
	16.46494275	16.42374082	16.38468547	16.29015445	16.34482252
	16.17538764	16.14279447	16.03978129	15.96930557	15.86450145
	15.77237296	15.69073237	15.59053803	15.50732593	15.40420919
	15.32743559	15.229492	15.12370691	15.07530746	14.90878676
	14.85448444	14.741952	14.58290363	14.57193038	14.46826101
	14.37960179	14.28121028	14.18578445	14.09446355	14.03987446
	13.90310878	13.80095814	13.70445584	13.63757082	13.49192024
	13.41075896	13.36257442	13.29653647	14.05375108	12.68161244
	13.11367018	12.96345265	12.84551885	12.70237304	12.82033563
	12.74026633	12.73473782	12.69043518	12.59452635	12.61294165
	12.67279606	12.53505341	12.57470979	12.51867543	12.49197817
	12.45337474	12.38242205	12.39841887	12.33587884	12.3495792
	12.28526326	12.34052786	12.24306107	12.27603398	12.16845798
	12.30013409	12.21658826	12.17099879	12.22892501	12.6128268
	11.76706443	12.04505056	12.18858641	12.12465818	12.10685561
	12.09725067	12.09870746	12.06609289	12.05744269	12.07005003
	12.07322248	12.06581945	12.05901672	12.06442682	12.06269006
	16.57061282	16.56894389	16.5701382	16.5700619	16.56158186
	16.5876466	16.5634762	16.53185895	16.56002493	16.54901678
	16.54656507	16.54171333	16.53440667	16.52031451	16.49849161
	16.47952001	16.44947704	16.41421697	16.36603291	16.31219328
	16.25868953	16.16699576	16.17307148	16.02107568	15.93984699
	15.86633116	15.77359717	15.67799982	15.58379983	15.47977888
	15.37103631	15.31845712	15.09113187	15.13238956	15.03248767
	14.94622311	14.81597702	14.74594301	14.65146634	14.58901918
	14.46507477	14.36306657	14.27557879	14.17213018	14.08413523
	13.96726498	13.85337852	13.81467092	13.73404509	13.67761512
	13.33492921	13.25521258	13.33489015	13.31125115	13.63544194
	13.14627952	13.25352581	12.84512239	12.74407638	12.61448816
	12.71735465	12.78529564	12.77819506	12.69291497	12.64766997
	12.60585951	12.61615456	12.48477582	12.31358821	12.47944934
	12.52929112	12.46255229	12.4352802	12.41685849	12.25057156
	12.37040166	12.29310158	12.32423429	12.19721041	12.26769226
	12.04649526	12.91043703	12.11644488	12.19784415	12.24522278
	12.32802172	12.86082955	12.29009444	12.31574926	12.12905835
	12.07919825	12.0820936	12.11010916	12.02917056	12.07819789
	12.06576865	12.08039878	12.06831205	12.06221524	12.06398513
	12.06285405	16.56787315	16.56655674	16.5670918	16.56643051
	16.56198252	16.56557041	16.56417135	16.55523384	16.56090364
	16.54665106	16.53703785	16.52972358	16.50961033	16.50513878
	16.48373992	16.460444	16.43048751	16.37973475	16.34230762
	16.28341245	16.22435211	16.17040568	16.10197082	16.00578365
	15.97654222	15.84698918	15.76603762	15.66621713	15.57837746
	15.51144818	15.43392722	15.33586013	15.20253989	15.13907871
	15.01498746	14.94464122	14.75203423	14.70430749	14.57766345
	14.49634814	14.36765724	14.37484202	14.2745449	14.17998387
	14.07880247	13.97332833	13.94719052	13.81758701	13.72877249
	13.45104683	13.24753025	12.94024131	13.31190093	13.38610146
	13.33489893	12.95347558	12.47449326	12.78800579	13.29746512
	13.18709338	12.18236403	12.74457292	13.29589418	12.58685112
	12.64695965	12.59672832	12.5753828	12.5269869	12.51498518
	12.61365854	12.63139726	12.49222948	12.44356911	12.2927123
	12.33215544	12.39800242	12.18589878	12.25627518	12.17804427
	12.17483803	12.31975307	12.08257851	12.20096425	12.17781216
	12.11351333	12.23978865	11.18863471	12.12301931	12.38975773
	12.11653906	12.094711	12.08046981	12.02340859	12.09023893
	12.07202342	12.03662252	12.04572235	12.0650158	12.06384443
	12.0682629	12.06515408	16.56173899	16.56518536	16.5655098
	16.56148051	16.55631763	16.56083787	16.55982303	16.5653042
	16.53864026	16.53527487	16.52926925	16.52596064	16.49500273
	16.49287888	16.46862198	16.44491479	16.412976	16.38344471
	16.32822779	16.26026269	16.21582546	16.1550615	16.08862083
	15.99466031	15.92879349	15.84158303	15.75287767	15.66492214
	15.5814182	15.45789915	15.38325405	15.30231704	15.23269115
	15.08494904	14.99956857	14.9360185	14.83355643	14.74915309
	14.5963766	15.11985387	14.32635715	14.36911712	14.27868403
	14.17491454	14.08108302	13.92141435	13.86576815	13.75343079
	13.72039588	13.01234768	13.5129787	12.94164863	13.53792191
	13.19690952	13.34399361	12.74772197	14.15464323	11.85892392
	10.74494317	13.10769383	12.07594323	12.82708848	12.80183183
	12.36998215	12.63818197	12.61177093	12.57078264	12.55274603
	12.53696367	12.48253985	12.28310057	12.45051749	12.4432631
	12.36126137	12.38858727	12.35613525	11.97090525	12.28932926
	12.27091429	12.20240394	12.5010301	12.14484916	12.35678589
	12.01764243	12.55159834	12.26914105	13.40554978	12.20301457
	12.03980861	12.099849	12.07106047	12.11603024	12.04804082
	12.07265331	12.06718846	12.08053129	12.05687508	12.06730415
	12.06489102	12.08305742	12.0746181	16.56858918	16.56493797
	16.56655994	16.56364835	16.56029694	16.55797161	16.55129866
	16.54018972	16.53987409	16.53280095	16.51240923	16.52187806
	16.45361106	16.47207622	16.44165541	16.43055734	16.40060272
	16.35834011	16.31645964	16.25069263	16.20397095	16.1420221
	16.07446448	16.06151184	15.92525062	15.8352271	15.7533558
	15.65931569	15.57550286	15.47426378	15.39079643	15.30360904
	15.2173276	15.12195167	15.02739126	14.94382725	14.84056878
	14.76885539	14.63101287	14.65876347	14.3517466	14.35967966
	14.29509852	14.15353842	14.07609632	13.96990919	13.87183525
	13.76684516	13.67262446	13.46115509	13.98482059	12.90774756
	13.9453449	13.28415618	14.52768732	11.91482682	17.13445458
	8.851984811	12.63010397	12.54965183	12.57355644	12.84597131
	12.63383578	12.70012492	12.64179988	12.59534974	12.5618449
	12.53497327	12.50277364	12.52211284	12.81104456	12.44885339
	12.40198469	12.37169445	12.59206232	12.41152681	12.37222266
	12.31127113	12.23234256	12.23760644	11.91487407	12.26295324
	12.18331202	11.75905041	12.98237226	12.1609301	11.37731002
	12.36176382	12.07519368	12.0583652	12.07723426	12.0525345
	12.07298091	12.07085896	12.06371999	12.06656526	12.05578391
	12.05903549	12.04969378	12.04639523	12.04823893	16.55868187
	16.56384262	16.55900293	16.55473907	16.55779099	16.5451541
	16.54929502	16.54930978	16.53856298	16.53389617	16.52742346
	16.49307108	16.39788149	16.49460544	16.44234314	16.42823631
	16.37350469	16.34181384	16.32186249	16.25710221	16.1908176
	16.12234341	16.06002908	15.99520148	15.90682831	15.82636413
	15.74037814	15.65444501	15.56785901	15.47729701	15.38735684
	15.3075708	15.19200724	15.11319667	15.01736956	14.93956265
	14.84331705	14.75080142	14.65684932	14.57213263	14.43760704
	14.36327088	14.22683707	14.15194475	14.06360057	13.96619171
	13.85955738	13.75297694	13.63297976	13.62786665	13.57148917
	12.98479555	14.11319799	13.91436502	14.5510545	11.96273248
	13.9434616	10.94603757	14.34652687	12.3676914	12.35918683
	12.59027647	12.63311206	12.81237319	12.60933659	12.56749073
	12.55769941	12.5481374	12.54045154	12.53213423	12.39596441
	12.43208455	12.4325333	12.40110422	12.80443324	12.10848671
	11.94283422	12.25317663	12.23181191	12.31122547	12.28742713
	12.14749713	12.14931029	12.0906436	13.00008789	12.07057718
	10.72762103	12.93757534	12.19483457	12.08388517	12.08676963
	12.03105678	12.07077989	12.06646195	12.06229409	12.04290958
	12.05323558	12.03678801	12.05912828	12.05970109	12.01863773
	16.56142678	16.56007615	16.55912098	16.55946166	16.5566902
	16.54870201	16.54589677	16.54287612	16.53005295	16.51792056
	16.51309034	16.48805854	16.4676823	16.46707435	16.41976546
	16.3747861	16.37426437	16.32726982	16.26682047	16.23962777
	16.18360288	16.11896903	16.05309045	15.98211669	15.90066798
	15.82381563	15.73215038	15.6552858	15.56045875	15.47911138
	15.38607244	15.29913589	15.20445279	15.11322336	15.02578062
	14.91255319	14.85768279	14.75093331	14.65781701	14.57309717
	14.45842796	14.35060047	14.24828973	14.21278216	14.06714002
	13.96497945	13.8573613	13.77103177	13.62487278	13.51208917
	13.40470034	13.00344146	13.55409288	12.48094086	9.331857563
	10.96426804	12.83148957	12.49304223	13.00685209	12.66126887
	12.51758679	12.59507469	12.62025473	12.66264032	12.51107197
	12.64008119	12.55561322	12.52765122	12.51500714	12.47164798
	12.47789375	12.4022576	12.42819844	12.39762402	12.19452906
	11.9483091	13.45787858	12.04801919	12.39435908	12.37850039
	12.2618785	12.07989944	11.88403113	12.22256715	12.28425029
	12.07708674	12.39492753	12.41459123	11.72890297	12.32058347
	12.05801429	12.07103136	12.02741459	12.04709778	12.0598939
	12.05592017	12.07388811	12.05704727	12.06886145	12.08398816
	12.05541215	16.55811122	16.55895785	16.55868897	16.55219056
	16.55435686	16.55032467	16.5497292	16.53818334	16.52476519
	16.51965345	16.50797652	16.46781873	16.40724281	16.45170261
	16.41420261	16.40088427	16.36388886	16.32449912	16.26590165
	16.23158564	16.17427664	16.11324883	16.0451601	15.96873303
	15.86661484	15.80756783	15.73465016	15.64821419	15.55453276
	15.47474954	15.38491193	15.29615983	15.20597028	15.11246337
	15.01922007	14.92041082	14.87926462	14.75258218	14.65801822
	14.55276137	14.46465939	14.39549139	14.24591729	14.17313198
	14.04204899	13.95474032	13.85486905	13.74687602	13.65759544
	13.54957179	13.4540087	13.26208843	13.30151874	13.10599282
	12.37366126	12.48752276	12.80218694	12.62944012	12.80036701
	12.35259501	12.53636358	12.80599766	12.65494565	12.63865525
	12.55989438	12.50942701	12.57018376	12.55278181	12.52069323
	12.49080892	12.49417176	12.41521547	12.42914604	12.39940103
	12.49204905	12.38061212	12.07591475	12.17591546	11.49227001
	10.82569289	11.79203042	12.26779674	12.16237596	12.41504851
	11.92596459	11.65538552	13.92194117	12.22873607	10.87589817
	13.09083552	11.48680385	12.04507195	12.11314312	12.04535838
	12.05922915	12.05741505	12.07528823	12.04692034	12.04373503
	12.06748507	12.06297298	16.55975308	16.55940556	16.55855177
	16.55453974	16.5533745	16.54936627	16.54638033	16.53062812
	16.53018829	16.52356567	16.47746114	16.48751481	16.3380191
	16.42761118	16.42181168	16.38852433	16.33896621	16.31730094
	16.26930351	16.21971769	16.16660857	16.1048631	16.03613137
	15.9605542	15.90209535	15.80900562	15.73468155	15.64927434
	15.55496292	15.47292237	15.38305072	15.29574593	15.2074864
	15.10943807	15.02166796	14.93552964	14.87172391	14.74863162
	14.66171526	14.56210287	14.43132557	14.39521064	14.25312
	14.15973565	14.06393586	13.97963342	13.8584767	13.75779507
	13.63747486	13.5508891	13.43625582	13.30508061	13.16344691
	13.01902036	12.84598543	12.87571768	12.76917318	12.82886007
	12.7637282	12.74051279	13.24168754	12.67726235	12.4376112
	12.74492706	12.65487136	12.64234543	12.56974775	12.52707954
	12.51626691	12.49299285	12.47111381	12.42893811	12.34831675
	12.35593431	12.36947383	12.35542	12.32386492	12.28373442
	12.18036331	12.51071105	12.78637007	12.07778951	12.08055992
	12.18354506	12.1341661	12.04326794	12.7003408	11.91558077
	10.53899008	12.2875665	11.98939438	12.08327729	12.1832008
	12.03427211	12.03234291	12.05278869	12.03427769	12.04216598
	12.03690668	12.06187803	12.06564576	16.55720788	16.55886399
	16.55778937	16.55471377	16.55320357	16.54877719	16.54339801
	16.53656225	16.5258057	16.5156358	16.48017643	16.51583223
	16.66946517	16.44400649	16.427197	16.39649597	16.33026993
	16.31674962	16.26798086	16.21274946	16.16101764	16.0985328
	16.03593144	15.96439033	15.89128768	15.80207798	15.73402267
	15.64466308	15.55789265	15.46633532	15.38077048	15.29657655
	15.20426286	15.09295561	15.01874865	14.93489679	14.85405795
	14.74714717	14.64442176	14.56859974	14.49153516	14.36856824
	14.25681762	14.16379863	14.06314017	13.9668732	13.84039076
	13.74969996	13.63555516	13.54097082	13.42297214	13.29714968
	13.15850486	13.06163804	12.84828611	12.86318467	12.89649726
	12.74430638	12.6472349	12.76215536	12.58998028	12.64157951
	12.5631231	12.60653791	12.5717894	12.53012523	12.56062822
	12.52564203	12.51253517	12.490154	12.45474112	12.44259781
	12.39705759	12.34548438	12.29701792	12.33525837	12.26148186
	12.06320021	12.14932732	12.22837479	12.00788681	11.42837833
	12.25807107	11.94016037	12.12807183	12.10949671	12.15480764
	11.73146917	11.06607114	11.83657669	12.06483877	12.11985755
	12.08390292	12.03764653	12.03165948	12.0452556	12.05808802
	12.04984375	12.06436077	12.06348119	12.07885098	16.55703026
	16.55765378	16.55693668	16.55506082	16.55518541	16.54923603
	16.54228952	16.5350867	16.5246327	16.51759956	16.55715019
	16.57263859	16.36807785	16.44345536	16.42412101	16.40736842
	16.34645486	16.30999817	16.25813318	16.21255386	16.15983712
	16.0947692	16.03251664	15.96483134	15.88848434	15.80801457
	15.72523292	15.63496996	15.56165097	15.46595103	15.38335269
	15.29854179	15.19722285	15.11255653	15.02453349	14.92492676
	14.84362894	14.74812815	14.65452429	14.551378	14.47403133
	14.36270653	14.26004086	14.16821551	14.05945048	13.96026952
	13.85392073	13.75257523	13.63069537	13.53123015	13.3942525
	13.30243393	13.2173493	13.07221162	12.97960074	12.90027187
	12.7729195	12.74728218	12.73573444	12.74665709	12.72525143
	12.77903321	12.63939612	12.60966608	12.61296748	12.57795364
	12.57150244	12.53236389	12.5111956	12.48523936	12.44542671
	12.44387342	12.40206777	12.38817466	12.35451036	12.31933719
	12.28563916	12.15696211	12.25357866	12.13424876	12.16973132
	12.13054854	12.1096978	12.14627209	12.18041597	12.08306319
	12.0605112	11.77545698	11.60471236	11.94946484	11.94091785
	11.82957192	12.00004065	12.02290286	12.0509254	12.04908834
	12.05512378	12.04822816	12.0611732	12.05805403	12.05166679
	16.55957396	16.55615158	16.55660429	16.5553405	16.55779433
	16.55074261	16.54209072	16.53417813	16.52302974	16.51774724
	16.47956669	16.35780633	16.61034785	16.47749833	16.37132576
	16.39133535	16.34732545	16.30902823	16.26023312	16.21054063
	16.16384743	16.09665938	16.032046	15.96277153	15.87962678
	15.80974407	15.72810004	15.64460412	15.5605165	15.47707076
	15.38651494	15.29662953	15.20000829	15.10846222	15.02970331
	14.9349266	14.84114155	14.74807764	14.65789397	14.54834984
	14.46482113	14.35572548	14.26242359	14.15541742	14.05255395
	13.95571436	13.85576013	13.75252998	13.6427976	13.54009403
	13.44377948	13.30509783	13.23871412	13.07730869	12.96025606
	12.86941906	12.84661659	12.78430476	12.77129289	12.75630518
	12.77475442	12.68584792	12.64827607	12.62917582	12.62023705
	12.58279149	12.54274844	12.53096633	12.50995987	12.48844984
	12.44974475	12.42919117	12.39082755	12.36472957	12.3521256
	12.31409683	12.27539163	12.23343399	12.13909643	12.15385361
	12.12810144	12.12915468	12.12776165	12.13413477	12.05166175
	12.0261589	12.05138649	11.82734504	11.75089799	11.98557263
	11.93459235	11.79405628	11.98322076	12.03178866	12.05922157
	12.05176545	12.05196159	12.03685848	12.05604776	12.05583284
	12.02276423	