3131	
	13.06783112	13.07553077	13.0674733	13.07442461	13.0731369
	13.07180495	13.08140738	13.07645498	13.06836819	13.08443589
	13.10426946	13.08072773	13.03586934	13.09354812	13.06443039
	13.06765407	13.05081996	13.01838691	12.98561989	12.9571929
	12.92006674	12.86226913	12.92380114	12.74101885	12.70164073
	12.62032485	12.56054858	12.49669113	12.41229759	12.35899345
	12.28901725	12.22697216	12.16890366	12.10055193	12.03693013
	11.96801582	11.90140178	11.82667117	11.76983748	11.71085458
	11.65389401	11.5951327	11.53570407	11.46051936	11.41283945
	11.34495207	11.28181015	11.26493745	11.22848306	11.16217311
	11.1010056	11.05208293	10.99452985	10.91400946	10.90097001
	10.83417354	10.80099217	10.73469036	10.70096967	10.66461875
	10.62316124	10.59263141	10.55892772	10.52973052	10.50825201
	10.43990578	10.42452462	10.3952789	10.33551182	10.33999054
	10.36078752	10.31603718	10.29462252	10.25801396	10.25370765
	10.24091715	10.22205288	10.19496217	10.15787992	10.18640467
	10.15396816	10.11894901	10.10447542	10.10179099	10.10722102
	10.08342199	10.07265152	10.04501318	10.05164337	10.01873823
	10.03168503	9.991213269	10.03947208	10.01141733	10.01675955
	10.01602836	10.00745801	10.00241104	10.00118094	10.00157409
	10.0002858	13.06822462	13.07215833	13.07235022	13.07351568
	13.07207979	13.06903099	13.07817838	13.07978204	13.08169938
	13.07338889	13.12335692	13.09556553	13.11749776	13.08851044
	13.07577886	13.06478678	13.05350571	13.02674045	13.00014841
	12.95653729	12.91923831	12.8678157	12.92024513	12.73846963
	12.68054977	12.61144792	12.55741809	12.49468012	12.41902813
	12.35412058	12.28409344	12.22484107	12.16309105	12.08641679
	12.03128708	11.97047202	11.90339484	11.8454312	11.78122991
	11.71378605	11.65490407	11.59363021	11.53467735	11.47519594
	11.42033769	11.38002028	11.36919755	11.27462906	11.21963743
	11.16563509	11.10124644	11.04922126	11.0067487	10.87589195
	10.90859987	10.84898873	10.8036332	10.74941555	10.71771195
	10.67478667	10.62962405	10.59250527	10.56089013	10.51536396
	10.46401087	10.43711989	10.42393372	10.40087961	10.39470647
	10.35759149	10.34736068	10.24724015	10.30534166	10.26049758
	10.24155369	10.25646429	10.22201226	10.18654382	10.20406373
	10.17548853	10.15480624	10.13290614	10.13115539	10.11358479
	10.10337396	10.07590809	10.07721924	10.06047776	10.05446834
	10.0420923	10.03955681	10.00288197	10.02637071	10.00296618
	10.00200095	10.01197288	10.00608184	9.989746856	9.998776542
	10.00302188	10.0010964	13.06936233	13.0700727	13.07345315
	13.07290994	13.07386662	13.07327616	13.07557501	13.08002942
	13.09842812	13.07232588	13.07453866	13.12977454	13.09904393
	13.09511106	13.10207537	13.05343385	13.07311213	13.03394644
	13.00800128	12.9487613	12.91962192	12.87043248	12.91141705
	12.69556235	12.70524499	12.65625691	12.5608817	12.48676552
	12.42734361	12.32331278	12.29209508	12.22643815	12.1618381
	12.09526989	12.02383762	11.95825839	11.90312073	11.83964685
	11.7772995	11.713926	11.65693501	11.59456312	11.51159261
	11.49131426	11.41366921	11.35785975	11.31833237	11.2643536
	11.1844489	11.14295003	11.1063337	11.0467909	10.99701241
	10.91200047	10.89903147	10.83266902	10.79713608	10.75269433
	10.7208626	10.67030933	10.62256196	10.58041193	10.56208063
	10.52247459	10.44263349	10.42673423	10.42557098	10.37357959
	10.37719877	10.35442086	10.33506951	10.31013027	10.26964399
	10.20048724	10.24465705	10.20814624	10.2242775	10.12978875
	10.21671092	10.14398141	10.15012229	10.14212233	10.13495407
	10.11994411	10.10879842	10.06975149	10.08237394	10.08083433
	10.05447988	10.04485964	10.02341793	10.00722097	10.02600276
	10.00655774	10.01483696	9.999738682	10.00213598	9.977484427
	9.986033812	10.00427456	10.00363029	13.06822884	13.06977014
	13.07128252	13.06996013	13.07385821	13.07817255	13.07597701
	13.08011699	13.09262294	13.08089865	13.04843361	13.33246006
	13.04645763	13.09552627	13.07076863	13.06874913	13.08151503
	13.03924954	13.01044697	12.96411074	12.92061465	12.87216995
	12.85254129	12.74596398	12.69796456	12.60771093	12.55827883
	12.48081476	12.41736971	12.35825249	12.29267568	12.22511715
	12.16128836	12.0991183	12.02799689	11.96494158	11.90543704
	11.84058321	11.77845229	11.71218129	11.65036741	11.5813539
	11.54215597	11.48631357	11.42906294	11.35395951	11.30866002
	11.26226156	11.22668673	11.14871816	11.10141384	11.03549955
	10.96341088	10.97410816	10.90124188	10.84932536	10.78710542
	10.73130406	10.72565802	10.65992549	10.62714717	10.58533772
	10.54142517	10.54100953	10.46071597	10.35925224	10.43120407
	10.41872211	10.36526026	10.35377453	10.33123786	10.31064401
	10.25766078	10.30627422	10.28433983	10.24419706	10.21470208
	10.19569407	10.2656832	10.1469433	10.14716315	10.14871532
	10.13283034	10.10514019	10.08706946	10.08839894	10.02286679
	10.0957961	10.05458686	10.03314149	9.960080722	10.03054467
	10.02229538	10.0155591	10.02093002	10.00836252	10.00475014
	10.02187994	9.992303726	10.00228518	10.00498633	13.0737154
	13.07129779	13.07113542	13.06999518	13.07385812	13.07115529
	13.06722685	13.07637236	13.06785317	13.10293519	13.10152658
	13.03295678	13.09353596	13.07460376	13.09150322	13.0666544
	12.98348151	13.03110444	13.02009381	12.96543422	12.92374387
	12.87455712	12.82825298	12.75543164	12.69101252	12.62171548
	12.57460109	12.48465179	12.43938179	12.35842576	12.28434
	12.22465808	12.15125023	12.09630242	12.01881137	11.9711838
	11.90237005	11.82844576	11.78623348	11.71312404	11.65057522
	11.58860306	11.52556079	11.47063283	11.40822828	11.36418845
	11.3098111	11.26081131	11.16745316	11.14194638	11.09629391
	11.0588187	10.98531468	10.94970589	10.89332094	10.84714046
	10.80035944	10.77246526	10.71137059	10.66741575	10.61812733
	10.59089807	10.67664122	10.77449292	10.47374464	10.43351138
	10.42887287	10.36029391	10.35049053	10.35075204	10.33042131
	10.31218913	10.28298413	10.2765963	10.25708842	10.23743564
	10.2171407	10.12705719	10.19612896	10.17287695	10.1653339
	10.15158761	10.14436884	10.08827257	10.0858286	10.0557404
	10.07194155	9.970286383	10.04029535	9.989870174	9.977776384
	10.03952164	10.01905669	10.02083767	10.01661866	10.00523194
	9.998023377	10.01442003	10.01297197	10.00772788	10.00699
	13.07294008	13.0689932	13.07083319	13.07001758	13.07183066
	13.0726884	13.07016671	13.07546919	13.07314298	13.11976589
	13.06644169	13.04400486	13.1864121	13.09686651	13.08642202
	13.11384634	13.05747026	13.10624784	13.03680521	12.97272399
	12.92339902	12.87774468	12.82325246	12.76049926	12.69133077
	12.63872646	12.56722286	12.49451062	12.42957285	12.35218419
	12.29464446	12.23129281	12.17035948	12.09403408	11.99289305
	11.97595355	11.89910199	11.83168757	11.71816778	11.70888721
	11.65032663	11.59136377	11.53172791	11.47305712	11.4079001
	11.36873764	11.30675011	11.26898461	11.17599105	11.12852916
	11.08329782	11.0292266	10.99264181	10.95193197	10.89366764
	10.84551602	10.79510107	10.7377963	10.69330699	10.71362508
	10.64637391	10.54156691	10.55601535	10.5634796	10.4125002
	10.49743888	10.43807693	10.39027644	10.38376446	10.35419003
	10.32917766	10.30775228	10.28367369	10.2557287	10.23866484
	10.24566407	10.22391776	10.2418935	10.16622714	10.14753825
	10.170545	10.11797887	10.08062834	10.11431162	10.12908185
	10.08885552	10.15932153	10.17549529	10.04597915	10.03467288
	10.21862279	10.05803857	9.99699552	10.02460453	10.01811443
	10.00993352	10.00691593	10.00840358	9.993299015	10.00546315
	10.0084124	13.06937349	13.06454704	13.06932014	13.06828232
	13.07074586	13.07339937	13.07348293	13.07240189	13.08853697
	13.08557845	13.0811926	13.02514857	13.07991579	13.10273266
	13.10991612	13.14037002	13.04487283	13.69055247	12.8770808
	13.02292591	12.92475593	12.88322795	12.82611985	12.76684964
	12.69777884	12.61913262	12.59361165	12.48501087	12.43088602
	12.36164907	12.29427924	12.2210206	12.14121655	12.09846196
	12.03731519	11.9644314	11.8956587	11.82578346	11.77610499
	11.70723416	11.64832879	11.59114591	11.5263607	11.47162692
	11.41157138	11.35939443	11.2980006	11.21899765	11.21746981
	11.20389921	11.1342688	11.03852707	11.00524736	10.98713851
	10.89445972	10.84416415	10.793243	10.75198552	10.6958556
	10.64057842	10.54062168	10.61776859	10.50417178	9.951584249
	10.25295373	10.41977751	10.4197791	10.39822285	10.34649135
	10.35137022	10.32783632	10.30260304	10.2831331	10.26532225
	10.25326591	10.20945546	10.22465516	10.18132364	10.18019739
	10.23835112	10.07004669	10.18405187	10.11819294	10.12229966
	10.10195216	10.08984727	10.01687294	10.02661887	10.02836409
	9.998614206	10.03374492	10.02339089	10.0065276	10.00190129
	10.01727885	10.01244667	10.00788271	10.00198255	9.99350048
	10.00129083	10.0076045	13.06810915	13.06701874	13.07001381
	13.06731922	13.07006999	13.07437499	13.0737284	13.07338901
	13.07902357	13.06130217	13.07463324	13.08672526	13.19677974
	13.25285498	13.09183757	13.0788437	13.10860978	12.95235663
	13.06436286	13.02745519	12.89596837	12.92248982	12.8336249
	12.76924888	12.70661323	12.62045372	12.5701906	12.48209428
	12.43454824	12.36814651	12.29275546	12.2115563	12.15002035
	12.09755697	12.03757916	11.94574658	11.89353192	11.84263057
	11.68007327	11.58900319	11.64143707	11.57528108	11.51889912
	11.46435652	11.41195521	11.35073526	11.28961328	11.28554955
	11.18912245	10.99449694	11.07980474	11.01116726	10.96797954
	10.99188463	10.89159473	10.84062525	10.78794156	10.72061295
	10.69596833	10.60733874	10.83820156	10.55566891	10.39504297
	10.57057368	10.58084832	10.40372947	10.41682269	10.38561842
	10.38197891	10.35695914	10.32857439	10.3046254	10.281669
	10.25766933	10.23730807	10.22265971	10.25445985	10.18548632
	10.16982577	10.17459678	10.15360122	10.09884078	10.13635054
	10.11112662	10.08352892	10.06201888	10.04719234	10.01464557
	9.83865525	10.06562142	9.976734794	10.09514312	9.961611427
	10.01673442	10.01857416	10.01276779	10.00809029	9.999407438
	10.01588193	10.00832409	10.01015646	13.06658487	13.06737327
	13.06991758	13.06783564	13.06820632	13.07304696	13.07394779
	13.07721581	13.08131645	13.08522844	13.08496045	12.8771736
	12.39194233	13.11582669	12.93628672	13.15605798	13.14935918
	13.21971371	13.04924509	12.97994983	12.97245965	12.89158461
	12.83818834	12.77924581	12.70926581	12.63261609	12.56639618
	12.49309505	12.42765447	12.35778491	12.28216652	12.25705618
	12.17834656	12.09702454	12.01744409	11.92062874	11.90028201
	11.74724403	11.92064094	11.72999954	11.61018642	11.5867912
	11.52305108	11.46922713	11.41366068	11.35761953	11.30456067
	11.22332946	11.193117	11.12412025	11.09943773	11.03881894
	10.99902899	10.94385507	10.8963808	10.82724589	10.7826788
	10.74641104	10.69647781	10.65032834	10.73340016	10.4737491
	10.65344188	10.45243975	10.51954544	10.43210183	10.41055435
	10.38313216	10.34741956	10.34616068	10.32732682	10.30622041
	10.28977448	10.25365875	10.23572846	10.18741554	10.1901044
	10.1984142	10.20322757	10.17434438	10.2515599	10.26043625
	10.17610736	10.09305322	10.10335282	10.08035991	10.05712163
	10.07906524	10.16133981	10.07547587	9.803005933	9.701531135
	10.02627875	10.04008041	10.0303568	10.01112936	10.00361075
	10.00565998	9.994912317	10.00816854	10.01542455	13.06442269
	13.06569009	13.06809542	13.06530004	13.06842609	13.06874075
	13.07286137	13.07917742	13.09088767	13.07840096	13.05492308
	13.08941153	13.26022436	13.05730915	13.066528	13.20627638
	13.17090206	13.4100563	12.95904871	13.11701186	13.04647584
	12.89459927	12.79652822	12.80770566	12.71305602	12.62458771
	12.55679209	12.50527707	12.43014567	12.35393101	12.29281507
	12.21338931	12.16388206	12.09502746	12.03054449	11.97600042
	11.97834472	11.66366679	11.95859646	11.67276915	11.63073308
	11.56963555	11.53138774	11.45871418	11.4103177	11.35799259
	11.27666169	11.24060364	11.19510979	11.13260298	11.06951427
	11.0236294	10.98241424	10.91818246	10.89520401	10.8259371
	10.79167702	10.72421245	10.69837939	10.62208788	10.62843599
	10.56950753	10.55146819	10.47302157	10.4188153	10.32556972
	10.44442835	10.39505175	10.40433587	10.3484641	10.32564878
	10.30604406	10.28639737	10.26974582	10.26313067	10.23504369
	10.23427616	10.20078726	10.18430242	10.08997343	10.34836257
	10.2868511	10.27308687	10.0364033	10.12442151	10.09492734
	10.07033703	10.04846845	10.04821002	9.34903049	10.3413606
	10.09752315	10.03820273	9.978539236	10.04586236	10.01130557
	9.997817535	10.02637478	10.00543809	10.0041737	10.01685835
	13.06572288	13.0641659	13.06529878	13.06375149	13.07094093
	13.06634923	13.07203161	13.07395738	13.07653754	13.07396559
	13.10833642	13.03123016	13.16257567	13.17845515	13.19467937
	12.69724654	14.43816346	12.95953319	13.38206536	13.00534038
	12.70437456	13.12200022	12.91054837	12.77333767	12.71219922
	12.67748379	12.55854742	12.50112797	12.429007	12.35929141
	12.29807328	12.2183876	12.15728838	12.09746618	12.02924874
	12.02133095	11.94394438	10.96102862	11.86390413	11.62996488
	11.67224693	11.57253451	11.52162778	11.47048271	11.3857031
	11.33862827	11.32079641	11.24754551	11.1973606	11.1359899
	11.07324854	11.04271952	10.9655155	10.93518141	10.87010291
	10.8287198	10.76433917	10.73159305	10.69426902	10.64137863
	10.62074442	10.49212872	10.53233428	10.46241007	10.43670911
	10.43183871	10.42063689	10.40529361	10.37637695	10.33748884
	10.31759319	10.3056791	10.28127237	10.27027743	10.24975029
	10.23409383	10.23440962	10.20406149	10.19088302	10.32347086
	9.736410679	9.980832389	10.19654669	10.14375385	10.07866043
	10.07021169	10.05008271	10.02177918	10.05638717	9.96010147
	10.11100455	10.04441596	10.03415335	9.972308073	10.02107855
	10.00009356	10.01123051	10.01747638	10.0117016	10.00092946
	9.983697672	13.06467764	13.06112888	13.06461095	13.06204707
	13.07301574	13.06775943	13.07038083	13.06957566	13.0443979
	13.08879068	13.09970677	13.02729682	13.12529414	13.21351701
	12.9694497	13.96425939	13.0822084	13.64470805	12.82121683
	12.14311705	11.90872152	13.26749812	12.62573838	13.0092536
	12.6775524	12.63119412	12.56750998	12.48761298	12.42770603
	12.35447809	12.2881671	12.21333128	12.1640086	12.10446717
	12.0400734	11.91417557	11.93531522	12.02166931	11.81667814
	11.71764829	11.64151782	11.58281794	11.52163224	11.46579923
	11.39842296	11.35080598	11.20611224	11.22308332	11.19100917
	11.13784115	11.08036704	10.99581345	10.98403786	10.93475674
	10.8658021	10.81584352	10.78091548	10.72193832	10.6891739
	10.64157525	10.61026884	10.56688499	10.50734393	10.42685926
	10.46966278	10.46081425	10.29885082	10.47227739	10.3780654
	10.32186859	10.31259437	10.30135551	10.2684361	10.27952016
	10.24244783	10.22315507	10.18756588	10.18226233	10.13985389
	10.43954439	9.936986876	9.721698536	10.06306608	10.07968669
	10.08672632	10.070318	10.05351256	10.08963543	10.028038
	10.02061316	10.05862315	10.0078855	10.02731571	10.00116189
	10.02686026	9.994322221	10.0260453	10.0170164	10.01662021
	9.999754379	10.01059559	13.06499656	13.06372232	13.06024314
	13.05963642	13.05930442	13.06383492	13.0691452	13.07325368
	13.07678102	13.07986795	13.0844646	13.08601567	13.03639811
	13.03080812	13.20787058	13.80250069	13.98380011	15.26158004
	12.94763433	13.08004441	12.68394249	14.54585527	13.06783873
	12.39614237	12.68612196	12.65002216	12.54771132	12.49731925
	12.42597952	12.35224457	12.29088411	12.22597189	12.18512238
	12.10871781	12.04410999	11.9536966	11.90886909	11.83100966
	11.76988927	11.67871293	11.54349997	11.59435849	11.52054333
	11.45032509	11.41167856	11.35092347	11.31033658	11.22919254
	11.19109952	11.11912355	11.08191931	11.02708621	10.9801843
	10.89926222	10.84605746	10.83354607	10.78494379	10.72142646
	10.68219413	10.63866055	10.59517312	10.54600953	10.5212317
	10.49029434	10.39857958	10.35826619	10.39018977	10.41617996
	10.35557301	10.33368785	10.3139776	10.29575669	10.27085896
	10.25312281	10.22525292	10.22650784	10.21111433	10.25141555
	9.964312098	10.224319	10.15678142	10.29057058	10.10951537
	10.06946162	10.10016275	10.11160399	10.06541664	10.06549275
	10.02375219	10.02854249	10.04086449	10.00150251	10.0317939
	10.01944915	10.02777868	10.00624172	10.02309703	10.01670398
	10.03228074	9.991175873	10.02358523	13.06251999	13.0555299
	13.05863343	13.06338449	13.06356011	13.06658398	13.06883437
	13.07785223	13.08655297	13.0704593	13.08401232	13.12125547
	13.13557169	13.38231567	13.2940627	13.05684454	13.1570884
	13.20594896	12.92055249	12.80635699	12.70518261	14.81119144
	12.39466706	13.05439439	12.67076798	12.55507068	12.55753451
	12.52741778	12.42306369	12.35972711	12.29149407	12.22529851
	12.12429001	12.08774644	12.03577655	11.96558596	11.88479191
	11.80640477	11.77978542	11.73549032	11.65971321	11.60641858
	11.51932631	11.43970894	11.37313815	11.32635771	11.32531626
	11.24013916	11.1839078	11.129508	11.0314269	11.01298965
	10.9728976	10.93645396	10.85513298	10.80861911	10.73502465
	10.71339282	10.67820077	10.63588634	10.59377246	10.56156663
	10.51324331	10.49698113	10.44752084	10.42125459	10.40703707
	10.3649551	10.29315169	10.3126234	10.32254328	10.27537838
	10.26247801	10.2510104	10.24884713	10.2207476	10.21160593
	10.19192815	10.26485856	10.13464193	10.14980557	10.1873976
	10.12435422	10.09607617	10.09864307	10.0885638	10.02814291
	10.05488406	10.06514395	10.0415953	10.03806287	10.04447689
	10.06140209	10.02628285	10.02092364	10.01363341	10.02330957
	10.01972854	9.978733212	10.00665585	9.983107588	13.05031318
	13.05379624	13.06571427	13.05706199	13.06095195	13.0644684
	13.06547915	13.06500501	13.07272166	13.05422196	13.05345456
	13.09962839	13.11507495	13.00707615	13.12821417	13.18601217
	13.14334351	13.12752175	12.32123325	12.84175586	13.1129546
	12.93483596	12.56326915	12.86413745	12.82973109	12.53703293
	12.58628388	12.47300825	12.41544327	12.35379005	12.28837947
	12.21665653	12.17084569	12.08866972	12.03056119	11.95244908
	11.8861643	11.8457515	11.75803956	11.7326395	11.60337056
	11.60706369	11.50874258	11.56954147	11.39728686	11.34061056
	11.29403228	11.24052302	11.15185978	11.11575146	11.07298074
	11.02521462	10.97083372	10.91960105	10.85885382	10.84344206
	10.76096852	10.6772426	10.68400897	10.6276886	10.58045533
	10.55691825	10.52182409	10.49150705	10.46105685	10.44067878
	10.42424967	10.38123253	10.34608446	10.32236759	10.30252576
	10.30074996	10.23152999	10.26289397	10.2249119	10.20733662
	10.20672699	10.18628616	10.09837704	10.16384228	10.13647898
	10.1291042	10.13435892	10.11047283	10.09227032	10.05994329
	10.15157427	10.02806379	10.08284985	10.0486194	10.03550729
	10.03681311	10.04919359	10.02789562	10.01793813	9.997377175
	10.02089411	10.02242912	10.00743099	10.06747058	9.997082001
	13.05724034	13.05903828	13.0626509	13.05555691	13.05286043
	13.0624693	13.06960393	13.05208949	13.06568964	13.07360549
	13.14458075	13.04216229	13.13429007	13.10976371	13.10104521
	13.10416852	13.27320548	13.06388873	12.55731032	13.18620081
	13.20161835	12.85178888	12.8446309	13.32971024	12.77044123
	12.66592669	12.55653358	12.47322735	12.42482855	12.34874775
	12.2891969	12.21615943	12.144375	12.1033198	12.02892631
	11.95733655	11.88015762	11.82435439	11.76290471	11.6979119
	11.62164443	11.59112146	11.23925858	11.4625777	11.34818781
	11.33252083	11.28671531	11.19292258	11.22098823	11.06714562
	11.07517166	11.01890971	10.95680241	10.9143445	10.89757575
	10.76081877	10.81053281	10.62291055	10.69167182	10.60078932
	10.5855103	10.52570136	10.52906791	10.48773393	10.45391499
	10.43521137	10.41482556	10.38292994	10.35796862	10.33451151
	10.29896562	10.27470164	10.36612921	10.23313291	10.23972068
	10.23333975	10.20261535	10.17077581	10.18062516	10.15243857
	10.14702542	10.08151854	10.15598813	10.11713404	10.07545154
	10.00636294	9.880563005	10.09224551	9.989937635	10.04447635
	10.01953786	10.02092412	9.997740431	10.02573572	10.01893744
	10.01494743	10.00437793	10.01464579	10.00759344	10.01285916
	9.908427264	13.04848586	13.05616413	13.05895777	13.05458246
	13.06224691	13.05661321	13.07598017	13.06326725	13.06736174
	13.0674841	13.03297782	13.06296759	13.10970507	13.06284554
	13.08322381	13.03308557	13.00524686	13.07496685	12.71224619
	12.95422403	12.79497005	12.88571214	12.85963381	12.60276588
	12.72808268	12.55391949	12.56030988	12.47648226	12.39739616
	12.3317375	12.30090478	12.22216478	12.16143383	12.07835135
	12.02403111	11.94741336	11.88023574	11.78872354	11.75467999
	11.70712545	11.63725047	11.67566478	11.62787725	11.49952387
	11.44379839	11.32296601	11.28546769	11.22144912	11.13670864
	11.22171579	11.08616403	11.02025322	10.94440121	10.93958467
	11.01565031	10.75711451	10.78949634	10.71833747	10.62735609
	10.60774064	10.54669084	10.55086225	10.5147491	10.48514466
	10.44851875	10.41358671	10.37091725	10.37260675	10.36131915
	10.32645897	10.29681603	10.29554987	10.20645225	10.26404992
	10.24105078	10.230874	10.19974695	10.14468951	10.18155334
	10.16065981	10.14662067	10.11337009	10.15459446	10.1239235
	10.0703515	9.895297139	10.15754088	10.08488487	10.1024399
	10.05315901	10.00603624	10.02659478	9.998853531	10.03647308
	9.99402164	10.02233902	10.01308219	10.00611025	9.993577271
	10.01330111	10.0266598	13.05668938	13.05654975	13.05752592
	13.05447041	13.06443523	13.05714559	13.03549741	13.0630772
	13.04384416	13.08351574	12.92043839	13.05104409	13.07406489
	13.05795232	13.04820636	13.04937845	13.05711913	13.02140134
	13.04099109	12.93661453	12.80494437	12.87916313	12.8232447
	12.80986914	12.62678464	12.69156167	12.55137023	12.44027849
	12.48810578	12.34754165	12.30231201	12.22816239	12.15570399
	12.09882943	12.02043617	11.9544493	11.90575361	11.83497625
	11.7724638	11.70147287	11.65335271	11.59360375	11.45737796
	11.20564996	11.47331264	11.30222832	11.27599883	11.2256816
	11.17182894	11.12927961	11.06209753	11.03125956	11.01153362
	10.71135637	10.60470753	10.83451952	10.80562033	10.67627268
	10.57714478	10.61376193	10.51996707	10.51564352	10.48754432
	10.48801656	10.45844093	10.47112244	10.37868803	10.37954438
	10.3956711	10.32032564	10.32568484	10.31072728	10.24212418
	10.2801327	10.24372347	10.24164697	10.17718348	10.19611153
	10.15384964	10.14568386	10.1319426	10.13295827	9.93325762
	10.09716861	10.17160609	10.00918936	10.47636104	10.03619714
	10.06667982	10.03639458	9.992292758	10.03061913	10.03740115
	10.0326602	10.03098319	10.02035776	10.01616009	10.01393686
	10.01895588	10.01357839	10.02272002	13.05886547	13.05576184
	13.05246263	13.05429543	13.05007265	13.05746026	13.05297883
	13.08178281	13.04531101	13.06106211	13.01347816	13.09323973
	13.03950644	13.03930084	13.0547937	13.02603956	13.02614009
	12.9848083	12.99860746	12.9297122	12.87566787	12.8404141
	12.79858372	12.74413988	12.68851684	12.62633079	12.53607168
	12.48642532	12.41794741	12.34816414	12.21002505	12.21826191
	12.15709229	12.08881307	12.00992685	11.95759266	11.88527702
	11.82137225	11.77602546	11.70241063	11.64675142	11.58677211
	11.62004365	11.54048248	11.03853361	11.24456689	11.28464312
	11.22191041	11.16124967	11.10454393	11.03911666	10.98235665
	10.79326622	10.84621798	11.61777783	10.95643452	10.75558167
	10.68417832	10.58197521	10.55383701	10.72772812	10.5351131
	10.49699551	10.53266934	10.47423723	10.43366083	10.36887125
	10.38589304	10.32341381	10.2904546	10.39406559	10.21397465
	10.27454466	10.41171485	10.01415408	10.25564225	10.19235045
	10.18957138	10.15284005	10.1196138	10.03079662	10.1234005
	10.13713716	10.12510338	10.19567936	10.12333358	9.929891435
	10.11457102	10.00842808	10.04655399	9.998304861	10.03932728
	10.03276249	9.996011912	10.03182661	10.02032289	10.0154632
	10.01021744	10.00111294	10.01146272	10.0135964	13.05548281
	13.05481679	13.05377068	13.05762301	13.05068234	13.06265099
	13.05066864	13.06418843	13.0490483	13.04949651	13.03473784
	13.03326816	13.05228928	13.06027876	13.07297184	12.93618235
	13.01088512	12.96404255	12.94276126	12.88005706	12.90878262
	12.80202611	12.78203715	12.71464315	12.66494659	12.59394535
	12.52630318	12.47926714	12.38868476	12.34907429	12.21110827
	12.25666449	12.13255791	12.09443158	12.04851875	11.94246739
	11.90355595	11.83401627	11.73190398	11.71960098	11.65567803
	11.59263128	11.53656177	11.54399828	11.38460051	11.40323596
	11.25511726	11.20428419	11.15242275	11.11069565	11.02179767
	10.97297635	10.946589	10.90058796	11.34677	10.52818134
	10.77643916	10.68663819	10.60338207	10.51510782	10.57668572
	10.52014602	10.51445312	10.33740062	10.41476002	10.41265701
	10.44495951	10.36033765	10.36360831	10.32381484	10.33005786
	9.642343456	10.32780165	10.03405702	10.35918242	10.25337801
	10.16833863	10.20615333	10.14367507	10.15934644	10.10796589
	10.17462852	10.16535358	10.06204585	10.12652604	10.33871741
	9.853667495	10.02291237	10.10366922	9.970763462	10.13318378
	10.08432801	10.03881725	10.04281039	10.00656597	10.011291
	10.01724705	10.01074622	9.994553803	10.00877405	10.01151884
	13.05338043	13.05445418	13.05358035	13.05355211	13.04669357
	13.06403424	13.04837323	13.02990625	13.04524661	13.03856068
	13.03838345	13.03468295	13.03889524	13.01819797	12.95521064
	13.10285278	12.99081715	12.95970429	12.93121829	12.88191807
	12.85849525	12.79850985	12.79659182	12.69983569	12.64519461
	12.59120674	12.53200958	12.50514823	12.36325469	12.33793348
	12.2573434	12.32569137	12.07034212	12.05764869	12.03009908
	11.96040082	11.88602525	11.82930434	11.78021586	11.71624278
	11.66253965	11.59040763	11.49814625	11.43515262	11.40131604
	11.31622129	11.24613263	11.23691425	11.17828483	11.12927906
	10.93007163	10.88209535	10.92501521	10.91510435	11.09707733
	10.80980604	10.85961961	10.62642386	10.57660044	10.46066086
	10.52085351	10.54681243	10.53917457	10.46965848	10.52250769
	10.39760289	10.41541869	10.32827122	10.22364299	10.30193049
	10.33786411	10.29401909	10.23234456	11.74000816	10.07228012
	10.20578146	10.19418158	10.19720495	10.12120432	10.12343667
	10.01969338	10.52677482	10.00158706	10.12120078	10.11903859
	10.1816617	10.4832741	10.15458667	10.16155119	10.04881724
	10.00940766	10.64701588	10.01815935	9.990744739	10.00525797
	9.986712652	10.01909823	10.01299466	10.00508609	10.01044921
	10.01128199	13.04916819	13.05306865	13.05240987	13.0508971
	13.05033832	13.05169024	13.04954679	13.04596692	13.04677394
	13.04067439	13.04216632	13.03208876	13.02441052	13.02311835
	13.1386291	13.08253	12.97415328	12.93879927	12.93038233
	12.87336335	12.83405865	12.78933449	12.75488921	12.69059712
	12.66564534	12.58020161	12.52137371	12.45070549	12.40119161
	12.35117274	12.29592016	12.22152399	12.13894287	12.04951491
	12.0010008	11.95932532	11.84466025	11.82551176	11.73813307
	11.68085875	11.60318249	11.57714761	11.528075	11.45663989
	11.39873613	11.32562643	11.30473715	11.24476185	11.09949562
	11.00828931	10.88057188	10.69819021	10.91469175	10.95566946
	10.92481659	10.73141073	10.41018268	10.58763046	10.87778137
	10.80140353	10.20758243	10.53107295	10.84097342	10.41739435
	10.44148804	10.40338363	10.39758455	10.3584658	10.34778115
	10.39410732	10.39854303	10.32112699	10.2396111	10.09956063
	10.08213858	10.22875658	10.12921432	10.1528622	10.10693341
	10.09870725	10.18230394	10.03327389	10.12106203	10.11321935
	10.03912649	10.12008514	9.507326015	10.06132783	10.20477715
	10.05154	9.952588475	9.34162052	9.996194304	10.03330449
	10.01241719	9.999797616	9.995666866	10.00956162	10.01047579
	10.01395143	10.01203796	13.0490933	13.0507151	13.05169454
	13.04812511	13.04576695	13.04501912	13.04739533	13.05069178
	13.0394084	13.03326905	13.04259113	13.0303956	13.0142311
	13.00775373	13.04782143	12.99476455	12.96313215	12.9439018
	12.90883634	12.85792517	12.83939846	12.78725688	12.74473362
	12.67742721	12.63884116	12.57807409	12.51624926	12.44390337
	12.39263534	12.31702026	12.26170673	12.21529752	12.16092997
	12.06497599	12.00962689	11.96428947	11.90242905	11.87006516
	11.69394633	12.06388361	11.58035325	11.60632042	11.53816816
	11.46269594	11.3986663	11.2963745	11.26355225	11.14076512
	11.14564856	10.75426211	11.03183203	10.70247861	11.05415996
	10.85176528	10.94007179	10.56683088	11.41864943	10.056312
	9.41948071	10.76826513	10.14673557	10.56373747	10.55446656
	10.28799655	10.44932233	10.42003481	10.39524734	10.35568777
	10.34485183	10.2938529	10.19456999	10.32163546	10.32539384
	10.40107303	10.20279783	10.26307699	9.997879478	10.18110477
	10.15787146	10.11783011	10.28819035	10.06092845	10.19061584
	9.994226068	10.3106756	10.15230525	10.81218145	10.10851581
	9.992389355	10.0410616	10.093001	10.06494911	10.11121163
	10.09862288	10.01200881	10.02028134	10.02023916	10.00792049
	10.01145901	10.01824058	10.01530532	13.05249213	13.05109468
	13.05158425	13.04763598	13.05081856	13.03458341	13.04482333
	13.03664245	13.01402332	13.0189916	13.01835374	13.01442434
	12.99114297	13.00642046	12.97232369	12.97693088	12.95598951
	12.92890628	12.89931251	12.85590846	12.81377917	12.77783669
	12.73533355	12.72045736	12.63429461	12.57389301	12.51755035
	12.47882206	12.39709183	12.32726669	12.2734564	12.21220042
	12.15217966	12.08320016	12.03533919	11.96986163	11.90864186
	11.85584993	11.79128023	11.79865623	11.62663558	11.58238872
	11.54656196	11.45463271	11.39935388	11.3407181	11.26242364
	11.23717022	11.14511876	11.00904571	11.31986844	10.68283631
	11.29325759	10.89893054	11.64382551	10.11819875	13.22698816
	8.428808415	10.47664343	10.43094127	10.44335633	10.58797814
	10.47259619	10.47720498	10.46175927	10.44747257	10.37461357
	10.37304491	10.33167326	10.35056106	10.51952158	10.31614031
	10.26082958	10.27397939	10.37311013	10.27607635	10.20031978
	10.19413687	10.1380301	10.13391822	9.942991215	10.14241167
	10.10015898	9.849672686	10.56881014	10.08568651	9.623623166
	10.19874926	10.00661793	10.03858923	9.841159043	10.03328942
	10.0245408	10.03840008	10.00080166	10.01239107	10.00404221
	9.991626701	10.00636699	9.996016929	10.00247376	13.05078914
	13.04999286	13.04967933	13.04247692	13.0603587	13.03807779
	13.03558981	13.04045673	13.02922222	13.03426672	13.02988937
	13.01239995	12.95590758	13.00718892	13.04365997	12.97341503
	12.93669305	12.93773433	12.89852623	12.85762735	12.81082767
	12.76686372	12.72830512	12.68136328	12.62318854	12.56459007
	12.5156548	12.43176485	12.3908872	12.32992089	12.27103531
	12.21244308	12.14063258	12.03144107	12.01821779	11.96585333
	11.91078283	11.85092021	11.82991956	11.75074959	11.57649615
	11.63489367	11.5088824	11.45808388	11.39892694	11.33494107
	11.26158596	11.18749485	11.11164384	11.10989697	11.07887481
	10.72911402	11.39699695	11.29994285	11.67150266	10.13192867
	11.286963	9.543288348	11.52550982	10.34018382	10.31075948
	10.43887401	10.43098176	10.55279749	10.43309805	10.3828635
	10.38783022	10.35873116	10.36536575	10.33516062	10.23519088
	10.25376027	10.2849576	10.27286124	10.49955701	10.0753331
	9.981555342	10.13376829	10.16170313	10.18332206	10.15997818
	10.08292914	10.08639145	10.0421419	10.58004526	10.02755189
	9.256489651	10.53446193	10.1014599	9.997683442	10.00384262
	10.01254591	10.01386183	10.01949689	10.00672219	9.998985802
	10.00202805	9.995507811	10.00554145	9.996820601	9.984112913
	13.03715077	13.04540116	13.04551424	13.04261576	13.04787872
	13.03723962	13.04360612	13.03559567	13.03081125	13.02080612
	13.02106846	13.00745992	12.99703093	13.00429083	12.95934856
	12.9327488	12.92677994	12.9046947	12.86416013	12.84633953
	12.80762969	12.7636461	12.72069659	12.67022692	12.62163715
	12.55840428	12.50103599	12.44244363	12.39031427	12.33035567
	12.25700133	12.20679242	12.11054766	12.12380487	12.06129082
	11.94961711	11.91890086	11.85337103	11.808794	11.7110193
	12.2353724	11.54027286	11.53453955	11.49590797	11.40109867
	11.32025383	11.26542588	11.202688	11.11778161	11.04411366
	10.97853731	10.74248082	11.06340056	10.41961836	8.711084942
	9.574153642	10.62027948	10.42274297	10.71904262	10.46846647
	10.40879239	10.44172641	10.45541815	10.47172832	10.36877791
	10.43252045	10.38168032	10.35805685	10.36789376	10.30721191
	10.49037611	10.27048731	10.28340631	10.26035173	10.14137355
	9.997761507	10.87245176	10.03874043	10.19661255	10.20965687
	10.15070902	10.03763258	9.921421177	10.12345712	10.16118922
	10.03168443	10.22178458	10.23588114	9.824910641	10.16442694
	10.2224579	10.00018751	9.97227127	10.03480295	10.01205932
	10.00776631	10.01399391	10.01090624	10.00893621	10.01991786
	9.999960822	13.04654342	13.05437382	13.05069745	13.04334222
	13.04409453	13.03966537	13.04111795	13.02441029	13.02639454
	13.02473633	13.02085025	12.99565876	12.95986205	12.9907716
	12.9667711	12.98193495	12.95767719	12.9010926	12.86764298
	12.83716838	12.80210101	12.75985303	12.71461713	12.66591309
	12.59420258	12.55416581	12.5019671	12.45574237	12.37908498
	12.33592504	12.26427646	12.20488171	12.12917025	12.06252117
	12.03262137	11.94615654	11.93267441	11.85546769	11.79962611
	11.7369189	11.68484649	11.59355982	11.55225257	11.48754703
	11.38683858	11.33261746	11.26452357	11.19070118	11.1339853
	11.06853481	11.00359103	10.89801637	10.90642407	10.85340716
	10.36765755	10.42786111	10.60653781	10.5032154	10.58948142
	10.32174751	10.42080693	10.56545008	10.44062719	10.46258261
	10.39800463	10.3616173	10.39078592	10.37207751	10.35725892
	10.3057892	10.32502857	10.26950194	10.26672088	10.26652227
	10.31725198	10.18742589	10.05932614	10.10602522	9.712301684
	9.329928481	9.873037201	10.14378019	10.09960723	10.2251172
	9.940724067	9.79590044	11.13201191	10.12422991	9.336959094
	10.62723751	9.669214338	9.93248379	10.05309003	9.996485589
	10.00884725	10.00625596	10.0144118	10.01956186	9.984930099
	10.01135928	10.00887467	13.04756143	13.05008128	13.04771133
	13.04454893	13.04296059	13.04061842	13.03936795	13.03115375
	13.0300898	13.01860203	12.99996137	13.00541253	12.91605493
	12.9725635	12.95952022	12.94502768	12.91200774	12.89499986
	12.86743433	12.82975929	12.79690992	12.7543132	12.71050886
	12.65520301	12.6136765	12.55644497	12.50331674	12.44623228
	12.37952097	12.32768957	12.27016954	12.20774393	12.1420445
	12.09211079	11.96823637	11.96546756	11.92911239	11.85330142
	11.79966648	11.73961525	11.66014868	11.63722231	11.42054677
	11.51255275	11.40429131	11.3445231	11.26780136	11.19652274
	11.12501439	11.0700673	11.00162062	10.92364602	10.83395286
	10.74950571	10.64376525	10.68506892	10.59108308	10.61358668
	10.5695789	10.54974718	10.82942965	10.49601711	10.34270721
	10.51366557	10.45240905	10.4378257	10.39283113	10.35840722
	10.35373824	10.32576641	10.32254584	10.29585498	10.23904576
	10.23898665	10.23713835	10.23704151	10.20676252	10.15088294
	10.12159134	10.29903941	10.45778013	10.04877081	10.03415273
	10.08246414	10.17180081	10.00256847	10.40369146	9.941620182
	9.151288367	10.16243872	9.956021825	9.970157554	10.09870362
	9.972508339	10.00016119	9.994899053	9.991122567	9.979311308
	9.997378681	10.00776719	10.01119217	13.04764085	13.04747506
	13.04593138	13.04410638	13.04347202	13.04072541	13.03764832
	13.03227062	13.02572819	13.02098853	12.99950657	13.02498993
	13.11671184	12.98663917	12.97163601	12.95309537	12.9114654
	12.89333444	12.86595295	12.82952578	12.79228814	12.74905765
	12.70769769	12.65808572	12.61017753	12.54885803	12.50193701
	12.44289434	12.39127275	12.3218365	12.26027277	12.20619673
	12.12022849	12.07371971	12.02716013	11.96898133	11.91783361
	11.85127991	11.79073236	11.74397338	11.69393223	11.60859467
	11.6747419	11.50974606	11.4054588	11.34024933	11.25835445
	11.19861527	11.12494373	11.06223949	10.99409682	10.91502266
	10.83302524	10.77862232	10.6493217	10.63496916	10.65878046
	10.5595112	10.49818948	10.55250006	10.43047163	10.47863194
	10.41400314	10.43258126	10.40362498	10.37315738	10.38256088
	10.36001905	10.35682227	10.32795765	10.30835386	10.29612227
	10.26729616	10.23108617	10.1967184	10.21359362	10.17193023
	10.04747201	10.09250972	10.13525571	9.989849661	9.663402105
	10.12138346	9.961726202	10.04613087	10.07752176	10.08602219
	9.83261049	9.45000396	9.884749428	10.01251898	10.05357686
	10.03276272	9.982958246	9.999831672	9.993230912	10.00404278
	10.028897	10.00749832	10.0099246	10.01616309	13.04521553
	13.04603118	13.0445948	13.04467137	13.04483292	13.04115011
	13.03675886	13.0316991	13.02515679	13.02381782	13.0468713
	13.05719263	12.93178759	12.97815841	12.96656129	12.95759003
	12.92004755	12.89057509	12.85785263	12.82590703	12.79202133
	12.74844229	12.70568768	12.65914859	12.60717384	12.54994573
	12.49948343	12.43673155	12.38577224	12.31916814	12.26000737
	12.20757354	12.15831992	12.04572485	12.02574512	11.95985584
	11.91086298	11.85279673	11.78642738	11.73093047	11.68006241
	11.61677588	11.54361799	11.49083712	11.3809758	11.33827084
	11.25001403	11.19452528	11.12282084	11.0601836	10.97532098
	10.92747024	10.86638677	10.7845619	10.71795213	10.66908276
	10.58682984	10.5681322	10.55972592	10.5514655	10.52362008
	10.54792554	10.45847524	10.43841415	10.41856504	10.41027352
	10.38330352	10.36974497	10.34928314	10.333352	10.301634
	10.29485908	10.26468596	10.25117837	10.22286796	10.20993226
	10.17254993	10.09613567	10.1401496	10.06265986	10.07673922
	10.08681959	10.05444478	10.08573505	10.09426655	10.02830306
	10.02969133	9.858487169	9.7576683	9.954831147	9.947301771
	9.875456725	9.98091436	10.00894328	10.00601106	10.00019037
	9.999951248	10.02949534	10.00994792	10.0030994	9.999162561
	13.04628751	13.04760914	13.0437309	13.04488563	13.04623327
	13.04194922	13.03663912	13.03148951	13.02710594	13.02013828
	13.00051258	12.92638886	13.08100742	12.99945472	12.93709093
	12.94921591	12.91954007	12.89206038	12.86343201	12.8276925
	12.79405153	12.74889011	12.70509472	12.65789381	12.60125904
	12.55271221	12.49939302	12.43536401	12.38509722	12.32679108
	12.26519048	12.20547336	12.09773157	12.10037674	12.03314652
	11.9636658	11.90723385	11.85301568	11.79563545	11.73234107
	11.68001253	11.68112374	11.34886638	11.50902318	11.39619746
	11.3518839	11.26042094	11.20006272	11.12192311	11.06530838
	11.00181345	10.90988489	10.88027447	10.785462	10.71708186
	10.66408119	10.62903387	10.57116851	10.57202542	10.55328432
	10.55560111	10.50204964	10.46625518	10.4337289	10.43435601
	10.41514397	10.37220247	10.36865844	10.33802944	10.32952396
	10.30566536	10.28693309	10.26443866	10.23778433	10.23164267
	10.20639277	10.16882942	10.22277101	10.07007527	10.11304762
	10.07214371	10.07887048	10.05946711	10.06879297	10.01726883
	10.01023987	10.02699016	9.888327416	9.842756611	9.979058823
	9.942462194	9.857781189	9.969304483	9.974467515	10.00739032
	10.00267301	9.989730802	9.977858766	10.00525278	9.99709052
	9.987008346	