3131	
	9.449021836	7.143725566	7.306571923	7.212167624	7.074633007
	7.032535178	7.046228552	7.004574199	7.000715158	7.022540838
	7.0476144	7.065795723	7.10696697	7.140819333	7.18305883
	7.209280072	7.261789935	7.311344044	7.356395245	7.4002003
	7.444423759	7.502637592	7.533835321	7.587897268	7.640533404
	7.678806129	7.739549276	7.77859023	7.83909383	7.881236199
	7.94497372	7.993068603	8.047332545	8.087224936	8.14692367
	8.193203127	8.246535369	8.317231384	8.372850197	8.436759559
	8.504043139	8.575437715	8.718542971	8.54767265	8.626881212
	8.683439292	8.584180951	8.735634142	8.746096767	8.720594703
	8.750619226	8.768012575	8.817361856	8.786174362	8.798824406
	8.809107095	8.809932903	8.848456464	8.858881124	8.875223195
	8.899547028	8.870763718	9.052306957	8.914382679	8.953145398
	8.969887104	8.985318664	8.864202477	8.952599318	9.025335373
	8.983888486	9.040050087	9.000822545	9.029626399	8.998536765
	8.391023493	9.113308914	8.983720941	9.049253548	9.065138693
	9.060734799	9.064608715	9.066398244	9.068682579	9.069515113
	9.07210126	9.078048412	9.074429008	9.068936247	9.075335882
	9.077197215	9.075520094	9.038451762	9.029044213	9.070766457
	9.047089721	9.079793048	9.046634905	9.068887295	9.043196048
	9.071180139	7.312874251	7.074811264	7.134885257	7.049446833
	7.118764395	7.174486419	7.018438162	6.981419958	7.005579061
	7.017217143	7.033255703	7.067541921	7.101879985	7.138329022
	7.18174906	7.225448384	7.267599508	7.31192813	7.356253088
	7.401108954	7.4433862	7.485465987	7.530222147	7.585259116
	7.640992551	7.684801825	7.732412188	7.785434937	7.841959605
	7.888249403	7.943012166	7.992400262	8.044269405	8.092953833
	8.148398563	8.199655823	8.25309024	8.31478147	8.367627145
	8.436514797	8.50550885	8.588294488	8.734787968	9.3266016
	9.179867216	8.62424995	8.757147034	8.77049637	8.75227276
	8.766672629	8.763191306	8.758915274	8.790580517	8.785569515
	8.783306476	8.809620744	8.808066857	8.858364615	8.852542412
	8.87725186	8.906389955	8.849570549	9.070065483	8.940843686
	8.958043098	8.968728347	8.974694118	8.963072064	8.927923488
	9.006489333	8.978017901	9.044431979	9.036679504	9.030252299
	9.052618369	9.246918781	9.057519402	9.062661451	9.056258946
	9.073625647	9.06184488	9.063659799	9.065702655	9.067980843
	9.069698594	9.072270892	9.0743246	9.065726866	9.052599564
	9.071878934	9.079509242	9.082414497	9.098719208	9.061891706
	9.051012269	9.061262614	9.068634655	9.061516479	9.06607345
	9.048164218	9.066875653	6.973469067	6.717623812	7.59437329
	6.997200374	7.297775446	7.067225942	7.028335788	6.995181655
	7.008748808	7.009354779	7.050372668	7.072148745	7.104442486
	7.143102711	7.177313937	7.222536323	7.260595244	7.309259232
	7.355737729	7.401511085	7.445443746	7.455099358	7.543780235
	7.594347677	7.641462109	7.680623312	7.735521971	7.788512808
	7.844437456	7.890983575	7.945350684	7.99202257	8.042376582
	8.093924095	8.148438325	8.200462574	8.256406372	8.313075364
	8.360101804	8.432928174	8.498148109	8.557446805	8.624520042
	8.58498911	8.368150916	9.033231348	8.638884679	8.799548097
	8.765014507	8.662430722	8.77168144	8.712575186	8.696425263
	8.783807422	8.77215338	8.81534267	8.820183119	8.840641091
	8.829928954	8.876123513	8.896323549	8.886119815	8.903890779
	8.943500036	8.96347253	8.96962445	8.9648127	8.988048096
	9.195229563	8.988145627	9.140071209	8.856339405	9.028015955
	9.039454863	9.034914815	9.066217268	9.055355955	9.051534746
	9.051794448	9.061304381	9.06158054	9.062434786	9.064931076
	9.067915984	9.07048529	9.073825997	9.07340351	9.065565935
	9.057533059	9.064697329	9.080828832	9.063481465	9.038585288
	8.996674799	9.089412529	9.052820322	9.055060487	9.067660231
	9.070916462	9.074214333	9.062604531	7.200142076	8.016788144
	7.030319358	9.103742692	7.016216751	7.086121889	6.982915808
	6.979847131	6.993354442	6.987193054	7.049973947	7.048680084
	7.100548044	7.141560461	7.179946432	7.223133028	7.266054831
	7.307330935	7.354450337	7.402348216	7.452511777	7.539769444
	7.524616107	7.591288268	7.627227441	7.687486672	7.740374634
	7.789987032	7.843166394	7.88850164	7.929006043	7.989622474
	8.040981384	8.089401125	8.141794601	8.198085263	8.25722537
	8.314055072	8.36283844	8.431640824	8.505060379	8.532219023
	8.573836177	8.610747613	8.843433905	9.011623216	8.193584779
	8.782412688	8.694188132	8.722524723	8.746333614	8.802278403
	8.806320477	8.786969653	8.814157812	8.811410881	8.823674384
	8.845282178	8.84691951	8.882380683	8.885455209	8.914562719
	8.917052487	8.956411502	8.961930875	8.976711822	8.977867198
	8.984752378	9.01917587	8.999381535	9.009161014	8.971184431
	9.022273641	9.092800082	9.016124289	9.04402513	9.043092253
	9.048735275	9.034604817	9.058392709	9.060246074	9.062010429
	9.066055303	9.069941674	9.073310059	9.07616767	9.076946643
	9.076220767	9.06905003	9.077050887	9.08466621	9.07782084
	9.024069768	9.259202017	9.078145644	9.069978898	9.070816928
	9.065261577	9.068681925	9.05423706	9.046995006	7.121061074
	6.97575506	7.176037249	6.803307538	6.488444375	7.154405841
	6.96765417	6.931636008	6.97592334	6.953337482	7.118772759
	7.034535912	7.093492712	7.140032739	7.179822142	7.220494431
	7.268939489	7.310957508	7.351664182	7.402746214	7.450071149
	7.471587108	7.548377391	7.59132571	7.634506356	7.695774661
	7.740217307	7.790929707	7.819071101	7.887698022	7.937078385
	7.98635581	8.040843206	8.091067734	8.14110294	8.188792389
	8.25591342	8.311669495	8.371872333	8.431624757	8.496238319
	8.584867303	8.636851911	8.712802094	8.918756971	8.818308444
	8.479315127	8.998886374	9.10670962	8.66662953	8.769098361
	8.758249862	8.619575009	8.769178874	8.762995932	8.796459836
	8.817178969	8.845630155	8.864794316	8.884027133	8.896137431
	8.91710489	8.913846486	8.908928582	8.952504053	8.955457165
	8.982400902	8.987875867	9.010811051	9.012226766	9.002421629
	9.062070031	8.977333973	9.047928628	9.020931018	9.053121304
	9.048186825	9.056905352	9.047117182	9.056380242	9.060641166
	9.06351248	9.06754659	9.070426933	9.071690359	9.079169909
	9.069919774	9.084109949	9.073105127	9.08433692	9.084126892
	9.072472542	9.067201536	9.102189476	9.058197947	9.072194174
	9.068099437	9.054295073	9.066628184	9.040706231	9.069636343
	6.869344069	7.227860681	7.172869999	7.141135394	7.230254327
	6.992595551	6.97146773	6.910856757	6.965740153	7.007716566
	7.025733211	7.038450077	7.086675024	7.136030804	7.180071531
	7.211784988	7.259071677	7.314139558	7.346667193	7.396233986
	7.449402084	7.444899235	7.538404264	7.581883966	7.605624707
	7.692493611	7.732544451	7.758347022	7.841111392	7.887974976
	7.938701353	7.983554449	8.039325057	8.089267867	8.147535954
	8.20029791	8.256599729	8.288533417	8.370948011	8.437092422
	8.559119326	8.489988789	8.558323366	9.172519559	8.902429515
	8.253167588	8.518045989	9.262451486	8.393252525	8.630623392
	8.810272065	8.710589805	8.73554822	8.775329069	8.792665894
	8.797500236	8.815418164	8.844167342	8.831434168	8.891222547
	8.885336964	8.922722731	8.937170375	8.953820448	8.966270713
	8.960891453	8.982937651	8.981331902	9.000613875	8.812606588
	8.991691961	8.848126167	9.034448708	9.044615684	9.034973539
	9.037546364	9.04978434	9.051695261	9.050679234	9.054520067
	9.033532227	9.06111217	9.067870469	9.046959349	9.066919303
	9.072073103	9.054583208	9.054023101	9.062133213	9.076048051
	9.054876172	8.999037069	9.08307486	9.080710541	9.067053943
	9.066250855	9.047523646	9.057570376	9.069645575	9.026645624
	9.106182896	6.330564925	7.192190069	7.02348449	7.153512006
	7.243475095	7.001315717	6.911373311	6.889572714	6.938759909
	6.859628672	6.989828342	7.078009427	7.102616042	7.120547956
	7.177197917	7.21678128	7.265709217	7.261877319	7.358295348
	7.380652852	7.451198632	7.526342515	7.54429334	7.645797469
	7.569267301	7.690465703	7.734738158	7.778521783	7.838588957
	7.888047873	7.93913551	7.980194471	8.037519352	8.079647679
	8.140641605	8.184638737	8.252964632	8.300819818	8.363404599
	8.426275877	8.434993972	8.55830238	8.553867224	8.769661843
	8.314062348	10.03091832	8.938137647	8.023726764	10.45708132
	8.580568575	9.040622053	8.673484182	8.781111569	8.745424454
	8.778748778	8.80707977	8.821548533	8.854738293	8.884741312
	8.918483163	8.906854823	8.92878478	8.93910758	9.018716468
	8.988902495	8.973137693	8.977163371	8.965241803	9.009157738
	9.009530261	8.83587315	9.579107508	9.036486434	9.088491707
	9.05461436	9.026381998	9.048027163	9.051312077	9.049304763
	9.033805058	9.063614777	9.062167519	9.064709598	9.053002955
	9.057659851	9.072042622	9.076526785	9.079801715	9.082401379
	9.084330054	9.042774981	9.097562139	9.084691547	9.054949572
	9.074623792	9.050745134	9.087870382	9.050225105	9.078546322
	9.074629022	9.040525299	7.005154416	7.343038316	7.360765068
	6.980589185	6.913422844	7.046660974	6.904012129	6.87252677
	6.875523077	7.045898526	6.982744765	7.065723373	7.052309662
	7.121838258	7.176768457	7.211527459	7.247029443	7.312114224
	7.348770067	7.429013486	7.451689552	7.473992074	7.532209625
	7.604937416	7.619453592	7.679433644	7.737683867	7.786503277
	7.840038756	7.885854073	7.937980339	7.982347961	8.036389251
	8.087872235	8.143110674	8.145801639	8.244913143	8.307437998
	8.363715587	8.422650269	8.483581876	8.482233143	8.322857552
	8.779503373	8.343498963	8.961613483	4.251420616	11.16182027
	8.518589999	7.944244286	8.830956237	8.518109678	8.81790748
	8.751693549	8.781200367	8.820792793	8.818465059	8.861483447
	8.865125488	8.818134522	8.877095531	8.94865179	8.949264959
	8.980699861	8.928297132	8.974136609	8.966077371	8.99658155
	9.007363814	8.935947305	9.069971792	8.855089207	8.964502598
	9.017151472	9.048465947	9.057291326	9.037685976	9.027311926
	9.049607036	9.047820236	9.055561616	9.060777079	9.059881793
	9.063445893	9.067536974	9.073088388	9.058878155	9.081198759
	9.101147037	9.085408786	9.082306403	9.096364515	9.08435996
	9.074618635	9.069301031	9.064021238	9.079872697	9.07151215
	9.076112423	9.077536573	9.086264536	8.264409365	6.832535166
	7.052959951	6.423384233	7.190210316	7.498199202	6.394490547
	6.849717402	6.774056036	7.046675085	6.902641441	7.041375495
	7.124221408	7.126960731	7.182297874	7.197036319	7.261470068
	7.295409644	7.337415692	7.396507016	7.439886504	7.487651691
	7.538966803	7.615481684	7.712484157	7.671918445	7.740664307
	7.788071778	7.835927402	7.871977944	7.935643089	7.976058317
	8.030725024	8.076989183	8.129155391	8.198408254	8.237341954
	8.306368	8.331932964	8.395979394	8.461929613	8.520900576
	8.567408901	8.680229217	8.616043696	8.454092097	9.322677548
	10.1679664	7.279060565	12.18713892	7.881502109	8.91914284
	8.828618675	8.702275701	8.786083539	8.792622916	8.781970036
	8.905779097	8.814191105	9.091915756	8.900282079	8.939980486
	8.914155491	8.961027176	8.949211873	8.986189123	8.97550011
	8.997338241	9.044102458	8.818697054	8.992007495	9.13511437
	9.185135981	9.042599932	9.066651291	9.0405804	9.027448057
	9.049882907	9.051913677	9.047182042	9.039347795	9.036238901
	9.051735408	9.071985481	9.068906664	9.079334346	9.066076529
	9.062700131	9.083148765	9.103502242	9.108232163	9.126356176
	9.071643069	9.079281021	9.059621278	9.07851165	9.082833438
	9.079118929	9.05626793	9.038360235	9.068441966	7.765660277
	7.63771203	6.870587763	6.946922041	7.664792474	6.673929454
	6.223855063	6.991308305	6.64820192	6.880692139	6.933193687
	7.021079526	7.046767262	7.129749518	7.174548431	7.19903166
	7.264800638	7.282159122	7.366578341	7.391121815	7.439518595
	7.498970504	7.548146367	7.589068558	7.653479548	7.679897365
	7.762424485	7.788211223	7.836587324	7.884329283	7.924185106
	7.97878615	8.033386582	8.089201222	8.135302249	8.176154895
	8.238909349	8.314799765	8.327700984	8.397650477	8.426934429
	8.552624197	8.521542689	8.602067637	8.577995323	8.794788859
	8.287800794	8.767851646	10.74650428	7.674349089	8.583109512
	8.759447161	8.680820287	8.667136599	8.711966303	8.746385963
	8.750982578	8.903650032	8.754331405	8.90610788	8.897519964
	9.058739314	8.939828326	8.960985887	8.971103233	8.988440288
	8.98737327	8.969337202	9.005982369	8.816765017	8.981407792
	8.99930098	9.035391817	8.917114371	9.080268231	8.996238349
	9.005120304	9.039543371	9.045528574	9.055064667	9.016308323
	9.032499006	9.035532169	9.070901977	9.064775536	9.073767452
	9.074549074	9.072109267	9.084429566	9.173258484	9.025673324
	9.054645777	9.03825848	9.080091743	9.06223639	9.102300586
	9.080724887	9.084616926	9.077905137	9.070372305	9.084564862
	7.779765005	7.212716465	7.269112759	6.587549766	8.087313138
	7.885736505	-0.2777043035	7.370551576	6.513126826	6.588146664
	7.011994031	7.050537463	7.045284244	7.163875123	7.169815284
	7.242699406	7.176538772	7.273462081	7.326242103	7.403413712
	7.468167027	7.475587792	7.538361352	7.578862238	7.60471641
	7.64920803	7.849358156	7.790467825	7.835554652	7.882954235
	7.931237293	7.970722609	8.02559094	8.088341852	8.116192689
	8.177325744	8.242657682	8.387208948	8.315311057	8.398098112
	8.458548379	8.505037321	8.517743952	8.603370881	8.633373907
	8.58350297	8.905487986	9.053530261	7.918507968	9.192278316
	8.844016936	9.79132487	8.411237943	8.642291129	8.710911852
	8.9121823	8.830823425	8.671070098	8.829283325	8.937020756
	8.909300931	8.952974905	8.892376813	8.962640863	8.969237844
	8.982982542	9.008512417	9.002617649	9.012564674	9.055720556
	9.007709144	8.991357452	9.053702864	9.092007057	9.533276803
	8.952878054	9.083983782	9.048493527	9.037802651	9.019966412
	9.106198549	9.074260821	9.044224237	9.054614338	9.050749977
	9.072354172	9.074534359	9.079392221	9.085954576	9.094798497
	9.073378791	9.079868925	9.141642544	9.08467253	9.079382076
	9.047136193	9.065334846	9.10580494	9.030524907	9.070017482
	9.082679401	6.780738861	7.680283864	6.736671741	7.001485145
	7.114628905	6.906963646	2.527515651	7.401297934	5.240547605
	7.105287772	7.046662825	7.045796284	7.094878082	7.090791051
	7.181514373	7.157547446	7.259665503	7.274690919	7.380839389
	7.470106983	7.535843177	7.470796926	7.560361571	7.567537585
	7.657424555	7.785053917	7.658316943	7.805977043	7.828533445
	7.874588034	7.932083112	7.989137499	8.027764634	8.07073051
	8.127399138	8.186394127	8.231929972	8.256829127	8.339090361
	8.392732231	8.420401702	8.501665822	8.516713438	8.592599255
	8.611275396	8.672715634	8.714872766	8.232793767	9.772497855
	5.90952249	8.061498526	9.290236174	7.149779541	8.808092461
	8.799802346	8.722636661	8.924401176	9.070923724	8.879747626
	9.001762791	8.784874908	8.841935413	8.968597862	8.968582125
	8.937463183	8.961683033	9.003263553	8.972795128	9.018792611
	8.967565452	9.025379175	9.008545102	9.045536952	9.033687563
	8.837588803	9.043644873	9.058669597	9.043223083	9.057924566
	9.006119113	9.076979313	9.108518399	9.063424553	9.063287631
	9.067768456	9.067237205	9.075267216	9.078386378	9.092953928
	9.081548983	9.051214987	9.092680635	9.096522014	9.047760602
	9.073700268	9.081350334	9.053572107	9.044261947	9.128838683
	9.075658187	9.043551764	7.312601946	7.100426325	7.115003831
	6.799341222	6.904723294	6.828980519	6.300210959	7.203381669
	7.077681685	6.932684234	6.743350739	7.067351306	6.820940869
	7.130245117	7.170075916	7.171341869	7.205629919	7.175517275
	7.32429062	7.369340436	7.481164029	7.377783577	7.519198262
	7.622897932	7.653999734	7.661958395	7.795814808	7.836787291
	7.800931754	7.852983709	7.930390185	7.966362582	8.023557147
	8.072082653	8.126122872	8.181555187	8.225145967	8.263833105
	8.336399812	8.387116945	8.442030343	8.491280617	8.547273933
	8.623884749	8.623605346	8.628713477	8.798891228	9.175860364
	8.786035554	9.244569057	6.146847129	7.845448759	6.002882888
	9.176876565	8.455407089	8.783793737	8.782575518	8.482163541
	8.758634691	8.916333257	8.844751088	8.961864461	9.004126959
	8.918657575	8.986271529	8.998234692	9.0472275	9.007563608
	9.012262189	9.007011038	9.005390813	9.06883275	9.045176015
	9.054648654	9.039655613	9.028697609	9.056958246	9.025323927
	9.065800022	9.01218221	9.038835031	9.017006858	9.049230921
	9.062867541	9.074797774	9.056988283	9.07834513	9.078080425
	9.083417741	9.075362734	9.07209995	9.09506283	9.076913947
	9.089913656	9.061917411	9.072433622	9.083625633	9.074571678
	9.078273507	9.080853052	9.087063318	7.013037137	6.989589717
	7.007349733	6.895725952	6.871136811	6.741087776	6.644476185
	7.006724314	5.584070596	7.830613018	7.076732933	6.979583825
	7.142804042	7.133159517	7.148577417	7.195168561	7.261991445
	7.291094108	7.414038367	7.410361978	7.476202643	7.358703471
	7.60940198	7.563197075	7.643505953	7.679883259	7.869483089
	7.453208216	7.879877175	7.85786368	7.933433552	7.971014515
	8.026703462	8.076777117	8.126806501	8.177877944	8.225163032
	8.280591955	8.320590477	8.379592129	8.471168323	8.48075351
	8.53894534	8.525372632	8.618867672	8.678720965	8.754553427
	8.798381177	9.070508483	14.33330377	8.211257483	11.81342259
	8.486856822	9.137796794	8.605309825	8.844557079	8.836105538
	8.995685151	8.825488656	8.900730911	8.872989801	8.919027027
	8.896353283	9.000152801	8.997545244	8.983703051	8.939928546
	9.030023247	9.019110579	8.995310119	9.055119347	9.002488146
	9.02978125	9.045712659	9.052965921	9.05191395	9.054801754
	9.01905294	9.064186803	9.069987227	9.03025222	9.064831477
	9.014888155	9.070296576	9.082846794	9.050004695	9.076657102
	9.080116636	9.077193495	9.048142984	9.082315004	9.130430522
	9.05062028	9.079442487	9.07489497	9.057279963	9.082835234
	9.090020178	9.040095065	9.057917894	9.082404577	6.903644956
	6.997858775	6.977509705	6.951807498	6.8745527	6.829466765
	6.767968548	6.700645709	7.11534986	7.256454067	7.040208652
	6.858881805	7.160282329	7.043377747	7.180177099	7.202587466
	7.267608074	7.308081522	7.409547552	7.383670496	7.435704178
	7.492814694	7.56990901	7.588543682	7.626883063	7.707454974
	7.773315996	7.876118933	7.684362998	7.818472067	7.909190119
	7.976326278	8.026477167	8.076686164	8.12531388	8.175129049
	8.217744406	8.275151096	8.321700986	8.36387586	8.432100861
	8.433802613	8.542896787	8.679205016	8.625618978	8.670577904
	8.658365789	8.716297862	8.681834079	9.660849359	7.166987128
	9.309541848	8.607824193	8.916167105	8.752271205	8.865286687
	8.850751883	8.974993136	8.800045005	8.892545257	8.928750462
	8.951550407	8.991051272	8.92218169	8.990573779	8.994788606
	9.013083364	8.997762347	8.944528586	9.047707052	9.004449208
	9.04054914	9.056031372	9.020834669	9.055540572	9.049791184
	9.082215324	9.000170373	9.081954287	8.85291477	8.936861073
	9.031456986	8.9745932	9.070070798	9.087810137	9.070105446
	9.08450245	9.079372717	9.085449253	9.06101783	9.085000344
	9.092755095	9.088332119	9.080567442	9.085141277	9.075164325
	9.089849783	9.104462174	9.13689889	9.096800527	9.084964579
	6.994367193	7.11293622	6.973940633	6.917531948	6.906113107
	6.859706915	6.909149679	6.846990452	6.892738787	7.067822221
	6.771411604	7.207189559	7.119030934	7.151979276	7.121336844
	7.215921089	7.253289145	7.290509802	7.396028831	7.386617944
	7.431997308	7.504938559	7.529838516	7.542551865	7.6365528
	7.66668302	7.748237323	7.708469651	7.969522472	7.921121818
	7.92676487	7.979207104	8.024095154	8.076900736	8.123937555
	8.173337801	8.221375777	8.273477428	8.321964206	8.368950731
	8.427808443	8.455758651	8.553030937	8.443076396	8.612319723
	8.707564651	8.71373777	8.800670802	8.901930567	8.103838817
	8.30049267	9.033611972	8.610892287	8.803666904	8.788468787
	8.846083638	8.645581449	8.891648777	8.84568247	8.926597288
	8.943117574	8.939982145	8.687537219	9.085317569	9.002324322
	8.984979897	9.016006304	9.000253882	9.020471735	9.008669125
	9.071698853	9.016937298	9.029471522	9.058535491	9.034451774
	9.047231103	9.080611087	8.976284941	8.904682647	9.048858217
	9.16139517	9.026943809	9.083359366	9.092017179	9.068409782
	9.081408676	9.096108804	9.034569988	9.090666662	9.064864193
	9.061481681	9.07961083	9.084309403	9.087823299	9.086565169
	9.081945148	9.05299085	9.109014873	9.081408454	8.953127095
	9.100955162	6.941590528	6.953981041	6.964591361	6.967291788
	6.935655944	6.884840154	6.87627622	6.928560289	6.931580317
	6.908963526	7.487678713	7.105795649	7.167397591	7.105196732
	7.20938203	7.23351087	7.272829106	7.334404689	7.381381481
	7.404178368	7.457814095	7.483800373	7.53004086	7.59704182
	7.635251848	7.659702587	7.760638061	7.802503579	7.872090719
	7.830280262	7.894635222	7.961917852	8.023041887	8.074201571
	8.121645887	8.170484447	8.219480947	8.271176335	8.314812892
	8.358747149	8.396438451	8.475387363	8.396668532	8.629499971
	8.625455004	8.58355673	8.697796641	8.713177582	8.84699903
	8.876496172	8.92710654	8.886770198	9.04694132	8.717349297
	8.777582412	8.828834745	8.798654974	8.897622158	8.937694051
	8.863893601	8.935280674	8.86114205	9.266512652	9.040569712
	9.000226983	9.013171006	9.018856836	8.998910334	8.989779959
	9.047269125	9.040054772	9.103729743	9.048880896	9.082362645
	9.045123177	9.03612479	9.000083895	9.015940797	9.068910059
	9.030342653	9.066944147	8.910386385	9.312978481	8.991587638
	9.077833051	9.088392041	8.992271985	9.01240873	9.079599714
	9.046480195	9.088291961	9.067521621	9.056505449	9.0793016
	9.084356233	9.086796686	9.064889716	9.101101849	9.081982458
	9.038075932	9.170914602	6.984667119	6.982028485	6.956069549
	6.90386969	6.93162384	6.926043306	6.907021317	6.887720692
	6.967031544	7.036083955	7.054436074	6.840998947	7.143402186
	7.14091029	7.188010817	7.213933786	7.291140257	7.320166331
	7.344514375	7.412168385	7.458187247	7.497123596	7.562716097
	7.573296949	7.642030382	7.679516197	7.744611001	7.730117899
	7.808834314	7.820943377	7.911131309	7.981059905	8.028733745
	8.076201776	8.119404704	8.168414234	8.217552273	8.269093507
	8.294634308	8.36047739	8.387362535	8.464680365	8.497077904
	8.579152004	8.554584506	8.634191633	8.721845584	8.71268698
	8.746625069	8.641365007	8.583325073	8.696464229	8.666068458
	8.830050031	8.84522243	8.830332301	9.053494672	8.910541765
	8.909814469	8.914431779	8.958057802	8.944683991	9.038818559
	9.00304258	8.997624979	9.00607848	9.028957103	8.994025696
	9.144738776	9.042718866	9.00001569	9.198862603	9.04538512
	9.231953996	8.990529154	9.043128473	9.061901137	9.020707261
	9.115105586	8.917247671	9.016427749	9.013841681	9.082127295
	8.991486567	9.07339753	9.069099014	8.994573681	9.311241239
	9.084664828	9.087645376	9.086229256	9.085951108	9.120362328
	9.088714749	9.07672889	9.070127549	9.103252745	9.089386856
	9.084165728	9.065545963	9.10611512	6.922766334	6.972654581
	6.946861663	6.993059323	6.949712186	6.938682092	6.918531904
	7.0390054	7.003300673	7.024084188	7.066085936	7.06942537
	7.096709988	7.156042981	7.197947201	7.233110787	7.264307895
	7.321228895	7.357669693	7.430707068	7.454387664	7.495677098
	7.528113963	7.591303636	7.63648499	7.682940218	7.737297323
	7.765273223	7.828817791	7.870752534	7.930786186	7.98168108
	8.020003392	8.053138865	8.115451601	8.165818901	8.212266113
	8.260113476	8.307212945	8.367995355	8.399986137	8.448081558
	8.475641121	8.534685102	8.622296509	8.634506258	8.632289272
	8.709660099	8.729687284	8.74014508	8.801907092	8.797036867
	8.813359134	8.855271031	8.717064883	8.832763618	8.817311064
	8.871844217	8.916268574	8.935605587	8.926327173	8.961090566
	8.996918541	8.979352498	9.023378077	8.996153943	9.03513573
	9.043416142	8.981962913	9.057378121	9.082792273	9.072617379
	9.004522787	9.058785235	9.069966611	9.018512744	9.049982546
	9.033633194	8.788051681	9.168959204	9.060859541	9.149470598
	9.014386687	9.045616586	9.055881987	9.032583857	9.083826845
	8.984869861	9.084424269	9.037971153	9.084979343	9.086005906
	9.097063803	9.095964324	9.085911903	9.059657671	9.10647005
	9.055785117	9.082107071	9.079507915	9.088049322	6.390446088
	7.024410202	6.943018485	6.962514927	6.915310525	6.949767876
	6.949648028	6.972991585	6.987295791	7.034211896	7.058071407
	7.27934573	7.199520886	7.162540256	7.189449677	7.238885238
	7.278190988	7.321244339	7.36514964	7.415710205	7.446638582
	7.48770657	7.544552154	7.590501463	7.636912333	7.675165398
	7.730946552	7.768140075	7.831195407	7.85886526	7.924546963
	7.96936545	8.019030541	8.072075646	8.114844524	8.162707202
	8.195052666	8.247932015	8.307343612	8.352192701	8.394728906
	8.429282799	8.498643716	8.509537584	8.589149477	8.616888929
	8.663865264	8.712747378	8.688511449	8.701805875	8.765757756
	8.740942943	8.811361005	8.681713343	8.770360386	8.87552112
	8.89058406	8.901274357	8.926492704	8.947073177	8.954336849
	8.978388021	8.999345769	9.02149452	9.030554275	9.01754412
	9.023986518	9.008522397	9.117570862	9.014493573	9.146951691
	9.135167072	9.060866306	9.075897196	9.121151397	9.018635444
	9.073269483	8.952899062	9.20100719	8.788383533	8.855079192
	8.989761951	9.024140769	9.07371533	9.042932621	9.033470417
	9.101939521	9.058564625	9.080631392	9.086522326	9.068179272
	9.084804379	9.086165296	9.163416776	9.087211424	9.10253455
	9.092505783	9.082619677	9.082130975	9.073782494	9.085698502
	7.034061918	7.006865728	6.909956239	6.977117035	6.950533305
	6.966621403	6.979851622	6.992136311	6.974615474	7.047358879
	7.056868897	7.104053054	7.098179241	7.170841331	7.197497985
	7.230041004	7.27987801	7.321487057	7.353583238	7.402178855
	7.450577637	7.465105644	7.549399653	7.592771394	7.636948636
	7.68557437	7.732261938	7.770832867	7.826321599	7.870636684
	7.919109832	7.95386264	8.021069145	8.066608233	8.099171352
	8.158728928	8.204802405	8.255604348	8.301196237	8.316647967
	8.3921775	8.434594969	8.486374659	8.530570131	8.606502933
	8.592657449	8.642988231	8.574112564	8.723147266	8.730181838
	8.763242609	8.786035953	8.735108954	8.781247006	8.806774648
	8.885600219	8.847095917	8.913718633	8.944015292	8.95962182
	8.975153648	8.984334599	8.993596851	9.088399883	9.026795132
	9.048924115	9.049172259	9.052206765	9.064388517	9.074802963
	9.027970894	9.059470629	9.026482556	8.855143013	9.163361847
	9.001596336	9.065278472	9.070272117	9.065332598	9.016054864
	9.154283379	9.012814085	9.096465513	8.960029362	9.05877006
	9.033309092	9.003174853	9.067119358	9.048183558	9.104107038
	9.087524937	8.978436511	9.085875955	9.089549091	9.032646789
	9.084275445	9.090801589	9.088360884	9.086883779	9.060756561
	9.078006546	6.952495464	6.91719327	6.974307686	6.990597649
	6.999505632	7.02364019	6.974431437	7.008937599	7.021271334
	7.04444937	7.073713938	7.100077288	7.082805348	7.159852214
	7.192336928	7.234019759	7.281082636	7.321847946	7.365560407
	7.407438238	7.454228922	7.502459527	7.53281885	7.592304236
	7.635475875	7.674715883	7.731758791	7.777094914	7.825673275
	7.872226571	7.917061457	7.950565764	8.015494219	8.063836453
	8.108402647	8.158371278	8.206158236	8.251970486	8.299941531
	8.34185463	8.395058457	8.429701371	8.476249528	8.552084494
	8.524837614	8.608254552	8.605089174	8.881173779	8.713055082
	8.737072437	8.766701277	8.807214907	8.747114058	8.799082167
	8.901256069	8.943224196	8.917674476	8.922390416	8.88929811
	8.923934494	9.013563141	8.969850985	8.975651333	8.989319379
	9.005529922	9.024428717	9.05673829	9.052118224	9.059221017
	9.032364532	9.051289074	9.035088816	9.062884565	9.117170825
	9.010637303	9.037603971	9.055659881	8.960633679	9.060185161
	9.064190491	9.065764612	9.017961927	9.066269953	9.100598899
	9.076487564	9.081394921	9.136806251	9.060634766	9.053868827
	9.072753326	9.080166336	9.180638583	9.119854368	9.037037471
	9.141270883	9.080203223	9.094565621	9.086786158	9.091493755
	9.103938554	9.086997424	6.989164813	6.916125436	7.007315221
	6.953257551	6.995120338	6.934430019	6.971190635	7.001117537
	7.038505467	7.044926466	7.082048603	7.109066703	7.138544983
	7.185780389	7.196737998	7.231986213	7.281555651	7.319882435
	7.362444872	7.40759371	7.453699495	7.501336493	7.549605877
	7.588835723	7.640659671	7.67816203	7.73549228	7.776472458
	7.825894683	7.870579444	7.911140677	7.936618472	8.009670294
	8.056946651	8.115609969	8.154482859	8.198786512	8.252321103
	8.298637392	8.298014128	8.391336927	8.413019554	8.479303593
	8.345798246	8.550780919	8.601721883	8.622381309	8.683076844
	8.641922881	8.766160018	8.74564013	8.803013775	8.777209107
	8.825797833	8.813881598	8.914855689	8.796018448	8.997137
	9.096846524	8.929388997	9.027018204	9.052652801	9.004609377
	9.04820359	9.120401289	9.056482117	9.06816548	9.026385096
	9.061013459	9.056289272	9.07135056	9.060091381	9.046539216
	9.033939494	9.065126946	9.037623799	9.071839375	9.057662971
	9.053503171	9.054686562	9.0148264	9.056962655	9.078828632
	9.072115816	9.030454187	9.08498986	8.939916799	9.196912893
	9.072973693	9.059302735	9.052089047	9.117106016	8.973253049
	9.084245863	9.097676445	9.044095016	9.122256518	9.045158672
	9.102307508	9.049258453	9.071920932	6.973001886	6.962179206
	6.894187606	6.993646473	6.947788775	6.960770428	7.053022472
	7.029854433	7.085695623	7.056723317	7.080535663	7.097450474
	7.136857264	7.156096026	7.201126502	7.239442365	7.282714197
	7.316177486	7.358963411	7.404621431	7.452325923	7.497665207
	7.541385444	7.578501517	7.652829949	7.671602198	7.718967856
	7.771404215	7.823046333	7.86914451	7.904761024	7.976264545
	8.013126921	8.052218097	8.071136181	8.1307999	8.176041527
	8.251299582	8.284957371	8.325661694	8.387128839	8.424087584
	8.472349381	8.495957643	8.56718404	8.601770978	8.637979794
	8.670718335	8.664965348	8.730961894	8.704966412	8.805119883
	8.746166831	8.818286911	8.744236023	8.970892278	8.602204342
	9.222830839	8.959644028	8.982848793	9.004628805	8.988460876
	9.009846301	9.02270153	9.158086192	9.013531451	9.072022811
	9.078703827	9.066851732	9.057657827	9.028520263	9.05961893
	9.060289936	8.988355135	9.043054137	9.05716188	9.016221107
	9.058535218	9.040491522	9.049381312	9.077912027	9.076595355
	9.251468493	9.078623583	8.995772018	9.012144876	9.135356975
	9.032370374	9.072671331	9.080382313	9.101970265	9.048380299
	9.064128734	9.091945138	9.049723653	9.106694418	9.052630869
	9.080701557	9.150555934	9.103059727	9.096763206	6.944432799
	7.066251947	7.041903061	6.993791646	6.96745422	6.958083785
	6.857161117	7.056232704	7.020260787	7.036862273	7.080875152
	7.113670933	7.140513701	7.158623286	7.206861388	7.239631677
	7.278225175	7.315365669	7.363205768	7.404987133	7.4500601
	7.495972162	7.537056119	7.589853161	7.641150583	7.671512329
	7.741978752	7.771823868	7.822866482	7.871587294	7.913839907
	7.966107176	8.011584165	8.058691966	8.114533653	8.147068973
	8.200439121	8.236399132	8.200080882	8.325350195	8.373527401
	8.429378899	8.466322069	8.501049932	8.562668089	8.589181985
	8.604434126	8.659034792	8.689514723	8.707385653	8.74149559
	8.798916434	8.735752258	8.767022958	8.739061331	8.954557033
	8.824593992	9.073659079	8.825150435	9.000699592	9.027718724
	9.014178343	9.031596532	9.174565453	8.752634496	9.170550128
	9.038038547	9.045555616	9.077044316	9.070717641	9.071217418
	9.071705735	9.021140174	9.122636454	9.009879197	9.066645804
	9.07469819	9.065215371	9.024980026	9.027814231	9.065907535
	9.025499841	9.111744236	8.905446461	9.003367977	9.086065576
	9.186652289	8.997812021	9.070237124	9.061670667	9.083312902
	9.057371403	9.071710584	9.057735488	9.061304593	9.091647891
	9.104227696	9.088823839	9.138002001	9.048151505	9.09700873
	6.98756791	6.982393457	6.929467663	6.97695056	7.01104047
	6.994883332	7.04239372	7.257365523	7.106103905	7.063811541
	7.086839424	7.102066405	7.127473983	7.154673117	7.185992156
	7.236784208	7.27372405	7.319222625	7.360261442	7.403001546
	7.442915536	7.496696666	7.533888134	7.597392423	7.63121052
	7.68046871	7.731434881	7.762276108	7.819314161	7.867176984
	7.914871229	7.961469069	8.009711575	8.048224135	8.090973822
	8.149105641	8.198404274	8.233257331	8.277720952	8.420855758
	8.299618615	8.427871207	8.464897669	8.489309753	8.535073268
	8.581757241	8.621841741	8.648783724	8.685162271	8.717344452
	8.748352842	8.797183549	8.775791179	8.87827898	9.133129063
	9.034292969	8.911737298	8.957353297	8.943507599	9.005236398
	9.01350795	9.015189412	8.941918229	9.099712156	9.190945143
	9.088468924	9.101128504	9.108277827	9.104522101	9.068647001
	9.040147755	9.036252405	9.048924872	9.055500982	9.061287392
	9.082925177	8.956394637	9.065328531	9.054457696	9.144078584
	9.030521483	9.054803675	9.0873289	9.01888895	9.067956033
	9.04653456	9.057760488	9.057436378	9.100743207	9.056001807
	9.04132088	9.039770333	9.085911106	9.078515064	9.080237841
	9.088417285	9.092642662	9.089257943	9.099955647	9.073683033
	9.047922648	7.008706628	6.953588435	7.099564011	6.977258756
	6.994129499	6.973142822	6.994832261	7.071336679	7.056271208
	7.08709361	7.1151227	7.1040452	7.13808238	7.153451166
	7.214660015	7.236432956	7.266438856	7.319340782	7.356326275
	7.40082381	7.457904088	7.490646671	7.545967698	7.599834791
	7.624640402	7.685415296	7.728908688	7.772563736	7.817885458
	7.858814547	7.908941763	7.949756856	8.00729548	8.054302171
	8.097003324	8.147715584	8.185383	8.207477193	8.295338442
	8.327479018	8.408876649	8.418190392	8.465203239	8.50329146
	8.541738601	8.565617347	8.621170855	8.651067369	8.671889153
	8.724996858	8.752516256	8.778587407	8.792744345	8.838774734
	8.908562799	8.920426467	8.91498395	8.948200203	8.936916682
	9.002072046	9.056705899	8.905502022	9.063628168	9.919647332
	8.65751665	9.045812182	9.119898918	9.047415923	9.086351592
	9.068453217	9.049316245	9.10247772	9.047251469	9.025616419
	9.061684675	9.017447978	9.075838239	9.024732778	9.119240389
	9.161457435	9.080715633	9.042433208	9.073561684	9.043750318
	9.082987994	9.097233622	8.917095729	9.034810172	9.173711676
	8.979540898	9.120879279	9.083487067	9.064258399	9.083689667
	9.090798758	9.087865938	9.092581774	9.087588029	9.087049737
	9.099351521	9.065035351	6.99581375	7.011326844	6.965367968
	6.980644437	6.994239135	7.012914047	7.021425431	7.066539272
	6.973185778	7.23704984	6.8416445	7.075258925	7.132866018
	7.151171058	7.202470778	7.210672773	7.269448174	7.314308006
	7.352768235	7.403605286	7.453660487	7.492602432	7.538987518
	7.590988748	7.632159243	7.692335656	7.705579678	7.771033825
	7.815758763	7.866578219	7.90993898	7.953628088	8.003878681
	8.051819139	8.102017202	8.148990663	8.182022261	8.245662256
	8.286797788	8.32770396	8.373113633	8.41619368	8.468858377
	8.482869429	8.543715704	8.571848443	8.612451669	8.639683863
	8.682182324	8.717327179	8.752962604	8.760234589	8.803261075
	8.840042923	8.871299022	8.897634911	8.919117095	8.943414636
	8.96242535	9.009248231	8.942875499	9.528500861	9.079860622
	8.636713778	10.89378683	9.069947075	9.050836626	9.120204705
	9.081386443	9.058830311	9.063661233	9.108721296	9.059468447
	9.074304368	9.036140343	9.026887003	9.031419275	9.07123724
	9.091046517	9.015096014	9.002549761	9.089918737	9.074145381
	9.049277654	9.044411719	9.072458129	9.010341521	9.097670502
	9.198748658	9.050224738	9.078670281	9.077989888	9.060700595
	9.08832126	9.060245076	9.085347456	9.098362062	9.089657251
	9.065975745	9.093457181	9.03734587	6.994913269	6.996785447
	6.991480388	6.980264883	7.001740708	7.017444406	7.029865088
	7.093931199	7.073418703	7.088833651	7.131310409	7.114397057
	7.118309819	7.164335511	7.126297981	7.20955343	7.262625563
	7.305575797	7.357692523	7.407061127	7.451742475	7.492657507
	7.537700433	7.582447812	7.632528079	7.685767123	7.71251408
	7.756851504	7.807612701	7.86260854	7.911312359	7.950085078
	8.001767239	8.043012135	8.101084202	8.15991624	8.176115028
	8.233045232	8.280884281	8.31475405	8.368591627	8.39348099
	8.438716604	8.494467077	8.540133326	8.574829267	8.612973063
	8.637721317	8.684025453	8.714493339	8.747265163	8.769980668
	8.806227066	8.847179515	8.87379794	8.901689028	8.90599685
	8.944028872	8.968707265	9.000095096	8.974294656	8.730125701
	9.050683834	9.020400969	9.358287617	8.85033112	9.155009858
	9.113306995	9.060291398	9.088784556	9.07526628	9.078524022
	9.049676848	9.058622572	9.052413623	9.045481214	9.056834826
	9.068260602	9.028882073	9.062952526	9.081995203	9.108110365
	9.144814533	9.0765997	9.067458999	9.0516609	9.085955114
	9.091602484	9.155889652	9.088922075	9.064477121	9.058854085
	9.071850135	9.085000865	9.077540997	9.085942731	9.090314593
	9.088751964	9.078977877	9.090819443	9.075737043	6.984422874
	6.993768378	6.99856872	6.992825704	7.002296132	7.006339391
	7.01780737	7.038117271	7.058641609	7.003731313	7.069559706
	7.096063067	7.10807238	7.202933607	6.614013034	7.259302132
	7.258899626	7.299664695	7.359383139	7.406209748	7.439197422
	7.496560248	7.538708204	7.591674922	7.634578295	7.682452852
	7.719773654	7.769139794	7.816699642	7.852147557	7.901223003
	7.965000901	7.998979057	8.052674442	8.100296479	8.110975972
	8.187895113	8.237399146	8.248928933	8.325127627	8.367215418
	8.426008418	8.460349792	8.50009767	8.538252134	8.573237388
	8.612126296	8.640692545	8.681213168	8.71091555	8.745046941
	8.779110523	8.821692615	8.876685771	8.899361523	8.893310116
	8.909383978	8.943810977	8.963144982	8.962476212	9.038259682
	9.228430426	9.120815583	9.124970836	9.132580091	9.128420191
	9.134656157	9.106701089	9.077985971	9.086530878	9.07454338
	9.070496076	9.053320936	9.015126699	9.047315961	9.000137516
	9.06058054	9.059068754	9.060528537	9.069355831	9.016077661
	9.072254633	9.085123952	9.027206836	9.079341901	9.066249757
	9.037886314	9.087533327	9.117018099	9.003427564	9.081551679
	9.091237937	9.088354681	9.085070731	9.083318357	9.086685561
	9.081666613	9.088838591	9.086429526	9.089161443	9.088971947
	6.995830062	6.993608462	6.997110708	7.006150039	6.984815477
	7.026878998	7.013889427	6.999727521	7.033346236	7.101961193
	7.102167152	7.120819916	7.09115093	7.374924596	7.316079837
	7.254704039	7.242406333	7.308954005	7.360437267	7.407507945
	7.433467803	7.495262253	7.538363338	7.591672135	7.635616647
	7.684133025	7.724926625	7.774453351	7.821128906	7.860381514
	7.912599406	7.982563945	8.001067045	8.040893297	8.103467654
	8.142809125	8.184361195	8.224495974	8.262075795	8.330716144
	8.361247189	8.394779659	8.47353846	8.480567278	8.530258348
	8.568119543	8.611569569	8.644771547	8.680267642	8.706669943
	8.744267142	8.782789892	8.821776254	8.66332298	8.857288784
	8.771321855	9.085760754	8.924936041	8.968578971	8.972639882
	9.06625337	8.672637947	9.010369482	9.081996255	9.115883383
	9.094198076	9.113216467	9.102563523	9.087511909	9.088840498
	9.072963797	9.069428421	9.0622023	9.049561795	9.044621244
	9.055313472	9.050807534	9.036614815	9.064138494	9.069347493
	9.086130799	9.028366825	9.015614038	9.047842825	9.030189726
	9.038742944	9.087430513	9.088836804	9.103457487	8.95592365
	9.110935486	9.091852489	9.084624644	9.083487376	9.083331376
	9.085026795	9.070315797	9.092404763	9.087948952	9.08380006
	9.063554595	