3131	
	0.31877784	0.5937791491	0.3891505273	1.239830837	-0.7650528559
	-0.4535504164	0.2298206592	-0.09075058664	-0.03139424577	-0.3874500865
	-0.2153287362	-0.3584207904	-0.5291544768	-0.9622612112	-13.30617232
	-1.568113647	-0.5833475087	-0.692715927	-0.605757076	-0.7150319751
	-0.3209713431	-0.6322808344	-0.4188747524	-0.5523211482	-0.6291838078
	-0.8831708668	-0.4715753909	-0.6456042202	-0.7218372548	-0.8871825451
	-1.136006465	-1.285645985	-1.394491419	-1.525648965	-1.676500773
	-1.846226622	-1.981740058	-2.082012996	-2.210087205	-2.370676122
	-2.495683902	-2.673134713	-2.897545941	-3.119228541	-3.40802921
	-3.150839232	-3.380285936	-3.708246007	-3.783436484	-3.960065181
	-4.285284611	-4.328590438	-4.688209017	-5.102549976	-5.459044858
	-5.153028961	-5.41764567	-5.868468857	-5.437901298	-6.777169328
	-6.392437993	-8.765821413	-16.6357168	-4.1476116	-3.229387692
	-7.312013903	-6.14153484	-4.886657898	-3.982879745	-3.566407804
	-3.205785444	-3.465804377	-3.002969313	-1.780639741	-1.868681147
	-1.649012045	-1.549536351	-1.166145093	-0.861617736	-1.406820393
	-0.3436002017	-0.2547334711	-0.1477446136	-0.05262527319	0.2288708237
	0.1290772714	0.2948008743	0.3003103486	0.1020104848	0.2885370989
	0.1647672184	0.3505221253	0.6590264038	0.3869487866	0.6305576627
	0.7471286755	0.5267539342	0.6308055037	0.6885012673	0.4719816878
	-2.076286706	0.2617302215	0.2321363767	-0.03066867008	0.2586184691
	0.4784644504	0.4488991979	0.271364858	-0.01359324439	-0.07720864091
	-0.4790299984	-0.1917700579	-0.3554397995	-0.4931894361	-0.6064072372
	-1.746032175	-2.421988156	-0.5215113402	-0.8522735684	-0.7535450904
	-0.9018183887	-0.5657237303	-0.5032950379	-0.1567531226	-0.5049368736
	-0.5567842014	-0.6514939062	-0.5719990854	-0.78557514	-0.9982845235
	-0.9821348038	-1.185034377	-1.294193174	-1.391170452	-1.527318608
	-1.677862602	-1.819216777	-1.971229881	-2.078710399	-2.185481336
	-2.363769216	-2.48599782	-2.651753109	-2.793361444	-2.999301208
	-3.036689697	-3.048244692	-3.29465503	-3.611388586	-3.734754071
	-3.840900219	-4.050978817	-4.21451964	-4.475205483	-4.37611939
	-4.993219752	-5.423346377	-3.701438145	-5.2278592	-7.515376541
	-5.783601876	-6.203720923	-5.799574331	-4.194788087	-5.136507444
	-5.59484229	-10.29439396	-3.358422384	-4.971579975	-3.806615642
	-3.636248762	-3.063044174	-3.020375117	-1.729719464	-2.771721935
	-1.798164068	-1.892910352	-1.380167668	-0.5147778759	-0.8414325451
	-0.9900065928	-0.2681354615	-0.2774232747	-0.142025086	-0.09701768384
	-0.1199363967	0.1516087563	0.3364756473	0.2754706787	0.1050768967
	0.3235702986	0.3896767875	0.4703356581	0.7281472163	0.5627226805
	0.6556304887	0.7144763761	0.6065389924	0.6401569347	0.7334013145
	0.4983565538	-3.455969981	0.3629699524	0.2428061059	-0.2543681752
	0.5513861335	-0.02280419728	0.3924055871	0.1568281523	-0.08882186905
	-0.02772782171	-0.1743403995	-0.09150650136	-0.301232696	-0.4561033563
	-0.6007152843	-0.5780819411	-0.6884287345	-0.8016976477	-0.080677278
	-1.287507038	-0.6357616662	-0.5609477113	-0.5836023474	0.06936233393
	-0.5851542939	-0.5348761437	-0.6785744248	-0.6550685241	-0.8321549095
	-1.118966917	-1.015719917	-1.15946575	-1.190258757	-1.360132667
	-1.521329985	-1.688012959	-1.811472976	-1.942542242	-2.048816981
	-2.152858505	-2.364015003	-2.421479537	-2.653154769	-2.908057768
	-2.932924044	-3.045523231	-3.320532946	-3.300838812	-3.646094369
	-3.621244504	-3.864802162	-3.918255379	-3.983572189	-4.52628854
	-4.171220917	-4.699378236	-5.188807715	-4.331075909	-12.04868262
	-6.620455992	-6.40526582	-5.793186901	-2.556487328	-12.56414298
	-5.875988153	-5.256063588	-5.810023541	-5.15992495	-4.893286619
	-3.264641314	-3.639905243	-3.352751641	-2.826296549	-0.8772905414
	-4.160826705	-1.146128868	-1.611959491	-1.011816663	-1.124524269
	-0.7458692187	-0.6968302339	-0.4610350816	-0.3700435419	-0.1222466662
	-0.05110577157	-0.04105654709	0.1493036086	0.3613490931	0.2745793827
	0.09455764629	0.3289353409	0.5970780063	0.5454829146	0.7545109254
	0.6495823513	0.7246634538	0.7259588533	0.6790344027	0.6751154321
	0.7439276897	0.7927520338	2.79071779	0.4259256681	0.387106026
	0.1502755191	0.3950966415	0.1869221193	0.1763368219	0.06537952117
	-1.03671035	0.04987986096	-0.07513443413	-0.01725617475	-0.2665054969
	-0.4021954045	-0.4124930116	-0.3015222039	-0.8190345931	-0.02687793216
	-0.7787174928	-0.4157986703	-0.6446585963	-0.5665128859	-0.628273929
	-0.343458501	-0.6098678397	-0.5144143126	-0.3843506165	-0.5930685066
	-0.7716453467	-0.9546141854	-0.9959803283	-1.14490472	-1.220198523
	-1.369888342	-1.524447437	-1.661544011	-1.800119338	-1.909161199
	-2.037202363	-2.191267397	-2.447774522	-2.407834853	-2.796224953
	-2.672677971	-2.857287593	-3.07691829	-3.303617216	-3.251904236
	-3.544035196	-3.629641168	-3.918411713	-4.484546903	-3.948836965
	-4.580970513	-5.838581601	-3.387636484	-5.139297052	-5.766235875
	-5.616759664	-14.57579428	-10.46220389	-5.130972706	-6.113381326
	-5.823403855	0.1133349935	-4.790852552	-5.859140918	-5.486174653
	-3.719553883	-4.220432421	-3.299155233	-3.179314647	-2.424856667
	-2.344083578	-0.2937111057	-0.2072904032	-2.995984755	-1.467063763
	0.5963813046	-0.2698890527	-0.8094096204	-0.2668361589	0.5387098004
	0.009605980932	-0.003593930749	0.01465841086	0.1323968872	0.2921013476
	0.2589735708	0.1369678632	0.2322870707	0.5284198592	0.4452164585
	0.2859970894	0.5109822581	0.6683440954	0.7406092338	0.7105135312
	0.694944195	0.6968459379	0.7159730646	1.275817839	0.3418937388
	0.2781474136	0.619760404	0.4277015527	0.2450656463	0.1588639564
	0.06940332081	0.1115196401	0.1360572796	-0.1000483122	0.08703246611
	-0.1721548314	-0.3821110146	-0.3395850642	-0.2634618366	-0.8580110282
	3.588971684	-0.2122376563	0.4170971441	-1.047072488	-0.5281859956
	-0.3007698571	-0.3827969379	-0.4705317225	-0.5144021806	-0.6406408323
	-0.5730251794	-0.7311523868	-0.9204830055	-0.9549155969	-1.260850028
	-1.266288404	-1.402583231	-1.536886962	-1.659079421	-1.78479172
	-1.896363275	-2.053885747	-2.217275661	-2.42557937	-2.438976863
	-2.501278469	-2.712789275	-2.666512334	-3.075239621	-3.179430575
	-3.237185632	-3.676011373	-3.513235824	-3.788988695	-4.218861099
	-4.038316725	-4.43474162	-4.999355899	-7.2045722	-5.252381181
	-9.217007989	-5.648600444	-4.159161478	-6.223151432	-2.419680522
	-9.334365023	-6.25833892	-5.719160805	-7.543047091	-4.75540281
	-6.365777403	-4.570804596	-3.740562154	-3.823320587	-2.974468141
	-2.932866472	-3.150370185	-1.985068524	-2.964188555	-0.2694543734
	-1.668494005	-1.79092499	-0.6265577334	-0.8008272187	-0.2929420978
	0.0790457347	-0.07245306031	0.026240552	0.0536905605	0.1043345682
	0.199443603	0.2617862461	0.243468807	0.2397130503	0.4525925621
	0.5373828229	0.5505954104	0.7428822962	0.6345294531	0.736555575
	0.7268856488	0.7090561797	0.69345376	0.6693252903	0.8122326221
	0.4086999811	0.3401597521	0.4515772093	0.4158425831	0.3233420923
	0.2322439098	0.1431133707	0.02072640421	0.1734168642	-0.253886331
	-0.1789554542	-0.1571629545	-0.3160993076	-0.3192422629	-0.3293999842
	-0.2767579302	4.115243838	-2.362453274	-0.4010698607	-1.938927117
	-0.5809924597	-0.4297695862	-0.46483615	-0.4520868839	-0.427923556
	-0.5514160892	-0.5834215739	-0.8396839107	-0.9773629396	-0.670601249
	-2.288212331	-1.277652603	-1.391530658	-1.501264546	-1.640527012
	-1.776917852	-1.913670209	-2.080864192	-2.335106211	-2.207228686
	-2.585119666	-2.501604774	-2.741576084	-3.056789476	-3.187437788
	-3.160778763	-3.179329643	-3.429209847	-4.191593835	-3.733465509
	-3.699358659	-4.035703686	-4.431687454	-4.864280551	-4.380164243
	-4.741613177	-1.590314825	-5.706339846	-5.203490722	-6.578793869
	-4.511607491	-8.704215722	-5.49845961	-5.006255408	-4.314062863
	-4.970673856	-4.839407636	-4.23812631	-3.419159629	-3.55566307
	-3.31189835	-3.042770066	-1.774001931	-1.853740116	-2.107457112
	-1.216507474	-2.575190432	-0.6927215612	-0.5488570763	-0.5125749532
	-0.157496641	0.005159127142	0.04089969633	0.07203377583	0.05040248614
	0.06407954815	0.1722604134	0.3127173956	0.3471338246	0.3810512398
	0.4328259807	0.541118531	0.6877943596	0.8005245966	0.6505250496
	0.7684362071	0.7473079929	0.7239702393	0.6941414576	0.6034443483
	0.5038743373	0.3667402663	0.434587678	0.2652769559	0.4291944997
	0.4136230697	0.2691624008	0.4258174552	0.04875168077	0.01149227593
	-0.1040632251	-0.09953855677	-0.1350603853	-0.2353432282	-0.2745034423
	-0.3016689267	-0.2767633674	0.5808830747	-1.165660503	-5.303895884
	-0.7145744251	-0.5523809334	-0.5490849198	-0.4014220746	-0.2642059843
	0.01545545797	-0.4863421396	-0.5424964383	-1.059488615	-2.279466902
	0.4500048303	-0.9920144638	-1.309178876	-1.363779674	-1.49929907
	-1.63288483	-1.771835851	-1.915838145	-2.054336282	-2.085166246
	-2.330175148	-2.485876953	-2.465812289	-2.7435185	-2.855371824
	-2.718774411	-3.104314824	-2.843506014	-3.49923717	-3.815198713
	-3.725457786	-4.216496274	-4.07437088	-4.397556127	-5.158284034
	-4.62974415	-5.86923985	-6.499344789	-5.981235258	-6.108569321
	-5.526568136	-6.459972664	-7.298976834	-6.224534471	-5.88980056
	-4.840633513	-4.644000722	-4.296863593	-4.156950433	-4.058620117
	-3.743818892	-2.93732761	-2.989387533	-2.528578262	-3.673866407
	-2.167336486	-1.529677188	-1.329164514	-0.1434585227	-0.3616987918
	-0.2518233535	0.04779822826	-0.01845460857	0.1560114472	0.09619760875
	0.04809374356	-0.005019222099	0.120593868	0.3960295993	0.2743356362
	0.4347747708	0.3651471213	0.4462533948	0.760411567	0.8587584055
	0.706872194	0.7972926397	0.7618799798	0.7416730765	0.7118301506
	0.6371375784	0.5577229777	0.4702875511	0.4779492107	0.618378614
	0.6006355914	0.6574689444	0.3548557888	0.01241273479	0.2693005279
	-0.7819062076	0.02540790702	-0.0289052807	-0.09606396797	-0.1802567963
	-0.2337094757	-0.2672850416	-0.264735246	-0.2663159184	-0.5120069856
	-1.240541436	-0.6762762765	-0.741061781	-0.4091489131	-0.1330012278
	-0.1596020374	0.1667936012	-0.4522478171	-0.4975270234	-0.4715708228
	0.0591325877	-1.1958848	-0.6435509646	-1.185360049	-1.354137083
	-1.476048845	-1.644019203	-1.766268763	-1.933864517	-2.095822343
	-2.186765471	-2.322129799	-2.284939384	-2.748273317	-2.610206048
	-2.869008616	-2.885117478	-2.426752933	-2.129595671	-4.2710022
	-3.679897827	-3.540509419	-4.249941656	-3.861123124	-4.375884242
	-4.729677463	-4.578215742	-5.391514366	-6.302701948	-5.170809181
	-6.440885388	-5.427224221	-5.271801453	-5.347524873	-4.638668737
	-5.113947213	-4.366941827	-5.160403499	-4.648809422	-4.32156805
	-3.868437379	-3.507895953	-3.094703353	-2.835074706	-2.413531797
	-2.346748887	-2.730701787	-8.177978282	1.168413911	0.03975386717
	-0.1670627154	-0.5888495567	0.6824956355	-0.218204653	0.1834228856
	0.07393207535	0.05098947809	-0.2478976454	0.0199466762	-0.2582658978
	0.2990767564	0.3400366134	0.2968592401	0.5044394282	0.8696432665
	0.9688103919	0.8378339694	0.7871819879	0.7552406949	0.7627483112
	0.7366693648	0.6840077598	0.6871997271	0.5918489939	0.4707578007
	1.119977586	0.6373909097	0.620709617	0.3335087617	0.2599136257
	0.3455918411	-0.04595157988	-0.00603854542	-0.03788987391	-0.07363296636
	-0.140413504	-0.2053052567	-0.2358076388	-0.2469154769	-0.2868887407
	-0.4114462568	-0.4634019754	-0.1991169705	0.4100138579	-0.353437755
	0.01290017347	-0.02605180049	-0.950605943	-0.2894356376	-0.5247360742
	-0.5145361762	-0.6222301513	-0.8106227084	-1.458995718	-1.554941489
	-1.342043211	-1.456040862	-1.740361816	-1.660718871	-2.021252997
	-1.971502105	-2.266544526	-2.473254692	-2.484213787	-2.263963847
	-2.546881282	-2.861022314	-3.089618463	-2.841790863	-3.077535582
	-3.269872956	-3.235031024	-4.298525775	-3.727131854	-3.982357222
	-4.517189177	-4.530914751	-4.666440262	-5.128197298	-5.117212214
	-4.956096476	-5.86131857	-5.358736023	-5.222080025	-4.722129497
	-5.655918369	-6.890949464	-3.126598836	-4.30671787	-4.105752874
	-4.151319144	-3.993164481	-3.211562639	-3.316404119	-2.676947812
	-2.537071973	-2.330129451	-2.382781189	-2.563314874	-0.5425686738
	1.088133298	0.1724168204	0.4403477372	4.093406517	-0.6156872812
	0.6970521	0.07376737963	0.1107958809	-0.2015407197	0.09950939187
	0.09022212194	0.2242539943	0.5149113885	0.6176882319	1.121542983
	1.104143245	0.9980877077	0.9207602714	0.7318212942	0.7321840277
	0.7908617567	0.7360871642	0.687237212	0.7376661391	0.6910240343
	0.5586573055	1.277713254	3.481384788	0.5080383316	1.607346202
	0.6711922302	0.5355958102	0.5230472356	0.09649624673	-0.03908582035
	-0.04057373146	-0.1073812576	-0.1679443999	-0.2008741794	-0.1812656219
	-0.2788572766	-0.3403544844	-0.3437999598	-0.343665915	-1.420247134
	-0.1065077693	-0.5342251796	0.1886884374	-3.253035046	0.8010580199
	-0.2492717418	-0.4376275421	-0.5527409957	-0.8916805074	-1.029608561
	-4.175136198	-1.260037233	-1.469527313	-1.821875174	-1.670610311
	-3.069496311	-1.655978133	-2.356374628	-1.928723373	-2.864148582
	-2.671273905	-2.752247938	-3.121207681	-3.1239858	-2.863497754
	-3.12763666	-3.133130601	-4.040867561	-3.422759756	-3.68811678
	-3.96513895	-4.251597241	-4.428115616	-4.719136243	-4.99952785
	-4.761757662	-5.58973465	-4.682829708	-5.308445078	-4.90588621
	-4.287475272	-5.034466422	-6.211317053	-5.403310427	-4.288205538
	-4.261389414	-3.657763974	-3.861600386	-2.452932371	-3.438785861
	-3.167189932	-2.662470445	-2.152798913	-2.016062017	-1.449820386
	-2.254453383	0.461062163	0.3537205577	3.859389465	-0.6585346342
	-0.05913207926	0.2382168363	-0.01837623913	0.1512596658	-0.8029001343
	-0.0558388258	0.126859833	0.126572637	0.6617575636	0.8181478877
	1.683648899	1.472747381	0.9312869094	0.9565433134	0.8007109689
	0.7988018408	0.8242013643	0.6602307689	0.5024905148	0.7440217537
	1.358526559	0.355232025	0.5177315722	0.6855697541	0.5410948886
	0.1614621231	-1.503489713	-1.039548885	1.149631201	-0.9198734254
	0.03341992911	0.0378170299	-0.02853741509	-0.1452620373	-0.1640906273
	-0.2007121388	-0.2460676172	-0.2358697558	-0.1232606118	-0.2123530426
	-0.3897744885	-0.2247445107	-1.647886846	-0.7437482676	3.625460993
	-0.007580117991	-0.1774361808	-0.4320593388	-0.5156834103	-0.65522828
	0.5810613371	-0.1046385165	-0.4060622211	-1.385294403	-1.565331649
	-1.812295824	-1.869649034	-1.251513072	-2.367395795	-2.82933784
	-2.872034831	-3.260031988	-1.333264551	-1.933950634	-3.862137563
	-2.033710883	-3.38325446	-3.684487975	-3.289452132	-3.351191863
	-4.127902942	-4.24093641	-4.075987882	-4.352859803	-4.744622794
	-4.795348034	-5.151804666	-4.83713694	-4.947212353	-5.536556368
	-4.470225594	-5.515942261	-5.302600227	-4.67280372	-4.804739464
	-4.737345587	-4.32892042	-3.568395489	-4.011822799	-3.842187378
	-2.532581746	-2.402014806	-2.827299376	-2.064348061	-1.985726496
	-1.17332303	0.9398080975	0.02553972137	0.5958957988	7.888449015
	-1.401178196	-1.023963232	0.1918164202	0.004380741209	-0.2640702866
	-2.129345429	-0.4465476594	0.2209119251	-0.02563804977	0.6021395563
	0.4080794971	1.46348253	4.189146889	1.130411659	1.153088782
	0.9339104511	0.9180077003	0.815674906	0.7396467748	0.5012154894
	0.8158554492	2.570510706	0.5740500776	0.1882256316	0.831049153
	0.3879310964	0.7895576818	0.525969117	-2.378490802	0.4091030007
	0.5065866712	0.1062811363	0.1105537649	0.001644217338	-0.2308315622
	-0.0612520117	-0.1755492144	-0.2120754543	0.02276844671	0.8024876575
	-0.01621274918	0.005431739571	0.2160472925	-2.390812629	-0.1041722681
	-0.4976810389	-0.3722296823	-0.1227445704	-0.2572530228	-0.4444207232
	-0.5532605519	-0.2715309235	0.6466817056	-1.667045193	-1.484959678
	-1.455264454	-1.86144312	-1.951298748	-2.108094699	-2.821588192
	-4.698945586	-2.420032087	-0.4679019198	-6.158580919	-1.635791426
	-3.812693727	-2.224786069	-4.930767235	-3.155972474	-3.328249398
	-2.949247769	-3.509711782	-3.867778475	-3.721475194	-4.252218462
	-4.648170138	-4.878770941	-4.816801332	-4.782145338	-5.014968373
	-4.929160813	-4.31199741	-4.598223852	-3.329711537	-5.013054689
	-4.459109426	-4.220909275	-4.005469342	-3.951327969	-3.984655225
	-3.378635543	-2.866941573	-3.620408164	-2.848436455	-2.389705636
	-1.681365757	-0.910958435	-2.048495651	-0.08240020965	0.5953484893
	6.498067768	-0.5820139258	0.9032128748	0.4124479206	-0.05526603235
	-0.901397164	-3.414671175	-0.6878835416	0.7408184042	0.3279013301
	0.6017016569	2.205592435	-5.85480556	11.30094684	1.416024488
	1.570877543	1.011586804	0.7832605978	0.5401400759	1.033020269
	0.9645022018	0.8255359576	1.192510279	0.6079852209	-0.9905794067
	0.518853764	0.5114743393	0.5909183747	0.07288017916	1.079517549
	0.8838544133	0.2920121981	0.3259749502	0.2536254396	-0.2298270459
	-0.0545268224	-0.04337125846	-0.1555945039	-0.1738142191	-0.1300100342
	-0.00281244813	-0.545064304	1.109777553	2.615401629	-0.003719050492
	4.310928484	1.930521005	0.2852488353	0.3555318672	0.9854456915
	-0.3495744643	-0.4551502289	-3.554182412	-0.8264518918	-1.423945427
	2.594776453	-1.052384753	-1.947838017	-1.690719767	-1.933443429
	-2.033112837	-0.673108903	-2.748184244	0.1050519433	-2.420943841
	-2.535618465	-2.19785007	-3.885010343	-3.24047663	-1.026266268
	-4.094724356	-2.635291993	-2.940352228	-3.61553633	-3.294946985
	-4.129990817	-4.35334591	-4.562782729	-4.729452262	-4.730426314
	-5.279813037	-4.774081182	-4.508098646	-4.670886299	-4.124780058
	-4.099470775	-4.444931896	-4.202655267	-4.23891024	-3.818232582
	-3.378205169	-2.920858296	-3.044024663	-2.507694513	-3.097315224
	-0.9732340397	-1.905214541	-1.180047112	-0.857596248	-0.5276648422
	-1.321165267	10.8524025	0.2059114477	0.5316183496	-3.021055032
	-0.1301787413	-1.521743707	-3.708423301	-1.03989745	0.1521714687
	0.3672963936	1.289744938	8.644153758	1.587081531	2.410716525
	1.179325446	1.245829665	1.002319375	0.7881600761	-1.176750306
	1.119513133	-0.2309647098	0.7316721694	0.4744298087	0.6101886541
	0.403827945	0.6650476592	-0.1202088144	-0.439291734	0.1573097951
	1.270145765	0.9871905108	-0.2914868129	0.1796420998	0.2671974363
	-0.2836890912	0.1809465275	-0.1470930282	-0.1492666731	-0.1789687204
	-0.1512038387	-0.3940930587	-1.1561418	-0.03495187536	1.928119334
	-1.021679606	2.137855453	-0.004059922508	-12.53834153	2.044052587
	-0.7375562313	-0.3163928833	-0.3966011152	0.3927472683	-0.7556310195
	-1.20876112	-2.901310014	-1.477670752	-1.801047133	-1.559754255
	-1.909897482	-2.105628173	-2.519797819	-3.885564204	2.370246065
	-2.995888015	-2.460637765	-5.696292756	-3.018685167	-2.420002972
	-5.65081541	-3.920911131	-3.642835727	-4.778856515	-4.747449026
	-4.002802929	-4.053857839	-4.213919528	-4.325178931	-4.622593455
	-4.747432267	-4.794999354	-4.546282029	-4.333420839	-4.485891257
	-3.787220404	-5.510959199	-5.425606774	-3.779532374	-4.057807178
	-3.938931459	-2.898364363	-4.002065838	-4.111684404	-2.065928304
	-6.599977718	-2.366132741	-2.012487698	-1.193545907	-0.5869524613
	-0.6174439634	-0.9770982299	-4.612554467	0.5285385926	0.227644543
	-0.6731723031	-0.1588210267	-1.669597673	-2.008445039	-0.825188921
	-0.4554910206	0.2939936699	0.9019751191	2.090485151	1.787938719
	0.715968021	1.124954497	0.6327002199	0.7626601638	1.074213094
	1.417978178	1.714325759	0.5475690864	1.279354818	-0.05904567186
	0.5625389397	0.1113465831	1.029045483	-0.1900822109	-2.87031151
	0.02298165603	3.299938165	2.849233064	0.4750158425	0.1288099152
	0.03219181999	1.084641301	-0.44368006	-0.04091697023	-0.211003812
	-0.1132185684	-0.07989852981	-0.1614916456	0.1654339829	-0.8610225917
	-0.7490877303	-6.753824476	8.102776846	15.31781818	8.11439627
	0.2324582133	0.3770668539	-0.2316062604	-0.8587950865	-1.035033786
	-0.862486797	-1.153134886	-1.255943382	-1.396212881	-1.653981315
	-1.742649882	-1.923720379	-2.099511379	-2.242569827	-2.185297671
	-3.318718168	-2.902084527	-2.945214041	-3.466479558	-1.039147118
	-4.262441575	-1.530023291	-1.051095589	-4.320335609	-3.127449816
	-1.977939229	-4.747290611	-4.20447239	-4.351139345	-4.365943672
	-4.638351276	-4.595780123	-4.563345826	-4.413922428	-4.257599125
	-4.607647626	-3.842936455	-4.39043632	-6.293056377	-2.199905907
	-3.555649457	-3.371087807	-3.301663233	-2.286674905	-4.798830011
	-8.520627107	-5.830040598	1.517029387	-1.655447357	-0.102519647
	-0.0356545432	0.4439089112	1.302961314	0.4090666326	0.7042635063
	0.009283132407	-0.1857364036	-2.092602454	-2.971038728	-1.863296973
	-0.6984858535	-0.8538369351	-0.0547008	0.7286510132	0.9448329088
	1.725151622	-0.5773429846	1.682086532	0.9459934116	0.7713487916
	0.9262526136	0.4949212945	0.3693387069	0.8588991137	-0.115314319
	0.1436445969	-0.01786768935	0.4892923295	0.4299761452	-0.01107311516
	0.4987474819	1.137278431	1.29107275	-11.43815785	-0.4640988819
	1.094281046	0.1087677754	-0.2543838075	-0.7340616037	0.5117995799
	-0.04242078422	-0.07039837651	0.02062856959	-0.08986757832	0.1732190945
	-0.4834646593	0.1437644025	-3.171647737	3.399302584	5.44730752
	-8.52646896	14.18783702	1.182398458	0.327543181	-1.185355151
	-1.448211336	-0.6248972214	-1.151731583	-1.003105447	-1.549285551
	-1.621686546	-1.834117631	-1.952620756	-2.13107611	-2.398060713
	-2.492290364	-2.033445995	-2.507634664	-2.586128359	-2.117012277
	-1.832845226	-8.440327697	-3.04755772	-2.785725386	-4.194118453
	-3.14381701	-3.630150759	-3.767880645	-3.776891939	-4.765326441
	-4.541807084	-4.503449309	-4.500303279	-4.359458617	-4.36767356
	-4.811223549	-4.533086376	-2.886798265	-1.154936304	-1.916844801
	-3.366306565	-3.729005606	-3.261087063	-3.723276092	-3.344659219
	-2.699507822	-3.443276468	-3.664663865	-7.520731635	-1.56950522
	1.029758595	0.9178432366	-3.552658375	1.297396921	-2.991688596
	1.543502443	0.2165997019	-0.4958430165	-4.524559844	-8.423970992
	-2.261090012	-0.5476535618	-0.4207486467	0.1214073933	0.6291236132
	0.7884190947	1.029134482	1.1101598	1.19060882	0.4393654147
	0.8689509439	0.8869664426	0.6168220691	0.824424064	0.9012543535
	1.25101197	0.4281195711	0.1553361781	0.459016893	0.4498352253
	0.4036680042	1.366550458	0.7235931054	0.06141575087	1.414786723
	-0.236783604	7.111450392	0.3638390538	0.2158080734	0.4804172633
	-0.3497123005	-0.08679210244	-0.02733017178	0.01502664137	0.001011628103
	0.07651823548	-0.2334021935	-0.1371873951	-0.4360025486	0.9282159495
	1.208551373	-3.346634085	0.6886305361	-1.701195907	0.6121528804
	0.01695633223	-0.5745338207	0.1861062789	-1.108793107	-1.230136556
	-1.407943997	-1.606686312	-1.756478825	-1.951155272	-2.067621185
	-2.090789394	-2.36300914	-2.716480495	-2.423572015	-2.877847786
	-3.140329218	-2.683774333	-3.702637156	-1.495998264	-3.83826546
	-2.010826347	-1.807172269	-4.046169994	-4.293655181	-4.954777014
	-4.520443992	-4.344171585	-4.37395374	-4.205221633	-4.144580649
	-4.304353837	-5.423636828	-3.787540706	-4.603670179	-3.786398895
	-6.620331762	-3.27724094	-3.869978128	-3.175107336	-3.281168951
	-2.71641322	-2.976379353	-2.518265544	-2.048638431	-3.075055347
	-1.685206003	1.355541754	-0.7732476171	-2.640226065	3.550728332
	1.973276506	0.8062512819	-0.4521076059	-0.5183139731	-1.392638018
	-6.774612569	-4.753424277	-0.299333161	0.09613282323	0.5104006209
	0.6425486516	0.5768952066	0.8632153324	0.9053035853	0.3917832459
	0.8627160842	0.9688155866	0.8438082873	0.674080255	0.9775125501
	0.988670805	0.5946240898	0.5659044578	-0.3234079143	0.4317329447
	0.09503960815	-1.642551075	0.9017656575	-0.7302665606	2.653654168
	0.1995172339	2.597724722	0.09463760549	0.8279111819	-0.2119972847
	0.0164842317	-0.6218614721	-0.10930829	0.02594862937	0.08967219511
	0.04972903802	0.03933804311	-0.05296652628	0.03881635017	0.1434350625
	0.4866615288	0.5142362467	-0.7106841696	0.5219725585	2.743940958
	-0.1054139516	-0.6201342633	-0.7023744893	-0.8813832141	-0.7215889094
	-1.396305022	-1.403893512	-1.638622023	-1.736421214	-1.819489056
	-2.058891475	-2.176355255	-2.254219296	-2.540120038	-2.706223741
	-2.75753192	-3.29994568	-2.960851003	-2.680842245	-1.791106046
	-2.637979159	-2.258689367	-2.682999936	-1.852306616	-5.66335811
	-2.366661641	-4.348155878	-4.20359572	-4.532740152	-3.839818688
	-4.409032796	-3.855632919	-5.903112059	-4.373961995	-4.060836948
	-3.635686887	-3.69733083	-2.913034519	-3.236857918	-3.291263085
	-3.18460336	-2.94418092	-3.05565907	-2.777756396	-2.540284134
	-2.981634969	-0.3630590945	-1.763676513	-1.41101834	-0.684514246
	1.363080518	0.5432878516	3.96495205	-2.183188241	1.535281602
	-0.09217366531	-1.172103737	-1.630234628	-0.06052856076	-0.1411227171
	1.674492055	0.5985697372	0.4400057382	0.6163164073	1.04244891
	0.03108578405	0.8532099941	0.9602706774	0.7736377736	0.8810364078
	0.9351857473	1.188916808	1.377107257	0.01691900739	0.3616483033
	0.272855516	0.1190055993	0.5611512963	-0.02602670758	0.2818098527
	2.608208672	-3.030931237	1.57190329	-2.297993071	-0.1114850826
	-0.5229243991	1.074155781	-0.6556421915	-0.4103635639	0.05922636039
	0.1785494184	0.09879225619	-0.02493418147	-1.170163833	-0.03663517486
	0.1753846525	0.226115732	0.3650820632	0.1728884639	0.3694929462
	3.336989812	0.5089131495	-0.5618978695	-0.2272774002	-0.9083601748
	-0.7602238147	-1.278833082	-1.302193928	-1.380141984	-1.70527267
	-1.828996322	-2.018509244	-2.193154825	-2.447989389	-2.211219497
	-2.542963884	-2.964391369	-2.713407145	-3.159632309	-3.477450536
	-2.990872989	-2.587280777	-2.92280981	-9.319990273	-2.619841251
	-5.404808158	-3.638295678	-4.33763242	-4.511739109	-4.45839222
	-4.56710082	-4.944925106	-4.771095887	-4.593174456	-4.176324461
	-3.899168509	-3.758431061	-2.953713247	-2.996545862	-3.516783948
	-3.329674175	-3.381578353	-2.977427208	-2.831183801	-2.725239734
	-2.721593304	-1.626330564	1.73653834	-1.619838625	-1.148341448
	-0.7411069316	-0.4982377039	-0.0233474645	0.9295043648	2.660558244
	-0.3107089036	-0.2645302374	-1.5390269	-0.5032714556	0.1726921591
	0.6607895413	0.6714156574	-0.2484097056	1.050253433	0.2267803279
	0.8720665746	0.7101516824	0.895217812	0.9315684757	0.9544982585
	0.9434707202	1.2078449	2.305122386	1.694447728	0.4103353971
	1.603329302	0.3647225381	1.131801321	0.7775684931	-0.6379407699
	1.868113934	-5.610474777	1.185121414	0.3811809623	3.826486026
	-0.3125288911	1.352378149	-0.3514064257	0.05074576444	-0.04282452273
	0.03521772222	0.199563687	0.09388572163	-0.5404532634	3.13642077
	0.2609574447	0.2605016276	0.1063000947	0.2223820456	0.264148671
	0.1007667764	-0.4757169122	-0.4336496246	0.5896879842	-0.4061797807
	-0.6662252723	-0.9456693912	-1.233389661	-1.363264723	-1.472273848
	-1.751814349	-1.961288586	-2.06203274	-2.182730408	-2.386431525
	-2.498456009	-2.633259284	-2.809402285	-2.890323228	-3.194350581
	-3.121866199	-3.21653979	-3.940065982	-2.696000653	0.5310123662
	-2.588644348	-6.02529127	-4.151927214	-4.190262575	-3.984661148
	-4.43969857	-4.252655843	-3.504829895	-4.270613259	-4.052628551
	-4.048481465	-3.733151016	-3.701222316	-3.452554645	-3.347606559
	-3.322924176	-3.137972388	-3.046864766	-2.823947567	-2.70577711
	-2.414484256	-0.6835791248	-1.79912482	-2.223665347	-1.647047095
	-1.063798649	-0.8251426182	-0.5817995757	-0.3302608637	-0.241739939
	-2.061043209	-1.038696426	-0.1742575215	1.315136473	-0.9525617168
	-0.2602493074	0.3391284118	0.6394463005	0.02854329318	0.7873839975
	0.910677426	0.8773088113	0.8786184518	0.8983006763	0.9057791566
	0.6418020452	1.153430892	2.283969696	1.377096312	0.6516726236
	0.4605496961	2.488464172	-0.08972484885	0.6856919645	-6.267829678
	0.8310260906	0.3537883483	-0.2285610776	0.3393418312	0.3779959309
	0.998466248	-2.44722106	0.7445972419	-0.07671856111	-0.0261704718
	0.6368134682	0.2002089595	0.8521687104	-0.1891353649	7.459446548
	-5.784179535	-0.214345168	0.5670428492	0.2060435131	0.253457569
	0.1647316621	0.071701711	-2.542543901	0.7744069552	-0.1947690926
	-0.8078785587	-0.5069065771	-1.123358364	-1.324054144	-1.411705152
	-1.480350759	-1.636541126	-1.869853116	-2.036044978	-2.200553433
	-2.439973899	-2.489961123	-2.566535541	-2.587297393	-3.099761144
	-3.069219222	-3.130999794	-3.150498708	-3.138207171	-3.965102555
	-2.936640666	-3.42264049	-4.820091747	-4.376039727	-4.269604427
	-3.992038583	-4.253158503	-4.290579669	-3.774057007	-3.917552386
	-3.791956286	-4.071077595	-3.542924168	-3.876238958	-3.4792156
	-3.310778372	-3.160072824	-3.076483043	-2.701204194	-2.602552248
	-2.668651563	-2.484476093	-2.084992359	-1.919097861	-2.290724291
	-1.505390365	-0.5126950842	-1.275910625	-0.6221203853	-0.9201069912
	-0.2549512718	-0.5079713069	0.2412195852	-0.3940754121	-0.2132832474
	-5.287698476	0.7010257677	-0.9605905819	0.731646445	0.03596134396
	1.298514512	-0.02626755253	0.6921986721	0.7565990391	0.7573233365
	0.9786143015	1.118482788	1.476337841	0.4441218937	0.2219377946
	0.1003383993	-0.097597339	2.064452991	-0.7654083428	0.2639129339
	2.370081506	0.391972566	-2.130317948	0.3576721603	-1.586344703
	1.309108497	0.3768105988	0.5635481505	0.4421576087	0.0600616889
	-0.2775894597	0.1587048915	0.1787524148	1.063658697	-3.709624348
	8.641462253	2.537425995	1.233271155	1.70941527	-0.6211584105
	0.4809224438	0.166654587	-0.03314201908	-0.03892919524	0.3237812954
	-0.3434554449	-0.3702423333	-0.7101045354	-0.8941998874	-0.7286411604
	-1.394509858	-1.392181815	-1.619500214	-1.804353473	-2.025443529
	-2.214273174	-2.650122512	-2.593034023	-2.482505638	-2.805389448
	-2.638483729	-3.666817397	-3.187814945	-3.489774412	-3.426848978
	-3.702340249	-1.640615485	-3.039839297	-2.019148356	-5.195503535
	-4.13140427	-3.758079703	-4.302418958	-3.958320508	-3.875966041
	-3.915759273	-4.073317171	-3.944365208	-3.889056032	-3.710926295
	-3.443688928	-3.344227841	-3.054397508	-2.976765313	-3.090835355
	-2.854322793	-2.532831213	-2.264439869	-2.111698706	-1.671797257
	-1.368715211	-1.392976734	-1.223923986	-1.039579386	-0.764551405
	-0.6429178507	-0.356352657	0.0360460743	1.453964056	-0.4969543096
	0.4751450571	-3.556175766	5.467969418	0.09944832825	0.7806948033
	0.5207968773	3.583334378	0.891836939	0.6435192435	0.7699604068
	0.7774338416	0.9635935897	1.033357915	0.3783581963	1.990166137
	0.5430855954	9.432078697	-0.06420773639	0.09665853611	-1.493243701
	0.3487277376	-0.05614296484	-0.6179731132	-6.477579115	0.6182738763
	0.9046724628	1.106725504	0.384273207	0.01452996123	0.6460634972
	-0.7307319285	-0.6205942942	0.6301941345	-0.8008862616	0.4507598594
	-0.7739284425	4.249573606	-27.70965398	3.726115273	-1.178892224
	1.207063541	0.4736306334	0.3575928683	0.02376261928	-0.03836001634
	-0.07043964983	-0.7091181016	-0.1564435469	-0.6505370322	-1.5389531
	-1.84604946	-1.683473251	-1.596481007	-1.799345658	-1.871388122
	-2.063869716	-2.347134877	-2.465679656	-2.508639761	-2.697504607
	-2.840122327	-2.874163989	-3.134889685	-3.241280339	-3.056227286
	-3.49640297	-4.357497728	-3.25210972	-2.103014685	-19.27832504
	-2.304169066	-4.830771747	-4.026928282	-4.174513298	-3.752347962
	-3.82926059	-3.796313561	-4.083658118	-4.016803189	-3.575836585
	-3.545831277	-3.035569955	-3.18112542	-2.958844675	-2.628571535
	-3.114025995	-2.687778457	-2.459443631	-2.108889496	-2.112049014
	-2.176256816	-1.546899922	-1.578145143	-1.233745022	-1.091182157
	-0.2258961996	-0.3950715651	-0.1774666864	0.09649581731	-0.8299867054
	0.3097190391	0.08922862327	1.088986775	17.07456295	-3.465946628
	0.3638519216	0.278410529	-2.518662324	0.8316399711	0.6124478574
	0.9756182002	0.9285079905	0.9439385953	1.239939457	1.410467034
	1.420560479	-1.240954094	0.045097808	-0.05559696936	-0.0157107064
	-0.3932121173	-0.05162471316	-0.1170629497	0.2341648808	0.5464160279
	0.429252715	0.8089236782	-0.5300147974	0.875495265	-0.9415351266
	1.594510082	-1.859859932	-0.1920128487	1.3318401	0.6378255697
	0.7535087382	3.541648012	0.06782183056	0.7641647064	-3.159278209
	1.694909458	-5.307266457	0.04592463599	-0.8219101587	0.08412572157
	-0.1153147936	0.2747273932	-0.6015136257	-0.5236224773	-0.6498891718
	-1.032889427	-0.5522626028	-1.820660785	-1.505489741	-1.665993675
	-1.844678605	-2.029110112	-2.041007061	-2.516237985	-2.362458596
	-2.668421674	-2.929088027	-2.7416162	-3.103714301	-3.227467719
	-3.194738017	-3.349927526	-3.847124555	-2.669396243	-3.745801081
	-4.076916101	-4.707974797	3.864623373	-4.366435212	-3.917288799
	-4.078816838	-4.123510316	-4.070277232	-3.173177921	-3.600270107
	-3.880380901	-3.518123068	-2.626190984	-3.24218882	-2.521774062
	-2.366665212	-3.347329075	-2.379543361	-2.131207185	-2.4824129
	-1.993587662	-1.803447317	-1.60663899	-1.441250838	-1.776004771
	-1.096173584	-0.6999056592	-1.157557975	0.01443017624	-0.9124537369
	0.2033139055	-0.120214053	-3.270826651	-0.9173727391	-6.617253966
	-0.09906531903	-0.2872600716	2.950535534	0.5141428597	1.985235853
	-0.2961344835	1.066174763	0.8697517699	0.7123548136	1.363141559
	1.047594773	1.913002314	1.394160698	0.8598008914	-0.07727306693
	-0.06062934403	-0.07326809739	-0.06311662585	-1.517478145	-0.1399201095
	-0.3603312932	-0.2659719761	-0.07848043811	0.5582571561	0.2650012803
	1.249078135	-7.304375837	0.306531455	2.96714682	-0.4812458113
	0.3479082283	5.50024591	1.270151637	3.020472441	2.598017805
	-1.108673297	3.259720948	7.673030217	7.646833796	0.6091829096
	0.006811559264	0.3290508915	1.495343688	-0.5460217648	0.01781636422
	-1.061102639	-1.841572908	-0.8693724168	-1.145967154	-1.252420418
	-1.578339269	-1.823643675	-2.015732802	-2.092820122	-2.391403689
	-2.300374682	-2.660833041	-2.855116047	-2.932860569	-3.278323394
	-3.102377942	-3.23615124	-3.371854466	-3.854815119	-4.291334383
	-4.049454412	-4.291524106	-4.804165498	-4.333050568	-3.723978667
	-2.986225887	-3.930714108	-3.772345324	-3.474543753	-4.365935985
	-3.071924108	-3.462569018	-2.956443682	-3.554964562	-3.551776048
	-1.627855044	-1.901435699	-2.875613322	-2.558251982	-2.073558053
	-2.469417001	-2.169955525	-1.415779946	-1.669926897	-1.265580485
	-1.227329481	-1.289225787	-0.4203016424	1.229993408	-0.6374591508
	0.004149370653	-0.4434186291	1.027493423	0.5676014736	1.746579304
	-1.761534524	5.960032695	2.681492845	2.86348897	3.136267144
	1.765431826	0.9877838484	1.241448423	0.6172607932	0.8926572718
	0.8776691835	0.8612712615	-3.382239929	1.123203258	6.247870593
	-0.2124233713	0.007961673175	-0.0531269663	-0.3697892957	-0.1552565174
	-0.3071212791	-0.4734115051	-0.2938073141	-0.04616394063	1.914937657
	9.176320571	1.074510269	-0.06006228662	-0.7241029425	-12.80786345
	5.154593269	0.2352109177	2.801269404	1.258732157	1.92102808
	-1.382078989	2.476966842	3.269123324	0.5577391592	1.194646841
	-0.05023668331	-0.009174458948	0.2118530154	-0.2195228925	-0.2932050564
	-0.2075800339	-0.8229536486	-1.126816099	-1.090132464	-0.9332700878
	-1.362175622	-1.601306708	-1.756684819	-2.109777798	-2.134661191
	-2.409081751	-2.415087686	-2.587427746	-2.800888764	-3.463237638
	-3.701969072	-3.005180883	-3.232025608	-3.326981634	-3.453339154
	-3.898842949	-3.875142402	-4.111843193	-4.172701259	-3.614659638
	-4.524777694	-4.231094612	-4.009998713	-3.559613606	-4.49052955
	-2.860400877	-3.338390419	-3.297882702	-3.417064008	-3.16859795
	-1.734602093	-1.085318204	-3.034636219	-2.837312917	-2.214122914
	-2.313220009	-2.436231357	-2.125562263	-1.369283535	-1.896784826
	-1.685100795	-1.255336544	0.7989508713	-2.128400774	-0.7088860836
	-0.5299108096	2.553059869	-1.648142697	-1.396851627	-0.6420169614
	0.5277342238	0.2659228083	3.583232407	1.418152404	-3.000711845
	0.1291146892	0.9332266281	0.8041865759	0.6909828162	0.847356513
	1.10484109	1.22102464	0.7839239949	11.72127045	0.6088257654
	-1.154468052	-0.3425554657	0.488116862	-0.1763494499	0.1423620419
	1.608753759	-0.2197858458	-0.53550116	-0.2494283945	0.06955102308
	-2.014974991	2.36139601	-0.2098172364	0.5800254834	-0.9399838781
	-17.88765544	-0.6993269053	0.4369855084	-4.983650682	2.347878854
	-4.204952915	18.47711964	0.5719008675	1.239182164	-3.393853837
	1.660192468	1.383033834	0.397378879	0.08296861867	-0.02244658966
	-0.1955889363	-0.2812838041	-0.7402234446	-0.8888900043	-1.157397115
	-1.130460192	-1.73777072	-1.54759428	-1.673242479	-1.889752818
	-2.118025233	-2.586077222	-2.444073053	-2.660385848	-2.801148257
	-3.070602841	-2.754765576	-2.41350569	-3.197973162	-3.374579994
	-3.56106829	-3.391702218	-3.734229996	-3.858777325	-3.847010922
	-4.158711437	-3.128406365	-4.509420869	-3.706680464	-3.650872362
	-3.739125586	-2.051153237	-3.592207379	-3.215879852	-3.100331695
	-3.290020087	-2.165761442	-1.268375296	-3.654839197	-2.281085738
	-2.278858423	-2.449890361	-2.557188154	-2.103179001	-1.672922388
	-1.774365845	-1.637640597	-1.354278815	-1.106866892	-1.161919858
	-0.4498381887	-0.4095606484	-1.146473743	-1.149216563	0.1296267558
	0.0330047449	0.3006799444	0.4412130629	0.7411262939	-0.7748715758
	-1.469391366	1.03728438	-1.190436755	0.9189175752	0.5372664728
	0.9819378664	1.167177723	1.305301105	1.961491119	0.5833538422
	1.180668984	2.207524406	-1.670491615	0.2919682297	0.05512507158
	0.356746655	-2.789831613	-1.282024895	-0.4615298059	-0.2655075886
	-0.1149501757	-0.5672177818	-0.2694019098	-1.199371697	-0.4519916779
	-3.115850328	0.8319519733	-0.3639124339	4.53166715	0.2141382068
	1.599600609	1.735339591	1.904118061	0.1900300953	-0.5541013544
	-0.4081446081	1.247994872	-0.1709805613	0.4740424261	0.1684272496
	0.535387947	-0.3236157616	-0.5487834071	-0.595483603	-0.7857049204
	-1.225513276	-0.2021611521	-1.942191296	-1.631729748	-1.767305556
	-2.109747288	-1.990358786	-2.376286928	-2.324688336	-2.681883617
	-2.78518056	-2.947931815	-2.714472835	-2.331801024	-3.169465136
	-3.286819707	-3.823275892	-3.607716977	-3.570238255	-3.863731285
	-3.86614572	-5.130734056	-4.851576084	-3.500414604	-3.649902054
	-3.677807861	-4.151455479	-2.979512572	-3.940471725	-3.438856459
	-3.147433097	-3.456514138	-2.189524599	-3.553710133	-0.5380560411
	-2.245897654	-2.218206871	-2.197135773	-2.084551771	-1.941369749
	-1.76237882	-1.693749764	-1.543558795	-1.306675302	-0.8445522219
	-0.9904208182	-0.5468796047	-0.08759041668	-0.5887075672	-0.4922571742
	-0.05047659687	-0.08084324198	0.03959016424	0.4196928705	-0.8201569131
	-0.8235854266	2.216559927	1.135430146	1.284780399	1.026737626
	0.9256152023	0.9818560627	0.8586138093	0.9116843866	1.443203616
	-0.838498722	-0.9186611327	1.544539586	-0.0773996162	0.3838493605
	1.074743337	0.1130634036	2.078887664	3.04615619	-0.6485370928
	-0.5157358568	0.5703108869	-0.2645538891	-0.06271748446	-0.2757532788
	-0.2157520982	0.05027090261	0.8795932154	0.8868971137	1.199515272
	1.197561499	7.630927161	0.6750850091	-0.1413772819	1.911174074
	0.9988271788	0.7599600172	1.192697256	-0.6585200981	0.5044100731
	0.2341999873	0.7789887968	-0.1952318639	-0.4799793966	-0.9938002397
	-0.265608858	-1.881615142	-0.5783881978	-1.204528726	-1.897949579
	-1.766557884	-1.990391141	-2.044538189	-2.278650893	-2.383557669
	-2.700421082	-2.773323644	-2.912935315	-3.106368251	-4.297999318
	-3.229772096	-3.289229778	-3.466153294	-3.532762093	-2.640300707
	-3.940179065	-3.721653834	-4.259479443	-3.425686817	-3.677820999
	-3.785389455	-3.741865793	-3.506541052	-3.361884061	-3.397415534
	-2.729433412	-3.041233975	-2.620417267	-0.1137749544	-3.292652588
	-2.195407471	-2.74847521	-2.341687354	-2.731001422	-2.110049668
	-2.108089662	-1.689756248	-1.595575871	-1.526766243	-1.353252523
	-1.0010025	-1.030777087	-1.415717156	-0.9244995067	-0.9094623013
	-0.7071807996	-0.3026407371	-0.1274472266	0.3302577866	0.5631095469
	0.4749672829	-0.4135606186	2.970641007	1.11128347	0.9726128702
	0.7729811522	0.1625866922	1.252649385	1.168169498	0.6117555701
	1.090762434	2.686271635	1.323700726	1.707397371	0.07755192867
	1.218725942	-0.2905860713	1.093061741	2.224707967	-3.552579564
	-3.939464216	0.4335070704	-0.5543054564	-0.2072467302	-0.2080299151
	-0.2829694825	-0.3064573383	-0.5373538534	-0.2150536916	0.8713084335
	0.2271640389	1.122786039	0.7530402622	0.6078808561	1.538966077
	-0.2171053079	1.499410166	2.926597857	4.381171209	6.097858782
	-0.1521107887	0.3006385118	0.2887477175	-0.1700773541	0.1105089026
	-0.7594069867	-0.7313995224	-1.6087847	-1.178429415	-1.339700508
	-1.669615576	-1.632045124	-1.899940299	-2.074921582	-2.277247294
	-2.437236623	-2.681235971	-2.727553745	-2.844648059	-2.973506349
	-3.41371153	-2.771261916	-3.775898433	-3.609371036	-3.687847611
	-4.048584998	-4.916334986	-3.563221666	-4.206833517	-3.84061457
	-3.884876835	-3.703985039	-3.269460501	-3.657552117	-3.427466063
	-3.486628152	-3.112452322	-2.927579178	-3.129581043	-2.788497217
	-2.547673643	-1.69678424	-2.770061262	-2.186491764	-2.632923951
	-2.668864545	-3.51604498	-1.864690496	-1.734481085	-1.573972348
	-1.394088172	-0.9543250363	-0.4934074732	-1.007085942	-1.44724917
	-1.688596687	-0.4852128944	0.1710313271	-0.03046004907	0.7284868637
	0.6135514925	2.854597432	0.362516155	1.407963518	0.8308141084
	0.8605516827	0.7416013292	0.778508639	2.643917989	1.681709595
	1.17797457	0.6910565692	1.973535703	1.087445223	0.3357368866
	-1.549211624	0.2605976705	-0.4002550219	1.432990982	-23.61952507
	-10.11540363	1.202884187	-1.694054407	-0.7819175128	-0.268591497
	-0.2197211305	-0.2504333297	0.1086832564	-0.7638172194	-0.475627637
	0.5381540907	0.04624058604	-3.088263832	0.9314809211	1.755141596
	1.646430455	-4.536365741	2.846992549	-3.828885509	-1.396510612
	1.22937122	-0.6701014587	0.6869690064	-0.1504891452	-0.3564478571
	-0.2001017968	-0.8390247109	-0.6474828432	-0.1258639719	-0.3909067257
	-1.323267378	-1.4941143	-1.378654573	-1.908055761	-2.102691884
	-2.317102285	-2.448915663	-2.671582067	-2.645544825	-2.810485721
	-2.887210119	-1.84954266	-3.946922157	-3.613743703	-3.621063095
	-3.83780371	-4.678299041	-5.380293082	-4.098670078	-4.07678972
	-3.87795072	-4.051074098	-3.599896642	-3.944138528	-3.701612568
	-3.40782814	-3.416601124	-3.080739284	-3.16565517	-3.006110327
	-1.661907794	-2.91256789	-2.207094347	-2.490908943	-2.321529317
	-2.501726421	-1.84028055	-2.284570208	-1.708494297	-1.929122151
	-1.607545663	-1.438322531	-0.8030091769	-1.272909324	-0.9644062009
	-0.9426280851	-3.198659967	-0.3921447052	0.257459396	0.07928833073
	0.5079896202	0.4535988669	1.490508667	-0.2073309453	0.8869422921
	0.7584116493	0.8721584848	0.6825265413	0.8802488114	-0.417265438
	0.3625571429	0.00951774969	0.9067415122	1.929957019	1.585625902
	2.036890659	