3131	
	0.1122958365	0.1135781667	0.1169333161	0.1237114264	0.1376336816
	0.1707039341	0.1992469986	0.2037555667	0.1797217222	0.1477340532
	0.1428685633	0.1337340328	0.06768871781	-0.0200940384	-0.2093394493
	-0.1486310568	-0.0535725639	-1.192425697	-0.3365234459	0.02244763754
	-0.1096987761	0.05960794496	-0.4428002329	-0.1273152775	-0.06372423414
	-0.07848753637	-0.124378114	-0.1242421988	-0.2119281107	-0.2244200365
	-0.02770928584	0.04238713584	0.4303818747	-0.07546221638	-0.2003911511
	-0.4534026427	1.855627899	0.2170503636	1.032212188	-0.3617151939
	0.01343494824	0.2313584903	0.6831827381	0.0442862066	0.6923327648
	0.9288819082	-0.2074229241	1.002394001	0.2777062149	0.6481492211
	-0.4862385206	-0.06924741919	0.1920785435	-0.07854856084	0.4822221884
	-0.1336470829	-0.3955086799	-0.3166845994	0.2672877315	0.1494489659
	9.033059921	0.02738279748	-0.1909026183	-0.1317627434	-0.0968082074
	-0.1030648824	-0.09759903533	-0.1953989546	-0.1579327067	-0.1484884019
	-0.1242342146	-0.1107580262	-0.08968451412	-0.09770552322	-0.1025819886
	-0.04491573889	0.2855830428	0.9595638218	0.1099377197	-0.08335116097
	0.06856239641	0.4184828494	1.076993226	1.489291104	0.1577718466
	0.5812098207	-0.1653430208	0.004064339942	0.2114447261	0.3056881312
	0.2643332513	0.2152437512	0.2180043578	0.2892563041	-0.3126106269
	0.06268859506	0.5089623884	0.366673459	0.09467182739	0.04525657903
	0.7916818639	0.1115660972	0.11297196	0.1163983134	0.1230325442
	0.13597063	0.1654717412	0.1988515389	0.2021915542	0.1757115452
	0.1486204953	0.1548111588	0.158635558	0.07531806438	0.01753884792
	-0.07408582185	-0.1723171739	-0.3452249992	-0.3930244596	-0.2743266271
	-0.01150723311	-0.04465832517	0.2334617775	-0.04520332171	-0.08039607479
	-0.05240739684	-0.08033388609	-0.1477810415	-0.1200092386	-0.1750229982
	-0.1364129743	-0.05333847373	-0.1348923766	-0.06790108882	-0.3463158493
	-0.2902752857	-0.2250412905	0.330193179	0.1230522457	0.9326741356
	-0.5617224285	-0.02989527773	0.166173885	0.193352103	0.02266090817
	0.2462131199	0.4799328744	-0.1053682474	-0.4330928257	-1.516914965
	0.0625767223	-0.3743874977	-0.08673083044	-0.04523944359	-0.1950908872
	-0.3342060905	0.2389324616	-0.3539981486	-0.0395043333	0.7332703719
	-0.7699659383	-8.626825394	-0.1220970419	-0.4126364597	-0.2089705679
	-0.1079971141	-0.1021786021	-0.08887568765	-0.2733640423	-0.1568848588
	-0.1393737848	-0.1186074957	-0.1075616351	-0.09214467288	-0.1110687713
	-0.09450432843	-0.005961619245	0.4738868306	0.806570459	0.08950427736
	-0.04189783677	-0.003308966361	0.3887981054	0.9559014876	1.361010528
	0.0701415723	0.8111780471	0.1430963915	0.029003937	0.2076695872
	0.2869034626	0.2527475861	0.2106782422	0.1885428149	0.2194206186
	-0.2526899889	0.03842286837	0.4455089537	0.3445440868	0.1169811849
	0.08133400101	0.3318484117	0.1096198152	0.1111477136	0.1146717055
	0.1207380614	0.1319681698	0.1537702983	0.1848542825	0.1901843191
	0.1626648729	0.1493900062	0.1789020191	0.2496389462	0.09166487096
	0.04754865576	0.08103251885	-0.1292671193	-0.2536709231	-2.540495187
	-0.1338438325	-0.06105894557	-0.0734620334	0.05363493173	0.03244593596
	-0.03274524501	-0.02627361815	-0.03872326891	-0.190671203	-0.1289570708
	-0.2107833805	0.008487810374	-0.0743307522	-0.3532722221	-0.2418786818
	-1.364568533	-0.1465175198	-0.1049570781	0.1053298161	0.2655951894
	0.3162785843	0.7407430199	-0.8027172072	0.7090900893	-0.0965436439
	1.3554481	0.2273912843	0.1053416843	-0.05734804624	-0.4217034695
	-0.279939285	-0.3337444854	-0.2750601973	-0.09689230996	-0.2784306798
	-0.1926392481	-0.1830377781	1.96770297	-0.4463619467	-0.2092231897
	-0.2180476501	-1.757085277	4.810449233	0.4279767481	-0.1018863748
	0.07030210092	-0.1011626343	-0.105717137	-0.1732722099	-0.8485320799
	-0.1753235283	-0.121687896	-0.1034690643	-0.09419924118	-0.1088970572
	-0.1828222395	-0.07024286356	0.07323347401	0.9022052474	-1.524238991
	-0.473070138	-0.02021243011	0.03966198409	0.3124697529	0.7505688447
	1.088133672	-0.01680153357	0.531044504	0.5160469256	0.1179613152
	0.2425062274	0.2776278195	0.2348950528	0.2018225281	0.1615499812
	0.1347933607	-0.08283165908	0.03453084988	0.3002327722	0.2376945905
	-0.007192703594	0.01779304696	0.2846633154	0.106976092	0.1083520055
	0.1117569036	0.1169709565	0.1262702273	0.140883724	0.1602405891
	0.1641081682	0.1493933565	0.1467779622	0.1587253777	0.298383515
	0.09789558658	0.03811842858	0.02300743542	-0.1429209434	-0.2831994251
	-0.3854794659	-0.4350242854	-0.1903786791	-0.149897769	-0.04148274041
	-0.02552747615	-0.02103881896	-0.008693210982	0.02181214498	0.01477248549
	-0.1241359988	-0.4978575284	0.1569296708	0.0009707484048	-0.2051289942
	-0.433539203	-2.433366266	-1.576182348	-0.0416971609	0.0001538238502
	0.07554915695	-0.01837110704	1.532352961	0.03107362618	1.071515529
	0.5298938214	0.4812307382	0.2205694545	-0.04171593516	0.04095473423
	-0.1966888758	-0.2081598628	-0.2816493611	-0.2644204098	0.04809861596
	-0.4076567745	-0.1971160571	-0.2461349707	-0.1840765441	-0.2507255278
	-0.2958460445	-0.2472710731	-0.41841613	1.426937394	2.988398164
	0.1383472832	0.5983849994	-0.07902484753	-0.1008457249	-0.1221641799
	-0.2468787652	-0.1039323935	-0.09851713003	-0.08571975263	-0.07625220669
	-0.0953291127	-0.3910183877	-0.08889751679	0.04603629782	0.2461398544
	-0.1324011762	-0.3698064485	0.01048751381	0.02730759161	0.2280220215
	0.5266637763	0.8731142001	0.3171011173	0.4189942575	0.9593877778
	0.1851108876	0.2246009795	0.2662279597	0.2225115677	0.1880991686
	0.139329416	0.08895562133	-0.03545059461	-0.01078377054	0.1411861165
	0.04547683456	-0.1390808139	-2.329988882	0.08967521324	0.1035962944
	0.1047079424	0.1076311682	0.1121924644	0.1200162439	0.1309837909
	0.1426240181	0.1428612965	0.13844971	0.1437226765	0.1442686735
	0.2836940711	0.09452003328	0.03166188477	-0.008339653543	-0.1628139743
	-0.4390787283	-0.2735306586	-0.2724344423	-0.1880769329	-0.151478985
	-0.07662358162	-0.05803472617	-0.009826038972	-0.00143212911	0.01050913026
	0.019744663	-0.0500479209	-0.1674165203	-0.02686155997	-0.134393225
	0.1038809035	-0.2920053141	-3.031547032	-1.823972953	0.2078591046
	-0.05564313383	-0.09875892981	-0.04599853161	0.7605306826	0.02833909091
	0.3738138132	0.1586278503	0.3091250694	0.1115000071	0.07678494833
	0.2938524924	-0.1222031037	-0.1695206444	-0.3434361991	-0.3319223839
	0.1582261544	-0.2183626425	-0.1988317303	-0.4009844335	-0.3023453477
	-0.2808325668	-0.6378685062	-0.3632464612	-0.2234556154	-0.0433938912
	0.3215959772	-0.04051248777	0.4523212756	-0.02509126567	-0.07687839653
	-0.08818977225	-0.1282155195	-0.08837773108	-0.08092807666	-0.06863790058
	-0.05137678197	-0.01053640366	-0.0126318621	-0.03712023193	0.02929641913
	0.08361946999	-0.05195961615	-0.1147475107	-0.05553615093	0.003754950049
	0.1043823634	0.4152822325	0.7203813863	0.6090968656	0.5059225482
	0.4305327205	-0.311482318	0.1247911124	0.2411148777	0.2153833337
	0.171016831	0.1179140012	0.05346141578	-0.05781917451	-0.1100855303
	0.03097221833	-0.2512365082	-0.04593716697	-0.3394440623	0.1080469591
	0.09882455201	0.09976363492	0.1022836968	0.1065882455	0.1138421317
	0.1249950017	0.1375941051	0.1316761706	0.1260515937	0.12708997
	0.1300728525	0.2130579592	0.08759079879	0.0294163547	0.001053848111
	-0.04104459806	-0.1932424138	-0.2614269316	-0.605921561	-0.2070374464
	-0.1306544811	-0.06089748308	-0.01337016137	0.02716782386	0.009745312408
	0.004386691834	0.006148359014	0.009277009248	0.06290733885	-0.01519561417
	-0.4474011629	-0.09236567125	-0.2398102678	-0.8422447824	0.2732183402
	4.016192551	-0.2951877152	-0.1220604517	-0.2719174635	0.1444723787
	0.06749024981	0.2741411252	0.1616549687	0.1806655263	0.04675904569
	-0.01676976002	0.05377418808	-0.1151055867	-0.2548106728	-0.5352610541
	-0.2594852181	0.008628851821	-0.0845097507	-0.1390980033	0.3133105176
	-0.3023716318	-0.4744046724	-0.3515465093	-0.1401889708	-0.2353068669
	-0.1091975937	0.05685281429	-0.01379309659	0.1405732281	0.01115987722
	-0.03244316501	-0.05733206365	-0.08079962013	-0.07104907435	-0.06420465597
	-0.05408441534	-0.03568238502	-0.001268987217	0.03872190245	0.01010116525
	0.01818292211	0.03126676915	-0.0368747276	-0.1428542111	-0.2975235987
	-0.00477651094	0.195749269	0.36270749	0.5606241632	0.6832507374
	0.5865216488	0.4532673078	0.5739824645	0.3417755225	0.2601192772
	0.2100787995	0.1594394756	0.1026870139	0.03109158091	-0.09111895886
	-0.3537485814	-0.004122984273	-0.8379995759	0.1756310835	-1.290034377
	-0.1988127694	0.0927864314	0.09361511672	0.09599059805	0.1003087184
	0.1078924227	0.1255626996	0.1513686692	0.1266612669	0.1144266851
	0.1102172422	0.1113216405	0.1442399464	0.07287217614	0.02580278223
	0.0009686698499	-0.007304893539	-0.07664732852	-0.1809848463	-0.2560651099
	-0.1741324349	-0.1012753346	-0.03039619818	0.04293717889	0.08604515164
	0.02408804849	0.002663475192	0.001815440708	0.02968927384	0.3145331106
	0.0822488706	-0.2613930398	-0.2087051101	-0.3098610737	-0.2261298935
	1.956818243	10.49608924	-1.511569419	-3.347845185	0.07021204867
	0.01048794819	0.168335988	0.732446708	0.1359773129	0.04618725312
	-0.03413442635	-0.1292887483	-0.1692692126	-0.1511059326	-0.2999390105
	-0.4025891794	-0.08158575194	-0.07114018072	-0.08755312787	-0.2462685331
	-0.388007292	0.286088598	-0.3511651912	-0.3399051979	-0.2667752665
	-1.707056794	-0.1133538914	-0.05529392752	-0.02720921389	0.07563238856
	0.0974055659	0.01473108312	-0.03050394293	-0.05217354554	-0.05322967853
	-0.0494352646	-0.04212449258	-0.02492273306	-0.0001903912895	0.02081712363
	0.009333093938	0.005671350938	0.009534812497	-0.02478724668	-0.08928760678
	-0.2460207882	0.02915248191	0.3062535138	0.3046438986	0.3828511178
	0.5332346601	0.5228004259	0.5095089786	0.4896145622	0.4124991343
	0.2597844852	0.1864683205	0.1433662189	0.09218656888	0.02351951934
	-0.07376696594	-0.2538592634	-0.4034871982	-0.6381400256	-0.1940156692
	-1.069742552	-0.2404756473	0.0860218843	0.08677816972	0.08912583352
	0.0933634973	0.100981904	0.1238343475	0.1934700827	0.1276798389
	0.1030860621	0.09527194818	0.09241315137	0.09777256582	0.05676116879
	0.02061526598	-0.004180724623	-0.02316359308	-0.07393780009	-0.1494239484
	-0.1637927554	-0.1252787879	-0.07758445071	-0.009981237073	0.07594457514
	0.07238673235	0.02266999615	-0.0004077885524	-0.0027232813	0.02158388289
	0.2896262575	0.2797924697	-0.1688940865	-0.2409519004	-0.2974192504
	-0.1500956255	0.1572032804	5.858465588	-0.4538866423	-1.073781132
	-0.1396067384	-0.0003699190334	0.07842298931	0.2197724496	0.03579960991
	-0.07987985148	-0.1053397774	-0.2007283348	-0.3131953172	-0.1138999583
	-0.3038833235	-0.08379332003	0.1301046845	-0.294930547	-0.193764968
	-0.08323568556	-0.202942128	-0.3206698211	-0.5380590775	-0.4461051057
	-0.3199389093	-0.6168727641	-0.02875220275	-0.13478484	-0.05549351353
	0.05290542355	0.237224	0.05751891118	-0.01020987729	-0.0327153939
	-0.03627931863	-0.03677959287	-0.03257451325	-0.01626545968	0.00421625645
	0.0158037473	0.01006199343	-0.002520295182	0.001204575474	-0.01036244364
	-0.01949866609	-0.02562080194	0.1607157055	0.3789872055	0.1921331777
	0.06737995763	0.3310130163	0.4498295716	0.9421862429	0.4605709395
	0.3397611153	0.2312981283	0.1585537073	0.1305723996	0.08783984395
	0.02399634638	-0.05912647175	-0.1675299883	-0.2769182507	-0.3435984904
	-0.3934909942	-0.5023254139	-0.1053784481	0.07882057876	0.07949986952
	0.08180028532	0.08565172878	0.09121281625	0.1043459581	0.1356608199
	0.1101810457	0.08916391849	0.08085581088	0.07542568864	0.06969084894
	0.04310429253	0.01491569554	-0.009671059859	-0.03559106121	-0.08304486312
	-0.1391671294	-0.1297326004	-0.1041839806	-0.06135884679	-0.01157974759
	0.03709222544	0.0375031363	0.01079320551	-0.005992637643	-0.0101682637
	0.002398734924	0.07246583638	-0.07993686707	-0.2559778229	-0.2520134257
	-0.3224706652	-0.2829527666	-2.987183386	-4.337124929	-0.8590102226
	5.446259474	-0.3814264829	0.07532245701	0.0161542254	-0.02980802659
	0.07553117101	-0.1695691557	-0.1138869781	-0.2617326583	-0.3636776913
	-0.3788902798	-0.4002993241	-0.1476783525	-0.1413569216	-0.4686965883
	-0.4421199185	-0.4620688059	0.4162967303	-0.4048277287	-0.4218694476
	-0.4121329873	-0.3915341595	-0.3120040187	-0.1386314941	-0.2394024564
	-0.0866689706	0.003093543078	0.08612987847	0.04056705892	-0.0004632545157
	-0.01756679019	-0.02194205332	-0.0274971103	-0.0270193714	-0.00957079594
	0.01107632468	0.01931277586	0.01920188834	0.008121433974	0.004984323329
	0.002002695816	0.03520275363	0.1013191542	0.253538463	0.3137958116
	0.1033239746	-0.2276253795	0.1056516451	0.3893696187	0.9024664799
	0.4591825192	0.3397253105	0.2258816147	0.1529560223	0.1300920016
	0.09091759331	0.02969472371	-0.04637845311	-0.138895321	-0.2428568601
	-0.2990507464	-0.8709018488	-0.6492954478	-0.02796347804	0.07122922984
	0.07174354305	0.07371892732	0.076997105	0.08017277605	0.08677465661
	0.09677839467	0.08542520608	0.07359281082	0.0666840735	0.06075060891
	0.05200954465	0.03257654077	0.009839040042	-0.01320482567	-0.03989202625
	-0.08267584491	-0.1423962796	-0.1096220651	-0.08574488967	-0.04957068745
	-0.01549553695	0.01223647646	0.01648414754	0.002646959916	-0.01299342079
	-0.01992324998	-0.02715662875	-0.06989983396	-0.5284392716	-0.5241844113
	-0.2607489084	-0.2804085825	-0.3547132534	-3.102880196	-2.835819906
	-0.7832627994	-5.546802974	-6.698174802	0.4945481235	0.08528662792
	-0.08373286715	1.13813014	-0.1868070131	0.09612955152	-0.3611468128
	-0.6320170889	-0.4085352398	-0.1379226923	-0.2256049313	-0.545270867
	-0.4113191431	-0.3835214612	-0.4559756793	0.3723155372	-0.3295576109
	-0.3591725816	-0.3547397988	-0.2999396742	-0.3315310783	-0.1869248618
	-0.3226321456	-0.1059386405	-0.024871065	0.01817509321	0.01776990195
	0.005967395562	-0.002963367512	-0.008775796533	-0.02370157956	-0.03018758804
	-0.005760415358	0.01511793426	0.0263067756	0.03421857418	0.02758010503
	0.0291701657	0.02185798035	0.07620486685	0.167356618	0.3676189106
	0.3613056305	0.1619069503	-0.005983746197	0.0846605799	0.3155776265
	0.5155279083	0.3623877732	0.3634117165	0.2599488621	0.1757969877
	0.1410776314	0.1018224838	0.03968150912	-0.03238783899	-0.114603182
	-0.2063874949	-0.2735130886	-0.4988523398	-0.3084530493	0.2499256706
	0.06318108482	0.06342214499	0.06462100538	0.06665069493	0.06826974644
	0.07091704812	0.07321331514	0.06597731059	0.05759952674	0.05273765726
	0.04810455932	0.03977734156	0.02463303712	0.005948662217	-0.01439160929
	-0.03768210964	-0.06794342598	-0.1023969704	-0.08760140149	-0.069332402
	-0.04261913106	-0.01856523796	0.001198268519	0.009251963983	-0.001333262936
	-0.02189763498	-0.02780523455	-0.04137674847	-0.09082690165	-0.5422409962
	-0.7929631033	-0.2943887345	-0.2627341721	-0.6916352934	-2.920894095
	-0.8019048973	0.00674406326	-1.760578499	-2.99832114	0.3398619043
	0.463810445	0.10365825	-0.8780277143	-0.226644941	0.310616983
	-0.3917075047	-0.2577444703	-0.529296012	-0.3085754813	-0.2900311232
	-0.2145818738	-0.00012875665	-0.3153374896	-0.8157516134	1.109294875
	-0.3366588003	-0.5263628703	-0.4707932194	-0.290499258	-0.2574753266
	-0.2062084387	-0.1817141041	-0.09862419769	-0.03604109936	0.003208363281
	0.01438878891	0.01504970244	0.01215985662	0.007306124894	-0.02238298791
	-0.04590178972	-0.00331159114	0.02115966252	0.03604877505	0.05766270872
	0.04581662014	0.06676712173	0.06711613897	0.1080576915	0.1785353337
	0.2676683722	0.3229264717	0.1940249644	0.1622239258	0.2075996312
	0.2873356169	0.3686631318	0.350498087	0.3945450562	0.2971796583
	0.2016142064	0.1554449568	0.1214862945	0.05341117641	-0.01672554867
	-0.09112569741	-0.1711723843	-0.2480364946	-0.3457676068	-0.2529727072
	0.1138232745	0.05459703063	0.05459966226	0.05500169894	0.05572866701
	0.05605394989	0.05615455139	0.05470275563	0.04784531672	0.04037806972
	0.03874712538	0.03722740324	0.03079410368	0.01870570513	0.003259746914
	-0.01395805493	-0.03285350363	-0.05361532733	-0.07140241248	-0.06649789394
	-0.05526695847	-0.03740878695	-0.02012632122	-0.002785758527	0.01194184516
	-0.0007575106345	-0.0372232975	-0.0325570878	-0.04637155462	-0.09920083805
	-0.2892205099	-0.54770486	-0.1888089642	-0.142860469	-0.2727874288
	-0.4170131737	-0.379533224	1.257966665	0.7989548598	0.1028697354
	0.3614499742	0.8216189221	3.323592593	-0.1345696394	-0.6885014863
	-0.344521461	-0.4825906655	-0.4625130449	-1.240200809	-0.5270925428
	-0.5345539518	-0.3908670422	-0.1662464695	-0.3799473481	-0.7810097643
	0.06056603375	-0.1484138105	-0.4392222411	-0.7062222291	-0.261471161
	-0.1626391739	-0.06283417471	-0.1474820834	-0.1343767454	-0.04386190255
	0.004707910649	0.0217994823	0.02725911361	0.02842858417	0.03364464493
	0.06187170801	0.03971683219	0.01204905191	0.03146386434	0.0507040024
	0.1040821488	0.05787351976	0.1172375758	0.1010584525	0.1307682586
	0.1888819737	0.2152462707	0.2676631694	0.1769404964	0.1687437476
	0.284473614	0.2714479244	0.3214378793	0.3640270959	0.3922971228
	0.2996285854	0.2088015625	0.1629411339	0.1417063445	0.06851692955
	-0.0001509900846	-0.06758143459	-0.1411357751	-0.2161738066	-0.2909605613
	-0.3661838943	-0.6902117838	0.04555050954	0.04542049545	0.04522092244
	0.04492765133	0.0440807071	0.04226295492	0.03819680545	0.02949008028
	0.02028034115	0.02428510044	0.02826158116	0.02430048042	0.01442638961
	0.001550309655	-0.01267765433	-0.02749794526	-0.04188557327	-0.05211771388
	-0.05066353277	-0.04350862681	-0.03224945344	-0.02138965814	-0.004146019267
	0.02666537241	0.006795675034	-0.07490958707	-0.03201490194	-0.04071698313
	-0.08667202156	-0.1632547973	-0.2363356808	-0.04894965339	0.08617473786
	-0.05851197504	-0.09708299885	-0.1156613687	0.512768982	-1.491832995
	3.412392503	0.2070375219	0.1384107975	0.2690502566	0.1135667589
	-0.3546916467	-0.4104699632	-0.5170753762	-0.624696616	-1.083170353
	-0.5791228411	-0.6283222224	-0.3480326797	-0.3512237124	-0.4911610491
	-0.4701128223	-0.3008974255	0.006550823511	-0.928799515	-0.2732512887
	-0.1843115425	-0.1321112378	0.1776414262	-0.1247108677	-0.2743732972
	-0.05254720225	0.01600171718	0.03378241339	0.04140100896	0.04399467454
	0.06255340747	0.2065798481	0.7771423173	0.1051101158	0.04611123773
	0.05136952633	0.1329315865	0.0147815118	0.2560258157	0.1238685812
	0.1354166991	0.1890240797	0.18423178	0.1960257041	0.13341118
	0.09601401254	0.1964998412	0.2255462114	0.2832037757	0.3374349925
	0.3532477941	0.2770144875	0.2036641718	0.1605826873	0.1313071235
	0.0753192596	0.01649597291	-0.0422017384	-0.1119944799	-0.1843015506
	-0.2637077113	-0.4843430427	-1.308112377	0.036380269	0.03612964745
	0.03546080712	0.03435753276	0.03248575347	0.02912042618	0.02254768509
	0.009581739416	-0.006532842352	0.008829261706	0.02219756688	0.02034646708
	0.01157985732	0.0005471621842	-0.01109299095	-0.02247891216	-0.03247759948
	-0.03872874706	-0.03824121235	-0.03362279246	-0.02737012115	-0.02522370449
	-0.008134047386	0.06710428157	0.07195535489	-0.1247561078	-0.01753277099
	-0.02069847376	-0.06019887028	-0.1033180083	-0.1239475193	-0.03638623375
	0.03707260701	-0.006785857528	-0.01331951679	0.09536948696	1.041051276
	-1.605999567	28.77410202	2.490684639	-0.03827629317	-1.714089861
	-0.3261455572	-0.677164361	-0.1779485491	-1.7641081	-0.6049762459
	-0.6283253993	-0.6625281449	-0.7502254782	0.01867429844	-0.2663540438
	-1.306414115	-0.438705339	-0.3204714661	-0.8176686193	-0.2939846912
	-0.004760863231	-0.04649935864	-0.03321974268	-0.09940555205	-0.08897539617
	-0.1025609561	0.001574355499	0.04296544552	0.0494429359	0.05828845216
	0.0556840747	0.06241417148	0.1065541964	0.2014442436	0.06780243338
	0.04387488209	0.01326187948	-0.03258865515	-1.194938061	0.5889805198
	0.1578783867	0.1265013888	0.1545189843	0.1560467859	0.1498818769
	0.1000546517	0.04961385311	0.1067937632	0.1561695391	0.2144912504
	0.2730412272	0.2967173872	0.2480901379	0.1926364692	0.1551097601
	0.1219240721	0.07873701901	0.03460335285	-0.01181206071	-0.07863531663
	-0.1551031484	-0.2437420696	-0.3858074127	-1.07289295	0.02732102448
	0.02693138855	0.02582195884	0.02400227397	0.02124706255	0.01672005938
	0.007723861575	-0.01426082152	-0.05135075659	-0.008010921875	0.02179371431
	0.01953353664	0.009979554237	-4.060273076e-05	-0.009561258693	-0.01810539209
	-0.02486464513	-0.02851151618	-0.02795871443	-0.02487010607	-0.022059882
	-0.02642800588	-0.01981899363	0.1156481396	0.2244686229	0.06127283967
	0.0751323697	0.01352199553	-0.03110359117	-0.0615795202	-0.06901538684
	-0.02630767874	0.01093423205	-0.00285263931	-0.04676846264	-0.03240858576
	0.15458582	-0.4315990276	3.298273355	-9.201419739	-0.02723594573
	1.557853612	0.7269429818	-0.370253175	-0.5308672408	-4.195215251
	-0.4867923647	-1.196770948	-1.522731284	-0.6486317501	-0.5361513659
	-0.7130784251	-0.6987700244	-0.677392685	0.3726938062	-2.21610226
	-0.2207114374	-0.007487312729	0.04958593792	0.2413916286	0.05405578297
	-0.02738765468	0.01244330746	0.09649091204	0.08120865867	0.06460742442
	0.08149416738	0.06644596681	0.05606684087	0.05935103433	0.05509669226
	-0.01807950578	0.059572924	-0.01155348672	-0.06160348568	-0.2211946645
	0.06059924339	0.1235067313	0.111291413	0.1282069949	0.1321330027
	0.1223570585	0.08158210197	0.03355864348	0.04618167407	0.09426142146
	0.1548263862	0.2161930574	0.2459407808	0.2201740963	0.1808303654
	0.1489413974	0.1182994991	0.08478602421	0.05639866432	0.0284946386
	-0.03626752072	-0.1043223795	-0.2299898788	-0.3190855733	-0.4543911086
	0.01849959743	0.01794215468	0.016356544	0.01382228915	0.01034983984
	0.005338104181	-0.004728676747	-0.03405259198	-0.1267492086	-0.02561260724
	0.03278151934	0.02254556048	0.009208986083	-0.0005678031294	-0.008345286589
	-0.0144716712	-0.01860295304	-0.02012669064	-0.01887510701	-0.01644088598
	-0.01520469813	-0.01661094962	-0.01058600491	0.06632658141	0.1148313005
	0.0414776645	0.1782375715	0.04865657453	-0.006178516839	-0.02984075518
	-0.03364729224	-0.01232483514	0.009500126963	0.009478166226	-0.03306902828
	-0.156889131	0.607675002	3.319703347	0.4237513288	1.223663551
	14.52943243	-1.91968136	0.1483405512	-0.2398554068	-0.7721511834
	-0.1066707482	-0.3448257643	-1.132802099	-0.7278938295	-0.6848138922
	-0.6056894364	-0.5878534325	-0.1164799931	-0.3894140582	-0.2806749367
	-3.162542858	0.2937095139	0.03179002808	0.1434282282	0.1689955928
	0.1509419472	0.05002753613	0.09571462682	0.2052274064	0.1144933633
	0.06348760429	0.1177166872	0.07853142519	0.04751922005	0.02251007532
	-0.04592078314	-0.1363078332	0.166660863	-0.0025071444	-0.05079570034
	-0.0694151894	0.04474105132	0.08715482599	0.09712014832	0.111045246
	0.1154950073	0.1061159108	0.07359091239	0.02828257284	0.008588371296
	0.05727487819	0.1205098729	0.1793610116	0.2086974036	0.1969916726
	0.1702796552	0.1440550609	0.1176670354	0.09160968275	0.076432146
	0.07998653526	0.01120779688	-0.025578749	-0.06798889751	-0.3079743947
	-0.2644222951	0.010035368	0.009256512895	0.007090551504	0.003703555614
	-0.0004337499751	-0.005012951313	-0.01319274494	-0.03048640204	-0.06721854361
	-0.01693745844	0.0533138722	0.02771906032	0.008167254638	-0.001498821808
	-0.007672997088	-0.01160654792	-0.01336609596	-0.01279373945	-0.01018836521
	-0.007714127379	-0.008223084589	-0.006833778001	0.003203619649	0.0418344398
	0.05897024484	0.01996805744	0.08498170046	0.04682363578	0.01007489199
	-0.005151076188	-0.006853017941	0.002842876688	0.01033597657	-0.00224290093
	-0.05117771352	-0.02157541017	-0.00231403999	3.061616779	0.950397624
	-4.874300268	11.0059521	6.987654576	-0.3530640094	-0.4520520966
	-0.5523112559	-0.863178821	-0.9499494356	-1.526233986	-1.116487978
	-0.8608248626	-0.9655049962	-0.764691105	-0.267690142	-0.1696175957
	-0.4348930715	0.4352626957	2.410604942	0.06665305866	0.5059966818
	0.1923014013	0.113778303	0.07463713075	0.1324645029	0.244997213
	0.1010682933	-0.008863953174	0.1417302099	0.08955497102	0.03717718119
	-0.007157034582	-0.1686068456	-2.013541314	1.887913307	0.0007381091927
	-0.03908325209	-0.02549787294	0.03422407196	0.06896867143	0.08582108522
	0.09906223749	0.1042145697	0.09735927988	0.07383419651	0.03883656897
	0.01314053	0.04954790422	0.1087828854	0.1595287175	0.1843540462
	0.1797392617	0.161582772	0.1404625283	0.1182345978	0.09689015411
	0.08370487066	0.08753211283	0.04459437194	0.01758191845	0.03719783403
	-0.1515326957	-0.1672360649	0.002085845117	0.0009856661402	-0.001958344651
	-0.006602520847	-0.01174736473	-0.01512470081	-0.02097322931	-0.02990531452
	-0.03694991883	-0.00840371971	0.03275374401	0.02146361763	0.00483212648
	-0.003315952704	-0.007748141172	-0.009532716874	-0.008927592356	-0.005979607493
	-0.0009937750032	0.00243102056	-0.002391269659	-0.0007815322535	0.00988916917
	0.03188235945	0.04195892621	0.02931429184	0.05206328169	0.03821921533
	0.02207363175	0.01544106959	0.01667109371	0.01899968543	0.01505946889
	-0.009380263907	-0.0617649933	-0.1059378137	0.03852081566	-0.3820042312
	0.1389610523	0.3110369244	2.177294286	-1.565520358	1.243001673
	-0.7675390044	-0.540979921	-1.294728536	-0.5907578238	-0.9729871232
	-0.6646653384	-1.585436154	-0.7632981348	-1.034747957	-0.4757814356
	-0.3692180008	-0.3630488888	0.09537220978	1.155964447	0.04413480385
	0.182280437	0.1479913651	0.1022598231	0.07219034797	0.1533138041
	0.1996324225	0.09319785387	-0.161946639	0.05921334175	0.07883727356
	0.0274649462	-0.00721758956	-0.07405776966	-0.2252371257	0.2076899489
	-0.1310706891	-0.05083647157	-0.01036125847	0.03016409489	0.05900200654
	0.07723678	0.0903432996	0.09662382838	0.09329584882	0.07859999069
	0.05636927654	0.04167907121	0.0666187054	0.1133572772	0.1518842018
	0.1700485276	0.167967051	0.1550127744	0.1380055467	0.1193540805
	0.1011001419	0.08696372287	0.07898169913	0.05235175276	0.0297812798
	0.02586853189	-0.06702215792	-0.08811262249	-0.005161414275	-0.006734737321
	-0.01074216811	-0.0174989685	-0.0248101941	-0.02578801197	-0.03005449671
	-0.03491027872	-0.02854800426	-0.008566808044	0.01399284719	0.009633284707
	-0.0002670318598	-0.006133813814	-0.008736456679	-0.008291521878	-0.005146578764
	0.0006957462164	0.01003924653	0.01679220068	0.0009768219244	0.001315109622
	0.01238424167	0.02822280978	0.03673633005	0.03541245628	0.04343649014
	0.03839875759	0.03303842785	0.0344896348	0.04103965943	0.03683074998
	0.02275605355	-0.004674264812	-0.02448517552	-0.01759322559	0.3124670145
	1.398561436	0.4354357868	0.2399282487	0.1098453476	-0.2975387603
	-0.09695607878	-0.6509543383	-0.3246038733	-0.6240698817	0.06733907954
	-0.7860411245	-0.7263082812	-0.675969168	-0.37198437	-0.08545113247
	-0.7495140214	-0.460057917	-0.3576759906	-0.06945717559	0.05306158763
	0.05532365477	0.1985092283	0.1397710666	0.1137625378	0.09773692876
	0.2000354113	0.22777542	0.2049621798	-0.002265884432	0.05849777921
	0.08105253587	0.0372824724	0.004137765984	-0.03509899047	-0.07178975362
	0.05126953428	-0.07912038278	-0.04122796256	-0.002949283436	0.02855037977
	0.05319097874	0.07098356008	0.08394725696	0.09140532088	0.0918255876
	0.08491022552	0.07389392933	0.06975663534	0.0911010628	0.1267353837
	0.152028142	0.1627701496	0.1605693699	0.1504849886	0.1365726035
	0.1208891622	0.1050818985	0.09099687746	0.07847848268	0.05876625753
	0.04019722594	0.02585415745	-0.0185294546	-0.03206190296	-0.01171831837
	-0.01381917665	-0.01907367923	-0.0291612777	-0.04145589978	-0.03731379084
	-0.03954702521	-0.04383594765	-0.02842925288	-0.01099962257	0.003011355672
	0.0007902936729	-0.005860189149	-0.009939844949	-0.01084518255	-0.00796516104
	-0.001961629395	0.007411987689	0.02536810396	0.04271513904	-0.001459162004
	-0.001236677338	0.01280013485	0.02788625847	0.03642044467	0.03865304331
	0.0419362323	0.04124603301	0.04320243959	0.05420236096	0.07201911366
	0.05745594367	0.03084959974	-0.007609052517	-0.009698307935	0.00600508786
	0.1653605504	0.1826024051	0.1299939295	-0.5954329007	1.110473323
	-0.9375867342	-2.023187605	-0.7568829227	-0.7888004526	-0.8707017233
	-0.543284176	-1.594530822	-0.6599378013	-1.061693989	0.8955505612
	-3.734687322	-0.3396730531	-0.3880488038	-0.2997094899	-0.1358679197
	-0.1527148771	0.03476308468	0.2052806838	0.1532599755	0.1257774749
	0.1661461841	0.2843527204	0.2664995229	0.376000254	0.1667219841
	0.1256367991	0.1058149906	0.06056704792	0.02173030929	-0.01059035445
	-0.03102263447	-0.007924070039	-0.07440569759	-0.03415757211	0.0006754179181
	0.02787053681	0.0496897336	0.06659201406	0.07942253863	0.08796496885
	0.09168348647	0.09108446071	0.08914842719	0.09366479945	0.1154575921
	0.1446983527	0.1569571783	0.1600993998	0.1563548837	0.1476731514
	0.1360251999	0.1228091523	0.1092176538	0.09626137269	0.08364510998
	0.0684032158	0.05374398031	0.04045881495	0.01962349309	0.01359562435
	-0.01836342749	-0.02053539982	-0.02638850157	-0.03774879129	-0.05805268749
	-0.04908479422	-0.04820721858	-0.04400598061	-0.02840099394	-0.01280159525
	-0.003393867956	-0.005833564	-0.01195333138	-0.01494545398	-0.01446845489
	-0.008691672196	0.0006287214104	0.01376112644	0.04390608934	0.09128532175
	-0.02008361117	-0.01016216996	0.01223180312	0.03011269285	0.0392010629
	0.04217974832	0.04305486438	0.04438620871	0.05207132549	0.07958928598
	0.1258669705	0.08311064758	0.04363637851	-0.02908702779	-0.001528033401
	-0.00024416707	0.1308327833	0.6593885502	0.5726625419	-2.177727178
	0.7128695163	-7.796111095	-0.3799363835	-0.4564313185	-1.1273156
	-0.2104640314	-0.67895231	-0.7727291846	-0.1050650693	-0.6507325577
	-0.7793946566	-0.4894014368	-0.290357792	-0.3518671391	-0.9009319748
	-0.02896504149	-0.6067095247	0.02017308532	0.1512241287	0.1357355336
	0.0930357746	0.2160692656	0.4212631447	0.260716288	0.3594955892
	0.2483649061	0.1852578966	0.1376372414	0.07999302438	0.03505371317
	0.003999444363	-0.01546147321	-0.0280587942	-0.09305568299	-0.03741538026
	0.002431997724	0.02778866376	0.04762959002	0.06362157701	0.07634694591
	0.0858415378	0.09216610677	0.09629078436	0.1011067937	0.1125822813
	0.1380723892	0.1692124436	0.1655025717	0.1602855267	0.1542522538
	0.1461478865	0.136184651	0.1250607295	0.1135787802	0.1024005261
	0.09150733354	0.08009183573	0.06960926546	0.06066187207	0.05281927934
	0.05360275467	-0.02568774122	-0.02744701175	-0.03250753707	-0.04092568715
	-0.05453505521	-0.05675535149	-0.06090209231	-0.04460916081	-0.02703713507
	-0.01244751866	-0.005360599569	-0.01080285747	-0.0192858036	-0.02162998773
	-0.02040500195	-0.01065031399	0.002699035044	0.01791717539	0.04428465311
	0.08565316252	-0.09599421383	-0.02733262578	0.01221931315	0.03556132227
	0.04484634062	0.04619033505	0.04458402172	0.04587405429	0.05651559227
	0.09551134486	0.2251735701	0.1177693038	0.07612613062	0.02802930943
	0.02131495642	0.01445156891	0.05153816395	0.09771714975	-0.02771287088
	-1.4477662	4.70132728	-21.45640017	-1.042008691	-4.805259375
	-0.2724270003	-0.9115876168	-0.4570276181	-0.216994137	-0.2502099865
	-0.5261629909	-0.7418830048	-0.3620034938	-0.1127039729	-0.07004594132
	-0.3033001034	1.094030008	-2.787740993	0.08136608912	0.1537677413
	0.1069281925	0.00658375251	0.1771392501	0.3912616025	0.07559502408
	0.2681218986	0.2944181369	0.2309321772	0.1662443696	0.09012793076
	0.04037120758	0.01104986919	-0.007086184492	-0.02227981729	-0.05559297495
	-0.02724004852	0.0060062411	0.02852305612	0.04657920285	0.0617055941
	0.07432381125	0.08458180686	0.09282489994	0.1001951496	0.1093881011
	0.125706617	0.1615531684	0.213434734	0.1780027788	0.1618773462
	0.1533124178	0.1454645021	0.1368491278	0.1275513796	0.1180866877
	0.1089863735	0.1005159457	0.09278014998	0.08668623918	0.08234485305
	0.08088474988	0.08686411435	-0.03279122818	-0.03415747098	-0.03805597725
	-0.04394865286	-0.05186962735	-0.05875240901	-0.07484635533	-0.04728982046
	-0.02531494745	-0.008958190921	-0.001928295982	-0.01454814411	-0.02968800467
	-0.03071785824	-0.03036920698	-0.01400980042	0.005045985868	0.02118275832
	0.02939807966	-0.00593827652	-0.4071065503	-0.05444513423	0.01616247071
	0.04623241253	0.05468158962	0.05045547729	0.0451231827	0.04409892737
	0.0521003974	0.07471719599	0.1568093991	0.123267192	0.1126177993
	0.1179140007	0.07518963023	0.03028300551	-0.01067723168	0.01478730989
	-0.3068555011	-0.1235539673	0.7682981007	-3.82174185	-0.6629674193
	-0.7442250706	-0.889182995	-0.862216575	-0.3271170029	-0.706334113
	-0.2686709094	-0.1536669411	-0.4234272111	-0.2130944122	-0.2205896546
	0.1652146392	-0.6823778393	-0.07299935998	-0.2625087117	0.203365685
	0.1801210113	0.05940499562	-0.148855442	0.1122850436	0.3135674481
	-0.1861691178	-0.168406338	0.3510706973	0.2894462739	0.192025286
	0.08815321724	0.0358818131	0.01168292579	-0.00271369428	-0.01366140199
	-0.02641798734	-0.01130499563	0.01097157531	0.02987799976	0.04622095463
	0.06054329918	0.07303215821	0.0838433743	0.09340376695	0.1028021562
	0.1143362345	0.1327357057	0.1737783579	0.2746328608	0.1931312996
	0.1629701793	0.1526612634	0.1452184826	0.1378150532	0.1301585431
	0.122600957	0.1156528856	0.1098286833	0.1057893298	0.1044948993
	0.1045791782	0.1041187964	0.1083309834	-0.03915141371	-0.04025446499
	-0.04332267647	-0.04765528956	-0.0523778642	-0.0560341398	-0.06226184564
	-0.04403631372	-0.02196291626	-0.0006891512617	0.01039271592	-0.01699808454
	-0.04663411784	-0.04303095989	-0.04855988432	-0.01922480528	0.008647451861
	0.02843018293	0.02979533352	0.003538435423	-0.1088401796	-0.0416443513
	0.03155948494	0.06612933395	0.07255145001	0.05604123965	0.04413525433
	0.0382317118	0.04011979814	0.04363080583	0.1710771332	0.1193910167
	0.1004965637	0.1802580488	0.1294777464	0.05564321084	-0.02087758417
	0.1932860014	-1.228800401	-0.5294335817	-0.7336484044	-4.810762991
	-0.3165437749	-1.370129971	-1.142082292	-0.6770016233	-0.3527632517
	-0.4675687247	-0.3903654406	-0.1389647913	-0.2847107766	-0.166172188
	0.003519856068	0.4474024403	-0.08009348922	-0.1428754525	0.1677365255
	0.1240351875	0.2293623748	0.06612028238	-0.1564899004	0.1525861265
	0.3766474778	0.3304286454	0.01042900328	0.2948381319	0.3521559477
	0.2174601563	0.07025024756	0.02074685594	0.007127658222	-0.001406687639
	-0.007158352466	-0.01051426585	-0.0004979878047	0.01545665429	0.0314042324
	0.04627193796	0.05988874192	0.07222885941	0.08340062506	0.09379534678
	0.1043079925	0.1166268216	0.1337409654	0.1619486571	0.2097889737
	0.1825147422	0.1604497235	0.151617043	0.1451106081	0.1389060951
	0.1327505632	0.1269633779	0.1220975133	0.118902924	0.118614317
	0.1230994194	0.1286321486	0.1264638325	0.1275725331	-0.04479454088
	-0.04576760015	-0.0484576222	-0.05215829177	-0.05536274186	-0.05563655641
	-0.05354300968	-0.03911732562	-0.01778193825	0.01478859206	0.04109481573
	-0.01050362308	-0.06607131941	-0.06054245857	-0.08858445393	-0.02907878468
	0.009427776541	0.03523722577	0.03710120743	0.03105820918	0.01144957752
	0.02088360311	0.05506620434	0.09900525159	0.1012991147	0.06241144014
	0.04100292269	0.02765033769	0.02397840075	0.02425544901	0.4398137996
	0.1272055927	0.03398821038	-0.01125002498	0.1842045864	0.08344844603
	0.05734590389	0.4570999854	-3.885708071	-0.9114586087	-0.775055435
	-1.104939498	-1.214337063	-1.01475566	-0.7433364446	-0.5112804213
	-0.4632771358	-0.3262418766	-0.2580859653	-0.1875508563	-0.2026432228
	0.1298769319	0.06569947161	0.2379401068	-0.0223376071	0.06308094695
	0.01723499768	1.668509816	0.4384303752	0.2411251363	0.2516364765
	0.3640819008	0.4534410711	0.5116075605	0.5998506292	0.5035747097
	0.4801002108	0.2518316563	0.05817236661	0.009591675362	0.001224549776
	-0.00192083674	-0.002931080883	-0.00150083139	0.006606476886	0.01901801253
	0.03280314254	0.04650675127	0.05954759197	0.07173673317	0.08311652528
	0.09398992322	0.1050112074	0.1172744315	0.13234454	0.1521348161
	0.1744889983	0.1664725841	0.1566013133	0.1503023128	0.1450174137
	0.1399944466	0.1352061893	0.1310213161	0.1280635624	0.1272956678
	0.1306130866	0.1423170517	0.1564361994	0.1497167528	0.1485243759
	-0.04981569258	-0.05077751884	-0.0534843696	-0.05745801786	-0.06078699868
	-0.05834270482	-0.05158815601	-0.03758740222	-0.01625767713	0.02313669417
	0.09029542952	0.006907201047	-0.05115615176	-0.08511151048	-0.2068614855
	-0.04882768758	0.003056182567	0.02906554073	0.04297203042	0.06549652116
	0.1134113444	0.06282811072	0.06386725822	0.08386814358	0.08712007534
	0.05966337	0.03464418026	0.01060078058	0.002616614143	0.09236765578
	1.722891739	0.2032907305	0.01584642501	-0.02210591509	0.7337233339
	0.09413656066	0.06233324016	-0.2247817589	0.2791630235	-0.6161408092
	-0.6692966319	-0.6861749322	-0.8967307013	-0.4696420313	-0.6200312249
	-0.2463252272	-0.3906959819	-0.2953916672	-0.05760832196	-0.2598189225
	-1.038061272	0.7263455222	0.1977149335	1.223812262	-0.447806436
	-1.804173012	-0.01491761492	0.2283886834	0.3615650069	0.3566190206
	0.408402077	0.4826830086	0.3055961716	0.3731964228	0.1473601216
	0.8507243304	0.7646771334	0.2756649511	0.01576316567	0.01174406166
	-0.001217428981	-0.002669843673	0.0001124389946	0.004225070578	0.01142639409
	0.0216424467	0.03389573033	0.04675631834	0.05937289896	0.07143160221
	0.08291445605	0.0940271199	0.1051999309	0.117060301	0.1302710256
	0.1449799685	0.1581545385	0.1574752449	0.1531696333	0.1489588143
	0.1449044317	0.1409947255	0.1374241177	0.1346412039	0.1333357131
	0.1345852371	0.1405496812	0.1568316174	0.1838053755	0.173762854
	0.1716133389	-0.05423735053	-0.05528125973	-0.05827345251	-0.06335725976
	-0.0691997505	-0.06420513199	-0.05374348863	-0.03903215748	-0.01961547812
	0.008128497767	0.04393724824	0.00392303231	-0.04077664204	-0.08207178468
	-0.2850710963	-0.07137959966	-0.00290862517	0.02811461972	0.05026091984
	0.08554251398	0.2656989586	0.09823067051	0.06871407261	0.07217916774
	0.07103294625	0.05370048698	0.02651991362	-0.02238221696	-0.0757650869
	-0.1205205179	-0.8218846843	-0.2563194502	-0.07178274192	0.4004279381
	-3.226017455	0.2999130682	0.6062235427	-0.2226184342	2.32235229
	-0.2716330799	-0.418931279	-0.2085416988	-0.9177131479	-0.8345307025
	-0.8566040958	-0.4781224816	-0.4446713464	-0.3156096848	-0.1162311747
	-0.1366071682	-0.1688321142	-0.1187030132	1.933849852	-0.02796324542
	4.353684638	-0.912415405	0.05694871609	1.125652691	-0.9047698925
	0.4795190115	0.5096480417	0.5648411623	0.0757332738	2.492521965
	1.059018109	0.1874634014	0.8834609656	0.3589208547	-0.1012769049
	0.04127624521	0.007967939658	-0.00229026717	0.003335838704	0.00879130398
	0.01493202652	0.02335338309	0.03454730603	0.04689639797	0.05926014356
	0.07123122222	0.08275668521	0.09396338018	0.1051042948	0.1164839762
	0.1282603393	0.139977393	0.1493478983	0.1514904089	0.1501733006
	0.1476768376	0.1447661842	0.1418530394	0.1393259814	0.1377179058
	0.1377627399	0.1405258057	0.1477983092	0.1628819048	0.1868936787
	0.1939655025	0.1985959397	-0.05801249181	-0.0592327369	-0.06275849565
	-0.06961910648	-0.081993548	-0.0735796193	-0.05862292785	-0.04228109643
	-0.02457263443	-0.005222916925	0.01020892103	-0.008831986426	-0.03560781255
	-0.06051670324	-0.1132548155	-0.04566159634	0.001027778209	0.03245170897
	0.06167005935	0.07606913856	0.1345176854	0.08955129822	0.0688704696
	0.06784223747	0.06658055584	0.05351241328	0.02280325926	-0.04166188115
	-0.2167491744	-0.0322031616	0.2463489678	-2.905751602	-0.7405416301
	0.7594085453	2.708594258	0.4695122786	0.1566910525	0.08556778223
	0.01318559559	0.4723860304	-0.4744069585	-0.7170711739	-1.469528632
	-0.938065369	0.4774459593	-0.4711508534	-0.3657173071	-0.2741947768
	-0.1718340731	-0.05598322166	0.09323118283	0.5945752126	8.601674605
	-0.8414729874	0.03924534465	0.205679489	0.1011204342	-0.2595568756
	2.165187336	0.33287389	0.4348395223	0.5573614629	0.5216229769
	1.987396644	-2.135277773	5.098045725	0.6886814392	1.157126881
	-0.3804798717	0.1022348429	0.02465928756	-0.002563000638	0.008929472498
	0.01381044723	0.01781408326	0.02412874565	0.03464296101	0.04684560403
	0.05914490699	0.07108679469	0.08262935959	0.09385428915	0.1048908277
	0.1158406535	0.1266052585	0.1365889249	0.1442581681	0.1475209062
	0.1478315347	0.1465867826	0.1446255343	0.1425395553	0.1408552968
	0.1401770362	0.1412664498	0.145142366	0.1532693288	0.1677447691
	0.1904031121	0.2170466961	0.237638634	-0.06103834994	-0.06259450328
	-0.06730083894	-0.07622071286	-0.1030092848	-0.08791413882	-0.06561355049
	-0.046253503	-0.02916923608	-0.01442916342	-0.006359545784	-0.01627788246
	-0.03271280849	-0.04784041203	-0.06156341113	-0.02957052044	0.00450389106
	0.03756331126	0.07925259629	0.07445356612	0.0893556859	0.07470354719
	0.0687864022	0.06746704526	0.06958145232	0.06095164091	0.02788079995
	-0.01593533781	-0.07931342752	-0.02141122996	0.08032241781	-0.1652915641
	0.1572040694	0.4700585948	0.6240142973	-0.3227827241	0.02112426213
	0.054678371	-0.09029539961	0.5177032713	-0.4536023324	-0.6249336291
	0.02073120141	-0.7247135819	-0.2324199446	-0.13175069	0.2605099774
	-0.1476967647	-0.2003347823	-0.06006133039	0.171793465	0.03909015269
	-1.581791037	-0.2488528529	-0.2510780056	-0.00814280874	0.03226482848
	0.172618037	0.6704312544	0.04257616932	0.3144755964	1.437468144
	0.9188112205	-1.984903816	1.463347657	-10.58357225	-0.6683377251
	-2.738826958	0.06393589899	-2.143729026	-0.008605810512	-0.003287374359
	0.02408954407	0.02130486499	0.02059167577	0.02396303629	0.03413868757
	0.04658727279	0.05900564711	0.07097682036	0.08253216188	0.09374610559
	0.1046721097	0.1152974188	0.1254064357	0.1344179467	0.1412946948
	0.1450247549	0.1462183408	0.145788989	0.1445121041	0.1430389601
	0.1419732227	0.1419681058	0.1438041543	0.1484738001	0.1573238505
	0.1723906296	0.1981399702	0.2460472521	0.2922053417	-0.06311189521
	-0.06514855996	-0.07186321251	-0.08355119299	-0.1546390048	-0.1151199153
	-0.07463493857	-0.04993414587	-0.03236336287	-0.01967106434	-0.01410835325
	-0.02002106448	-0.03112709722	-0.04078176432	-0.04376852622	-0.02290168214
	0.005220181695	0.03471941479	0.06704241583	0.07030357829	0.07589604066
	0.06605273789	0.06781259834	0.06856377762	0.07429347877	0.07345558319
	0.03505724216	-0.001513064203	-0.02961614293	-0.03509743685	-0.04486715827
	0.0862449313	5.966234756	0.5920975531	0.1289770138	0.5610005314
	0.1277207632	0.06029152352	-0.1261058636	-1.274533381	-0.3489357881
	-0.1748936691	-0.5767338789	-0.4672733788	-0.6893514032	-0.2174267372
	-0.07722188612	-0.04239544216	-0.2607803596	-0.04544197889	0.3503019936
	0.4469524429	2.06712558	0.2881675122	0.268690856	0.08939935559
	-0.04920804302	-0.005142972032	0.34972948	0.4397859794	1.58929765
	0.5430688513	0.6213419087	0.09984567866	-2.270606639	32.21926473
	1.478932017	3.20438763	0.8840668673	-3.767072302	0.08841448881
	0.01894040585	0.06524481448	0.0333484917	0.02343440918	0.02324620634
	0.03325288257	0.04622202258	0.05886929643	0.07090167008	0.0824705462
	0.09367128395	0.1045181076	0.11494406	0.1246880328	0.1332080416
	0.1397289417	0.1436519187	0.1452862631	0.1453114132	0.1444413475
	0.1433422601	0.1426541407	0.1430574081	0.1453451653	0.1505067651
	0.1598940187	0.1758071888	0.2046288687	0.265833008	0.3336049802
	-0.06392002142	-0.06633527185	-0.07607898499	-0.1127726173	-0.3952148762
	-0.1866080721	-0.08420837768	-0.05180781904	-0.03350889114	-0.02134718614
	-0.0163963907	-0.02118413893	-0.03066082837	-0.03857365942	-0.03897918252
	-0.02076956108	0.005406670378	0.03325069361	0.06059430953	0.06684954371
	0.07183417167	0.05747568522	0.06412379551	0.06917928204	0.07365789001
	0.07551283103	0.03827895362	0.002792047576	-0.02052747243	-0.04232228145
	-0.1380498188	0.9362227312	-9.299008133	14.77151637	0.2750237513
	0.6771944503	0.1474500431	0.06347592526	-0.0350758823	-0.1879029272
	-0.2130985842	-0.3242343172	-2.234696639	0.06574339671	0.3782168434
	-0.3687369209	-0.4297836876	-0.3867647019	-0.2783797947	-0.05099177201
	0.1333525406	-1.823466126	-0.08528596679	0.1931689317	0.3365277768
	0.1558534715	-0.01522735464	-0.2172641452	0.06780559187	0.2872364216
	-1.074492016	0.377376458	0.6876564138	1.120018257	-0.1036237532
	-3.31571039	-7.214196841	2.738337775	-29.41464951	13.56233885
	-0.002111842473	0.02021215667	0.126335374	0.04809662192	0.02523817404
	0.02289954325	0.03261167559	0.0459922263	0.0588033789	0.07087503295
	0.08244998272	0.09364608221	0.1044651739	0.1148239724	0.1244511429
	0.1328207663	0.1392376486	0.1432123347	0.1449805892	0.1451519291
	0.1444168971	0.1434437622	0.142883259	0.1434249804	0.1458678615
	0.151207744	0.1608285161	0.1771999123	0.2070032966	0.2696942319
	0.3492243852	