3131	
	1.34848013	1.352838119	1.356172598	1.355920535	1.354787011
	1.353151838	1.348723821	1.343684129	1.342692757	1.343745502
	1.344355355	1.340550706	1.333963866	1.331458647	1.330945888
	1.330046226	1.329163241	1.329999229	1.33239742	1.334514592
	1.335877509	1.336717555	1.336129027	1.333393387	1.33353013
	1.337654411	1.342825578	1.348600304	1.354921361	1.358139588
	1.352288109	1.343927628	1.346598307	1.356875792	1.358388458
	1.3553966	1.36393776	1.376064114	1.376973092	1.372384892
	1.378702484	1.396776308	1.414102402	1.424499786	1.429513027
	1.432800757	1.437325801	1.443681695	1.451102615	1.458871057
	1.466634556	1.474258264	1.481673857	1.488808552	1.495586969
	1.501993419	1.508121786	1.514294092	1.520807737	1.527403982
	1.533743459	1.539687945	1.545205864	1.550306235	1.555014941
	1.559364456	1.563388805	1.567120985	1.570591628	1.573828318
	1.576855304	1.579693535	1.582360898	1.584872535	1.587241218
	1.589477745	1.59159131	1.593589763	1.595479754	1.597266811
	1.598955455	1.600549353	1.602051505	1.60346442	1.604790241
	1.606030792	1.60718759	1.608261852	1.609254521	1.610166312
	1.610997772	1.611749333	1.612421345	1.613014087	1.613527754
	1.613962454	1.614318197	1.614594892	1.6147923	1.614909816
	1.61494512	1.349378936	1.352771051	1.355927145	1.355618403
	1.354278174	1.35246367	1.348403402	1.343730159	1.342592406
	1.343292629	1.343563617	1.340249782	1.334213629	1.331608476
	1.331007009	1.329995183	1.328933341	1.329795548	1.332456692
	1.334652065	1.335957619	1.336905748	1.336752613	1.334259655
	1.333847979	1.337666924	1.342639779	1.348045977	1.353768944
	1.35668721	1.351434091	1.34344834	1.34599895	1.35665141
	1.358688394	1.355149386	1.363079711	1.376013187	1.378192394
	1.373749038	1.379273372	1.396832505	1.41413785	1.424478318
	1.42929607	1.432435549	1.436989877	1.443476566	1.451010559
	1.458843857	1.4666402	1.474283776	1.48171639	1.488862531
	1.4956324	1.502004223	1.508095757	1.514251304	1.520781318
	1.527417667	1.53378726	1.539744776	1.545265172	1.550362767
	1.555066368	1.559409972	1.563428387	1.567154999	1.570620616
	1.573852875	1.576876021	1.579710965	1.582375535	1.584884818
	1.587251524	1.589486394	1.59159857	1.593595858	1.595484869
	1.597271103	1.598959056	1.600552375	1.602054042	1.603466552
	1.604792032	1.606032296	1.607188854	1.608262916	1.609255417
	1.61016707	1.610998416	1.611749883	1.612421818	1.613014497
	1.613528115	1.613962779	1.6143185	1.614595195	1.614792664
	1.614910544	1.614948475	1.350696124	1.352960857	1.355246298
	1.354729006	1.353118146	1.350953218	1.347346899	1.343681904
	1.342572176	1.342601656	1.342118308	1.339256534	1.33455831
	1.332159584	1.331281642	1.329923465	1.328405716	1.329409373
	1.332796356	1.33506866	1.336033544	1.337145598	1.337936198
	1.336352042	1.335150346	1.337950472	1.342226021	1.346795888
	1.351316092	1.353291425	1.348691519	1.341900198	1.344997429
	1.356455298	1.358889771	1.354417012	1.361427901	1.375547278
	1.380210773	1.376792748	1.381337347	1.397482424	1.414041777
	1.423945925	1.428242334	1.431098099	1.435905022	1.442861824
	1.450745887	1.458767285	1.466657588	1.474360068	1.481846647
	1.489032045	1.495777695	1.502040338	1.508006046	1.514124717
	1.520725306	1.527472983	1.533923554	1.53991715	1.545443952
	1.550532741	1.555220763	1.559546467	1.563546974	1.567256826
	1.570707342	1.573926317	1.576937965	1.579763069	1.58241929
	1.584921528	1.587282315	1.589512224	1.591620246	1.593614053
	1.595500144	1.597283928	1.598969823	1.600561415	1.602061632
	1.603472925	1.604797385	1.606036796	1.60719264	1.608266105
	1.609258109	1.610169348	1.611000352	1.611751537	1.612423241
	1.613015734	1.613529205	1.61396376	1.614319414	1.614596098
	1.614793663	1.614911919	1.614950876	1.351613319	1.352937629
	1.354232826	1.353487519	1.351687944	1.349290833	1.346177094
	1.343576619	1.342621381	1.342073176	1.340939252	1.338383927
	1.334900918	1.332817356	1.331697822	1.3300415	1.328136326
	1.329477506	1.333744676	1.335635107	1.335557398	1.336586469
	1.338300825	1.338150185	1.336864019	1.33841258	1.341662534
	1.345223141	1.348470144	1.349511425	1.345702083	1.340437372
	1.344127214	1.356176413	1.359031616	1.353850953	1.359442045
	1.373957085	1.381458032	1.380174107	1.383989809	1.397857963
	1.412827418	1.421966749	1.425687443	1.428438954	1.433959299
	1.441841839	1.45033545	1.458658832	1.466694275	1.474491061
	1.482073701	1.489337241	1.496041944	1.502112905	1.507868952
	1.513942555	1.520679676	1.527605098	1.534173959	1.540216368
	1.545747722	1.55081865	1.555479022	1.55977399	1.563744171
	1.567425856	1.570851123	1.574047967	1.577040508	1.579849291
	1.582491677	1.584982251	1.587333239	1.589554934	1.591656078
	1.593644126	1.595525391	1.597305126	1.598987623	1.60057636
	1.602074182	1.603483465	1.604806241	1.606044241	1.607198905
	1.608271385	1.609262568	1.610173123	1.61100356	1.611754277
	1.612425599	1.613017782	1.61353101	1.613965383	1.614320918
	1.614597559	1.614795195	1.614913703	1.614953075	1.351842421
	1.352523965	1.353050977	1.352142541	1.350265224	1.347810863
	1.345180886	1.343458567	1.342689191	1.34176839	1.340239812
	1.337852636	1.335129803	1.333332311	1.332153441	1.330515632
	1.328726871	1.330621338	1.335254053	1.335827501	1.333843995
	1.334637552	1.337023847	1.338110399	1.337687732	1.338625814
	1.340962997	1.34363388	1.345917136	1.346461902	1.343684214
	1.340003932	1.343891127	1.355612568	1.35888869	1.353980175
	1.358006615	1.371268277	1.380538546	1.382018751	1.385822475
	1.397029502	1.409704232	1.417832918	1.421194046	1.424314917
	1.431180569	1.440497645	1.449840278	1.458547826	1.466760306
	1.474680166	1.482409179	1.489813595	1.496467521	1.502263911
	1.507749609	1.513786847	1.520722931	1.527871116	1.534571428
	1.540659219	1.546184575	1.551224084	1.555842353	1.560092461
	1.564019227	1.567661029	1.571050799	1.574216689	1.577182604
	1.579968703	1.582591892	1.585066296	1.587403707	1.589614024
	1.591705643	1.593685717	1.595560303	1.597334439	1.599012238
	1.600597032	1.602091542	1.603498048	1.604818495	1.606054547
	1.607207582	1.6082787	1.609268747	1.610178356	1.611008008
	1.611758076	1.612428867	1.61302062	1.613533509	1.613967625
	1.614322985	1.614599539	1.614797193	1.614915836	1.614955379
	1.351598068	1.351883283	1.351917758	1.350915396	1.349037469
	1.346651257	1.344495375	1.343523155	1.342845684	1.34160264
	1.339834003	1.337463231	1.335114529	1.333572751	1.332533938
	1.331246447	1.330091137	1.332445511	1.336434811	1.335070842
	1.331085137	1.331927937	1.335040764	1.336867702	1.337405326
	1.338353077	1.340132837	1.342179482	1.343902403	1.344417597
	1.342854062	1.340744871	1.34437674	1.354576493	1.358122353
	1.354723497	1.3577586	1.368558143	1.377823675	1.381628993
	1.386042381	1.394923689	1.405170409	1.412280013	1.415629769
	1.41952877	1.428088747	1.439098276	1.449380023	1.458478781
	1.466867071	1.474925972	1.482856464	1.490498909	1.497106699
	1.502544727	1.507753311	1.51380226	1.520973033	1.528343002
	1.53515418	1.541264789	1.54676369	1.551753029	1.556311901
	1.560501466	1.564370917	1.567960759	1.571304694	1.57443087
	1.577362783	1.580120007	1.582718813	1.585172706	1.587492906
	1.589688806	1.591768357	1.593738332	1.595604463	1.597371514
	1.599043373	1.600623181	1.602113508	1.603516504	1.60483401
	1.606067599	1.607218574	1.608287971	1.60927658	1.610184992
	1.611013648	1.611762894	1.61243301	1.613024217	1.613536672
	1.613970457	1.614325582	1.614601999	1.614799613	1.614918304
	1.614957914	1.351211997	1.351269293	1.351020396	1.349978625
	1.348168557	1.345992615	1.344448175	1.344313901	1.34336872
	1.341480777	1.339487439	1.336942237	1.334720916	1.33346959
	1.332732186	1.331932331	1.331470066	1.333749924	1.336447111
	1.333687791	1.328947806	1.329988445	1.33355926	1.335677782
	1.336699218	1.33774175	1.339208215	1.340875922	1.342357677
	1.34312361	1.342736969	1.342059838	1.345192799	1.353103645
	1.356698303	1.355526795	1.358462317	1.366828382	1.374993826
	1.380071438	1.385094184	1.392339102	1.400733722	1.407300358
	1.411180381	1.416023427	1.425885995	1.43817377	1.449146809
	1.45851307	1.467026364	1.475215814	1.483386307	1.491377341
	1.497962805	1.502955055	1.507945405	1.514130342	1.521551256
	1.529090177	1.535957478	1.542050834	1.547493756	1.552409102
	1.556888331	1.561	1.564797382	1.568322846	1.571610572
	1.574688403	1.577579147	1.580301542	1.582871012	1.585300265
	1.587599809	1.589778413	1.591843489	1.593801354	1.595657351
	1.597415915	1.59908066	1.600654503	1.602139824	1.603538622
	1.60485261	1.606083252	1.607231761	1.608299096	1.609285984
	1.61019296	1.611020422	1.61176868	1.612437984	1.613028533
	1.613540463	1.613973844	1.614328676	1.614604903	1.614802424
	1.614921101	1.614960727	1.350886117	1.350827657	1.350444113
	1.34942906	1.347777872	1.345975853	1.345216448	1.346103109
	1.344406678	1.341118546	1.338846398	1.335941264	1.333764527
	1.332961472	1.332684722	1.332368339	1.332339145	1.334013038
	1.335452679	1.332535113	1.328658434	1.329675925	1.332880388
	1.33486554	1.335957562	1.336960932	1.338207959	1.339662967
	1.341104399	1.342220027	1.342767514	1.343155604	1.345760006
	1.351441212	1.354970408	1.355946493	1.359365837	1.366070394
	1.37298947	1.37836382	1.383510116	1.389757444	1.397347074
	1.404291741	1.409522328	1.415617708	1.425950723	1.438367699
	1.449359667	1.458714733	1.467245562	1.475518599	1.48390537
	1.492259775	1.498847149	1.50339025	1.508310763	1.514835869
	1.52253036	1.530157329	1.537005675	1.543030906	1.548381766
	1.553194909	1.557571416	1.561586191	1.565295954	1.568744371
	1.571965578	1.574986662	1.577829364	1.580511285	1.583046758
	1.585447507	1.587723181	1.589881807	1.591930171	1.593874056
	1.595718355	1.597467128	1.599123671	1.600690637	1.602170191
	1.603564152	1.604874085	1.606101331	1.607246998	1.608311955
	1.609296856	1.610202174	1.611028256	1.611775371	1.612443736
	1.61303352	1.613544841	1.613977748	1.614332228	1.614608215
	1.614805596	1.614924215	1.614963831	1.350677141	1.350575555
	1.350171822	1.349275565	1.347868748	1.346448231	1.346157608
	1.347462181	1.345119826	1.339859981	1.337206895	1.333982555
	1.332040344	1.332008786	1.332389116	1.332546434	1.332737795
	1.333694779	1.334202506	1.331962723	1.3295324	1.330356762
	1.332677075	1.334258765	1.335212014	1.33606186	1.337111075
	1.338456617	1.339986516	1.34150223	1.342749254	1.343713108
	1.345746341	1.349777652	1.353278973	1.355876529	1.359926622
	1.365747875	1.371651036	1.376527511	1.381054342	1.386780802
	1.394817229	1.40316654	1.410561773	1.418552153	1.428838976
	1.440025173	1.45013273	1.459110888	1.467516238	1.475777679
	1.484236331	1.492701699	1.499240822	1.50362276	1.508823352
	1.515928636	1.523919757	1.531554696	1.538309489	1.544213686
	1.549432626	1.554111642	1.558359665	1.562257016	1.565862964
	1.569221581	1.572366183	1.575322475	1.578110665	1.580746858
	1.583244033	1.585612733	1.587861596	1.589997797	1.592027406
	1.593955605	1.595786782	1.597524573	1.599171918	1.600731176
	1.602204267	1.603592809	1.604898198	1.606121637	1.607264116
	1.608326406	1.609309077	1.610212533	1.611037066	1.611782895
	1.612450202	1.613039125	1.613549755	1.613982122	1.614336197
	1.614611899	1.614809101	1.614927627	1.614967218	1.350572556
	1.350471537	1.350138827	1.349472279	1.348360225	1.347117412
	1.346656894	1.347132634	1.34465063	1.338346084	1.335072503
	1.331571131	1.329819169	1.330730768	1.331914486	1.332561708
	1.332907943	1.333369524	1.333347785	1.331870336	1.330529578
	1.331091116	1.332565697	1.333693434	1.334421239	1.335032819
	1.335864319	1.337169873	1.338895985	1.34092671	1.342829027
	1.34388777	1.345106227	1.348063785	1.351667637	1.355373589
	1.360002169	1.36548631	1.370668888	1.374443747	1.377384156
	1.382816344	1.392574544	1.403186921	1.413251645	1.423721932
	1.433844603	1.442833514	1.4513378	1.459651407	1.467808313
	1.475923907	1.484174744	1.492256726	1.498635967	1.503483006
	1.509552218	1.517436336	1.525698866	1.533270895	1.539871602
	1.545605163	1.550649632	1.555158889	1.559249989	1.563008015
	1.566493551	1.569749783	1.572808129	1.575692117	1.57841985
	1.581005545	1.583460548	1.585794022	1.58801345	1.590125046
	1.592134082	1.594045076	1.595861861	1.597587606	1.599224864
	1.60077567	1.602241675	1.603624274	1.604924682	1.606143945
	1.607282927	1.60834229	1.609322512	1.610223924	1.611046753
	1.611791169	1.612457311	1.613045284	1.613555151	1.613986919
	1.61434054	1.614615915	1.614812904	1.614931314	1.614970868
	1.35054245	1.350464757	1.350269177	1.349947251	1.349171575
	1.347841834	1.346878342	1.346370518	1.344340379	1.340007633
	1.337652902	1.333039214	1.328925894	1.329617794	1.331410643
	1.332533191	1.333034878	1.33323856	1.332979481	1.332006635
	1.331235863	1.331516667	1.332359382	1.333088958	1.33355172
	1.333829163	1.334379375	1.335706644	1.337721794	1.340412289
	1.343090827	1.343798845	1.343774653	1.346071225	1.349978854
	1.354501231	1.359657375	1.365187817	1.370061329	1.372699006
	1.373360411	1.378321645	1.39060283	1.403846294	1.416550604
	1.429537186	1.439352555	1.445865247	1.452608085	1.460214587
	1.46808834	1.475951018	1.48373518	1.491107329	1.497383696
	1.503294195	1.510719662	1.519408914	1.527844657	1.535294372
	1.54169695	1.54721248	1.552035379	1.556334473	1.560237312
	1.563832978	1.567181473	1.570323247	1.573286397	1.576091296
	1.578753295	1.581284306	1.583693763	1.585989257	1.58817698
	1.59026209	1.592248985	1.594141461	1.595942752	1.597655528
	1.599281924	1.600823628	1.602282002	1.603658202	1.604953243
	1.606168008	1.607303222	1.60835943	1.609337013	1.610236219
	1.61105721	1.611800101	1.612464983	1.613051929	1.613560969
	1.613992086	1.614345209	1.614620224	1.614816971	1.614935244
	1.614974755	1.350554204	1.35050335	1.350462822	1.350548001
	1.350161513	1.348556849	1.346989892	1.346012362	1.344620834
	1.34332063	1.345309435	1.341737449	1.331724864	1.329340006
	1.331055951	1.332573294	1.333228056	1.33329503	1.332904596
	1.332157799	1.331593186	1.331616349	1.332007309	1.332401182
	1.332563488	1.332371712	1.332529162	1.333960737	1.336302079
	1.339606136	1.343061268	1.343056357	1.341432746	1.34351227
	1.34804296	1.353300538	1.358985532	1.364877552	1.370103814
	1.372768154	1.372174003	1.376257548	1.390130587	1.405116999
	1.419470727	1.43406406	1.443405759	1.448017889	1.45352408
	1.460667166	1.468345099	1.475970603	1.483278688	1.490076786
	1.496560213	1.503789386	1.512565022	1.521844332	1.530328537
	1.537627651	1.543802534	1.549047939	1.553592513	1.557634057
	1.561314055	1.564723593	1.567918929	1.57093514	1.573795196
	1.576515172	1.579106982	1.581579808	1.583940914	1.586196146
	1.588350287	1.590407351	1.592370804	1.594243673	1.596028554
	1.597727588	1.599342472	1.600874526	1.602324807	1.603694219
	1.604983568	1.606193561	1.607324775	1.608377634	1.609352416
	1.610249281	1.61106832	1.611809589	1.612473134	1.613058986
	1.613567146	1.613997566	1.614350156	1.614624779	1.614821262
	1.614939384	1.614978846	1.350576094	1.350535026	1.350586055
	1.35096985	1.350939708	1.349062941	1.346905387	1.345811413
	1.344845612	1.34456723	1.348314105	1.349337595	1.336626103
	1.329922067	1.330951006	1.33278336	1.333566629	1.33350742
	1.332960107	1.332223675	1.331655831	1.331451277	1.33150393
	1.331591748	1.331399617	1.330588776	1.330219684	1.331872208
	1.334479262	1.337913214	1.341502067	1.340529357	1.337546853
	1.340177949	1.345792817	1.35180845	1.358034506	1.364548953
	1.370961375	1.376002785	1.377889039	1.38142521	1.39341049
	1.407295738	1.421143341	1.435562612	1.444510153	1.448585116
	1.453839349	1.460925483	1.468585121	1.476136214	1.483248194
	1.489926574	1.496955031	1.505385379	1.515076597	1.524639862
	1.533123578	1.540303695	1.546229139	1.551133472	1.555324027
	1.559050291	1.562469401	1.565669059	1.568696415	1.571577507
	1.574327989	1.576958405	1.57947654	1.581888466	1.584199049
	1.586412249	1.588531351	1.590559159	1.592498155	1.59435056
	1.596118308	1.597802989	1.59940584	1.600927803	1.60236962
	1.60373193	1.605015322	1.606220319	1.607347347	1.6083967
	1.609368548	1.610262963	1.611079957	1.611819528	1.612481672
	1.613066377	1.613573611	1.6140033	1.614355326	1.614629535
	1.614825736	1.614943695	1.614983103	1.350583691	1.350523052
	1.350540268	1.350924304	1.350979746	1.349010274	1.346499454
	1.345502074	1.344860968	1.344531878	1.346648986	1.349305274
	1.339406686	1.330730125	1.33116454	1.333285708	1.334145442
	1.333880974	1.333069134	1.332182127	1.33149736	1.331086266
	1.330862991	1.330652278	1.330097199	1.328707736	1.327730509
	1.329599558	1.332292963	1.335122386	1.337596442	1.335431396
	1.332119798	1.336253831	1.343356834	1.350087123	1.35679874
	1.364078842	1.372217058	1.381328562	1.38936154	1.39406508
	1.400911992	1.41031382	1.42111433	1.433516744	1.442426376
	1.447557164	1.453550474	1.460962243	1.468801931	1.476518455
	1.483850878	1.490942489	1.498693876	1.507904967	1.517981019
	1.527656721	1.536247976	1.543417903	1.549060497	1.553506494
	1.557232734	1.560571193	1.56368828	1.566655691	1.569502656
	1.572241325	1.574877584	1.577415229	1.579857316	1.582206495
	1.584465068	1.586635018	1.588718066	1.590715765	1.592629585
	1.594460917	1.59621101	1.59788089	1.599471327	1.600982873
	1.602415947	1.603770919	1.605048153	1.606247987	1.607370687
	1.608416415	1.60938523	1.61027711	1.611091991	1.611829806
	1.6124905	1.613074019	1.613580296	1.614009225	1.614360665
	1.614634443	1.614830348	1.614948135	1.614987487	1.35055981
	1.350455783	1.350334967	1.350466116	1.350296318	1.348441026
	1.345985199	1.345164126	1.344723799	1.344223409	1.344692684
	1.345829557	1.339297124	1.331606509	1.331925932	1.334270195
	1.335114514	1.334468892	1.333204965	1.332032521	1.331171516
	1.330571905	1.330115653	1.329655666	1.328956452	1.327600433
	1.32613655	1.327676525	1.330064806	1.331882469	1.332657673
	1.329568715	1.326924295	1.332704095	1.341137579	1.34825813
	1.355246595	1.363270651	1.373055608	1.385623844	1.39918409
	1.406421879	1.409116006	1.413200058	1.419430222	1.428861239
	1.438227026	1.44546976	1.452797794	1.460770617	1.468955632
	1.477060688	1.484937512	1.492766918	1.501237809	1.510825148
	1.520976078	1.530828736	1.539826604	1.547181154	1.552451451
	1.556225059	1.559318309	1.562177313	1.5649501	1.567666617
	1.570324677	1.572916665	1.57543628	1.577879575	1.580244458
	1.582529973	1.584735777	1.586861829	1.588908266	1.590875375
	1.592763601	1.594573496	1.596305618	1.597960422	1.599538204
	1.601039124	1.602463274	1.603810754	1.605081699	1.606276257
	1.607394534	1.608436558	1.609402274	1.610291563	1.611104286
	1.611840308	1.612499521	1.613081828	1.613587125	1.614015277
	1.614366118	1.614639451	1.614835053	1.614952663	1.614991957
	1.350485719	1.35033236	1.350042158	1.349906569	1.349538989
	1.348038103	1.346048767	1.345290292	1.344610152	1.343728131
	1.343342953	1.34305423	1.338552335	1.333047456	1.33351281
	1.335933412	1.33666297	1.335337688	1.333333883	1.33175688
	1.330702802	1.329940066	1.32928961	1.328660363	1.328079535
	1.327463164	1.326035927	1.326532758	1.32809198	1.328945736
	1.328604044	1.32569028	1.324242172	1.330726057	1.339652203
	1.346489303	1.353343157	1.361958259	1.372972324	1.387263067
	1.403099716	1.412559455	1.414481178	1.414993801	1.416606466
	1.423180426	1.433464375	1.443026715	1.451752618	1.460337514
	1.468982453	1.477650175	1.486233807	1.494852987	1.503924453
	1.513696493	1.523895663	1.534204362	1.54416366	1.552003861
	1.55665883	1.55936308	1.56156787	1.563836905	1.566227375
	1.568681768	1.571148116	1.573592989	1.575996089	1.578345225
	1.580633029	1.582854926	1.585007938	1.587090026	1.589099755
	1.591036164	1.59289868	1.594687025	1.596401067	1.598040692
	1.599605724	1.60109593	1.602511077	1.603850993	1.605115587
	1.606304816	1.607418625	1.608456906	1.60941949	1.610306163
	1.611116705	1.611850916	1.612508634	1.613089718	1.613594026
	1.614021393	1.614371627	1.61464451	1.614839803	1.614957233
	1.614996468	1.350361246	1.350171923	1.349741316	1.349457805
	1.349120681	1.348153054	1.346996497	1.346426475	1.344913651
	1.343036793	1.342125879	1.341448425	1.338504268	1.335104902
	1.335709529	1.338117904	1.338719463	1.336362211	1.333314422
	1.331292692	1.330091775	1.329206052	1.328385035	1.327611671
	1.327079076	1.326870881	1.325897099	1.325696555	1.326321071
	1.326426686	1.325670307	1.323699053	1.323574355	1.330063479
	1.338926848	1.344786122	1.350985012	1.360020249	1.37194755
	1.386824005	1.402747412	1.413479878	1.416679829	1.415714649
	1.413811539	1.418268072	1.429527996	1.44086963	1.450596049
	1.459658876	1.468828427	1.478202208	1.487555591	1.496883164
	1.506419331	1.516334031	1.526691312	1.537912027	1.549824116
	1.558587659	1.562032648	1.562969648	1.563932599	1.565498608
	1.567484811	1.569678488	1.571957878	1.574259603	1.576549028
	1.578805995	1.581018126	1.583177402	1.585278333	1.58731696
	1.589290343	1.591196308	1.5930333	1.594800227	1.596496286
	1.5981208	1.59967313	1.601152656	1.602558823	1.60389119
	1.605149443	1.606333348	1.607442693	1.608477234	1.609436688
	1.610320747	1.611129111	1.611861514	1.61251774	1.613097603
	1.613600923	1.614027506	1.614377133	1.614649567	1.614844552
	1.614961802	1.615000978	1.350277218	1.350090504	1.349609571
	1.349242322	1.349002953	1.348488311	1.348127629	1.348123311
	1.345889121	1.342521127	1.341034077	1.340667998	1.339145222
	1.337170142	1.337599663	1.339714581	1.340116879	1.336699044
	1.332745804	1.33052368	1.329330954	1.328378309	1.32738097
	1.326447677	1.325873427	1.325608025	1.324963581	1.324596253
	1.324537566	1.32408849	1.323149375	1.321921614	1.322545276
	1.328720163	1.337785005	1.342504222	1.347806902	1.357306323
	1.370168664	1.385443759	1.400947026	1.412238411	1.417009943
	1.416089809	1.41255986	1.415825082	1.427455077	1.439529595
	1.449580971	1.45883413	1.468532962	1.478723298	1.488853674
	1.498775646	1.508668552	1.518724233	1.529327864	1.541993102
	1.557452028	1.567731864	1.568791567	1.566935044	1.566282417
	1.567083326	1.568680298	1.570633266	1.572739244	1.574906262
	1.577087446	1.579255931	1.581394999	1.583493556	1.585543814
	1.587540038	1.589477875	1.591354011	1.593165955	1.594911838
	1.596590209	1.598199851	1.599739671	1.60120867	1.602605981
	1.6039309	1.605182892	1.60636154	1.607466473	1.608497319
	1.60945368	1.610335157	1.611141369	1.611871987	1.612526739
	1.613105397	1.613607743	1.614033552	1.61438258	1.614654571
	1.614849252	1.614966324	1.615005442	1.350374523	1.350268001
	1.349922883	1.349454069	1.349109079	1.348776781	1.348783988
	1.349175968	1.346976787	1.342675868	1.3406218	1.340695384
	1.340200667	1.338708995	1.338222461	1.338986969	1.338493712
	1.334702151	1.331047878	1.329352036	1.328437345	1.32747363
	1.326243599	1.32510973	1.324577895	1.324283112	1.323737587
	1.3232008	1.32263972	1.321749115	1.320547999	1.319455027
	1.31977	1.324351357	1.333018274	1.33763205	1.343008363
	1.353590136	1.367831678	1.383975312	1.399417917	1.410892317
	1.41680462	1.416835829	1.413515826	1.41635708	1.427530581
	1.439339307	1.449129018	1.45828256	1.468410837	1.479384372
	1.490194051	1.50057371	1.510736504	1.520913965	1.531695687
	1.545728626	1.565968711	1.578644948	1.576130395	1.570694432
	1.568348178	1.568483981	1.569770578	1.571525075	1.573479368
	1.575523828	1.577604343	1.579689484	1.581759168	1.583799726
	1.585801365	1.587756756	1.589660264	1.591507525	1.593295177
	1.595020623	1.596681799	1.598276969	1.599804608	1.601263353
	1.602652031	1.603969685	1.605215567	1.606389082	1.607489708
	1.608516943	1.609470283	1.610349236	1.611153347	1.611882221
	1.612535536	1.613113017	1.613614412	1.614039466	1.614387912
	1.614659472	1.614853856	1.614970757	1.615009819	1.350619855
	1.350641249	1.350573342	1.350051488	1.349384631	1.348958129
	1.348937103	1.34921849	1.347425951	1.343420404	1.341213454
	1.341455762	1.341413588	1.339609846	1.337472931	1.335763701
	1.333381056	1.330036118	1.328257845	1.327899126	1.327490938
	1.326533569	1.324951655	1.323535676	1.323196462	1.323024906
	1.322432637	1.321608544	1.320631011	1.31934939	1.317721886
	1.316283079	1.315350963	1.316414888	1.321531042	1.327379844
	1.335599572	1.348639545	1.36510297	1.383016628	1.399043855
	1.410462933	1.41696561	1.418239158	1.416062649	1.418802939
	1.429111514	1.440304652	1.449798122	1.45887828	1.469197492
	1.480552689	1.491712473	1.502357985	1.512717269	1.522979908
	1.53351675	1.54603916	1.567105775	1.584033371	1.580422448
	1.572897253	1.569725663	1.569594095	1.570725015	1.572340238
	1.574168871	1.576104836	1.578093623	1.580101651	1.58210651
	1.584092499	1.586048143	1.587964739	1.589835521	1.59165518
	1.593419561	1.595125398	1.596770054	1.598351311	1.59986723
	1.601316104	1.602696467	1.604007121	1.605247113	1.606415676
	1.607512145	1.608535894	1.609486317	1.610362834	1.611164916
	1.611892108	1.612544035	1.613120381	1.61362086	1.614045187
	1.614393072	1.614664218	1.614858321	1.614975058	1.615014066
	1.350784944	1.350886609	1.350975295	1.350480939	1.3496074
	1.349004907	1.348772279	1.348670629	1.347189794	1.344161182
	1.342283382	1.342403293	1.342357876	1.339946713	1.336137932
	1.332230193	1.328256644	1.325538052	1.325674403	1.326589522
	1.326617321	1.325620691	1.32358343	1.321837383	1.321774118
	1.321805389	1.321084485	1.319907226	1.318531043	1.316848674
	1.31466427	1.31278351	1.310171354	1.307173518	1.306883052
	1.313101772	1.325741034	1.342416639	1.36212027	1.383119617
	1.400479633	1.411440461	1.417937708	1.420268832	1.419169314
	1.421517837	1.431014592	1.442006627	1.451863279	1.461363451
	1.471593366	1.482557024	1.493505213	1.504183537	1.514708405
	1.525086753	1.534623361	1.53850858	1.547594341	1.571362107
	1.575184722	1.571870805	1.57011812	1.570389867	1.571547002
	1.573077076	1.574802742	1.576643698	1.578550181	1.580488048
	1.582433325	1.584368757	1.586281521	1.588161773	1.590001776
	1.591795397	1.593537776	1.595225038	1.596854026	1.598422075
	1.599926861	1.601366353	1.60273881	1.604042803	1.605277188
	1.606441036	1.607533544	1.608553971	1.609501612	1.610375806
	1.611175954	1.611901542	1.612552146	1.613127411	1.613627018
	1.614050654	1.614398008	1.614668764	1.614862602	1.614979187
	1.615018146	1.350687306	1.350797273	1.35086964	1.350425036
	1.349591127	1.348911188	1.348470234	1.348022761	1.346722035
	1.344564377	1.343087333	1.34293247	1.34265951	1.33984009
	1.335049812	1.330259354	1.326040518	1.32383736	1.324569473
	1.325795389	1.325881403	1.324761384	1.322380548	1.320587432
	1.320589678	1.320679338	1.319758274	1.318167515	1.316267627
	1.313985698	1.311292512	1.309572123	1.305198265	1.29898794
	1.295584739	1.300979557	1.315497464	1.335105763	1.35886914
	1.384829165	1.404439214	1.414046561	1.419816552	1.422860184
	1.422271713	1.42327034	1.431913691	1.443659609	1.454954203
	1.465320298	1.475214235	1.485185187	1.495477641	1.506033156
	1.516808961	1.527736174	1.537652177	1.534262996	1.518022567
	1.551258512	1.557404123	1.567684502	1.569911572	1.571044327
	1.572288898	1.573745866	1.575379486	1.577136343	1.578969826
	1.58084492	1.582736361	1.584625714	1.586499121	1.588345827
	1.590157303	1.591926713	1.593648582	1.595318496	1.59693283
	1.598488511	1.599982866	1.601413562	1.602778604	1.604076347
	1.605305469	1.606464888	1.607553675	1.608570979	1.609516005
	1.610388015	1.611186343	1.611910422	1.612559782	1.613134032
	1.61363282	1.61405581	1.614402668	1.614673063	1.614866659
	1.614983107	1.615022021	1.350403247	1.350481186	1.350493622
	1.350112107	1.349412498	1.348733763	1.348155436	1.347510823
	1.346339168	1.344706336	1.343459376	1.343000514	1.342433683
	1.339518263	1.334509428	1.329897314	1.326307384	1.32448288
	1.324813431	1.325497379	1.325245922	1.323910152	1.321483514
	1.320296235	1.319999949	1.319741626	1.318528013	1.316420265
	1.313542827	1.309865505	1.30725614	1.307672296	1.301056626
	1.291809982	1.287599752	1.292072268	1.305545185	1.326405807
	1.35470786	1.388063149	1.411313719	1.418083333	1.422330013
	1.425920585	1.42555976	1.424124847	1.431186179	1.444782166
	1.458596135	1.469568033	1.478762409	1.48771526	1.497358047
	1.507810158	1.519058885	1.531480583	1.545283334	1.549532719
	1.528335271	1.533412452	1.533412681	1.563670683	1.570549919
	1.571927477	1.57302817	1.574358735	1.575897979	1.577579363
	1.57934907	1.581169107	1.583012834	1.584860939	1.586698828
	1.588515079	1.590300536	1.592047789	1.59375084	1.595404806
	1.597005647	1.598549927	1.600034658	1.601457234	1.602815428
	1.604107398	1.605331655	1.60648698	1.607572323	1.608586737
	1.609529343	1.610399329	1.611195973	1.611918654	1.612566863
	1.613140173	1.613638204	1.614060598	1.614407003	1.614677072
	1.614870453	1.614986784	1.615025662	1.350106081	1.350160702
	1.350147871	1.349821275	1.349214682	1.348534596	1.347878937
	1.347165238	1.346091985	1.344712033	1.343553609	1.342863306
	1.342082421	1.339258403	1.334403517	1.330345117	1.32752185
	1.325935222	1.325618993	1.325471664	1.32467113	1.323076407
	1.32074745	1.320071809	1.319676419	1.318987437	1.317450039
	1.314719542	1.310082663	1.302932593	1.30122056	1.307437945
	1.29748252	1.284067896	1.278910356	1.281966017	1.293580808
	1.314973463	1.347555933	1.389854406	1.41907513	1.422193814
	1.424688523	1.429000783	1.429453291	1.426026543	1.430751047
	1.446259208	1.462701016	1.473353857	1.4814217	1.489643229
	1.498917782	1.509366126	1.521274111	1.536081767	1.556076915
	1.569876931	1.547421593	1.530135959	1.547084336	1.571047074
	1.573812775	1.573277673	1.573783217	1.574911038	1.576353535
	1.577969189	1.579684965	1.581458019	1.583260426	1.585072358
	1.58687881	1.58866792	1.590430079	1.592157423	1.59384352
	1.59548309	1.597071731	1.598605689	1.600081698	1.601496911
	1.602848894	1.604135626	1.605355468	1.606507073	1.607589289
	1.608601077	1.609541481	1.610409628	1.611204739	1.61192615
	1.612573312	1.613145767	1.613643111	1.614064967	1.614410967
	1.614680749	1.61487395	1.614990187	1.615029039	1.349851568
	1.349917582	1.349930561	1.349636786	1.349043805	1.348326219
	1.347639178	1.346962306	1.345964745	1.34464912	1.343500631
	1.342713774	1.341905525	1.339239636	1.334516558	1.33093908
	1.32874716	1.327344313	1.326514756	1.325564037	1.324131596
	1.322323102	1.320174303	1.319370261	1.319118989	1.318335867
	1.316570215	1.313408473	1.30783039	1.295463317	1.290537024
	1.302366138	1.291162648	1.273935815	1.26580568	1.265389687
	1.2757486	1.298893459	1.334236413	1.381805743	1.419203525
	1.422889759	1.425794176	1.431341873	1.433423569	1.430559321
	1.433739352	1.449299169	1.466555731	1.476078357	1.483057025
	1.490927166	1.500079251	1.51052382	1.522897781	1.539658395
	1.56433046	1.585039846	1.568703762	1.554425813	1.575395519
	1.583707275	1.57767106	1.574582315	1.57443091	1.575371746
	1.576737163	1.578302178	1.579975165	1.581709655	1.583477289
	1.585258267	1.587037515	1.588802967	1.590544712	1.592254553
	1.593925708	1.595552563	1.597130412	1.598655227	1.600123502
	1.601532183	1.602878652	1.604160733	1.605376653	1.606524955
	1.607604391	1.608613843	1.60955229	1.610418801	1.611212548
	1.611932828	1.612579057	1.613150752	1.613647488	1.614068869
	1.614414516	1.614684057	1.614877117	1.614993294	1.615032136
	1.349607698	1.349723173	1.34981172	1.34952791	1.348874874
	1.348082194	1.347414651	1.346899715	1.345972134	1.344546741
	1.343341548	1.34261618	1.342002701	1.339485359	1.334695085
	1.331391015	1.329709672	1.328551549	1.327447413	1.325748947
	1.32354986	1.321580222	1.319799716	1.318909846	1.318604839
	1.317761707	1.315878999	1.31273318	1.309207747	1.299424469
	1.283214939	1.287494885	1.279053719	1.260423609	1.241707881
	1.23028668	1.243738365	1.276235374	1.31474363	1.356757324
	1.397948665	1.415425982	1.425296157	1.432827701	1.436312992
	1.435962309	1.439451998	1.452998496	1.468518856	1.477075403
	1.483774522	1.491715677	1.500858782	1.511150567	1.523321305
	1.539996954	1.564242563	1.584952671	1.576324883	1.563400581
	1.575427799	1.582759781	1.577895559	1.57500989	1.574806346
	1.575706166	1.577040906	1.578575902	1.580218233	1.58192266
	1.583662048	1.585417315	1.587173672	1.588919054	1.590643397
	1.592338263	1.593996605	1.595612538	1.597181101	1.598698037
	1.600159641	1.601562681	1.602904388	1.604182452	1.605394984
	1.606540431	1.607617464	1.608624897	1.609561651	1.610426746
	1.611219313	1.611938613	1.612584035	1.613155073	1.613651284
	1.614072259	1.61441761	1.614686959	1.614879924	1.614996086
	1.615034944	1.349347348	1.349561051	1.349797725	1.349491836
	1.348683824	1.347769503	1.347181322	1.346990533	1.34614843
	1.344407939	1.343026873	1.342465225	1.34221842	1.339803971
	1.33482614	1.331683952	1.330467037	1.329694923	1.328602148
	1.326123079	1.322795188	1.320634551	1.319381419	1.31869457
	1.31823679	1.317222005	1.315261185	1.31219412	1.309643326
	1.307455702	1.286740214	1.28048442	1.270781511	1.244591825
	1.184311923	1.131262147	1.172685429	1.244833233	1.296758909
	1.326153541	1.355153277	1.398114293	1.424686762	1.434574004
	1.438086607	1.439846432	1.44448354	1.455597811	1.468415062
	1.476762484	1.483959891	1.492191163	1.501326683	1.511287703
	1.522447138	1.536548459	1.556268851	1.573257925	1.571896459
	1.564808973	1.569642103	1.576142927	1.575623245	1.574623577
	1.574898983	1.575910852	1.577264786	1.578790622	1.580413935
	1.582096362	1.583813781	1.585548488	1.587286272	1.589015236
	1.590725268	1.592407783	1.594055535	1.595662425	1.597223287
	1.598733681	1.600189739	1.601588087	1.602925832	1.604200551
	1.605410264	1.606553334	1.607628365	1.608634116	1.609569459
	1.610433374	1.611224957	1.61194344	1.61258819	1.61315868
	1.613654455	1.614075096	1.614420209	1.614689418	1.614882342
	1.614998551	1.615037474	1.349087824	1.349473941	1.349994949
	1.349617781	1.348489104	1.347377095	1.346911412	1.347188737
	1.346464967	1.344222021	1.342469532	1.341975408	1.342066759
	1.339737965	1.334776311	1.331887022	1.331144229	1.330936953
	1.330235502	1.326909886	1.321760787	1.319273729	1.318720248
	1.318438086	1.317898126	1.316702379	1.314649688	1.311561695
	1.308030358	1.305576175	1.291121919	1.281852776	1.270753248
	1.231759352	1.083071076	0.9003427017	1.027720685	1.209392729
	1.291291268	1.314274067	1.321996135	1.378373224	1.426507935
	1.438003215	1.439611477	1.442051901	1.447499438	1.45689055
	1.467598831	1.476127305	1.483987902	1.492486866	1.501593948
	1.511207736	1.520932697	1.530376955	1.543429319	1.55795664
	1.562966917	1.562754331	1.566454894	1.571628976	1.573390556
	1.57397544	1.574824361	1.576014507	1.577417825	1.578949538
	1.580563219	1.582230699	1.583931966	1.585651073	1.587374552
	1.589090767	1.590789637	1.592462491	1.594101943	1.595701736
	1.597256547	1.598761794	1.600213483	1.601608134	1.602942755
	1.604214838	1.605422326	1.606563521	1.607636973	1.608641397
	1.609575627	1.610438609	1.611229416	1.611947255	1.612591473
	1.613161531	1.613656963	1.614077343	1.614422279	1.614691398
	1.614884338	1.615000681	1.615039776	1.348876926	1.349512532
	1.350516169	1.350038545	1.348363268	1.346950499	1.346593931
	1.347352373	1.346773985	1.344009902	1.341713436	1.3410158
	1.341188082	1.338995789	1.334500032	1.33204813	1.331765277
	1.3322457	1.332374868	1.328344299	1.320539376	1.317473682
	1.317825155	1.318095366	1.317583065	1.316259723	1.314101999
	1.310954745	1.30675852	1.302110819	1.292467272	1.284169587
	1.274246782	1.242113032	1.112534062	0.8577906424	0.9861705785
	1.229695723	1.308923199	1.32239388	1.320678204	1.370935042
	1.431832905	1.443225854	1.441323736	1.443312298	1.449060288
	1.457504589	1.466993896	1.475667229	1.483993639	1.492668989
	1.501761704	1.511189774	1.51958368	1.522968181	1.528048094
	1.541501459	1.553849703	1.559697176	1.564587458	1.569252824
	1.571913498	1.573414251	1.574700553	1.576055861	1.577513562
	1.579057622	1.580667807	1.58232604	1.584016383	1.585724607
	1.587437963	1.589145094	1.59083598	1.592501906	1.594135398
	1.59573009	1.597280547	1.598782085	1.600230625	1.601622609
	1.602954975	1.604225156	1.605431039	1.606570881	1.607643192
	1.608646657	1.609580082	1.610442392	1.611232637	1.611950011
	1.612593846	1.613163592	1.613658776	1.614078972	1.614423786
	1.614692861	1.61488587	1.615002464	1.615041974	1.348758537
	1.349614706	1.351194463	1.350696516	1.348379674	1.346610319
	1.346289129	1.34737701	1.346950424	1.343866725	1.341064721
	1.339968828	1.340046984	1.338062581	1.334191184	1.332166933
	1.332218115	1.333273918	1.334368456	1.330193902	1.319610704
	1.315655437	1.316926887	1.317777564	1.317355341	1.315964696
	1.313723591	1.310515339	1.30610724	1.300564322	1.29283805
	1.285562707	1.27789191	1.269525891	1.320037391	1.441728747
	1.426016288	1.402419711	1.354584183	1.335931372	1.332859899
	1.375091393	1.437390265	1.448270214	1.442884925	1.444018292
	1.449802717	1.457815229	1.466726215	1.475439156	1.483997748
	1.492768575	1.501860733	1.51121203	1.518572782	1.515686043
	1.514800029	1.527208631	1.546469392	1.557199228	1.563446322
	1.568092349	1.571113123	1.573059721	1.574601763	1.576067083
	1.577564862	1.579119905	1.58072956	1.58238292	1.584067
	1.585768815	1.587476145	1.589177838	1.590863929	1.592525689
	1.594155594	1.595747212	1.597295043	1.598794344	1.600240982
	1.601631354	1.602962359	1.604231392	1.605436306	1.606575329
	1.607646951	1.608649835	1.609582774	1.610444677	1.611234584
	1.611951676	1.612595279	1.613164837	1.613659872	1.614079956
	1.614424701	1.614693764	1.614886869	1.615003839	1.615044374
	1.348774022	1.349605338	1.351464758	1.351118694	1.348489457
	1.346495713	1.346122413	1.347293865	1.347030575	1.343878198
	1.34086727	1.339494642	1.339491732	1.337680262	1.33407571
	1.332188732	1.332358505	1.333575737	1.335035216	1.331344107
	1.319577079	1.314697852	1.316428227	1.317634774	1.317277143
	1.315864248	1.313588981	1.310354314	1.305912135	1.300189627
	1.292929974	1.285988995	1.279553076	1.280621254	1.38881504
	1.711145057	1.692514862	1.523609547	1.385403308	1.342220229
	1.33887767	1.377300672	1.439084051	1.451068267	1.443689209
	1.44420463	1.450002098	1.457914023	1.466659493	1.475373529
	1.483998444	1.492799107	1.501879488	1.511124381	1.518282108
	1.513286105	1.511300571	1.524666313	1.544074616	1.556331291
	1.563066803	1.567740525	1.570859658	1.572938282	1.57456372
	1.57606768	1.577580428	1.579139989	1.580749866	1.582401779
	1.584083849	1.585783559	1.587488892	1.589188775	1.590873269
	1.59253364	1.594162347	1.595752939	1.597299891	1.598798442
	1.600244443	1.601634277	1.602964828	1.604233477	1.605438068
	1.606576816	1.607648206	1.608650895	1.60958367	1.610445438
	1.611235232	1.611952231	1.612595757	1.613165251	1.613660236
	1.614080282	1.614425005	1.614694067	1.614887233	1.615004567
	1.61504773	