3131	
	0.3420804682	0.3419838123	0.3417199649	0.3412843824	0.3406760614
	0.3398946253	0.3389398505	0.3378115571	0.336509574	0.335033724
	0.3333838161	0.3315596411	0.3295609675	0.3273875386	0.3250390693
	0.3225152434	0.3198157098	0.3169400801	0.3138879252	0.3106587725
	0.3072521045	0.3036673576	0.299903925	0.2959611618	0.2918383975
	0.2875349571	0.2830501968	0.2783835604	0.2735346662	0.2685034403
	0.2632903138	0.2578965166	0.2523245067	0.2465785956	0.2406658502
	0.2345973856	0.2283901973	0.222069728	0.2156734014	0.2092553641
	0.202892613	0.1966924436	0.1908005949	0.1854083738	0.1807552542
	0.1771211061	0.1748003526	0.1740519283	0.1750293745	0.1777178482
	0.18192229	0.1873264943	0.1935861493	0.200399697	0.2075355811
	0.214829061	0.2221676142	0.2294758312	0.2367034962	0.2438171668
	0.2507945234	0.2576206573	0.26428564	0.2707829197	0.2771082482
	0.2832589542	0.2892334438	0.295030856	0.3006508221	0.3060932996
	0.3113584566	0.3164465918	0.3213580801	0.3260933362	0.3306527896
	0.3350368687	0.3392459908	0.3432805562	0.3471409443	0.3508275122
	0.3543405944	0.3576805024	0.3608475259	0.3638419329	0.3666639712
	0.3693138691	0.3717918357	0.3740980623	0.3762327225	0.3781959727
	0.3799879523	0.3816087835	0.3830585707	0.3843373993	0.3854453325
	0.3863824057	0.3871486129	0.387743874	0.3881679274	0.3884198652
	0.3884952658	0.3420735732	0.341982716	0.3417196974	0.3412842917
	0.3406760304	0.3398946238	0.3389398682	0.3378115904	0.3365096217
	0.3350337866	0.3333838948	0.3315597378	0.3295610847	0.3273876794
	0.3250392374	0.3225154429	0.3198159455	0.3169403575	0.31388825
	0.3106591509	0.3072525427	0.3036678617	0.2999044997	0.2959618097
	0.2918391173	0.2875357409	0.2830510265	0.2783844016	0.2735354605
	0.2685040926	0.2632906754	0.2578963597	0.2523234889	0.2465762085
	0.240661348	0.234589685	0.2283777419	0.2220503081	0.2156439261
	0.2092115952	0.2028288988	0.196601551	0.190673839	0.1852363935
	0.1805299335	0.1768391084	0.1744680664	0.1736896941	0.1746702357
	0.1773971828	0.1816634802	0.1871342598	0.1934513152	0.2003081489
	0.2074743108	0.2147882215	0.2221403946	0.229457695	0.2366914516
	0.2438092323	0.2507893734	0.257617395	0.2642836534	0.2707817881
	0.2771076822	0.2832587546	0.2892334744	0.2950310242	0.300651066
	0.3060935784	0.3113587442	0.3164468719	0.3213583435	0.3260935779
	0.3306530076	0.3350370629	0.3392461623	0.3432807066	0.3471410755
	0.3508276265	0.3543406936	0.3576805886	0.3608476007	0.3638419981
	0.3666640283	0.3693139194	0.3717918804	0.3740981026	0.3762327593
	0.3781960072	0.3799879854	0.3816088165	0.383058605	0.3843374368
	0.3854453763	0.3863824611	0.3871486917	0.3877440073	0.3881682317
	0.3884209836	0.3885020922	0.3420698276	0.3419812543	0.3417191366
	0.3412840654	0.3406759519	0.339894627	0.3389399276	0.337811696
	0.3365097711	0.3350339808	0.3333841379	0.3315600354	0.3295614445
	0.3273881105	0.3250397507	0.322516051	0.3198166628	0.3169412
	0.3138892354	0.3106602979	0.3072538702	0.3036693876	0.2999062389
	0.2959637707	0.291841297	0.2875381173	0.283053547	0.2783869665
	0.2735378985	0.2685061253	0.2632918656	0.2578960375	0.2523206454
	0.2465693451	0.2406482636	0.2345671801	0.2283412134	0.2219932108
	0.2155570852	0.2090823923	0.2026404344	0.1963320559	0.1902969102
	0.1847230915	0.1798543169	0.1759889064	0.1734604862	0.1725862668
	0.1735747255	0.1764222734	0.180882673	0.1865599787	0.1930521296
	0.2000388175	0.2072946405	0.2146685712	0.2220606126	0.2294044866
	0.2366560822	0.2437859182	0.2507742388	0.257607812	0.2642778239
	0.2707784749	0.2771060324	0.2832581814	0.2892335761	0.2950315284
	0.3006517902	0.3060944028	0.3113595918	0.3164476956	0.3213591158
	0.3260942847	0.3306536434	0.3350376277	0.3392466594	0.3432811411
	0.3471414534	0.3508279538	0.3543409767	0.3576808332	0.3608478123
	0.3638421816	0.3666641881	0.3693140595	0.3717920045	0.374098214
	0.3762328613	0.3781961027	0.3799880777	0.3816089088	0.3830587017
	0.3843375434	0.3854455015	0.3863826199	0.387148914	0.3877443623
	0.3881689072	0.3884225407	0.388505896	0.3420675534	0.3419799351
	0.3417184904	0.3412837721	0.3406758502	0.3398946444	0.3389400322
	0.3378118751	0.3365100216	0.3350343054	0.3333845432	0.3315605312
	0.3295620433	0.3273888277	0.3250406044	0.3225170623	0.3198178558
	0.3169426014	0.3138908747	0.3106622064	0.3072560802	0.3036719298
	0.2999091395	0.2959670459	0.2918449449	0.2875421056	0.283057795
	0.2783913181	0.2735420828	0.2685096991	0.2632941306	0.2578959205
	0.2523165266	0.2465588135	0.2406277716	0.2345315597	0.2282830112
	0.2219017937	0.2154174823	0.2088738838	0.202335018	0.1958931764
	0.1896793209	0.1838755504	0.1787279953	0.1745553934	0.1717415884
	0.1706867618	0.1716851011	0.1747544274	0.1795700607	0.1856150067
	0.1924073282	0.1996088008	0.2070091503	0.2144785048	0.2219336595
	0.2293196503	0.2365996144	0.2437486898	0.250750101	0.2575925748
	0.2642686082	0.2707732941	0.2771035147	0.2832573823	0.2892338492
	0.2950324356	0.3006530388	0.3060958009	0.3113610169	0.3164490728
	0.3213604022	0.3260954587	0.3306546972	0.3350385621	0.3392474804
	0.3432818575	0.3471420754	0.3508284922	0.3543414416	0.3576812344
	0.3608481588	0.3638424816	0.3666644491	0.3693142881	0.3717922069
	0.3740983956	0.3762330273	0.3781962582	0.3799882277	0.381609059
	0.3830588587	0.3843377161	0.3854457027	0.3863828711	0.3871492543
	0.3877448701	0.3881697478	0.3884240351	0.3885083277	0.3420660492
	0.3419788618	0.3417178763	0.341283471	0.3406757519	0.3398946876
	0.3389401868	0.3378121287	0.3365103722	0.3350347578	0.3333851071
	0.3315612205	0.3295628756	0.3273898245	0.325041791	0.3225184682
	0.3198195145	0.3169445508	0.3138931563	0.3106648648	0.3072591615
	0.303675479	0.2999131958	0.2959716362	0.2918500729	0.2875477357
	0.283063828	0.278397556	0.273548176	0.2685150705	0.2632978647
	0.2578966036	0.2523120178	0.2465459163	0.2406017686	0.234485558
	0.2282070327	0.2217815357	0.2152326761	0.2085962207	0.2019257341
	0.195300677	0.1888378453	0.1827070814	0.1771518092	0.1725128919
	0.1692452423	0.1678861259	0.1688890403	0.1723199029	0.1777101013
	0.1843239292	0.1915528918	0.199048832	0.2066393515	0.2142318776
	0.2217682416	0.2292086889	0.2365255942	0.2436998835	0.2507185294
	0.2575727519	0.2642567399	0.270766751	0.2771004765	0.2832565948
	0.2892344546	0.2950338535	0.3006548825	0.3060978177	0.3113630471
	0.3164510194	0.3213622108	0.3260971029	0.3306561686	0.3350398637
	0.3392486219	0.343282852	0.3471429379	0.3508292376	0.3543420847
	0.3576817889	0.3608486373	0.3638428955	0.3666648089	0.369314603
	0.3717924853	0.3740986453	0.3762332555	0.3781964717	0.3799884335
	0.3816092646	0.3830590728	0.3843379499	0.385445972	0.3863832003
	0.3871496838	0.3877454701	0.3881706355	0.388425363	0.3885100759
	0.3420649983	0.3419780242	0.3417173482	0.3412832025	0.3406756795
	0.3398947678	0.338940396	0.3378124575	0.3365108212	0.3350353346
	0.3333858247	0.3315620969	0.3295639336	0.3273910915	0.3250432997
	0.3225202562	0.3198216252	0.316947033	0.3138960639	0.3106682562
	0.3072630977	0.3036800206	0.2999183979	0.2959775403	0.2918566941
	0.2875550439	0.283071719	0.2784058088	0.2735563905	0.2685225759
	0.263303587	0.2578988732	0.2523082927	0.2465323853	0.2405727848
	0.2344328358	0.2281185205	0.2216398526	0.2150129883	0.2082634402
	0.201431005	0.1945773549	0.1877977791	0.1812394677	0.1751303564
	0.1698246626	0.1658651436	0.1640051608	0.1649906226	0.1689937423
	0.1752840453	0.1827351912	0.1905500471	0.198406503	0.2062161584
	0.213947567	0.2215758534	0.2290787705	0.2364386328	0.2436425494
	0.2506815841	0.2575497537	0.264243191	0.270759516	0.2770973793
	0.2832561344	0.2892356057	0.2950359242	0.3006574138	0.3061005121
	0.3113657179	0.3164535554	0.3213645512	0.3260992203	0.3306580566
	0.3350415292	0.3392500791	0.3432841194	0.3471440352	0.3508301848
	0.3543429009	0.3576824919	0.3608492434	0.3638434196	0.366665264
	0.3693150011	0.3717928371	0.3740989606	0.3762335433	0.3781967407
	0.3799886924	0.3816095224	0.3830593399	0.3843382391	0.3854463005
	0.3863835926	0.3871501769	0.3877461192	0.3881715145	0.3884265314
	0.3885114493	0.3420642439	0.3419773869	0.3417169241	0.3412829899
	0.3406756491	0.3398948935	0.338940663	0.3378128614	0.3365113659
	0.3350360309	0.3333866893	0.3315631521	0.3295652071	0.3273926169
	0.3250451165	0.3225224106	0.3198241701	0.3169500282	0.3138995761
	0.3106723583	0.3072678666	0.3036855346	0.2999247308	0.2959847527
	0.2918648199	0.2875640689	0.2830815493	0.2784162236	0.2735669726
	0.2685326101	0.2633119109	0.257903663	0.2523067511	0.246520294
	0.2405438613	0.2343778142	0.228023844	0.2214858279	0.2147712033
	0.2078932047	0.2008745467	0.1937535627	0.1865946149	0.1795064152
	0.1726767696	0.1664444846	0.1614416664	0.1587525604	0.1596610904
	0.1645713953	0.1722737302	0.1809381454	0.1894968469	0.1977499512
	0.2057797892	0.2136484915	0.2213699273	0.2289381669	0.2363440658
	0.2435802488	0.2506416933	0.2575252545	0.2642291208	0.2707523915
	0.277094775	0.2832563778	0.2892375566	0.2950388164	0.3006607423
	0.3061039527	0.3113690704	0.3164567032	0.3213674337	0.3261018132
	0.3306603588	0.3350435532	0.3392518454	0.3432856523	0.3471453601
	0.3508313268	0.3543438837	0.3576833376	0.3608499719	0.3638440488
	0.3666658101	0.3693154785	0.3717932587	0.3740993381	0.3762338876
	0.3781970621	0.3799890009	0.3816098286	0.3830596554	0.3843385775
	0.3854466791	0.3863840345	0.3871507133	0.3877467903	0.3881723628
	0.3884275715	0.3885125986	0.3420637001	0.3419769145	0.3417166049
	0.3412828441	0.34067567	0.3398950704	0.3389409897	0.337813339
	0.3365120023	0.3350368405	0.3333876927	0.3315643758	0.3295666839
	0.3273943861	0.3250472246	0.3225249119	0.3198271271	0.3169535119
	0.3139036664	0.3106771428	0.3072734397	0.303691994	0.2999321723
	0.2959932613	0.2918744557	0.2875748453	0.2830934001	0.2784289538
	0.2735801856	0.2685456	0.2633235068	0.2579120003	0.252308942
	0.246511949	0.240518399	0.2343254658	0.227930219	0.2213298488
	0.2145221324	0.2075063586	0.2002851037	0.1928675722	0.1852759415
	0.1775584124	0.1698214463	0.1623251616	0.1557537683	0.1516803922
	0.1523714402	0.1587240399	0.1686611534	0.1790828372	0.1885401821
	0.1971696637	0.2053779269	0.2133596861	0.2211645791	0.2287955371
	0.2362475536	0.2435168238	0.250601514	0.2575011049	0.2642158183
	0.2707462712	0.2770932793	0.2832577445	0.2892405889	0.2950427156
	0.300664987	0.3061082132	0.3113731472	0.3164604851	0.3213708673
	0.3261048823	0.3306630705	0.3350459283	0.3392539119	0.3432874413
	0.3471469034	0.3508326548	0.3543450252	0.3576843186	0.3608508161
	0.3638447774	0.3666664419	0.3693160304	0.3717937457	0.3740997739
	0.3762342846	0.378197432	0.3799893553	0.381610179	0.3830600141
	0.3843389587	0.3854470994	0.3863845145	0.3871512781	0.3877474678
	0.3881731752	0.3884285136	0.3885136041	0.3420633144	0.341976577
	0.3417163831	0.3412827675	0.3406757464	0.3398953005	0.3389413756
	0.3378138872	0.3365127251	0.335037756	0.3333888253	0.3315657561
	0.3295683495	0.3273963821	0.3250496042	0.3225277373	0.3198304702
	0.3169574551	0.3139083025	0.3106825753	0.3072797812	0.3036993637
	0.2999406914	0.2960030442	0.2918855967	0.2875873976	0.2831073434
	0.2784441456	0.2735962888	0.2685619762	0.2633390595	0.2579249461
	0.2523164776	0.2465097668	0.2404999833	0.234281069	0.2278453668
	0.2211831475	0.2142820223	0.2071262353	0.1996958162	0.1919654904
	0.1839031606	0.1754689735	0.1666272318	0.1574447377	0.1485435836
	0.1421788554	0.142350089	0.1509451813	0.1644011659	0.1773809044
	0.187875947	0.1967728208	0.205060225	0.2131049998	0.2209729372
	0.2286591101	0.2361546634	0.243456166	0.2505637926	0.257479241
	0.2642046407	0.2707420985	0.2770935406	0.2832606744	0.2892449963
	0.2950478135	0.3006702694	0.3061133667	0.3113779896	0.3164649209
	0.3213748578	0.3261084249	0.3306661842	0.3350486442	0.3392562672
	0.343289475	0.3471486538	0.3508341585	0.3543463156	0.3576854262
	0.3608517683	0.3638455983	0.3666671533	0.3693166513	0.3717942932
	0.3741002633	0.37623473	0.3781978464	0.3799897512	0.3816105689
	0.383060411	0.3843393765	0.3854475539	0.3863850235	0.3871518611
	0.3877481434	0.3881739536	0.3884293822	0.3885145122	0.3420630514
	0.3419763495	0.3417162477	0.3412827573	0.3406758779	0.3398955832
	0.3389418183	0.3378145017	0.3365135276	0.3350387686	0.3333900757
	0.3315672792	0.3295701875	0.3273985853	0.3250522325	0.3225308605
	0.3198341694	0.3169618236	0.3139134467	0.3106886145	0.3072868474
	0.3037075996	0.2999502463	0.296014067	0.2918982238	0.2876017338
	0.2831234319	0.2784619232	0.2736155172	0.2685821418	0.2633592245
	0.2579435304	0.25233094	0.2465161397	0.2404921918	0.2342499319
	0.2277771221	0.2210572497	0.2140677974	0.2067776627	0.1991430575
	0.1911003402	0.1825522676	0.1733414418	0.163213147	0.1518678206
	0.1396358605	0.1296433167	0.1287248689	0.1405567641	0.1593246118
	0.1760305346	0.1877083736	0.1966602987	0.2048668891	0.2129022451
	0.2208052187	0.228535896	0.2360705029	0.2434020158	0.2505312385
	0.2574615984	0.2641969517	0.2707408215	0.2770962087	0.2832656055
	0.2892510681	0.2950542962	0.3006767044	0.3061194806	0.3113836326
	0.3164700248	0.3213794065	0.3261124342	0.3306696884	0.3350516874
	0.339258897	0.3432917392	0.3471505982	0.3508358255	0.3543477439
	0.3576866505	0.3608528195	0.3638465039	0.3666679372	0.3693173349
	0.3717948955	0.3741008013	0.376235219	0.3781983007	0.3799901841
	0.3816109937	0.3830608409	0.3843398252	0.385448036	0.3863855542
	0.3871524555	0.3877488136	0.3881747027	0.3884301958	0.3885153522
	0.3420628849	0.3419762114	0.3417161866	0.3412828074	0.3406760611
	0.3398959152	0.3389423136	0.3378151764	0.3365144019	0.3350398678
	0.3333914313	0.3315689297	0.3295721793	0.327400974	0.3250550838
	0.3225342516	0.3198381903	0.3169665786	0.3139190551	0.3106952121
	0.3072945861	0.3037166468	0.2999607824	0.2960262797	0.2919122987
	0.2876178381	0.2831416894	0.2784823743	0.27363806	0.2686064419
	0.2633845826	0.2579686867	0.2523537866	0.2465332984	0.240498394
	0.2342371015	0.2277330073	0.2209633506	0.213896148	0.2064856498
	0.1986646183	0.1903298715	0.1813124802	0.1713136741	0.1597837148
	0.1458526263	0.1292247249	0.1140124905	0.1111490728	0.1270085088
	0.1530062669	0.1750040545	0.1881311612	0.1968765374	0.2048106929
	0.2127575147	0.2206670236	0.2284311287	0.2359994825	0.2433578209
	0.2505064225	0.2574500355	0.2641940645	0.2707433502	0.2771019027
	0.2832729506	0.2892590727	0.2950623323	0.3006843929	0.3061266099
	0.3113901015	0.3164758029	0.3213845076	0.3261168977	0.3306735673
	0.3350550404	0.3392617838	0.3432942172	0.3471527208	0.3508376416
	0.3543492973	0.3576879802	0.3608539598	0.363847485	0.3666687858
	0.3693180744	0.3717955465	0.3741013822	0.3762357464	0.3781987898
	0.3799906493	0.3816114486	0.3830612987	0.3843402995	0.3854485401
	0.3863861012	0.3871530569	0.3877494771	0.3881754277	0.3884309684
	0.3885161435	0.3420627942	0.3419761447	0.3417161874	0.3412829096
	0.3406762902	0.3398962913	0.3389428554	0.3378159039	0.3365153387
	0.3350410422	0.333392878	0.3315706905	0.3295743046	0.327403524
	0.3250581298	0.3225378777	0.3198424949	0.3169716762	0.3139250782
	0.3107023124	0.3073029359	0.3037264395	0.2999722312	0.2960396147
	0.2919277604	0.2876356656	0.2831621012	0.278505537	0.2736640404
	0.2686351338	0.2634155972	0.25800119	0.2523862585	0.2465631779
	0.2405215541	0.2342470699	0.2277197937	0.2209116505	0.2137825081
	0.2062737912	0.1982972093	0.1897127543	0.1802811746	0.1695551642
	0.1566477152	0.1399666007	0.1182696718	0.09661818696	0.09093817127
	0.1107726707	0.1449624397	0.1738231335	0.1889490092	0.1973403966
	0.204857778	0.2126610579	0.2205586836	0.2283481983	0.2359452779
	0.2433266746	0.250491707	0.2574462684	0.2641971872	0.2707505147
	0.27711118	0.2832830744	0.2892692409	0.2950720612	0.3006934127
	0.3061347919	0.3113974074	0.3164822504	0.3213901468	0.3261217959
	0.3306777992	0.3350586815	0.3392649067	0.3432968894	0.347155004
	0.3508395908	0.3543509615	0.3576894026	0.3608551781	0.3638485322
	0.3666696906	0.3693188621	0.3717962393	0.3741019998	0.3762363066
	0.3781993086	0.3799911417	0.3816119285	0.3830617797	0.3843407944
	0.3854490614	0.3863866602	0.3871536626	0.3877501341	0.3881761337
	0.3884317109	0.3885168996	0.3420627615	0.3419761334	0.3417162375
	0.3412830547	0.3406765577	0.3398967047	0.3389434364	0.3378166757
	0.3365163275	0.3350422792	0.3333944003	0.3315725432	0.3295765414
	0.3274062093	0.3250613398	0.3225417027	0.3198470412	0.3169770681
	0.3139314603	0.3107098523	0.3073118262	0.3037368996	0.2999845084
	0.2960539839	0.2919445213	0.2876551366	0.2831846067	0.2785313875
	0.2736934981	0.2686683609	0.2634525754	0.2580415993	0.252429297
	0.2466072938	0.2405640478	0.2342835001	0.2277430815	0.2209106981
	0.2137399998	0.2061625125	0.1980734299	0.1893031538	0.1795540042
	0.1682498165	0.1541952584	0.1350919654	0.1086472347	0.0805817776
	0.07166041335	0.09432042533	0.1356061158	0.1717913283	0.1896132377
	0.1978085102	0.2049224519	0.212588796	0.220476615	0.2282892521
	0.235911015	0.2433113284	0.2504892012	0.2574518171	0.264207375
	0.2707630266	0.2771245068	0.2832962721	0.2892817509	0.2950835822
	0.3007038114	0.306144041	0.3114055442	0.3164893489	0.3213962994
	0.3261271016	0.3306823566	0.3350625841	0.3392682408	0.3432997333
	0.3471574273	0.3508416552	0.3543527209	0.3576909039	0.3608564622
	0.3638496347	0.3666706423	0.3693196899	0.3717969668	0.3741026478
	0.3762368937	0.3781998517	0.3799916561	0.3816124286	0.383062279
	0.3843413055	0.3854495958	0.3863872278	0.3871542708	0.3877507858
	0.3881768253	0.3884324314	0.3885176308	0.3420627712	0.3419761629
	0.3417163245	0.3412832326	0.3406768552	0.3398971471	0.3389440481
	0.3378174821	0.3365173571	0.3350435649	0.3333959819	0.331574468
	0.3295788661	0.3274090017	0.3250646807	0.3225456878	0.3198517836
	0.316982701	0.31393814	0.3107177612	0.3073211764	0.3037479364
	0.2999975133	0.2960692775	0.2919624651	0.2876761322	0.2832090926
	0.2785598298	0.2737263743	0.268706131	0.2634956355	0.25809021
	0.2524834729	0.2466666382	0.2406275055	0.2343489875	0.2278069301
	0.2209668001	0.213778453	0.2061673582	0.1980185843	0.1891443399
	0.1792108827	0.1675621961	0.1528103494	0.1321996945	0.1026427243
	0.069900552	0.05791481189	0.08155275415	0.1270106286	0.1688032186
	0.1894891886	0.1979495258	0.2048948181	0.2125128613	0.2204170213
	0.2282563935	0.235899606	0.243314244	0.2505007299	0.2574679555
	0.2642254839	0.270781442	0.2771422307	0.2833127493	0.2892967135
	0.2950969447	0.3007155992	0.3061543436	0.3114144849	0.3164970647
	0.3214029292	0.3261327788	0.3306872051	0.3350667164	0.3392717576
	0.3433027233	0.3471599684	0.350843815	0.354354558	0.3576924691
	0.3608577992	0.3638507812	0.3666716311	0.3693205492	0.3717977214
	0.3741033194	0.3762375016	0.3782004133	0.3799921872	0.3816129439
	0.3830627919	0.3843418284	0.3854501397	0.3863878016	0.3871548805
	0.3877514331	0.3881775066	0.3884331367	0.3885183449	0.3420628087
	0.3419762194	0.3417164363	0.3412834329	0.3406771733	0.3398976098
	0.3389446813	0.3378183128	0.3365184151	0.3350448851	0.3333976054
	0.3315764441	0.3295812539	0.3274118718	0.3250681174	0.3225497915
	0.3198566734	0.3169885179	0.3139450505	0.3107259615	0.3073308969
	0.3037594468	0.3000111284	0.2960853633	0.2919814446	0.287698492
	0.2832353881	0.2785906894	0.2737625009	0.2687482993	0.263544683
	0.2581470179	0.2525489331	0.2467415999	0.2407126926	0.2344448771
	0.2279135726	0.221083559	0.2139036214	0.2062975774	0.1981479177
	0.1892627118	0.1793013744	0.1675967011	0.152743677	0.1319487215
	0.1019055812	0.0676590451	0.0533027681	0.07578438911	0.121837176
	0.1656744435	0.1883115268	0.1975348798	0.2047013085	0.2124191089
	0.2203807888	0.2282530072	0.2359140618	0.2433376227	0.2505277901
	0.2574956601	0.2642521271	0.2708061283	0.2771645562	0.2833326046
	0.2893141607	0.2951121396	0.3007287434	0.3061656549	0.3114241793
	0.316505347	0.3214099873	0.3261387821	0.3306923036	0.3350710418
	0.3392754245	0.343305831	0.3471626023	0.3508460487	0.3543564545
	0.3576940822	0.3608591753	0.3638519599	0.3666726465	0.3693214309
	0.3717984949	0.3741040073	0.3762381238	0.3782009876	0.3799927299
	0.3816134696	0.3830633141	0.3843423592	0.3854506897	0.3863883792
	0.387155491	0.3877520777	0.3881781814	0.3884338325	0.3885190482
	0.3420628602	0.3419762893	0.3417165606	0.3412836445	0.3406775022
	0.3398980833	0.3389453261	0.3378191566	0.3365194889	0.3350462245
	0.3333992528	0.3315784499	0.3295836789	0.3274147886	0.3250716131
	0.3225539701	0.3198616588	0.3169944576	0.31395212	0.3107343688
	0.3073408887	0.3037713154	0.3000252198	0.2961020861	0.2920012816
	0.2877220125	0.2832632631	0.2786237089	0.2738015942	0.2687945594
	0.2635993954	0.2582116968	0.2526253673	0.2468319143	0.2408194356
	0.2345711508	0.2280632401	0.2212615904	0.2141167031	0.2065552529
	0.1984648872	0.189663947	0.1798348909	0.1683688936	0.1540191211
	0.1343752151	0.1065810953	0.07456528122	0.05928515288	0.07854983796
	0.1215576286	0.1634283782	0.1863817835	0.1966139559	0.2043623369
	0.2123217476	0.220376874	0.2282844548	0.2359575625	0.243383345
	0.2505714794	0.2575355506	0.2642876317	0.2708372335	0.2771915235
	0.2833558157	0.2893340356	0.2951290933	0.3007431645	0.3061778955
	0.3114345525	0.3165141269	0.3214174119	0.3261450565	0.3306976037
	0.3350755181	0.3392792051	0.3433090249	0.3471653022	0.3508483332
	0.3543583904	0.3576957263	0.3608605759	0.3638531582	0.3666736778
	0.3693223256	0.3717992793	0.3741047044	0.3762387539	0.3782015689
	0.3799932786	0.3816140007	0.383063841	0.3843428941	0.3854512428
	0.3863889587	0.3871561019	0.3877527209	0.388178853	0.3884345237
	0.3885197464	0.342062912	0.3419763596	0.3417166853	0.3412838568
	0.3406778318	0.3398985578	0.3389459722	0.3378200024	0.3365205653
	0.3350475677	0.3334009054	0.3315804632	0.3295861144	0.3274177203
	0.3250751298	0.3225581782	0.3198666858	0.317000456	0.313959272
	0.3107428925	0.3073510448	0.3037834156	0.3000396375	0.2961192691
	0.2920217674	0.2877464478	0.2832924281	0.2786585477	0.2738432537
	0.2688444401	0.2636592179	0.2582835913	0.2527119969	0.2469366478
	0.2409465976	0.2347263932	0.228254113	0.2214984515	0.2144142343
	0.2069351347	0.1989608795	0.190332495	0.1807797895	0.1698043969
	0.1564357338	0.138906491	0.115270103	0.08850863042	0.0744984894
	0.08936302291	0.1260414685	0.1626873463	0.1843959369	0.1955188165
	0.2039981185	0.2122634051	0.2204215525	0.2283575356	0.236033139
	0.2434527853	0.2506323855	0.2575878236	0.2643319968	0.2708746601
	0.2772229924	0.2833822287	0.2893561861	0.2951476635	0.3007587333
	0.306190951	0.311445504	0.3165233172	0.3214251277	0.3261515376
	0.3307030505	0.3350800985	0.3392830595	0.3433122712	0.3471680393
	0.350850644	0.354360345	0.3576973837	0.3608619859	0.3638543632
	0.3666747139	0.3693232236	0.3718000661	0.3741054032	0.3762393852
	0.3782021509	0.3799938279	0.3816145321	0.3830643682	0.3843434291
	0.3854517961	0.3863895384	0.3871567128	0.3877533641	0.3881795246
	0.3884352149	0.3885204446	0.3420629505	0.3419764171	0.3417167983
	0.3412840586	0.340678152	0.3398990234	0.3389466095	0.3378208386
	0.3365216313	0.335048899	0.3334025446	0.3315824615	0.3295885333
	0.3274206343	0.3250786284	0.3225623691	0.3198716985	0.3170064462
	0.3139664269	0.3107514372	0.3073612508	0.3037956105	0.3000542176
	0.2961367153	0.2920426649	0.287771512	0.2833225371	0.2786947853
	0.2738869661	0.2688973107	0.2637233694	0.258361725	0.2528075866
	0.2470542147	0.2410921065	0.2349078376	0.2284824005	0.2217887863
	0.214788364	0.2074251923	0.1996164136	0.1912344808	0.1820713934
	0.1717644206	0.1596574769	0.1446697259	0.1258453063	0.1055967182
	0.09473612021	0.1054636045	0.1340030096	0.1636738529	0.1830961555
	0.1946820158	0.2037704835	0.2122982441	0.22053327	0.2284787373
	0.2361430006	0.243546523	0.2507104505	0.2576521832	0.2643848573
	0.2709180454	0.2772586314	0.2834115525	0.2893803621	0.2951676378
	0.3007752711	0.3062046712	0.3114569082	0.3165328128	0.3214330469
	0.3261581518	0.3307085825	0.3350847313	0.3392869446	0.3433155336
	0.347170783	0.3508529556	0.3543622967	0.357699036	0.3608633898
	0.3638555616	0.3666757433	0.3693241152	0.3718008467	0.3741060961
	0.376240011	0.3782027278	0.3799943723	0.3816150591	0.3830648913
	0.3843439606	0.3854523466	0.3863901163	0.3871573236	0.3877540089
	0.3881801995	0.3884359108	0.3885211481	0.3420629619	0.3419764483
	0.3417168874	0.3412842391	0.3406784529	0.3398994706	0.3389472277
	0.3378216542	0.3365226736	0.3350502029	0.3334041516	0.331584422
	0.3295909084	0.3274234978	0.3250820694	0.3225664953	0.3198766399
	0.3170123596	0.3139735019	0.3107599035	0.3073713867	0.3038077548
	0.3000687839	0.2961542101	0.292063712	0.2877968832	0.2833531928
	0.2787319284	0.2739321141	0.2689523928	0.2637908593	0.2584448239
	0.2529104783	0.2471824274	0.2412530313	0.2351114868	0.2287425384
	0.2221246624	0.2152274578	0.2080077609	0.2004034798	0.1923229482
	0.183625118	0.1740826443	0.1633265312	0.1508476706	0.1364638705
	0.1222235989	0.1150278317	0.12275182	0.1435101541	0.1662133764
	0.1829109338	0.1944072682	0.2038035449	0.2124688838	0.2207257914
	0.2286520072	0.2362877309	0.2436640247	0.2508048364	0.2577277834
	0.2644454591	0.2709667517	0.2772979144	0.2834433584	0.2894062164
	0.2951887357	0.3007925509	0.3062188723	0.3114686157	0.3165424921
	0.3214410699	0.3261648175	0.3307141323	0.3350893613	0.3392908144
	0.3433187741	0.3471735017	0.3508552414	0.3543642233	0.3577006647
	0.3608647718	0.3638567401	0.3666767547	0.3693249906	0.3718016126
	0.3741067757	0.3762406246	0.3782032935	0.3799949064	0.3816155765
	0.3830654057	0.3843444846	0.3854528912	0.3863906906	0.3871579336
	0.3877546566	0.3881808811	0.3884366163	0.3885218623	0.3420629314
	0.3419764394	0.3417169402	0.3412843877	0.3406787251	0.3398998902
	0.3389478175	0.3378224382	0.3365236796	0.3350514639	0.333405708
	0.3315863225	0.3295932127	0.327426278	0.3250854134	0.3225705092
	0.3198814524	0.3170181267	0.3139804131	0.3107681891	0.3073813283
	0.303819697	0.3000831504	0.2961715249	0.2920846258	0.2878222092
	0.283383954	0.2787694204	0.2739779901	0.2690087792	0.2638605136
	0.2585313533	0.2530186443	0.2473185748	0.2414257003	0.2353322959
	0.229027482	0.2224960555	0.215716933	0.2086610546	0.2012884527
	0.1935438631	0.1853498096	0.1765968992	0.1671413219	0.1568713994
	0.1460671147	0.1364401621	0.1322555482	0.1380540125	0.1527844504
	0.1697605834	0.1838119144	0.1947632218	0.2041396471	0.2127914735
	0.2210032213	0.2288770069	0.2364656405	0.2438033964	0.250913832
	0.2578131951	0.2645126512	0.2710198678	0.2773401261	0.2834770867
	0.2894333107	0.295210613	0.3008103016	0.3062333397	0.3114804558
	0.3165522185	0.3214490872	0.3261714462	0.3307196283	0.3350939297
	0.3392946209	0.3433219531	0.3471761628	0.3508574745	0.3543661022
	0.3577022509	0.3608661162	0.3638578853	0.3666777367	0.3693258399
	0.3718023554	0.3741074346	0.3762412194	0.378203842	0.3799954247
	0.3816160793	0.3830659069	0.384344997	0.3854534266	0.386391259
	0.3871585424	0.3877553086	0.388181573	0.3884373371	0.3885225937
	0.3420628433	0.3419763755	0.3417169443	0.3412844941	0.3406789597
	0.3399002739	0.3389483698	0.3378231805	0.3365246371	0.3350526675
	0.3334071957	0.3315881412	0.3295954196	0.327428943	0.3250886214
	0.3225743636	0.3198860789	0.3170236781	0.3139870758	0.3107761911
	0.3073909492	0.3038312816	0.3000971253	0.296188421	0.292105108
	0.287847115	0.2834143456	0.278806655	0.2740238144	0.2690654585
	0.2639310092	0.2586195665	0.2531297568	0.2474595243	0.2416058525
	0.2355644027	0.2293290633	0.2228914227	0.2162402091	0.2093608015
	0.2022350126	0.1948415297	0.1871579674	0.1791677217	0.1708836976
	0.1624305979	0.1542928597	0.1478373565	0.1456686166	0.1502384282
	0.1608612678	0.1736866771	0.1854770052	0.1956370402	0.2047468015
	0.2132545454	0.22135871	0.2291484484	0.2366724873	0.2439612826
	0.2510348271	0.2579064116	0.2645849007	0.2710762261	0.277384377
	0.2835120582	0.2894611248	0.2952328697	0.3008282138	0.3062478328
	0.3114922403	0.3165618438	0.3214569811	0.3261779442	0.3307249952
	0.335098376	0.339298315	0.3433250306	0.3471787334	0.3508596276
	0.3543679112	0.3577037759	0.3608674073	0.3638589841	0.3666786781
	0.3693266536	0.3718030666	0.3741080653	0.3762417888	0.3782043674
	0.3799959217	0.3816165626	0.3830663902	0.3843454936	0.3854539491
	0.3863918188	0.3871591487	0.3877559661	0.3881822794	0.3884380798
	0.3885233502	0.3420626798	0.3419762405	0.3417168869	0.3412845489
	0.3406791492	0.3399006145	0.338948877	0.3378238719	0.3365255348
	0.3350537997	0.3334085977	0.331589857	0.3295975035	0.3274314615
	0.3250916556	0.3225780126	0.3198904633	0.3170289454	0.3139934065
	0.3107838069	0.3074001232	0.3038423521	0.3001105137	0.2962046548
	0.2921248515	0.2878712109	0.2834438698	0.2788429915	0.2740687558
	0.2691213444	0.2640009146	0.2587075625	0.2532412706	0.24760184
	0.2417888109	0.2358013849	0.2296383823	0.2232983076	0.2167796644
	0.2100817877	0.2032066722	0.1961626775	0.1889718396	0.1816846442
	0.1744118411	0.1673965251	0.1611675244	0.156772912	0.1558065732
	0.1595564561	0.1675384151	0.1775396473	0.187537372	0.1968469184
	0.2055520824	0.2138270804	0.2217762708	0.2294565258	0.2369016158
	0.2441329444	0.2511643744	0.2580048986	0.2646603335	0.2711344341
	0.277429628	0.283547494	0.2894890718	0.2952550607	0.3008459482
	0.3062620909	0.3115037676	0.3165712111	0.3214646286	0.3261842143
	0.3307301557	0.3351026383	0.3393018469	0.3433279662	0.3471811807
	0.350861674	0.3543696279	0.3577052214	0.3608686298	0.3638600236
	0.3666795682	0.3693274224	0.3718037384	0.3741086609	0.3762423267
	0.378204864	0.3799963921	0.3816170211	0.3830668508	0.3843459698
	0.3854544546	0.3863923668	0.3871597508	0.3877566302	0.3881830048
	0.3884388528	0.3885241418	0.34206242	0.3419760165	0.3417167555
	0.3412845437	0.3406792874	0.3399009064	0.3389493325	0.3378245042
	0.3365263624	0.3350548474	0.3334098978	0.3315914501	0.32959944
	0.3274338037	0.3250944797	0.3225814118	0.3198945516	0.3170338626
	0.313999324	0.3107909362	0.3074087261	0.3038527543	0.3001231224
	0.2962199825	0.2921435473	0.2878941023	0.2834720192	0.2788777723
	0.2741119563	0.2691753087	0.2640687363	0.2587933502	0.2533505132
	0.2477419115	0.2419696674	0.2360365292	0.2299462014	0.2237039257
	0.217317514	0.2107991727	0.2041687024	0.1974590581	0.1907259866
	0.1840648604	0.1776405602	0.1717404069	0.1668585632	0.1637793742
	0.1634918803	0.1666726462	0.172972053	0.1810820342	0.1897085254
	0.1982205678	0.2064721271	0.2144685437	0.2222340327	0.2297880639
	0.2371444341	0.2443125001	0.2512983312	0.2581056888	0.2647368002
	0.2711929222	0.2774747251	0.2835825402	0.2895165156	0.2952767095
	0.3008631449	0.3062758407	0.3115148284	0.3165801588	0.3214719043
	0.3261901582	0.3307350324	0.3351066551	0.3393051674	0.3433307203
	0.3471834726	0.3508635875	0.3543712311	0.3577065698	0.360869769
	0.3638609915	0.3666803964	0.3693281375	0.371804363	0.3741092147
	0.3762428269	0.3782053262	0.3799968307	0.3816174499	0.3830672835
	0.3843464206	0.3854549381	0.3863928986	0.387160346	0.3877573009
	0.3881837543	0.3884396668	0.3885249821	0.3420620376	0.3419756824
	0.3417165378	0.3412844723	0.3406793707	0.339901146	0.3389497314
	0.3378250707	0.3365271108	0.335055799	0.3334110811	0.3315929019
	0.3296012064	0.3274359417	0.3250970596	0.3225845195	0.3198982926
	0.3170383666	0.3140047508	0.3107974832	0.3074166386	0.3038623387
	0.3001347633	0.2962341661	0.2921608919	0.2879153995	0.28349829
	0.2789103416	0.2741525559	0.2692262166	0.264132967	0.2588749155
	0.2534547792	0.2478760863	0.242143469	0.2362630945	0.2302433191
	0.224095696	0.2178365561	0.2114895106	0.2050894301	0.1986887585
	0.1923674703	0.1862486079	0.1805219884	0.1754781848	0.1715478433
	0.1693133958	0.1694033097	0.1721795561	0.177387098	0.184216319
	0.1918071677	0.1996237865	0.2074303235	0.2151366769	0.2227075167
	0.2301279385	0.2373910861	0.2444932796	0.2514320682	0.2582055131
	0.2648119639	0.2712500042	0.2775184416	0.2836162979	0.2895427931
	0.2952973232	0.3008794352	0.3062888042	0.3115252115	0.3165885253
	0.3214786834	0.3261956789	0.3307395494	0.3351103665	0.3393082288
	0.3433332549	0.3471855784	0.3508653433	0.3543727004	0.3577078043
	0.3608708112	0.3638618764	0.366681153	0.3693287905	0.3718049333
	0.3741097203	0.3762432838	0.3782057487	0.3799972324	0.381617844
	0.3830676833	0.3843468405	0.385455394	0.3863934086	0.3871609298
	0.3877579771	0.3881845331	0.3884405357	0.3885258906	0.342061497
	0.3419752134	0.3417162225	0.3412843315	0.3406793984	0.339901332
	0.3389500709	0.3378255661	0.3365277723	0.3350566439	0.3334121342
	0.3315941956	0.3296027818	0.3274378499	0.3250993636	0.3225872969
	0.3199016388	0.317042399	0.3140096143	0.3108033578	0.3074237484
	0.3038709642	0.3001452583	0.2962469789	0.2921765949	0.2879347283
	0.2835221959	0.278940064	0.2741897189	0.2692729619	0.2641921347
	0.2589502897	0.2535514236	0.2480007989	0.2423053967	0.2364745582
	0.2305209076	0.2244616946	0.2183207656	0.2121314749	0.205940985
	0.1998165758	0.1938547469	0.1881939306	0.1830311501	0.1786407991
	0.1753869503	0.1737046735	0.1740061539	0.1764908754	0.1809697288
	0.1869135555	0.1937247824	0.200960913	0.2083631647	0.2157921835
	0.2231722369	0.2304604381	0.2376311807	0.2446682376	0.2515607163
	0.2583009577	0.2648834037	0.2713039469	0.2775595265	0.2836478572
	0.2895672377	0.2953164099	0.3008944535	0.3063007074	0.3115347101
	0.3165961532	0.321484845	0.3262006832	0.3307436338	0.3351137153
	0.339310986	0.343335534	0.3471874693	0.3508669179	0.3543740167
	0.3577089094	0.3608717434	0.3638626674	0.3666818291	0.3693293738
	0.3718054426	0.3741101719	0.376243692	0.3782061266	0.3799975924
	0.3816181983	0.3830680449	0.3843472236	0.3854558158	0.3863938896
	0.3871614953	0.3877586551	0.388185346	0.3884414782	0.3885268965
	0.3420607456	0.3419745792	0.3417158022	0.3412841237	0.3406793742
	0.3399014664	0.3389503499	0.3378259866	0.3365283404	0.3350573731
	0.3334130451	0.3315953161	0.3296041474	0.327439505	0.3251013633
	0.3225897091	0.3199045471	0.3170459065	0.3140138488	0.310808478
	0.3074299525	0.3038785012	0.3001544428	0.296258211	0.2921903866
	0.2879517395	0.2835432826	0.2789663436	0.2742226595	0.2693145028
	0.2642448508	0.2590176148	0.2536379521	0.2481126932	0.242450931
	0.2366648376	0.2307708023	0.224791023	0.2187557346	0.2127063204
	0.2066996217	0.2008137966	0.195156025	0.1898720286	0.1851564257
	0.1812606314	0.1784901835	0.1771757202	0.1775981433	0.1798714795
	0.1838518362	0.1891728372	0.1953993618	0.2021664142	0.209220869
	0.2164009871	0.2236054792	0.2307703943	0.2378544769	0.2448303715
	0.2516794298	0.258388633	0.264948726	0.2713530457	0.2775967562
	0.2836763332	0.2895892046	0.2953334965	0.30090785	0.3063112897
	0.3115431283	0.3166028941	0.3214902761	0.3262050838	0.3307472182
	0.3351166489	0.3393133975	0.3433375245	0.3471891188	0.3508682902
	0.3543751629	0.3577098709	0.360872554	0.3638633549	0.3666824166
	0.3693298805	0.371805885	0.3741105642	0.3762440467	0.3782064554
	0.3799979062	0.3816185083	0.383068363	0.3843475639	0.3854561958
	0.3863943325	0.3871620324	0.3877593267	0.3881861947	0.3884425187
	0.3885280461	0.3420596973	0.3419737444	0.3417152773	0.3412838594
	0.3406793074	0.3399015542	0.3389505696	0.3378263303	0.3365288101
	0.3350579791	0.3334138038	0.3315962504	0.3296052869	0.327440887
	0.325103034	0.3225917255	0.3199069798	0.3170488424	0.3140173961
	0.310812771	0.3074351596	0.3038848342	0.3001621701	0.2962676745
	0.292202025	0.2879661192	0.28356114	0.2789886419	0.2742506662
	0.2693498944	0.2642898554	0.2590752048	0.2537121035	0.2482087333
	0.2425759978	0.2368284794	0.2309857411	0.2250740938	0.2191289787
	0.2131981379	0.2073457529	0.201657659	0.1962475451	0.1912635465
	0.1868936225	0.183366243	0.1809400387	0.1798732704	0.1803662513
	0.1824869972	0.1861221783	0.1910026975	0.1967959213	0.2031961948
	0.2099657739	0.21693499	0.2239873739	0.2310440309	0.2380514689
	0.2449731081	0.2517836391	0.2584653416	0.2650056777	0.2713957011
	0.277628987	0.283700902	0.289608096	0.2953481462	0.3009193032
	0.3063203125	0.3115502875	0.3166086132	0.321494874	0.3262088023
	0.3307502418	0.3351191198	0.3393154261	0.3433391971	0.3471905036
	0.3508694413	0.3543761238	0.3577106766	0.360873233	0.3638639306
	0.3666829083	0.3693303046	0.3718062552	0.3741108925	0.3762443438
	0.378206731	0.3799981698	0.3816187694	0.3830686325	0.3843478548
	0.3854565255	0.3863947257	0.3871625261	0.3877599763	0.3881870741
	0.3884436874	0.3885294198	0.3420581953	0.3419726735	0.341714666
	0.3412835617	0.3406792137	0.3399016037	0.3389507329	0.3378265961
	0.3365291779	0.3350584556	0.3334144017	0.3315969875	0.3296061867
	0.3274419789	0.3251043546	0.3225933203	0.3199089047	0.3170511671
	0.3140202067	0.3108161751	0.307439292	0.303889865	0.3001683149
	0.2962752086	0.2922113022	0.2879775972	0.2835754147	0.279006494
	0.2742731239	0.2693783193	0.264326058	0.2591216008	0.2537719232
	0.2482863001	0.2426770942	0.236960818	0.2311595542	0.2253028408
	0.2194301341	0.2135939596	0.2078638077	0.2023306944	0.1971120156
	0.1923557779	0.1882423768	0.1849807911	0.1827946573	0.1818934573
	0.1824280039	0.1844410901	0.1878396094	0.1924134509	0.1978948514
	0.2040209496	0.2105702341	0.2173720437	0.2243014586	0.2312695518
	0.2382138487	0.2450906349	0.2518692809	0.2585282348	0.265052252
	0.2714304911	0.2776552047	0.2837208351	0.2896233849	0.2953599748
	0.3009285311	0.3063275671	0.3115560321	0.3166131936	0.3214985502
	0.3262117709	0.3307526526	0.3351210877	0.3393170402	0.343340527
	0.3471916039	0.3508703555	0.3543768865	0.3577113159	0.3608737716
	0.3638643872	0.3666832984	0.369330641	0.371806549	0.3741111531
	0.3762445797	0.3782069499	0.3799983794	0.3816189777	0.3830688485
	0.3843480901	0.3854567958	0.3863950556	0.3871629562	0.3877605767
	0.3881879621	0.3884450155	0.3885311682	0.3420559227	0.341971356
	0.3417140218	0.341283271	0.3406791154	0.3399016258	0.3389508441
	0.3378267843	0.3365294412	0.3350587982	0.3334148324	0.3315975191
	0.3296068359	0.3274427671	0.3251053085	0.3225944728	0.3199102966
	0.3170528489	0.3140222412	0.3108186409	0.3074422875	0.3038935145
	0.3001727761	0.2962806834	0.2922180503	0.287985955	0.2835858205
	0.2790195225	0.274289533	0.2693991131	0.2643525722	0.2591556174
	0.2538158245	0.2483432719	0.2427513908	0.2370581006	0.2312873086
	0.2254708672	0.2196510739	0.2138837706	0.2082420108	0.2028200786
	0.1977373116	0.1931406381	0.1892039835	0.1861218525	0.1840939405
	0.18329861	0.1838571511	0.1857986291	0.1890426809	0.1934142342
	0.1986852937	0.204621591	0.2110147139	0.2176955803	0.224534915
	0.2314375182	0.2383348502	0.245178168	0.251932991	0.2585749483
	0.2650867828	0.2714562362	0.2776745692	0.2837355304	0.2896346364
	0.2953686659	0.3009353016	0.3063328823	0.3115602346	0.3166165397
	0.3215012326	0.3262139348	0.3307544084	0.33512252	0.3393182143
	0.3433414939	0.3471924036	0.3508710198	0.3543774408	0.3577117805
	0.3608741631	0.3638647192	0.366683582	0.3693308857	0.3718067627
	0.3741113427	0.3762447514	0.3782071095	0.3799985324	0.38161913
	0.383069007	0.3843482637	0.3854569977	0.3863953073	0.3871632969
	0.3877610848	0.3881888029	0.3884465101	0.3885336	0.3420521781
	0.3419698953	0.3417134623	0.3412830463	0.3406790391	0.3399016319
	0.3389509075	0.3378268956	0.3365295985	0.3350590037	0.3334150912
	0.3315978388	0.3296072268	0.3274432421	0.3251058836	0.3225951681
	0.3199111369	0.3170538649	0.314023471	0.3108201322	0.3074441004
	0.3038957246	0.3001754798	0.2962840038	0.2922221461	0.2879910317
	0.2835921463	0.2790274494	0.2742995252	0.2694117858	0.2643687439
	0.2591763805	0.2538426386	0.2483780876	0.2427968105	0.2371175815
	0.2313654118	0.2255735445	0.2197859685	0.2140604718	0.2084721501
	0.2031170736	0.1981154689	0.1936132496	0.1897800884	0.1868016689
	0.1848637974	0.1841275628	0.184698571	0.1865990473	0.1897556485
	0.1940119197	0.1991614344	0.2049862704	0.2112862955	0.2178941648
	0.2246786241	0.2315410732	0.2384094897	0.2452321526	0.2519722576
	0.2586037124	0.2651080221	0.2714720532	0.2776864523	0.283744538
	0.2896415259	0.2953739829	0.3009394409	0.3063361297	0.3115628
	0.3166185807	0.3215028677	0.3262152534	0.3307554781	0.3351233926
	0.3393189297	0.3433420831	0.3471928913	0.3508714251	0.3543777791
	0.3577120643	0.3608744025	0.3638649224	0.3666837558	0.3693310357
	0.3718068938	0.3741114592	0.3762448569	0.3782072075	0.3799986264
	0.3816192236	0.3830691046	0.384348371	0.3854571234	0.3863954664
	0.3871635194	0.38776144	0.3881894786	0.3884480673	0.3885374039
	0.3420452834	0.3419687995	0.3417131952	0.3412829562	0.3406790088
	0.3399016314	0.3389509266	0.3378269308	0.3365296489	0.33505907
	0.3334151752	0.331597943	0.3296073546	0.3274433978	0.3251060727
	0.3225953972	0.3199114143	0.3170542009	0.3140238785	0.3108206271
	0.3074447029	0.3038964602	0.3001763808	0.2962851116	0.292223514
	0.287992729	0.2835942633	0.2790301044	0.2743028746	0.2694160369
	0.2643741725	0.2591833544	0.2538516495	0.2483897923	0.2428120847
	0.2371375877	0.2313916817	0.2256080735	0.2198313129	0.2141198287
	0.2085493803	0.2032166035	0.1982419752	0.1937710124	0.189971917
	0.1870274217	0.1851187936	0.1844015915	0.1849764995	0.1868636557
	0.1899919436	0.1942107459	0.1993204808	0.205108549	0.2113776396
	0.2179611081	0.2247271411	0.2315760642	0.2384347201	0.2452504022
	0.25198553	0.2586134325	0.2651151977	0.2714773957	0.2776904654
	0.2837475799	0.2896438527	0.2953757791	0.3009408402	0.3063372288
	0.3115636691	0.3166192728	0.321503423	0.326215702	0.3307558428
	0.3351236908	0.339319175	0.3433422859	0.3471930597	0.3508715657
	0.354377897	0.3577121637	0.3608744868	0.3638649943	0.3666838176
	0.3693310894	0.3718069409	0.3741115012	0.376244895	0.3782072429
	0.3799986602	0.3816192571	0.3830691392	0.3843484087	0.3854571673
	0.386395522	0.3871635983	0.3877615733	0.3881897829	0.3884491858
	0.3885442303	