3131	
	0.3190490483	0.3189515431	0.3186853919	0.3182460155	0.3176324101
	0.3168442075	0.315881197	0.3147432164	0.3134301167	0.3119417486
	0.3102779554	0.3084385701	0.3064234133	0.3042322925	0.3018650025
	0.299321326	0.2966010363	0.2937039011	0.2906296893	0.2873781812
	0.2839491839	0.2803425545	0.2765582346	0.2725962996	0.2684570315
	0.2641410233	0.2596493291	0.2549836788	0.2501467834	0.245142769
	0.2399777882	0.2346608782	0.2292051552	0.2236294591	0.2179605844
	0.212236244	0.2065088818	0.200850347	0.1953571906	0.190155854
	0.1854062176	0.181300878	0.1780564868	0.1758934518	0.1750030112
	0.1755077032	0.1774302624	0.1806875085	0.1851129486	0.1904951813
	0.1966146714	0.2032690086	0.2102855861	0.2175249543	0.2248787242
	0.2322650019	0.2396232093	0.2469092568	0.2540914671	0.2611473257
	0.268060987	0.2748214076	0.281420974	0.2878545062	0.2941185403
	0.3002108162	0.3061299131	0.311874992	0.3174456133	0.3228416095
	0.3280629955	0.3331099063	0.3379825535	0.3426811953	0.3472061161
	0.3515576126	0.3557359837	0.359741525	0.3635745239	0.3672352576
	0.3707239909	0.3740409756	0.3771864496	0.3801606372	0.3829637481
	0.3855959785	0.38805751	0.3903485106	0.392469134	0.3944195199
	0.3961997934	0.3978100647	0.3992504282	0.4005209608	0.4016217189
	0.4025527321	0.4033139903	0.4039054102	0.4043267293	0.4045770433
	0.404651957	0.3190420746	0.3189504213	0.3186851057	0.3182459065
	0.3176323596	0.3168441842	0.31588119	0.3147432211	0.313430131
	0.3119417716	0.310277987	0.3084386103	0.3064234624	0.3042323507
	0.3018650699	0.2993214022	0.2966011201	0.2937039903	0.2906297796
	0.2873782656	0.283949251	0.2803425869	0.2765582054	0.2725961688
	0.2684567399	0.2641404841	0.2596484162	0.2549822099	0.2501444966
	0.2451392902	0.2399725855	0.2346532003	0.2291939482	0.2236132581
	0.2179373771	0.2122033109	0.20646263	0.2007861825	0.1952695154
	0.1900383402	0.1852525729	0.1811063321	0.1778200485	0.1756204431
	0.1747064703	0.1752067934	0.17714535	0.1804345025	0.184900242
	0.1903240657	0.1964816655	0.2031683254	0.2102109081	0.2174704342
	0.2248394153	0.232236947	0.2396033585	0.2468953198	0.2540817554
	0.261140611	0.2680563848	0.2748182856	0.2814188834	0.2878531297
	0.2941176548	0.3002102653	0.306129588	0.3118748171	0.3174455366
	0.3228415954	0.3280630198	0.3331099528	0.3379826114	0.3426812578
	0.3472061788	0.3515576729	0.3557360401	0.3597415769	0.3635745711
	0.3672353002	0.3707240292	0.37404101	0.3771864807	0.3801606653
	0.3829637738	0.3855960021	0.3880575322	0.3903485318	0.3924691547
	0.3944195406	0.3961998148	0.3978100876	0.3992504538	0.4005209908
	0.401621756	0.4025527816	0.4033140636	0.4039055381	0.4043270274
	0.4045781505	0.4046587364	0.3190382488	0.3189488998	0.3186844912
	0.3182456259	0.3176322227	0.3168441225	0.3158811755	0.3147432413
	0.3134301803	0.3119418477	0.3102780892	0.3084387391	0.3064236186
	0.3042325351	0.3018652826	0.2993216423	0.2966013844	0.2937042719
	0.2906300664	0.2873785368	0.2839494736	0.280342709	0.2765581485
	0.2725958149	0.2684559144	0.2641389312	0.2596457634	0.254977919
	0.2501377941	0.2451290699	0.2399572748	0.2346305756	0.2291608879
	0.2235654172	0.2178687776	0.2121058545	0.2063255838	0.2005957586
	0.195008801	0.1896880245	0.1847931399	0.1805224787	0.1771076596
	0.174794811	0.1738073395	0.1742937821	0.1762821007	0.179670233
	0.1842601114	0.1898110238	0.1960842054	0.2028682817	0.2099888499
	0.2173085933	0.224722881	0.2321538586	0.2395446118	0.2468540973
	0.2540530416	0.2611207631	0.2680427823	0.2748090576	0.2814127018
	0.2878490564	0.2941150304	0.3002086283	0.3061286168	0.3118742887
	0.3174452974	0.3228415404	0.3280630778	0.333110076	0.3379827684
	0.3426814281	0.3472063499	0.351557837	0.3557361932	0.3597417168
	0.3635746975	0.3672354135	0.3707241304	0.3740411002	0.3771865613
	0.3801607378	0.3829638396	0.3855960627	0.3880575889	0.3903485862
	0.3924692083	0.394419595	0.396199872	0.39781015	0.3992505247
	0.400521075	0.4016218615	0.4025529227	0.4033142695	0.4039058772
	0.4043276859	0.4045796856	0.4046625042	0.3190358783	0.3189474918
	0.3186837588	0.3182452435	0.3176320248	0.3168440327	0.3158811581
	0.3147432792	0.3134302656	0.311941977	0.310278262	0.3084389563
	0.3064238816	0.3042328456	0.3018656411	0.2993220475	0.2966018315
	0.2937047506	0.2906305573	0.2873790072	0.2839498706	0.28034295
	0.2765581073	0.272595302	0.2684546491	0.2641365012	0.2596415683
	0.2549710902	0.2501270818	0.2451126856	0.2399326722	0.2345941497
	0.2291075679	0.2234881275	0.2177577491	0.2119477903	0.206102742
	0.2002851314	0.1945817801	0.1891112827	0.1840319071	0.1795477588
	0.1759085608	0.1733944944	0.1722745444	0.1727358489	0.1748143006
	0.1783795245	0.1831877344	0.1889581974	0.195427909	0.2023755207
	0.2096257192	0.2170448155	0.2245334396	0.232019065	0.2394494665
	0.2467874286	0.2540066622	0.2610887436	0.2680208664	0.2747942111
	0.2814027734	0.2878425285	0.2941108368	0.3002060233	0.3061270813
	0.3118734632	0.3174449344	0.3228414707	0.328063187	0.3331102875
	0.3379830318	0.342681711	0.347206632	0.3515581065	0.3557364435
	0.3597419451	0.3635749031	0.3672355972	0.3707242938	0.3740412456
	0.377186691	0.3801608541	0.3829639451	0.3855961597	0.3880576798
	0.3903486733	0.3924692942	0.3944196825	0.396199964	0.3978102506
	0.399250639	0.4005212105	0.4016220301	0.4025531447	0.403314583
	0.4039063594	0.4043285002	0.4045811506	0.4046649007	0.3190342558
	0.3189463026	0.3186830281	0.31824482	0.3176317936	0.3168439278
	0.3158811441	0.3147433378	0.3134303879	0.3119421598	0.3102785051
	0.3084392612	0.306424251	0.3042332819	0.3018661459	0.2993226196
	0.2966024655	0.2937054334	0.2906312644	0.2873796962	0.2839504723
	0.2803433561	0.2765581513	0.2725947333	0.2684530953	0.2641334145
	0.2596361499	0.2549621822	0.2501130163	0.245091072	0.2399001009
	0.2345457835	0.2290365836	0.2233849694	0.217609157	0.2117355891
	0.2058024423	0.1998645322	0.1940000375	0.1883194	0.1829763766
	0.1781800801	0.1742037845	0.1713787818	0.1700494412	0.1704708227
	0.1726930029	0.1765349633	0.1816750605	0.1877698822	0.1945228317
	0.2017015449	0.2091322227	0.2166881155	0.2242782513	0.2318380466
	0.239322014	0.2466983157	0.2539447927	0.2610461147	0.267991751
	0.2747745357	0.2813896555	0.2878339373	0.2941053476	0.3002026408
	0.3061251135	0.3118724314	0.3174445095	0.3228414283	0.3280633755
	0.3331106058	0.3379834136	0.3426821139	0.3472070298	0.3515584837
	0.3557367921	0.3597422617	0.3635751874	0.3672358506	0.3707245189
	0.3740414454	0.3771868688	0.3801610135	0.3829640893	0.3855962922
	0.3880578039	0.3903487923	0.3924694115	0.3944198017	0.3962000896
	0.3978103875	0.3992507939	0.400521393	0.4016222543	0.4025534336
	0.4033149756	0.4039069244	0.4043293533	0.4045824422	0.4046666104
	0.319033063	0.318945323	0.3186823545	0.3182443978	0.3176315537
	0.3168438208	0.31588114	0.3147434202	0.3134305487	0.3119423961
	0.3102788177	0.308439653	0.3064247257	0.3042338436	0.3018667972
	0.2993233606	0.2966032909	0.2937063293	0.2906322031	0.287380629
	0.2839513188	0.2803439885	0.2765583726	0.2725942456	0.2684514542
	0.2641299647	0.2596299332	0.2549518074	0.2500964753	0.2450654807
	0.2398613366	0.2344879808	0.2289514399	0.2232608022	0.2174296498
	0.2114781769	0.2054363374	0.1993485241	0.1932804968	0.1873295193
	0.1816388609	0.1764176139	0.171964349	0.1686812521	0.1670333498
	0.1673937243	0.1698374907	0.1740937268	0.179711234	0.1862539652
	0.1933846605	0.2008634025	0.2085237497	0.2162511857	0.2239672517
	0.2316183285	0.2391678299	0.2465908268	0.2538703694	0.2609949784
	0.2679569313	0.2747510897	0.2813740936	0.2878238059	0.2940989283
	0.3001987351	0.3061228892	0.3118713142	0.3174441053	0.322841469
	0.3280636805	0.3331110553	0.3379839294	0.3426826464	0.3472075487
	0.3515589717	0.3557372404	0.359742667	0.36357555	0.3672361728
	0.3707248043	0.3740416982	0.3771870935	0.3801612145	0.3829642711
	0.385596459	0.3880579599	0.3903489418	0.3924695587	0.3944199513
	0.3962002467	0.3978105582	0.3992509862	0.4005216172	0.4016225257
	0.4025537749	0.4033154223	0.4039075299	0.4043301899	0.4045835679
	0.4046679404	0.3190321433	0.3189445189	0.3186817582	0.318244002
	0.3176313231	0.3168437227	0.3158811522	0.3147435294	0.3134307487
	0.3119426858	0.310279199	0.3084401302	0.3064253045	0.3042345296
	0.3018675953	0.2993242726	0.296604313	0.2937074486	0.2906333916
	0.2873818354	0.2839524568	0.2803449195	0.2765588807	0.2725940021
	0.2684499665	0.2641265036	0.2596234291	0.2549407033	0.2500785177
	0.2450374252	0.2398185322	0.2344237883	0.2288564216	0.2231216039
	0.2172274781	0.2111867653	0.2050193105	0.1987561481	0.1924460339
	0.1861659971	0.1800385785	0.1742604866	0.1691490216	0.1651984628
	0.1630662844	0.1633336308	0.1661203459	0.1709930948	0.1772838671
	0.184424362	0.1920364815	0.1998845943	0.2078206918	0.2157503997
	0.2236130191	0.2313693101	0.2389938108	0.2464699587	0.2537869797
	0.2609378928	0.2679182216	0.2747251542	0.2813569887	0.2878127654
	0.2940920189	0.3001946115	0.3061206195	0.3118702563	0.3174438202
	0.322841659	0.3280641461	0.3331116647	0.3379845975	0.3426833197
	0.3472081952	0.3515595736	0.3557377894	0.3597431609	0.36357599
	0.3672365626	0.3707251487	0.3740420026	0.3771873635	0.3801614557
	0.3829644889	0.3855966586	0.3880581464	0.3903491202	0.3924697342
	0.3944201293	0.3962004331	0.39781076	0.3992512117	0.4005218776
	0.4016228359	0.4025541559	0.4033159032	0.4039081494	0.4043309887
	0.4045845592	0.4046690407	0.3190314116	0.3189438565	0.3186812416
	0.3182436457	0.3176311137	0.3168436419	0.3158811853	0.3147436676
	0.3134309886	0.311943028	0.3102796473	0.3084406908	0.306425985
	0.3042353382	0.3018685394	0.2993253567	0.2966055366	0.2937088015
	0.2906348485	0.2873833471	0.2839539374	0.2803462284	0.2765597962
	0.2725941835	0.2684488998	0.2641234238	0.2596172094	0.2549296972
	0.2500603348	0.2450086128	0.2397741245	0.234356669	0.228756426
	0.2229742587	0.2170122409	0.2108745846	0.2045692774	0.1981109752
	0.191526122	0.1848621517	0.1782048685	0.1717143764	0.1657032215
	0.1607751954	0.1578957984	0.1580191436	0.1613463378	0.1671458942
	0.174382423	0.1823049946	0.1905111831	0.1987961159	0.2070487052
	0.2152057127	0.2232305447	0.2311020168	0.2388079536	0.2463414568
	0.2536987229	0.2608777675	0.2678776784	0.2746981769	0.2813393563
	0.2878015254	0.2940851135	0.3001906123	0.3061185399	0.3118694189
	0.3174437635	0.3228420716	0.3280648206	0.3331124654	0.3379854375
	0.3426841456	0.3472089758	0.3515602926	0.3557384402	0.3597437427
	0.363576506	0.3672370181	0.37072555	0.3740423565	0.3771876768
	0.380161735	0.3829647407	0.3855968891	0.3880583615	0.3903493257
	0.392469936	0.3944203335	0.3962006463	0.3978109896	0.3992514666
	0.4005221688	0.4016231773	0.4025545657	0.4033164044	0.4039087678
	0.4043317449	0.4045854465	0.4046699917	0.3190308172	0.3189433075
	0.3186807997	0.3182433339	0.3176309323	0.3168435835	0.3158812425
	0.3147438363	0.3134312681	0.3119434213	0.3102801604	0.308441332
	0.3064267644	0.3042362668	0.3018696277	0.2993266134	0.2966069654
	0.2937103974	0.290636592	0.2873851955	0.2839558122	0.2803479967
	0.2765612444	0.2725949789	0.2684485353	0.2641211393	0.2596118786
	0.2549196667	0.2500431942	0.2449808666	0.2397307255	0.2342903524
	0.2286567602	0.2228262889	0.2167945478	0.2105564928	0.2041068128
	0.1974409471	0.190557339	0.1834623104	0.1761819803	0.1687981658
	0.161564378	0.1551949565	0.1511463107	0.1510417922	0.1552317848
	0.1624404229	0.1710061215	0.1799359842	0.1888544432	0.1976374533
	0.2062387769	0.2146403774	0.2228368641	0.2308287552	0.2386190702
	0.2462115927	0.253610043	0.2608177401	0.26783751	0.2746717075
	0.2813222803	0.2877908415	0.2940787366	0.3001870999	0.3061168993
	0.3118689716	0.3174440496	0.322842783	0.3280657539	0.3331134891
	0.337986469	0.3426851354	0.3472098965	0.3515611312	0.3557391928
	0.3597444115	0.3635770963	0.367237537	0.3707260057	0.3740427573
	0.3771880308	0.3801620501	0.3829650243	0.3855971483	0.3880586031
	0.3903495562	0.392470162	0.3944205616	0.3962008835	0.3978112439
	0.3992517468	0.4005224854	0.4016235431	0.4025549959	0.4033169162
	0.4039093776	0.404332461	0.4045862546	0.40467084	0.3190303266
	0.3189428493	0.3186804238	0.3182430663	0.3176307817	0.3168435503
	0.3158813256	0.3147440355	0.3134315861	0.3119438636	0.3102807352
	0.3084420501	0.3064276387	0.3042373115	0.3018708574	0.2993280413
	0.2966086012	0.2937122436	0.2906386379	0.2873874097	0.28395813
	0.2803503029	0.2765633476	0.2725965744	0.2684491521	0.2641200635
	0.2596080439	0.2549114971	0.2500283792	0.2449560395	0.2396910017
	0.234228666	0.2285629068	0.2226855352	0.216585593	0.2102484351
	0.2036545341	0.1967778592	0.1895834759	0.1820238682	0.1740358614
	0.1655594563	0.1566871638	0.1482067337	0.1423374287	0.1418652607
	0.1474128208	0.156756616	0.1671800559	0.1773825129	0.187127951
	0.1964572046	0.2054269093	0.2140803848	0.2224505138	0.2305626626
	0.2384364383	0.2460869031	0.2535255371	0.2607610379	0.2677999775
	0.2746473267	0.2813068628	0.2877814794	0.2940734179	0.3001844387
	0.3061159468	0.3118690832	0.3174447918	0.322843868	0.3280669944
	0.3331147662	0.3379877103	0.3426862994	0.3472109621	0.3515620907
	0.3557400467	0.3597451652	0.363577758	0.3672381165	0.3707265128
	0.3740432021	0.3771884228	0.3801623983	0.3829653372	0.3855974338
	0.3880588687	0.3903498093	0.3924704095	0.3944208108	0.3962011419
	0.3978115195	0.3992520484	0.400522823	0.4016239279	0.4025554403
	0.4033174326	0.4039099759	0.4043331422	0.4045870026	0.4046716151
	0.3190299159	0.3189424635	0.3186801045	0.3182428398	0.3176306615
	0.3168435429	0.3158814344	0.3147442644	0.3134319407	0.3119443518
	0.3102813678	0.3084428405	0.3064286027	0.3042384669	0.3018722233
	0.2993296368	0.2966104433	0.2937143438	0.2906409978	0.2873900133
	0.2839609332	0.2803532174	0.2765662177	0.2725991431	0.2684510125
	0.2641205883	0.2596062841	0.2549060367	0.250017126	0.2449359248
	0.2396575465	0.2341753535	0.2284802664	0.2225597919	0.2163966436
	0.2099667417	0.2032361861	0.1961563213	0.1886548558	0.1806186721
	0.1718626216	0.162102292	0.1511121109	0.1396567521	0.1310746434
	0.1300100997	0.1375568013	0.1500216492	0.1629830737	0.1747455888
	0.1854119304	0.1953128186	0.2046531953	0.2135535458	0.2220907854
	0.2303171452	0.2382693922	0.2459738965	0.2534497465	0.2607108296
	0.2677672901	0.2746265721	0.2812941713	0.2877741777	0.2940696662
	0.3001829773	0.3061159193	0.311869913	0.3174460956	0.3228453954
	0.3280685858	0.3331163234	0.3379891766	0.3426876452	0.3472121755
	0.351563171	0.3557409998	0.3597460008	0.3635784878	0.3672387527
	0.3707270677	0.3740436873	0.3771888494	0.3801627764	0.3829656763
	0.3855977427	0.3880591557	0.3903500822	0.3924706761	0.3944210786
	0.3962014186	0.3978118132	0.3992523679	0.4005231774	0.4016243271
	0.4025558942	0.4033179501	0.4039105622	0.4043337945	0.4045877052
	0.4046723371	0.319029567	0.3189421349	0.318679832	0.3182426493
	0.3176305696	0.3168435598	0.3158815675	0.3147445209	0.3134323288
	0.311944882	0.3102820532	0.3084436972	0.3064296497	0.3042397261
	0.3018737187	0.2993313939	0.2966124873	0.2937166976	0.2906436776
	0.2873930228	0.2839642544	0.2803567975	0.276569949	0.2726028344
	0.2684543469	0.2641230621	0.2596071193	0.2549040537	0.2500105614
	0.2449221666	0.2396327516	0.2341338892	0.2284138875	0.2224564122
	0.2162384595	0.2097272748	0.2028754042	0.1956120523	0.1878263761
	0.1793323922	0.169795969	0.1586254496	0.1450928267	0.1297935199
	0.117556487	0.1155895331	0.1256923371	0.1423371694	0.1585869381
	0.172171208	0.1838052328	0.1942687999	0.203960072	0.2130881559
	0.2217767759	0.2301052183	0.238126867	0.2458787381	0.2533869387
	0.2606700738	0.2677414992	0.2746108644	0.2812851874	0.2877696122
	0.2940679441	0.30018303	0.3061170284	0.3118716018	0.317448053
	0.3228474238	0.328070564	0.3331181816	0.3379908788	0.3426891773
	0.3472135371	0.3515643699	0.3557420485	0.3597469141	0.3635792812
	0.3672394413	0.3707276661	0.374044209	0.3771893068	0.380163181
	0.3829660385	0.3855980721	0.3880594613	0.3903503723	0.3924709589
	0.394421362	0.3962017106	0.3978121219	0.3992527017	0.4005235449
	0.401624737	0.4025563545	0.4033184669	0.4039111375	0.4043344237
	0.4045883737	0.4046730203	0.3190292649	0.3189418503	0.3186795969
	0.3182424889	0.3176305021	0.3168435983	0.3158817225	0.3147448019
	0.3134327467	0.3119454494	0.3102827857	0.3084446134	0.306430772
	0.3042410802	0.3018753341	0.2993333031	0.2966147251	0.2937192991
	0.290646676	0.2873964446	0.283968113	0.2803610828	0.2765746121
	0.272607765	0.2684593403	0.2641277708	0.2596109825	0.2549061959
	0.2500096445	0.244916176	0.2396186846	0.2341072973	0.2283681985
	0.222381905	0.2161206764	0.2095444671	0.2025941894	0.1951794586
	0.1871538124	0.1782598905	0.1680066099	0.1554505501	0.1392314167
	0.1196416956	0.1032287019	0.1000699491	0.1127621757	0.1341939468
	0.1542991298	0.1698512249	0.1824207052	0.1933927768	0.2033896393
	0.2127112572	0.221526269	0.2299387795	0.2380169204	0.2458069308
	0.2533408917	0.2606413714	0.2677243969	0.2746014372	0.2812807578
	0.2877683611	0.294068644	0.3001848607	0.3061194495	0.3118742638
	0.3174507369	0.3228499979	0.3280729549	0.3331203541	0.3379928221
	0.3426908958	0.3472150439	0.3515656829	0.3557431876	0.3597478995
	0.3635801324	0.3672401769	0.370728303	0.3740447625	0.377189791
	0.3801636083	0.3829664203	0.3855984188	0.3880597823	0.3903506766
	0.3924712549	0.3944216581	0.3962020149	0.3978124425	0.3992530467
	0.4005239225	0.4016251546	0.4025568187	0.403318982	0.4039117037
	0.4043350351	0.4045890171	0.4046736753	0.3190289968	0.3189415979
	0.3186793898	0.3182423518	0.3176304542	0.3168436547	0.3158818956
	0.3147451036	0.3134331896	0.3119460484	0.3102835583	0.308445581
	0.3064319599	0.3042425185	0.3018770577	0.2993353519	0.2966171437
	0.2937221363	0.2906499834	0.2874002741	0.2839725129	0.2803660913
	0.2765802474	0.2726140102	0.2684661206	0.2641349205	0.2596181957
	0.2549129549	0.2500151151	0.2449190554	0.2396169779	0.2340979888
	0.2283467607	0.222341553	0.216051201	0.2094303294	0.2024112185
	0.1948886319	0.1866882812	0.1774948455	0.1666838328	0.1529969935
	0.1344703587	0.1110404072	0.09082478836	0.08640255468	0.1009635788
	0.1266918241	0.1505940649	0.168009319	0.1813740998	0.192749238
	0.2029801395	0.2124466081	0.2213545264	0.2298278672	0.2379462642
	0.2457630111	0.253314693	0.2606268309	0.2677174241	0.2745992734
	0.2812815503	0.2877708753	0.2940720674	0.3001886681	0.3061233107
	0.3118779797	0.3174541955	0.3228531445	0.3280757713	0.3331228449
	0.3379950051	0.3426927959	0.3472166894	0.3515671026	0.3557444095
	0.3597489497	0.3635810349	0.3672409534	0.3707289728	0.3740453429
	0.3771902972	0.3801640541	0.3829668178	0.3855987791	0.3880601154
	0.390350992	0.3924715613	0.3944219639	0.3962023285	0.397812772
	0.3992534	0.4005243072	0.4016255777	0.4025572856	0.4033194955
	0.4039122629	0.4043356337	0.4045896428	0.4046743108	0.319028751
	0.318941367	0.3186792017	0.3182422309	0.3176304205	0.3168437243
	0.3158820825	0.3147454213	0.3134336523	0.3119466724	0.3102843632
	0.3084465905	0.3064332024	0.3042440282	0.3018788748	0.2993375238
	0.2966197252	0.2937251902	0.2906535807	0.2874044935	0.2839774401
	0.2803718165	0.2765868613	0.2726215974	0.2684747488	0.2641446237
	0.2596289491	0.254924637	0.2500274519	0.2449315374	0.2396287386
	0.2341076239	0.2283520588	0.2223390847	0.216035675	0.2093935387
	0.2023402	0.1947621688	0.1864695393	0.1771141791	0.1659956509
	0.1516741629	0.1318148155	0.106036991	0.08331513854	0.07783662721
	0.09314341448	0.1214652983	0.1480875615	0.1668695447	0.1807670729
	0.1923915573	0.2027620027	0.2123125917	0.2212731182	0.2297799731
	0.2379198431	0.245750284	0.2533105667	0.2606279539	0.2677215938
	0.2746050536	0.2812880184	0.2877774533	0.2940784071	0.3001945735
	0.3061286853	0.3118827906	0.3174584492	0.3228568705	0.3280790118
	0.3331256474	0.3379974185	0.3426948674	0.3472184632	0.351568619
	0.3557457047	0.359750056	0.3635819807	0.3672417635	0.3707296691
	0.3740459444	0.3771908205	0.3801645139	0.3829672271	0.3855991494
	0.3880604573	0.3903513151	0.3924718748	0.3944222765	0.3962026484
	0.3978131075	0.3992537589	0.4005246967	0.4016260042	0.4025577539
	0.4033200076	0.4039128173	0.404336224	0.4045902574	0.404674934
	0.3190285168	0.3189411471	0.3186790237	0.3182421189	0.3176303949
	0.316843802	0.3158822784	0.3147457497	0.3134341286	0.3119473143
	0.3102851919	0.3084476316	0.3064344872	0.3042455945	0.3018807682
	0.2993397988	0.2966224466	0.2937284349	0.290657439	0.2874090716
	0.2839828617	0.2803782252	0.276594423	0.2726305021	0.2684852126
	0.2641568897	0.2596432875	0.2549413433	0.2500468422	0.2449539405
	0.2396544822	0.2341370139	0.2283853482	0.2223764296	0.2160770714
	0.2094387313	0.2023885485	0.1948124533	0.186519748	0.1771617423
	0.1660403992	0.1517285301	0.1318927507	0.1059631178	0.08261393766
	0.07644193872	0.091421544	0.1200165547	0.1473625218	0.1666070255
	0.1806680823	0.1923539488	0.2027541696	0.2123203863	0.2212889441
	0.2297994868	0.2379405049	0.245770617	0.2533297433	0.2606455493
	0.2677374335	0.2746191167	0.2813003748	0.2877882232	0.2940877352
	0.3002026126	0.3061355856	0.3118886943	0.317463487	0.3228611605
	0.3280826588	0.3331287439	0.3380000451	0.342697094	0.3472203503
	0.3515702186	0.3557470613	0.3597512079	0.3635829606	0.3672425995
	0.370730385	0.374046561	0.3771913556	0.380164983	0.3829676438
	0.3855995258	0.3880608044	0.3903516428	0.3924721923	0.3944225927
	0.3962029718	0.3978134461	0.3992541205	0.4005250886	0.4016264325
	0.4025582229	0.4033205191	0.4039133694	0.4043368102	0.4045908665
	0.4046755513	0.3190282834	0.3189409281	0.3186788467	0.3182420084
	0.3176303712	0.3168438824	0.315882478	0.3147460833	0.3134346122
	0.3119479663	0.3102860348	0.3084486927	0.3064358003	0.3042472007
	0.3018827179	0.2993421531	0.2966252799	0.2937318372	0.2906615196
	0.2874139629	0.2839887249	0.2803852566	0.2766028628	0.2726406452
	0.268497423	0.2641716197	0.2596611029	0.254962958	0.2500731658
	0.2449861448	0.2396940967	0.2341860656	0.2284465703	0.2224535851
	0.2161754718	0.2095661107	0.2025566378	0.1950400853	0.1868397361
	0.177638138	0.1668154309	0.1531416531	0.1346513926	0.1108105629
	0.08893723842	0.08257170413	0.09625677189	0.122842018	0.1486681188
	0.1672896317	0.1810974325	0.1926456599	0.2029615397	0.2124727416
	0.2214035986	0.229887345	0.2380087946	0.2458243158	0.2533723796
	0.2606796816	0.2677649515	0.2746414373	0.2813185753	0.287803132
	0.2940999959	0.3002127302	0.3061439595	0.3118956429	0.3174692659
	0.322865976	0.3280866786	0.3331321048	0.3380028592	0.3426994537
	0.3472223318	0.3515718851	0.3557484655	0.3597523936	0.3635839645
	0.3672434523	0.370731113	0.3740471861	0.3771918968	0.3801654564
	0.3829680636	0.3855999045	0.388061153	0.3903519715	0.3924725106
	0.3944229094	0.3962032955	0.3978137849	0.3992544824	0.4005254806
	0.4016268608	0.4025586919	0.4033210307	0.4039139215	0.4043373964
	0.4045914757	0.4046761686	0.3190280404	0.3189407	0.318678662
	0.3182418918	0.3176303432	0.3168439598	0.3158826758	0.3147464161
	0.3134350961	0.3119486203	0.3102868819	0.3084497616	0.3064371266
	0.3042488284	0.3018847014	0.2993445595	0.296628192	0.2937353571
	0.2906657738	0.2874191085	0.2839949579	0.2803928228	0.2766120726
	0.2726518931	0.2685112141	0.2641886061	0.2596821334	0.2549891475
	0.2501059928	0.2450275892	0.2397468388	0.2342537766	0.2285343457
	0.2225686064	0.216328054	0.2097714329	0.2028377883	0.1954338857
	0.1874091153	0.1785014728	0.1682213088	0.1556491344	0.139406534
	0.1192368529	0.1006797322	0.09482490125	0.1063855861	0.1291641702
	0.1517555942	0.1688449451	0.1820223387	0.1932493034	0.2033742175
	0.2127636189	0.2216131895	0.2300409327	0.2381228985	0.24591009
	0.2534375385	0.2607296583	0.2678036279	0.2746716206	0.2813423164
	0.2878219437	0.2941150041	0.3002247799	0.3061536902	0.3119035427
	0.31747571	0.3228712556	0.328091021	0.333135689	0.338005827
	0.3427019185	0.3472243845	0.3515735993	0.3557499011	0.3597535994
	0.3635849809	0.3672443126	0.3707318448	0.3740478128	0.377192438
	0.380165929	0.3829684819	0.3856002812	0.3880614994	0.3903522979
	0.3924728264	0.3944232236	0.3962036166	0.3978141212	0.3992548418
	0.4005258705	0.4016272876	0.4025591604	0.403321543	0.403914476
	0.4043379867	0.4045920903	0.4046767918	0.3190277766	0.3189404523
	0.3186784604	0.3182417616	0.3176303046	0.3168440288	0.3158828664
	0.3147467424	0.3134355735	0.3119492677	0.3102877227	0.3084508253
	0.3064384499	0.3042504576	0.3018866941	0.2993469877	0.2966311454
	0.2937389483	0.290670144	0.2874244364	0.2840014704	0.2804008099
	0.2766219077	0.2726640606	0.2685263469	0.2642075376	0.2597059701
	0.2550193696	0.2501445968	0.2450772903	0.2398113617	0.2343382783
	0.2286460422	0.2227177203	0.2165292895	0.2100463691	0.2032189814
	0.1959724509	0.188190106	0.1796782339	0.1700970205	0.1588600936
	0.1451965316	0.1292319875	0.1149213433	0.1102639198	0.119316931
	0.1374178009	0.1560196696	0.1710817106	0.183363558	0.1941236896
	0.2039687397	0.2131787772	0.2219086427	0.2302542542	0.2382787448
	0.2460251155	0.2535232282	0.2607940554	0.2678524329	0.2747089138
	0.2813710428	0.2878442452	0.2941324498	0.3002385271	0.3061645988
	0.311912256	0.3174827128	0.3228769159	0.3280956203	0.3331394444
	0.338008907	0.342704455	0.3472264815	0.3515753393	0.3557513501
	0.3597548108	0.3635859977	0.3672451701	0.3707325721	0.374048434
	0.3771929732	0.3801663953	0.382968894	0.3856006518	0.3880618399
	0.3903526184	0.3924731365	0.3944235321	0.3962039321	0.3978144521
	0.399255196	0.400526256	0.4016277112	0.4025596276	0.4033220568
	0.4039150354	0.4043385855	0.4045927162	0.4046774275	0.3190274804
	0.318940174	0.3186782326	0.3182416105	0.3176302494	0.3168440842
	0.3158830448	0.3147470562	0.3134360374	0.3119498999	0.3102885465
	0.3084518701	0.3064397534	0.3042520673	0.3018886697	0.2993494047
	0.2966340989	0.2937425588	0.2906745648	0.2874298636	0.284008156
	0.280409081	0.2766321906	0.2726769155	0.2685425154	0.2642280083
	0.2597320698	0.2550528917	0.2501879816	0.2451338816	0.2398857731
	0.234436924	0.2287779141	0.2228955492	0.2167713213	0.2103791775
	0.2036821381	0.1966267933	0.1891335846	0.1810788427	0.1722644497
	0.16239185	0.151175258	0.1390481643	0.1287858765	0.1255981584
	0.1323634604	0.1460122265	0.1607854533	0.1737498629	0.1850105981
	0.1952100714	0.2047109417	0.2136971804	0.2222764442	0.2305183489
	0.2384702498	0.2461651866	0.2536265	0.2608707816	0.2679098695
	0.2747522363	0.2814039686	0.2878694608	0.2941519082	0.3002536563
	0.3061764493	0.3119216049	0.3174901391	0.3228828536	0.328100397
	0.3331433092	0.3380120508	0.342707025	0.3472285923	0.3515770808
	0.3557527931	0.3597560117	0.3635870019	0.3672460143	0.370733286
	0.3740490421	0.3771934961	0.38016685	0.3829692953	0.3856010122
	0.3880621707	0.3903529297	0.3924734375	0.3944238317	0.3962042388
	0.3978147744	0.3992555423	0.4005266344	0.4016281295	0.4025600923
	0.4033225722	0.4039156018	0.4043391971	0.4045933597	0.4046780827
	0.3190271386	0.3189398529	0.318677969	0.3182414313	0.3176301725
	0.3168441216	0.3158832064	0.3147473524	0.3134364813	0.3119505085
	0.3102893423	0.3084528824	0.3064410197	0.3042536354	0.3018906006
	0.2993517756	0.2966370083	0.2937461325	0.2906789643	0.2874352973
	0.284014895	0.2804174796	0.2766427155	0.2726901858	0.2685593571
	0.2642495313	0.2597597744	0.2550888181	0.2502349201	0.2451956699
	0.2399677198	0.2345464158	0.2289252963	0.2230954203	0.2170444724
	0.2107555779	0.204205704	0.1973634071	0.1901854551	0.1826118764
	0.1745618035	0.1659497009	0.1568066825	0.1477186613	0.1406279014
	0.1387191161	0.1437552615	0.1538840617	0.1655231826	0.1766039594
	0.18684125	0.1964402264	0.2055597992	0.2142929527	0.2226996994
	0.2308218981	0.2386896813	0.2463249422	0.2537435935	0.260957175
	0.2679740383	0.2748002239	0.2814401078	0.2878968737	0.2941728552
	0.3002697821	0.3061889563	0.3119313771	0.3174978298	0.3228889485
	0.3281052597	0.3331472135	0.3380152044	0.3427095866	0.3472306842
	0.3515787977	0.3557542094	0.3597571858	0.3635879802	0.367246834
	0.3707339774	0.3740496298	0.3771940004	0.3801672879	0.3829696811
	0.3856013584	0.3880624881	0.3903532282	0.3924737262	0.3944241193
	0.3962045338	0.3978150852	0.3992558776	0.400527003	0.4016285401
	0.4025605531	0.4033230893	0.4039161775	0.4043398265	0.4045940284
	0.404678766	0.319026736	0.3189394756	0.3186776597	0.3182412175
	0.3176300692	0.3168441372	0.3158833472	0.3147476261	0.3134368988
	0.3119510853	0.3102900996	0.3084538484	0.3064422312	0.3042551396
	0.3018924583	0.2993540643	0.2966398275	0.2937496102	0.290683266
	0.2874406384	0.2840215573	0.2804258345	0.2766532556	0.2727035683
	0.2685764648	0.2642715561	0.2597883353	0.255126125	0.2502840039
	0.2452607074	0.2400544917	0.2346629594	0.2290828391	0.2233097287
	0.2173378253	0.2111597058	0.2047662815	0.1981471633	0.1912919305
	0.1841936305	0.1768590584	0.1693417772	0.161844597	0.1549734719
	0.1500857373	0.1490790555	0.1529450606	0.1606056963	0.1699184494
	0.1794460453	0.1887399969	0.1977445747	0.2064714645	0.2149375386
	0.2231593521	0.2311519454	0.2389281029	0.2464981489	0.2538701219
	0.2610501259	0.2680427217	0.2748512865	0.2814783147	0.2879256543
	0.2941946874	0.3002864632	0.3062017957	0.3119413329	0.3175056066
	0.3228950673	0.328110108	0.333151081	0.3380183095	0.342712095
	0.3472327223	0.351580463	0.3557555774	0.3597583158	0.3635889188
	0.3672476184	0.3707346374	0.3740501896	0.3771944798	0.3801677035
	0.3829700468	0.3856016862	0.3880627885	0.3903535107	0.3924739995
	0.3944243918	0.3962048139	0.3978153814	0.3992561988	0.4005273586
	0.4016289402	0.4025610077	0.4033236073	0.4039167641	0.4043404791
	0.4045947312	0.4046794882	0.319026254	0.3189390265	0.3186772945
	0.3182409635	0.3176299367	0.3168441288	0.3158834645	0.3147478733
	0.3134372841	0.3119516223	0.3102908078	0.3084547546	0.3064433705
	0.3042565578	0.3018942144	0.2993562343	0.2966425095	0.2937529311
	0.2906873909	0.2874457833	0.2840280067	0.280433965	0.2766635695
	0.2727167392	0.2685934008	0.2642934886	0.2598169416	0.2551636999
	0.2503337004	0.2453268724	0.2401431396	0.2347824367	0.2292447643
	0.2235303239	0.2176398144	0.2115750409	0.2053401055	0.1989436632
	0.1924031405	0.1857527463	0.1790595209	0.1724577474	0.1662232655
	0.1609083626	0.1574638431	0.1570258733	0.1601363166	0.1661658007
	0.1738330749	0.1821388123	0.1906096845	0.199058526	0.2074027843
	0.2156017394	0.2236354064	0.231494653	0.2391758538	0.2466780135
	0.25400128	0.2611462181	0.2681134802	0.2749036752	0.2815173305
	0.2879548933	0.294216745	0.300303219	0.3062146156	0.3119512136
	0.3175132784	0.3229010678	0.3281148354	0.3331548316	0.3380213054
	0.3427145036	0.3472346709	0.3515820489	0.3557568756	0.3597593847
	0.3635898042	0.3672483565	0.370735257	0.3740507142	0.3771949284
	0.3801680918	0.3829703881	0.3856019919	0.3880630685	0.3903537739
	0.3924742543	0.3944246462	0.396205076	0.3978156596	0.3992565022
	0.4005276975	0.4016293259	0.4025614527	0.4033241242	0.4039173627
	0.4043411606	0.4045954795	0.4046802636	0.3190256684	0.3189384869
	0.3186768635	0.3182406655	0.3176297738	0.3168440957	0.3158835569
	0.3147480911	0.3134376325	0.3119521125	0.3102914574	0.308455588
	0.3064444208	0.3042578683	0.301895841	0.2993582498	0.2966450079
	0.2937560347	0.2906912598	0.2874506278	0.2840341048	0.2804416869
	0.2766734103	0.2727293651	0.2686097135	0.2643147133	0.2598447509
	0.2552003859	0.250382414	0.2453919581	0.240230601	0.234900586
	0.2294051261	0.2237488906	0.2179387868	0.2119852325	0.2059042481
	0.1997209162	0.193475132	0.1872312571	0.1810946198	0.1752401384
	0.169960057	0.1657270845	0.1632143462	0.1631205178	0.1657458758
	0.1707121011	0.1772307769	0.1845966885	0.1923749784	0.2003261253
	0.2083138569	0.2162573992	0.2241080254	0.2318360222	0.2394230288
	0.2468575064	0.2541320645	0.2612418806	0.2681837581	0.2749555558
	0.2815558355	0.287983638	0.2942383383	0.3003195483	0.3062270505
	0.3119607512	0.3175206477	0.322906804	0.3281193332	0.3331583839
	0.3380241307	0.3427167659	0.3472364942	0.3515835278	0.3557580825
	0.3597603757	0.363590623	0.3672490376	0.3707358278	0.3740511966
	0.3771953403	0.380168448	0.3829707009	0.3856022718	0.3880633247
	0.3903540147	0.3924744876	0.3944248795	0.3962053169	0.3978159165
	0.3992567843	0.4005280155	0.4016296927	0.4025618836	0.4033246366
	0.4039179729	0.404341877	0.4045962879	0.4046811122	0.3190249453
	0.3189378335	0.3186763577	0.3182403228	0.3176295824	0.3168440395
	0.3158836243	0.3147482773	0.3134379398	0.3119525495	0.3102920391
	0.3084563367	0.3064453664	0.3042590504	0.3018973116	0.2993600761
	0.2966472776	0.2937588624	0.2906947955	0.2874550697	0.284039716
	0.2804488184	0.2766825332	0.2727411154	0.2686249531	0.2643346164
	0.2598709222	0.2552350264	0.2504285504	0.2454537611	0.2403138258
	0.23501318	0.2295580622	0.2239573026	0.2182234978	0.212374782
	0.2064375151	0.2004503818	0.1944706444	0.1885836422	0.182917073
	0.1776617667	0.1730987151	0.1696217727	0.1677171103	0.1678324735
	0.1701416021	0.1744065087	0.1801193627	0.1867697806	0.193980394
	0.2015012715	0.2091695469	0.2168786339	0.2245584321	0.232162531
	0.2396599231	0.2470296721	0.2542574912	0.2613335401	0.2682509911
	0.2750050856	0.2815925026	0.2880109308	0.2942587745	0.3003349485
	0.3062387343	0.3119696783	0.3175275183	0.322912131	0.328123494
	0.3331616577	0.3380267251	0.3427188364	0.3472381578	0.3515848731
	0.3557591776	0.3597612727	0.3635913627	0.3672496517	0.3707363416
	0.3740516303	0.3771957102	0.3801687675	0.3829709812	0.3856025225
	0.3880635542	0.3903542305	0.3924746966	0.3944250888	0.3962055338
	0.3978161487	0.399257041	0.4005283079	0.401630035	0.4025622941
	0.4033251382	0.4039185917	0.4043426335	0.4045971754	0.4046820633
	0.3190240336	0.3189370379	0.3186757714	0.3182399397	0.3176293687
	0.3168439646	0.3158836685	0.3147484313	0.3134382028	0.3119529276
	0.310292545	0.3084569895	0.3064461926	0.3042600853	0.3018986014
	0.2993616811	0.2966492768	0.2937613589	0.2906979254	0.2874590127
	0.2840447115	0.2804551866	0.2766907051	0.2727516736	0.2686386889
	0.2643526087	0.2598946476	0.2552665106	0.2504705789	0.2455101692
	0.2403898977	0.2351161933	0.2296980248	0.2241479363	0.2184835265
	0.2127295696	0.2069210514	0.2011075002	0.1953590908	0.189775061
	0.1844948352	0.1797114497	0.1756841441	0.1727397332	0.1712395754
	0.1714854225	0.1735840982	0.1773774043	0.1825199509	0.1886301086
	0.1953863268	0.2025473787	0.2099401383	0.2174426176	0.2249695865
	0.2324616603	0.2398774248	0.247187915	0.2543728015	0.2614177688
	0.2683127116	0.2750504876	0.2816260514	0.2880358478	0.2942773854
	0.300348935	0.3062493148	0.3119777379	0.3175337018	0.3229169102
	0.3281272153	0.3331645768	0.3380290317	0.342720672	0.3472396288
	0.35158606	0.3557601416	0.3597620609	0.3635920115	0.3672501896
	0.3707367911	0.3740520092	0.3771960331	0.3801690462	0.3829712256
	0.3856027409	0.388063754	0.3903544184	0.3924748789	0.3944252716
	0.3962057236	0.3978163528	0.3992572683	0.4005285696	0.4016303461
	0.4025626757	0.4033256196	0.4039192115	0.4043434325	0.4045981669
	0.4046831639	0.3190228479	0.3189360659	0.3186751066	0.3182395287
	0.3176291437	0.316843878	0.3158836929	0.3147485534	0.3134384192
	0.3119532424	0.3102929681	0.3084575368	0.3064468865	0.3042609559
	0.3018996882	0.299363036	0.2966509674	0.2937634744	0.2907005833
	0.2874623689	0.2840489737	0.2804606335	0.2766977122	0.2727607493
	0.2686505248	0.2643681486	0.2599151837	0.2552938162	0.2505070918
	0.2455592432	0.2404561464	0.2352059547	0.2298199829	0.2243139348
	0.2187096069	0.2130372367	0.2073387091	0.2016718615	0.1961161076
	0.1907794464	0.1858064737	0.1813859263	0.1777539369	0.1751849361
	0.1739575331	0.1742869284	0.1762436193	0.1797157984	0.1844542735
	0.1901624196	0.1965651011	0.2034362989	0.2106014002	0.2179300028
	0.2253266532	0.2327223033	0.2400673409	0.2473262486	0.2544736473
	0.2614914207	0.2683666478	0.2750901231	0.2816552996	0.2880575353
	0.2942935538	0.3003610608	0.3062584673	0.3119846933	0.3175390253
	0.3229210145	0.3281304033	0.3331670716	0.3380309985	0.3427222339
	0.347240878	0.351587066	0.3557609574	0.3597627269	0.363592559
	0.367250643	0.3707371696	0.3740523281	0.3771963046	0.3801692805
	0.382971431	0.3856029245	0.388063922	0.3903545763	0.3924750321
	0.3944254254	0.3962058837	0.3978165257	0.3992574621	0.4005287949
	0.4016306183	0.4025630176	0.4033260666	0.4039198173	0.4043442694
	0.4045992928	0.4046844941	0.3190212313	0.3189348829	0.3186743832
	0.3182391145	0.317628925	0.3168437901	0.3158837023	0.3147486448
	0.3134385877	0.31195349	0.3102933024	0.3084579704	0.3064474372
	0.3042616477	0.3019005531	0.2993641157	0.296652317	0.2937651659
	0.2907027122	0.287465062	0.2840524004	0.2804650212	0.2767033678
	0.2727680888	0.2686601144	0.2643807617	0.2599318795	0.2553160484
	0.2505368582	0.2455992899	0.2405102458	0.2352792784	0.2299195937
	0.2244494226	0.2188938788	0.213287445	0.2076772356	0.2021271506
	0.1967229234	0.1915777816	0.1868378694	0.1826855341	0.1793368986
	0.1770280626	0.1759836271	0.1763669714	0.1782283849	0.1814834084
	0.1859405565	0.1913586717	0.1974977614	0.2041470462	0.211134321
	0.21832508	0.2256172951	0.2329350656	0.240222658	0.2474395044
	0.2545562519	0.2615517512	0.2684108124	0.2751225556	0.2816792099
	0.2880752437	0.2943067379	0.3003709333	0.3062659068	0.3119903371
	0.3175433371	0.3229243329	0.3281329762	0.3331690815	0.3380325804
	0.3427234881	0.3472418797	0.3515878717	0.3557616099	0.3597632591
	0.3635929963	0.3672510049	0.3707374716	0.3740525825	0.3771965212
	0.3801694673	0.3829715947	0.3856030708	0.3880640558	0.3903547022
	0.3924751543	0.3944255482	0.3962060117	0.3978166644	0.3992576183
	0.4005289783	0.4016308431	0.4025633069	0.4033264596	0.4039203826
	0.4043451226	0.4046005846	0.4046862039	0.3190188652	0.3189334796
	0.3186736563	0.318238739	0.3176287362	0.3168437128	0.3158837024
	0.3147487072	0.3134387074	0.3119536678	0.3102935435	0.3084582837
	0.3064478357	0.3042621491	0.3019011807	0.2993649003	0.2966532989
	0.2937663984	0.2907042656	0.28746703	0.2840549082	0.2804682371
	0.2767075193	0.2727734842	0.268667174	0.2643900594	0.2599442016
	0.2553324742	0.2505588701	0.2456289249	0.2405502984	0.235333573
	0.2299933407	0.2245496714	0.2190300705	0.2134720412	0.2079263446
	0.2024609778	0.1971657125	0.1921566864	0.1875799458	0.1836119335
	0.180453824	0.1783158592	0.1773889339	0.1778060374	0.1796062504
	0.1827209687	0.1869926584	0.1922148349	0.1981716931	0.2046646057
	0.2115247045	0.2186157759	0.2258318373	0.2330924741	0.2403377393
	0.2475234976	0.2546175417	0.2615965189	0.2684435781	0.275146607
	0.2816969303	0.2880883577	0.2943164923	0.3003782302	0.3062713993
	0.3119944991	0.3175465131	0.3229267743	0.328134867	0.333170557
	0.3380337405	0.3427244072	0.3472426131	0.3515884613	0.3557620873
	0.3597636485	0.3635933161	0.3672512697	0.3707376926	0.3740527687
	0.3771966798	0.3801696042	0.3829717147	0.3856031781	0.388064154
	0.3903547946	0.3924752439	0.3944256382	0.3962061056	0.3978167663
	0.3992577335	0.4005291144	0.4016310122	0.4025635293	0.4033267733
	0.4039208649	0.404345937	0.4046020496	0.4046886005	0.3190150421
	0.318931961	0.3186730452	0.3182384627	0.3176286051	0.316843659
	0.3158836988	0.3147487426	0.313438778	0.3119537738	0.3102936879
	0.3084584719	0.3064480756	0.3042624515	0.3019015598	0.2993653749
	0.2966538936	0.2937671459	0.290705209	0.2874682268	0.2840564352
	0.2804701979	0.2767100534	0.2727767815	0.2686714927	0.2643957529
	0.2599517538	0.2553425492	0.2505723802	0.2456471224	0.2405749006
	0.235366927	0.2300386388	0.2246112218	0.219113624	0.2135851529
	0.2080787178	0.2026646757	0.1974350283	0.1925073383	0.1880271472
	0.1841668972	0.1811186393	0.1790777516	0.1782166713	0.1786523989
	0.180418329	0.1834541341	0.1876201944	0.1927290493	0.1985789602
	0.2049789631	0.2117627592	0.2187935735	0.225963346	0.2331891121
	0.2404084663	0.2475751532	0.2546552488	0.2616240649	0.2684637382
	0.2751614025	0.2817078279	0.2880964194	0.2943224861	0.3003827118
	0.3062747711	0.3119970528	0.3175484611	0.3229282711	0.328136026
	0.3331714613	0.3380344516	0.3427249707	0.3472430631	0.3515888233
	0.3557623807	0.359763888	0.3635935131	0.3672514331	0.3707378293
	0.3740528841	0.3771967783	0.3801696894	0.3829717896	0.3856032451
	0.3880642153	0.3903548522	0.3924752998	0.3944256943	0.3962061639
	0.3978168295	0.3992578049	0.400529199	0.4016311179	0.4025636706
	0.4033269794	0.4039212042	0.4043465956	0.4046035848	0.4046923683
	0.3190080692	0.3189308401	0.3186727602	0.3182383553	0.3176285565
	0.3168436384	0.3158836955	0.3147487525	0.3134387995	0.3119538069
	0.3102937337	0.3084585322	0.306448153	0.3042625497	0.3019016834
	0.2993655304	0.2966540892	0.2937673926	0.2907055214	0.2874686242
	0.2840569436	0.2804708521	0.2767109006	0.2727778857	0.2686729411
	0.2643976647	0.2599542924	0.2553459388	0.2505769286	0.2456532522
	0.240583191	0.2353781692	0.2300539076	0.2246319662	0.2191417747
	0.2136232398	0.2081299792	0.202733119	0.1975253704	0.1926247182
	0.1881764659	0.1843516575	0.1813392946	0.1793299213	0.1784901019
	0.178931837	0.1806867594	0.1836971001	0.187828839	0.1929005877
	0.1987152267	0.2050844025	0.2118427614	0.2188534148	0.2260076579
	0.2332217016	0.2404323328	0.2475925922	0.2546679834	0.2616333707
	0.2684705508	0.2751664039	0.2817115131	0.2880991468	0.2943245153
	0.3003842304	0.3062759149	0.3119979205	0.3175491242	0.3229287819
	0.3281364227	0.333171772	0.338034697	0.3427251661	0.3472432201
	0.3515889505	0.3557624846	0.3597639736	0.3635935843	0.3672514927
	0.3707378796	0.374052927	0.3771968154	0.3801697218	0.3829718183
	0.3856032709	0.388064239	0.3903548744	0.3924753212	0.3944257155
	0.3962061857	0.3978168527	0.3992578307	0.4005292291	0.4016311552
	0.4025637202	0.4033270528	0.4039213321	0.4043468938	0.404604692
	0.4046991476	