3131	
	0.3138957533	0.3137980615	0.3135314049	0.3130911969	0.3124764339
	0.3116867501	0.310721939	0.3095818435	0.3082663212	0.3067752311
	0.3051084269	0.3032657543	0.3012470499	0.299052141	0.2966808472
	0.2941329822	0.2914083586	0.2885067941	0.2854281216	0.2821722036
	0.2787389543	0.2751283708	0.2713405787	0.2673758976	0.263234935
	0.2589187207	0.2544288972	0.2497679907	0.244939794	0.2399499055
	0.2348064833	0.229521295	0.2241111632	0.2185999307	0.2130210817
	0.2074211418	0.2018639079	0.1964353669	0.1912487849	0.1864487856
	0.1822122875	0.1787431295	0.1762567649	0.1749529236	0.1749792879
	0.1763975208	0.1791677645	0.1831601711	0.1881864093	0.1940356189
	0.2005029642	0.2074068153	0.2145959382	0.2219499496	0.229376129
	0.2368047903	0.2441845204	0.2514779262	0.2586581208	0.2657059576
	0.2726079223	0.2793545599	0.2859393217	0.2923577263	0.2986067563
	0.3046844265	0.3105894752	0.316321146	0.3218790327	0.3272629699
	0.3324729559	0.3375090988	0.3423715782	0.347060619	0.3515764729
	0.3559194055	0.3600896875	0.3640875889	0.3679133744	0.3715673011
	0.3750496165	0.3783605572	0.381500348	0.3844692019	0.3872673192
	0.3898948875	0.3923520816	0.3946390635	0.3967559817	0.3987029716
	0.4004801546	0.4020876379	0.4035255132	0.4047938553	0.4058927188
	0.4068221318	0.4075820832	0.4081724888	0.4085930858	0.408842971
	0.4089177561	0.313888761	0.3137969329	0.3135311135	0.3130910826
	0.3124763776	0.3116867205	0.3107219247	0.3095818397	0.3082663256
	0.3067752423	0.3051084443	0.3032657775	0.3012470783	0.2990521741
	0.2966808838	0.2941330204	0.2914083953	0.2885068245	0.285428138
	0.2821721944	0.2787389022	0.2751282501	0.2713403516	0.2673755092
	0.2632343058	0.2589177359	0.2544273925	0.2497657315	0.2449364467
	0.239944998	0.2347993505	0.2295110063	0.224096426	0.2185789689
	0.2129914899	0.2073797273	0.2018065533	0.1963569817	0.1911434669
	0.1863103758	0.1820355367	0.1785255982	0.1760012031	0.1746691175
	0.1746836752	0.1761095809	0.1789046978	0.1829330085	0.1879992202
	0.1938870373	0.2003884363	0.2073205216	0.2145320508	0.2219032902
	0.2293424125	0.2367806322	0.2441673311	0.2514657684	0.2586495685
	0.2656999737	0.2726037587	0.279351681	0.2859373456	0.2923563821
	0.2986058525	0.3046838279	0.310589087	0.3163209019	0.3218788863
	0.3272628889	0.3324729181	0.3375090889	0.3423715858	0.3470606371
	0.3515764968	0.3559194321	0.3600897149	0.3640876158	0.3679134002
	0.3715673255	0.3750496393	0.3783605784	0.3815003678	0.3844692205
	0.3872673367	0.3898949043	0.392352098	0.3946390797	0.3967559982
	0.3987029887	0.400480173	0.4020876582	0.4035255366	0.4047938834
	0.4058927542	0.4068221798	0.407582155	0.4081726152	0.4085933823
	0.4088440753	0.4089245231	0.3138849142	0.3137953949	0.3135304837
	0.3130907863	0.3124762237	0.3116866397	0.3107218885	0.3095818347
	0.3082663452	0.3067752832	0.3051085044	0.3032658556	0.3012471731
	0.2990522836	0.2966810047	0.2941331473	0.2914085192	0.2885069309
	0.2854282046	0.2821721873	0.2787387701	0.2751279173	0.2713397068
	0.2673743902	0.2632324776	0.25891486	0.2544229834	0.2497590958
	0.2449265984	0.2399305403	0.2347783154	0.2294806367	0.2240528891
	0.21851699	0.2129039102	0.2072570179	0.2016363762	0.1961239937
	0.1908297259	0.1858969089	0.1815057715	0.1778711603	0.175229491
	0.173809595	0.173787187	0.1752369091	0.1781092514	0.1822483713
	0.1874370418	0.1934422802	0.2000465948	0.2070635593	0.2143421652
	0.22176481	0.2292424551	0.2367090695	0.2441164406	0.2514297874
	0.2586242632	0.2656822681	0.2725914371	0.2793431574	0.2859314904
	0.2923523941	0.2986031654	0.3046820427	0.3105879234	0.3163201636
	0.3218784364	0.3272626326	0.3324727896	0.3375090431	0.3423715919
	0.3470606745	0.3515765516	0.3559194953	0.3600897809	0.364087681
	0.3679134626	0.3715673841	0.3750496939	0.378360629	0.3815004148
	0.3844692645	0.3872673784	0.3898949444	0.3923521374	0.3946391194
	0.3967560393	0.3987030325	0.4004802211	0.4020877128	0.4035256008
	0.4047939618	0.4058928546	0.4068223163	0.4075823567	0.4081729503
	0.4085940364	0.4088456047	0.4089282814	0.313882517	0.3137939618
	0.3135297265	0.313090378	0.3124759976	0.3116865184	0.3107218351
	0.3095818309	0.3082663814	0.3067753544	0.3051086077	0.3032659891
	0.3012473348	0.2990524706	0.296681212	0.2941333662	0.2914087355
	0.2885071217	0.2854283341	0.2821722009	0.2787385859	0.2751274133
	0.2713387038	0.2673726268	0.2632295747	0.2589102713	0.2544159244
	0.2497484458	0.2449107616	0.2399072549	0.2347443898	0.2294315925
	0.2239824863	0.2184166152	0.2127618237	0.2070575003	0.2013589038
	0.1957427408	0.1903139678	0.1852132873	0.1806237714	0.1767730973
	0.1739247054	0.1723477302	0.1722587738	0.1737518437	0.1767627919
	0.181097714	0.1864991664	0.1927052882	0.1994833703	0.206642142
	0.2140318922	0.2215391785	0.2290799503	0.2365929276	0.2440339608
	0.2513715364	0.2585833333	0.2656536539	0.2725715394	0.2793294037
	0.2859220503	0.2923459703	0.2985988416	0.3046791737	0.3105860562
	0.3163189813	0.3218777182	0.327262225	0.3324725868	0.3375089725
	0.3423716041	0.3470607361	0.3515766406	0.3559195973	0.3600898867
	0.3640877852	0.367913562	0.3715674772	0.3750497802	0.3783607088
	0.3815004889	0.3844693336	0.3872674439	0.3898950075	0.3923521996
	0.3946391823	0.3967561046	0.3987031024	0.4004802982	0.4020878006
	0.403525704	0.4047940877	0.4058930147	0.4068225308	0.4075826632
	0.4081734257	0.4085948439	0.4088470619	0.4089306688	0.3138808609
	0.3137927394	0.3135289621	0.3130899189	0.3124757276	0.31168637
	0.3107217714	0.3095818318	0.3082664361	0.3067754569	0.3051087549
	0.3032661787	0.3012475646	0.2990527371	0.2966815088	0.2941336824
	0.2914090526	0.2885074098	0.2854285464	0.2821722655	0.2787383942
	0.2751268038	0.2713374386	0.2673703581	0.2632257979	0.2589042576
	0.2544066272	0.2497343671	0.2448897668	0.2398763133	0.2346992173
	0.2293661629	0.2238883758	0.2182821436	0.2125709725	0.2067886348
	0.2009834311	0.1952240523	0.189607398	0.1842684537	0.1793915139
	0.1752198975	0.1720560304	0.1702336552	0.1700397388	0.1716025247
	0.1748312128	0.1794660455	0.1851848006	0.1916832679	0.1987091469
	0.2060669061	0.2136106906	0.2212341807	0.228861007	0.2364368511
	0.2439233481	0.2512935486	0.2585286157	0.2656154522	0.2725450102
	0.2793110918	0.2859095015	0.2923374471	0.298593118	0.3046753872
	0.3105836019	0.3163174362	0.3218767878	0.3272617051	0.3324723366
	0.3375088954	0.3423716346	0.3470608302	0.3515767692	0.3559197415
	0.3600900345	0.3640879295	0.3679136989	0.3715676049	0.3750498982
	0.3783608176	0.3815005895	0.3844694276	0.3872675327	0.3898950931
	0.3923522839	0.3946392675	0.3967561932	0.3987031974	0.400480403
	0.4020879198	0.4035258437	0.4047942569	0.4058932273	0.4068228092
	0.4075830463	0.4081739817	0.4085956879	0.4088483441	0.4089323685
	0.3138796274	0.313791719	0.3135282464	0.3130894519	0.3124754387
	0.3116862081	0.3107217046	0.3095818414	0.3082665114	0.306775592
	0.3051089467	0.3032664252	0.3012478638	0.2990530853	0.2966818993
	0.2941341027	0.2914094815	0.2885078126	0.285428868	0.2821724209
	0.2787382544	0.2751261764	0.2713360389	0.2673677695	0.2632214145
	0.2588972034	0.2543956416	0.2497176436	0.2448647265	0.2398392881
	0.2346450093	0.2292874382	0.2237748396	0.2181194394	0.2123392557
	0.206460804	0.2005231042	0.1945835944	0.1887267706	0.1830765452
	0.1778132318	0.173194685	0.1695741021	0.1673842629	0.1670311033
	0.1687027463	0.1722599735	0.1773310531	0.1834939712	0.190387849
	0.1977395898	0.2053533454	0.213092019	0.2208607092	0.2285940676
	0.2362472021	0.2437893055	0.2511992545	0.2584625885	0.2655694407
	0.2725131177	0.2792891229	0.2858944818	0.2923272746	0.2985863113
	0.3046709054	0.3105807157	0.3163156365	0.3218757203	0.3272611246
	0.3324720742	0.3375088358	0.3423716996	0.3470609675	0.3515769442
	0.3559199321	0.3600902268	0.3640881154	0.367913874	0.3715677673
	0.3750500477	0.378360955	0.3815007163	0.3844695456	0.3872676442
	0.3898952004	0.3923523895	0.3946393743	0.3967563042	0.3987033162
	0.4004805339	0.4020880681	0.4035260166	0.4047944644	0.4058934839
	0.4068231374	0.407583481	0.408174576	0.4085965136	0.4088494588
	0.4089336872	0.3138786599	0.3137908666	0.3135276	0.3130890027
	0.3124751495	0.3116860444	0.3107216417	0.3095818636	0.3082666094
	0.3067757609	0.3051091839	0.3032667294	0.3012482336	0.2990535177
	0.2966823878	0.2941346349	0.291410035	0.2885083503	0.2854293302
	0.2821727144	0.2787382373	0.2751256353	0.2713346577	0.2673650835
	0.2632167463	0.2588895716	0.2543836308	0.2496992219	0.2448369873
	0.2397980871	0.2345844575	0.2291991952	0.2236471401	0.2179357659
	0.2120765613	0.2060871991	0.1999949737	0.1938422854	0.1876954192
	0.1816586721	0.1758973411	0.170674854	0.1664037792	0.1636662404
	0.1630716716	0.1649147061	0.1689662994	0.1746621938	0.1814292039
	0.1888368849	0.1965968105	0.2045223618	0.2124934863	0.2204327075
	0.2282897699	0.2360319043	0.2436376412	0.251092864	0.2583882791
	0.2655177834	0.2724774019	0.2792645886	0.2858777629	0.2923159966
	0.2985788037	0.3046659961	0.3105775847	0.3163137122	0.3218746057
	0.3272605454	0.3324718422	0.3375088225	0.3423718184	0.3470611606
	0.3515771739	0.3559201743	0.3600904668	0.3640883445	0.367914088
	0.3715679646	0.3750502284	0.3783611205	0.3815008685	0.384469687
	0.3872677775	0.3898953284	0.3923525155	0.3946395014	0.3967564362
	0.3987034572	0.4004806888	0.4020882429	0.403526219	0.4047947047
	0.4058937765	0.4068235026	0.4075839476	0.4081751821	0.4085972995
	0.4088504374	0.4089347749	0.3138778738	0.313790149	0.3135270261
	0.3130885851	0.3124748728	0.3116858879	0.3107215885	0.3095819018
	0.3082667321	0.3067759644	0.305109467	0.3032670919	0.3012486753
	0.2990540368	0.2966829791	0.2941352871	0.2914107268	0.2885090448
	0.285429967	0.2821731982	0.2787384212	0.2751252969	0.2713334657
	0.2673625488	0.2632121538	0.2588818816	0.2543713408	0.2496801693
	0.2448080705	0.2397548722	0.2345206224	0.2291057494	0.2235113308
	0.2177395543	0.2117945143	0.2056836035	0.1994199494	0.1930266877
	0.1865445174	0.1800454792	0.1736599127	0.1676331771	0.1624352661
	0.1588712658	0.1579045859	0.16002326	0.1648289373	0.1714207995
	0.1789986448	0.1870571101	0.1953108584	0.2036008575	0.211836936
	0.2199670242	0.2279607257	0.2358002227	0.243475078	0.2509792145
	0.258309147	0.2654629433	0.2724396099	0.279238725	0.2858602165
	0.2923042264	0.2985710255	0.3046609602	0.3105744187	0.3163118089
	0.3218735447	0.3272600369	0.3324716876	0.3375088872	0.342372012
	0.3470614233	0.3515774671	0.3559204734	0.3600907574	0.3640886184
	0.3679143415	0.3715681966	0.3750504399	0.3783613134	0.3815010453
	0.3844698508	0.3872679315	0.3898954761	0.3923526605	0.3946396476
	0.3967565878	0.3987036187	0.4004808655	0.4020884413	0.4035264471
	0.4047949725	0.4058940975	0.4068238943	0.4075844323	0.4081757852
	0.4085980412	0.4088513105	0.4089357117	0.3138772188	0.3137895386
	0.3135265201	0.3130882046	0.312474616	0.311685745	0.3107215492
	0.3095819586	0.3082668806	0.306776203	0.305109796	0.3032675127
	0.3012491894	0.2990546445	0.2966836774	0.2941360672	0.2914115703
	0.2885099183	0.2854308137	0.2821739264	0.2787388876	0.2751252829
	0.2713326423	0.2673604282	0.2632080185	0.2588746853	0.2543595658
	0.2496616244	0.244779604	0.2397119637	0.2344568032	0.2290117783
	0.2233740216	0.2175401048	0.2115061191	0.2052680264	0.1988225649
	0.1921692341	0.1853144341	0.1782806654	0.171130973	0.1640440197
	0.1575200451	0.1526913028	0.1511396437	0.1537069813	0.1596795186
	0.1675639452	0.1762218204	0.1850879189	0.193921464	0.2026222433
	0.2111483693	0.2194831208	0.2276211912	0.2355624678	0.2433090129
	0.2508635838	0.2582289435	0.2654075788	0.2724016212	0.2792128574
	0.2858427757	0.2922926192	0.2985634354	0.3046561181	0.3105714406
	0.3163100813	0.3218726438	0.3272596717	0.3324716599	0.3375090632
	0.3423723025	0.34706177	0.3515778326	0.355920835	0.3600911016
	0.3640889386	0.3679146348	0.3715684632	0.3750506814	0.3783615326
	0.3815012456	0.3844700357	0.387268105	0.3898956422	0.3923528232
	0.3946398113	0.3967567571	0.3987037986	0.4004810618	0.4020886606
	0.4035266972	0.4047952631	0.4058944405	0.4068243042	0.4075849257
	0.408176378	0.4085987412	0.408852103	0.4089365445	0.313876662
	0.3137890132	0.3135260741	0.3130878619	0.3124743829	0.3116856193
	0.3107215266	0.3095820357	0.3082670557	0.3067764766	0.3051101704
	0.3032679914	0.301249776	0.2990553418	0.2966844858	0.2941369819
	0.2914125781	0.2885109916	0.2854319038	0.2821749514	0.2787397171
	0.2751257139	0.2713323668	0.2673589848	0.2632047248	0.25886854
	0.2543491101	0.2496447442	0.2447532471	0.239671736	0.234396391
	0.2289221178	0.2232420998	0.2173472134	0.2112252818	0.2048601382
	0.1982304404	0.1913080788	0.1840559014	0.1764254999	0.1683656496
	0.1599029973	0.1514930164	0.1447314676	0.1422540062	0.1455354246
	0.1533098846	0.1630582228	0.1731399288	0.1829864664	0.192479826
	0.2016266615	0.2104575857	0.2190025756	0.2272866051	0.2353296176
	0.2431472254	0.2507514734	0.258151553	0.265354429	0.2723653645
	0.2791883422	0.2858263924	0.2922818417	0.2985564995	0.3046517945
	0.3105688757	0.3163086848	0.3218720097	0.3272595227	0.3324718083
	0.3375093832	0.3423727114	0.3470622143	0.3515782791	0.3559212639
	0.3600915021	0.3640893059	0.3679149679	0.3715687636	0.375050952
	0.3783617769	0.3815014679	0.3844702404	0.3872682965	0.3898958251
	0.3923530021	0.3946399909	0.3967569424	0.398703995	0.4004812752
	0.4020888977	0.4035269657	0.404795572	0.4058948001	0.4068247263
	0.407585422	0.4081769577	0.4085994049	0.4088528341	0.4089373029
	0.3138761803	0.3137885554	0.3135256796	0.3130875547	0.3124741741
	0.3116855124	0.3107215221	0.3095821336	0.3082672572	0.3067767845
	0.305110589	0.3032685264	0.3012504339	0.2990561287	0.2966854061
	0.2941380363	0.29141376	0.2885122829	0.2854332674	0.2821763215
	0.278740984	0.2751267033	0.2713328086	0.2673584696	0.2632026403
	0.2588639812	0.2543407502	0.2496306496	0.244730613	0.2396365066
	0.2343427116	0.2288415398	0.2231224167	0.2171707324	0.2109662046
	0.204480472	0.1976733324	0.1904862917	0.182830452	0.1745638056
	0.1654620425	0.1552737542	0.1442673379	0.1346577882	0.1307539311
	0.1350793949	0.1455316643	0.1579147018	0.1698329842	0.1808339386
	0.1910499866	0.2006606265	0.2097973981	0.2185483267	0.2269729768
	0.2351128565	0.2429975409	0.2506483656	0.2580808199	0.2653061905
	0.272332731	0.2791665045	0.2858119939	0.2922725418	0.298550669
	0.3046483028	0.3105669407	0.3163077686	0.3218717445	0.327259659
	0.3324721789	0.3375098776	0.3423732581	0.3470627685	0.3515788137
	0.3559217639	0.3600919606	0.3640897207	0.3679153404	0.3715690968
	0.3750512502	0.3783620449	0.3815017108	0.3844704632	0.3872685044
	0.3898960231	0.3923531953	0.3946401845	0.3967571416	0.3987042056
	0.4004815033	0.4020891499	0.4035272494	0.4047958954	0.4058951722
	0.4068251561	0.4075859179	0.4081775241	0.4086000384	0.4088535186
	0.408938007	0.3138757563	0.3137881506	0.3135253275	0.3130872789
	0.3124739884	0.3116854243	0.3107215355	0.3095822518	0.308267484
	0.3067771249	0.3051110497	0.3032691156	0.3012511609	0.2990570036
	0.2966864382	0.2941392326	0.2914151229	0.2885138057	0.2854349287
	0.2821780767	0.2787427525	0.2751283502	0.2713341182	0.2673591072
	0.2632020974	0.2588614963	0.2543351959	0.2496203701	0.2447131906
	0.2396084245	0.2342988648	0.2287745196	0.2230214495	0.2170200771
	0.2107426653	0.2041493797	0.1971816784	0.1897500755	0.1817092193
	0.172805436	0.1625838231	0.1503698506	0.1360503413	0.1226032352
	0.1166784472	0.1222857495	0.1363530285	0.1522600176	0.1664448608
	0.1787418105	0.1897089428	0.1997756929	0.2092022825	0.2181436159
	0.2266961249	0.234923041	0.242867459	0.2505594659	0.2580203686
	0.2652653916	0.2723054858	0.2791485767	0.2858004396	0.2922653176
	0.2985463592	0.30464593	0.3105658333	0.3163074677	0.3218719395
	0.3272601419	0.3324728123	0.3375105728	0.3423739594	0.3470634425
	0.351579442	0.3559223378	0.3600924777	0.3640901827	0.367915751
	0.3715694613	0.3750515743	0.3783623348	0.3815019723	0.3844707023
	0.3872687267	0.3898962343	0.3923534009	0.3946403901	0.3967573528
	0.3987044283	0.4004817436	0.4020894143	0.4035275452	0.40479623
	0.4058955533	0.4068255909	0.4075864116	0.4081780783	0.4086006477
	0.4088541679	0.4089386713	0.3138753759	0.3137877865	0.3135250094
	0.3130870294	0.3124738232	0.3116853533	0.3107215657	0.309582389
	0.3082677342	0.3067774955	0.3051115495	0.3032697554	0.3012519535
	0.2990579629	0.2966875793	0.2941405702	0.2914166692	0.2885155679
	0.2854369042	0.2821802468	0.2787450722	0.2751307339	0.2713364186
	0.2673610846	0.2632033757	0.2588614993	0.2543330553	0.2496147936
	0.244702271	0.2395893632	0.2342675688	0.2287250067	0.2229449589
	0.216903707	0.2105672169	0.2038857789	0.1967846254	0.1891457451
	0.1807689075	0.1712839811	0.1599747957	0.1456409004	0.1276193733
	0.1097295753	0.1013570509	0.1081412866	0.1263175408	0.146448108
	0.1632111969	0.1768547973	0.1885441484	0.1990257287	0.2087063682
	0.2178106403	0.2264707912	0.2347701163	0.2427637656	0.2504894411
	0.2579734259	0.2652342708	0.2722851841	0.2791356393	0.2857924798
	0.2922606888	0.298543929	0.3046449229	0.3105657218	0.3163078963
	0.3218726714	0.3272610219	0.3324737411	0.3375114891	0.3423748273
	0.347064243	0.3515801671	0.3559229864	0.360093053	0.3640906904
	0.367916198	0.371569855	0.3750519222	0.3783626442	0.3815022502
	0.3844709555	0.3872689615	0.3898964568	0.3923536171	0.3946406057
	0.3967575738	0.3987046606	0.4004819936	0.4020896886	0.4035278504
	0.4047965731	0.4058959408	0.4068260284	0.4075869027	0.4081786224
	0.4086012384	0.4088547913	0.4089393066	0.3138750269	0.3137874521
	0.3135247167	0.3130868005	0.3124736746	0.3116852969	0.3107216106
	0.309582543	0.3082680053	0.3067778929	0.3051120844	0.3032704413
	0.3012528063	0.2990590014	0.2966888243	0.2941420445	0.2914183963
	0.2885175704	0.2854392009	0.2821828483	0.2787479745	0.2751339085
	0.2713397977	0.2673645399	0.2632066869	0.258864309	0.254334803
	0.2496146204	0.2446988816	0.2395808253	0.2342510183	0.2286962122
	0.2228976647	0.216828618	0.21045037	0.2037057878	0.196507661
	0.1887154724	0.1800840198	0.1701432013	0.1579404254	0.1417695237
	0.1203836335	0.09835483611	0.08761073472	0.09506953078	0.1168424966
	0.1411664347	0.1604710805	0.1753442285	0.1876467794	0.1984625091
	0.2083408006	0.2175689828	0.226309688	0.2346625224	0.2426921526
	0.2504421713	0.2579426553	0.265214664	0.2722730943	0.2791285687
	0.2857887191	0.2922590715	0.2985436631	0.304645475	0.3105667368
	0.3163091414	0.321873997	0.3272623354	0.3324749879	0.3375126398
	0.342375869	0.3470651731	0.3515809895	0.3559237086	0.3600936845
	0.3640912412	0.3679166785	0.371570275	0.3750522911	0.3783629706
	0.3815025422	0.3844712206	0.3872692066	0.3898966884	0.3923538415
	0.3946408291	0.3967578023	0.3987049005	0.400482251	0.4020899701
	0.4035281625	0.4047969222	0.4058963327	0.4068264676	0.4075873913
	0.4081791587	0.4086018156	0.4088553965	0.4089399219	0.3138746988
	0.3137871376	0.3135244413	0.3130865861	0.3124735383	0.3116852519
	0.3107216673	0.3095827108	0.3082682939	0.3067783132	0.3051126496
	0.3032711674	0.3012537127	0.2990601112	0.2966901648	0.2941436469
	0.291420296	0.2885198064	0.2854418149	0.2821858828	0.2787514702
	0.275137899	0.2713443029	0.2673695541	0.2632121625	0.2588701315
	0.2543407545	0.2496203261	0.2447037321	0.2395838619	0.2342507656
	0.2286904286	0.2228829658	0.2167998934	0.210399842	0.2036214066
	0.196370146	0.1884923019	0.1797158498	0.169510336	0.1567784593
	0.1394921408	0.115971117	0.09115550743	0.07866040683	0.08617948082
	0.1100537263	0.1373966585	0.1586277886	0.1743844513	0.1870997936
	0.198129802	0.2081307113	0.2174339784	0.2262225705	0.2346066425
	0.2426568772	0.2504205317	0.2579300141	0.26520791	0.2722701332
	0.2791279926	0.2857895858	0.2922607563	0.2985457574	0.3046477171
	0.3105689641	0.3163112577	0.3218759505	0.3272641026	0.3324765635
	0.3375140297	0.3423770853	0.3470662313	0.3515819064	0.3559245009
	0.3600943683	0.3640918315	0.3679171889	0.371570718	0.3750526778
	0.3783633111	0.3815028456	0.3844714949	0.3872694594	0.3898969267
	0.3923540719	0.3946410581	0.3967580361	0.3987051454	0.4004825135
	0.4020902565	0.4035284791	0.4047972752	0.4058967273	0.4068269077
	0.4075878781	0.4081796899	0.4086023841	0.4088559901	0.4089405244
	0.3138743815	0.3137868334	0.3135241754	0.31308638	0.3124734095
	0.3116852143	0.3107217323	0.3095828889	0.3082685959	0.3067787514
	0.3051132391	0.3032719265	0.3012546641	0.2990612825	0.2966915892
	0.2941453644	0.291422354	0.2885222606	0.2854447306	0.2821893355
	0.2787555467	0.2751426983	0.2713499362	0.2673761448	0.2632198447
	0.2588790469	0.2543510475	0.2496321349	0.2447171745	0.2395990147
	0.2342676329	0.2287088954	0.2229027294	0.2168203601	0.2104199694
	0.2036394459	0.1963832	0.1884955272	0.1797010435	0.1694638634
	0.1566791382	0.1392979743	0.1155083119	0.08998704242	0.07665843373
	0.08375261092	0.107854031	0.1360856993	0.1580346957	0.1741113091
	0.1869622391	0.1980569119	0.2080922852	0.2174152531	0.2262154497
	0.2346063519	0.2426604899	0.2504262227	0.2579366443	0.2652147774
	0.2722768179	0.2791342569	0.2857953095	0.2922658934	0.2985503081
	0.3046517087	0.3105724388	0.3163142646	0.3218785405	0.3272663254
	0.3324784658	0.3375156543	0.3423784706	0.3470674116	0.3515829116
	0.3559253575	0.360095099	0.3640924561	0.3679177248	0.3715711799
	0.3750530788	0.3783636624	0.3815031572	0.3844717757	0.3872697174
	0.3898971693	0.3923543061	0.3946412903	0.396758273	0.3987053932
	0.4004827786	0.4020905454	0.4035287981	0.4047976301	0.4058971233
	0.4068273481	0.4075883639	0.4081802184	0.4086029482	0.408856578
	0.4089411207	0.3138740653	0.3137865305	0.3135239108	0.3130861756
	0.3124732831	0.3116851799	0.3107218019	0.3095830733	0.3082689067
	0.3067792021	0.3051138461	0.3032727104	0.3012556504	0.299062503
	0.2966930831	0.2941471798	0.2914245499	0.2885249093	0.2854479202
	0.2821931745	0.2787601679	0.2751482657	0.2713566526	0.267384263
	0.2632296814	0.2588910025	0.2543656317	0.2496500036	0.2447391809
	0.2396262824	0.2343016624	0.228751723	0.2229571696	0.2168903904
	0.2105113647	0.2037608923	0.1965484161	0.1887277746	0.1800440368
	0.1700111175	0.1576528555	0.141202444	0.119076801	0.09516083224
	0.08209019135	0.08837490809	0.1109101474	0.1376509243	0.1588445417
	0.1745772962	0.1872548834	0.1982534698	0.2082305922	0.217515705
	0.2262900658	0.2346627247	0.2427036616	0.2504596633	0.2579628041
	0.2652354209	0.2722932358	0.279147406	0.285805907	0.2922744829
	0.2985573052	0.3046574344	0.310577143	0.3163181434	0.3218817488
	0.3272689868	0.3324806792	0.3375174995	0.3423800125	0.3470687029
	0.3515839956	0.3559262699	0.3600958693	0.3640931089	0.3679182805
	0.371571656	0.3750534898	0.3783640208	0.3815034739	0.3844720601
	0.387269978	0.3898974138	0.3923545415	0.3946415235	0.3967585104
	0.3987056414	0.400483044	0.4020908345	0.4035291172	0.4047979852
	0.4058975193	0.4068277886	0.4075888497	0.408180747	0.4086035123
	0.408857166	0.408941717	0.3138737405	0.3137862195	0.3135236397
	0.3130859666	0.3124731538	0.3116851445	0.3107218719	0.3095832598
	0.3082692215	0.3067796593	0.3051144633	0.3032735097	0.30125666
	0.2990637583	0.2966946286	0.2941490713	0.2914268572	0.2885277199
	0.2854513443	0.2821973511	0.2787652738	0.2751545266	0.2713643593
	0.2673937924	0.263241526	0.2589058111	0.2543842663	0.2496736192
	0.2447693391	0.2396651146	0.2343521072	0.2288178789	0.2230448289
	0.2170078726	0.2106708712	0.2039808336	0.1968577258	0.1891747496
	0.1807166168	0.1710879877	0.1595327455	0.1447571906	0.1256871998
	0.1052990457	0.09369992887	0.09888555041	0.1183598897	0.1417249535
	0.1609259553	0.1757296617	0.1879539857	0.1987073906	0.2085387953
	0.2177311492	0.2264437104	0.234773937	0.2427851282	0.2505199575
	0.2580078471	0.2652693672	0.2723190361	0.2791671767	0.2858211791
	0.2922863722	0.2985666311	0.3046648027	0.3105830048	0.3163228371
	0.3218855302	0.3272720504	0.3324831744	0.3375195416	0.3423816915
	0.3470700893	0.3515851453	0.3559272274	0.3600966702	0.3640937823
	0.3679188499	0.3715721408	0.3750539062	0.3783643824	0.3815037921
	0.384472345	0.3872702384	0.3898976574	0.3923547757	0.3946417552
	0.3967587461	0.3987058877	0.4004833075	0.4020911215	0.4035294344
	0.4047983385	0.4058979142	0.4068282288	0.4075893366	0.4081812782
	0.4086040808	0.4088577596	0.4089423196	0.313873397	0.3137858909
	0.3135233537	0.3130857462	0.3124730167	0.3116851037	0.3107219385
	0.309583444	0.3082695351	0.3067801165	0.3051150823	0.3032743141
	0.3012576799	0.2990650322	0.2966962055	0.2941510134	0.2914292438
	0.2885306521	0.2854549517	0.2822018005	0.2787707814	0.2751613746
	0.2713729182	0.2674045524	0.2632551405	0.2589231567	0.2544065277
	0.2497024089	0.2448068672	0.2397144329	0.2344174637	0.2289052395
	0.223162661	0.2171683537	0.2108918189	0.2042889493	0.1972944328
	0.189807677	0.1816645682	0.1725798206	0.1620462003	0.1492785952
	0.1337921056	0.1178506556	0.1086740226	0.1127145511	0.1282868681
	0.1473663115	0.1639207649	0.1774276416	0.1889968897	0.1993869092
	0.2089989968	0.2180507158	0.2266694334	0.2349353837	0.2429017594
	0.2506049375	0.2580702501	0.2653155339	0.2723534422	0.2791930073
	0.2858407163	0.2923012608	0.2985780635	0.3046736481	0.3105899001
	0.3163282521	0.3218898132	0.3272754614	0.332485909	0.3375217477
	0.3423834817	0.3470715504	0.3515863444	0.3559282168	0.3600974912
	0.3640944676	0.3679194258	0.3715726285	0.3750543231	0.3783647429
	0.3815041083	0.3844726272	0.3872704955	0.3898978976	0.3923550063
	0.3946419829	0.3967589777	0.3987061297	0.4004835664	0.4020914041
	0.4035297472	0.4047986881	0.4058983065	0.4068286683	0.4075898255
	0.4081818147	0.4086046581	0.4088583649	0.4089429349	0.3138730238
	0.3137855344	0.3135230446	0.3130855082	0.3124728666	0.3116850536
	0.3107219976	0.3095836217	0.3082698422	0.306780567	0.3051156947
	0.3032751126	0.301258696	0.2990663066	0.2966977908	0.2941529771
	0.2914316727	0.2885336584	0.2854586812	0.2822064433	0.2787765873
	0.2751686736	0.2713821493	0.2674163033	0.2632702032	0.2589426045
	0.2544318242	0.2497355616	0.2448506451	0.2397726786	0.2344955435
	0.2290107005	0.2233062087	0.2173653334	0.2111645374	0.2046704657
	0.1978351303	0.1905875566	0.1828182861	0.1743511664	0.1649052979
	0.1541215621	0.1419935697	0.130288375	0.1237636505	0.1268761179
	0.1386279262	0.1535350859	0.1673975049	0.1794879327	0.1902966521
	0.2002459255	0.2095844834	0.2184579149	0.2269565992	0.2351399909
	0.2430487457	0.2507112796	0.2581476883	0.265372279	0.2723952854
	0.2792240604	0.2858639148	0.292318711	0.2985912834	0.3046837366
	0.3105976566	0.3163342605	0.3218945024	0.3272791483	0.3324888288
	0.3375240762	0.3423853514	0.3470730616	0.3515875736	0.355929223
	0.3600983202	0.3640951552	0.3679200004	0.3715731127	0.3750547352
	0.3783650978	0.3815044186	0.3844729033	0.3872707466	0.3898981317
	0.3923552306	0.3946422043	0.3967592028	0.398706365	0.4004838186
	0.4020916798	0.4035300535	0.404799032	0.4058986945	0.4068291063
	0.4075903168	0.408182359	0.408605249	0.4088589885	0.4089435704
	0.3138726086	0.3137851389	0.3135227034	0.3130852463	0.3124726994
	0.3116849906	0.310722046	0.3095837889	0.3082701377	0.3067810041
	0.3051162915	0.3032758936	0.3012596933	0.2990675624	0.2966993598
	0.2941549304	0.2914341026	0.2885366855	0.2854624631	0.2822111881
	0.2787825705	0.2751762626	0.271391837	0.2674287547	0.2632863201
	0.2589636173	0.2544594191	0.249772061	0.2448992627	0.2398378828
	0.2345835778	0.2291303376	0.2234698545	0.2175906736	0.2114770501
	0.2051073927	0.198452052	0.1914699695	0.1841034055	0.1762709784
	0.1678688994	0.1588350728	0.1494530443	0.1411112633	0.136809753
	0.1392874481	0.147975662	0.1594706492	0.17098871	0.1817308038
	0.1917586867	0.2012307052	0.2102627511	0.2189321443	0.2272917009
	0.2353786846	0.2432198811	0.2508346827	0.2582371504	0.2654374776
	0.2724430566	0.2792592584	0.2858900017	0.2923381658	0.2986058875
	0.3046947751	0.3106060598	0.3163407048	0.3218994816	0.3272830246
	0.3324918692	0.3375264788	0.3423872638	0.3470745947	0.3515888113
	0.3559302292	0.3600991441	0.3640958347	0.3679205654	0.3715735867
	0.375055137	0.3783654428	0.3815047191	0.3844731701	0.3872709886
	0.3898983569	0.3923554461	0.3946424169	0.396759419	0.3987065912
	0.4004840613	0.4020919461	0.4035303506	0.4047993675	0.4058990762
	0.4068295415	0.4075908109	0.4081829135	0.4086058585	0.408859638
	0.4089442348	0.3138721368	0.3137846916	0.3135223212	0.3130849547
	0.3124725115	0.3116849123	0.310722081	0.309583942	0.3082704167
	0.3067814211	0.3051168638	0.3032766452	0.3012606564	0.2990687795
	0.2967008865	0.2941568395	0.2914364895	0.2885396752	0.2854662211
	0.2822159336	0.278788596	0.2751839608	0.2714017373	0.2674415753
	0.2633030399	0.2589855763	0.2544884601	0.2498107276	0.2449510802
	0.2399077542	0.2346783484	0.2292596026	0.2236471245	0.2178350762
	0.2118158554	0.2055798494	0.1991154125	0.1924093685	0.1854488161
	0.1782269639	0.1707633515	0.1631729828	0.1558647151	0.1499129747
	0.1471828186	0.1492530463	0.155790549	0.1647893003	0.1744465838
	0.1840073009	0.193293501	0.2022860085	0.2109986149	0.2194503626
	0.2276593111	0.2356409569	0.2434079146	0.2509700932	0.2583350868
	0.2655086214	0.2724949744	0.2792973307	0.2859180671	0.2923589711
	0.2986214042	0.304706422	0.3106148616	0.3163474039	0.3219046179
	0.3272869924	0.3324949576	0.3375289012	0.3423891782	0.347076119
	0.3515900341	0.3559312174	0.3600999488	0.3640964953	0.3679211121
	0.3715740435	0.3750555229	0.378365773	0.3815050061	0.3844734242
	0.3872712187	0.3898985706	0.3923556505	0.3946426184	0.3967596239
	0.3987068058	0.4004842922	0.4020922003	0.4035306357	0.4047996919
	0.405899449	0.4068299719	0.4075913071	0.4081834801	0.4086064923
	0.4088603226	0.4089449391	0.3138715907	0.3137841775	0.3135218885
	0.3130846288	0.3124723006	0.3116848171	0.3107221007	0.3095840782
	0.3082706749	0.3067818116	0.3051174028	0.3032773557	0.3012615697
	0.2990699374	0.2967023441	0.2941586694	0.2914387872	0.2885425671
	0.2854698748	0.2822205725	0.27879452	0.2751915738	0.2714115867
	0.2674544061	0.2633198707	0.2590078053	0.2545180134	0.2498502678
	0.2450042982	0.2399797809	0.2347763353	0.2293935421	0.2238310153
	0.2180885859	0.2121667109	0.2060673135	0.1997954226	0.1933622904
	0.1867913428	0.1801300536	0.1734755315	0.1670321951	0.1612302913
	0.1568870306	0.155171355	0.1569788988	0.1621062386	0.1693804696
	0.1776309636	0.1862062439	0.1948235974	0.2033595713	0.211756886
	0.2199886827	0.2280430496	0.2359154705	0.2436049375	0.2511119588
	0.2584375796	0.2655829338	0.272549064	0.2793368683	0.2859471028
	0.2923804035	0.2986373125	0.3047183012	0.3106237895	0.3163541596
	0.3219097666	0.3272909455	0.3324980158	0.3375312853	0.3423910513
	0.347077602	0.3515912174	0.355932169	0.3601007201	0.3640971256
	0.3679216319	0.3715744763	0.3750558873	0.378366084	0.3815052757
	0.3844736624	0.387271434	0.3898987704	0.3923558413	0.3946428065
	0.3967598152	0.3987070064	0.4004845086	0.4020924395	0.4035309057
	0.4048000019	0.4058998095	0.4068303945	0.4075918038	0.4081840601
	0.4086071562	0.4088610539	0.4089456977	0.3138709464	0.3137835785
	0.313521396	0.3130842654	0.3124720666	0.3116847053	0.3107221047
	0.3095841955	0.3082709083	0.3067821697	0.3051179001	0.3032780135
	0.3012624179	0.2990710159	0.2967037061	0.294160385	0.2914409496
	0.2885452997	0.2854733421	0.282224995	0.2788001941	0.2751989007
	0.2714211117	0.2674668732	0.2633362993	0.2590295972	0.2545471021
	0.2498893268	0.2450570334	0.2400513387	0.2348738725	0.2295270236
	0.2240143251	0.2183410761	0.2125153545	0.2065496883	0.2004638305
	0.1942893928	0.1880776526	0.1819129596	0.1759363311	0.1703868158
	0.1656652125	0.1623887807	0.1613084331	0.162942717	0.167162721
	0.17326535	0.1804729772	0.1882496143	0.1962856431	0.2044047705
	0.212504375	0.2205237243	0.2284264749	0.2361906463	0.243802775
	0.2512544931	0.2585405228	0.2656574947	0.2726032442	0.2793763848
	0.2859760449	0.2924016998	0.2986530638	0.3047300173	0.3106325576
	0.3163607645	0.3219147767	0.3272947735	0.3325009627	0.3375335714
	0.3423928387	0.3470790106	0.3515923363	0.3559330649	0.3601014434
	0.3640977146	0.3679221159	0.3715748782	0.3750562248	0.3783663713
	0.3815055243	0.3844738816	0.3872716318	0.3898989536	0.3923560163
	0.3946429789	0.3967599907	0.3987071908	0.400484708	0.402092661
	0.4035311574	0.4048002936	0.4059001532	0.4068308049	0.4075922976
	0.4081846532	0.4086078564	0.4088618466	0.4089465307	0.3138701709
	0.3137828722	0.3135208353	0.3130838645	0.3124718122	0.3116845793
	0.3107220938	0.3095842929	0.3082711141	0.30678249	0.3051183477
	0.3032786079	0.3012631864	0.2990719955	0.2967049466	0.2941619523
	0.2914429313	0.2885478126	0.2854765422	0.282229092	0.2788054711
	0.2752057417	0.2714300393	0.2674786025	0.2633518114	0.2590502426
	0.2545747446	0.2499265444	0.2451073973	0.240119801	0.2349673043
	0.2296549559	0.2241899658	0.2185826913	0.2128481223	0.2070081403
	0.2010949735	0.1951564972	0.1892643587	0.1835263808	0.1781051821
	0.1732444134	0.1692978925	0.1667346633	0.1660549491	0.1675726101
	0.1712028889	0.1765047203	0.182943017	0.1900844552	0.1976298693
	0.2053818124	0.2132111953	0.221033653	0.2287938397	0.2364551965
	0.2439933588	0.2513919355	0.2586398042	0.2657293676	0.2726554165
	0.2794143792	0.2860038183	0.2924220889	0.2986681041	0.3047411712
	0.3106408776	0.3163670101	0.3219194967	0.327298366	0.3325037175
	0.3375357001	0.3423944965	0.347080312	0.3515933663	0.3559338868
	0.3601021048	0.3640982516	0.367922556	0.3715752426	0.3750565302
	0.3783666307	0.3815057483	0.3844740789	0.3872718096	0.3898991182
	0.3923561733	0.3946431336	0.3967601482	0.3987073565	0.4004848879
	0.4020928616	0.403531387	0.4048005625	0.405900475	0.4068311972
	0.4075927827	0.4081852567	0.4086085983	0.4088627199	0.4089474677
	0.3138692133	0.3137820303	0.3135202012	0.313083431	0.3124715438
	0.3116844441	0.3107220704	0.3095843704	0.3082712897	0.306782768
	0.3051187386	0.3032791287	0.3012638614	0.2990728581	0.2967060414
	0.2941633391	0.2914446896	0.2885500484	0.2854793981	0.2822327597
	0.2788102102	0.2752119046	0.2714381072	0.2674892339	0.2633659112
	0.2590690572	0.2545999949	0.24996061	0.2451535721	0.2401826464
	0.2350531338	0.2297724958	0.2243512463	0.2188042276	0.2131524451
	0.207425706	0.2016664055	0.1959349216	0.1903171762	0.1849349223
	0.1799589025	0.1756232878	0.1722344438	0.1701551884	0.1697338807
	0.1711719219	0.1744111563	0.1791587941	0.1850306679	0.1916754388
	0.1988182675	0.2062579252	0.2138514777	0.2214989066	0.2291306886
	0.2366985792	0.244169061	0.2515187927	0.2587314789	0.2657957239
	0.2727035542	0.2794493991	0.2860293818	0.2924408236	0.2986818963
	0.3047513764	0.3106484711	0.3163726948	0.3219237805	0.3273016167
	0.3325062025	0.3375376142	0.3423959826	0.3470814751	0.3515942841
	0.3559346172	0.360102691	0.3640987264	0.3679229443	0.3715755635
	0.3750567986	0.3783668584	0.3815059447	0.3844742516	0.3872719651
	0.3898992621	0.3923563104	0.3946432687	0.3967602859	0.3987075015
	0.4004850456	0.4020930384	0.4035315908	0.4048008038	0.4059007683
	0.4068315629	0.4075932498	0.4081858631	0.4086093845	0.4088636987
	0.4089485555	0.3138679886	0.3137810191	0.3135194964	0.3130829778
	0.3124712733	0.3116843074	0.3107220386	0.3095844289	0.3082714337
	0.3067829998	0.3051190665	0.303279567	0.3012644308	0.2990735872
	0.2967069688	0.2941645162	0.2914461853	0.288551955	0.2854818394
	0.282235903	0.278814282	0.2752172131	0.2714450735	0.2674984353
	0.2633781412	0.2590854095	0.2546219796	0.2499903145	0.2451938838
	0.2402375579	0.2351281591	0.2298752314	0.2244921155	0.2189974457
	0.2134172276	0.2077876967	0.2021592022	0.196601369	0.1912097124
	0.1861135868	0.1814845707	0.1775425823	0.1745533534	0.1728055035
	0.1725542381	0.1739376477	0.1769137522	0.1812756493	0.1867341128
	0.192999268	0.1998225068	0.207006981	0.2144036502	0.22190265
	0.2294242989	0.2369113661	0.2443229809	0.2516300541	0.2588119277
	0.2658539578	0.2727457848	0.2794801006	0.286051771	0.2924572116
	0.2986939431	0.304760275	0.3106550799	0.3163776322	0.321927493
	0.3273044275	0.3325083461	0.3375392615	0.3423972585	0.3470824714
	0.3515950685	0.3559352401	0.36010319	0.3640991298	0.3679232737
	0.3715758354	0.3750570258	0.3783670509	0.3815061106	0.3844743974
	0.3872720963	0.3898993833	0.3923564259	0.3946433824	0.3967604018
	0.3987076239	0.400485179	0.4020931885	0.4035317649	0.4048010122
	0.4059010256	0.4068318916	0.4075936847	0.4081864576	0.4086102103
	0.4088648136	0.4089498744	0.3138663398	0.3137798045	0.313518741
	0.3130825302	0.3124710186	0.3116841798	0.3107220038	0.3095844703
	0.3082715452	0.3067831823	0.3051193262	0.3032799152	0.3012648841
	0.2990741688	0.2967077097	0.2941654584	0.2914473848	0.288553487
	0.2854838049	0.2822384387	0.2788175733	0.2752215126	0.2714507264
	0.2675059154	0.2633881001	0.2590987453	0.2546399324	0.2500145982
	0.2452268671	0.240282512	0.2351895931	0.2299593399	0.2246073643
	0.2191553163	0.2136331201	0.2080819435	0.2025580472	0.1971375849
	0.1919222279	0.1870450439	0.182675213	0.179018684	0.1763097478
	0.1747867315	0.1746475393	0.1759939198	0.1787937214	0.18289058
	0.1880549874	0.1940407863	0.200622013	0.2076088615	0.2148504384
	0.2222310236	0.2296639861	0.2370855253	0.2444491786	0.2517213751
	0.2588779958	0.2659017899	0.2727804664	0.2795053029	0.2860701376
	0.2924706435	0.2987038065	0.304767552	0.3106604771	0.3163816586
	0.3219305157	0.3273067123	0.3325100857	0.3375405961	0.3423982905
	0.347083276	0.3515957011	0.3559357417	0.3601035915	0.3640994541
	0.3679235382	0.3715760536	0.375057208	0.3783672053	0.3815062435
	0.3844745143	0.3872722013	0.3898994804	0.3923565184	0.3946434735
	0.3967604946	0.3987077218	0.4004852858	0.4020933091	0.4035319057
	0.4048011822	0.4059012387	0.4068321704	0.4075940681	0.4081870138
	0.4086110546	0.4088660959	0.4089515742	0.313863948	0.3137783771
	0.3135179906	0.3130821305	0.3124708039	0.3116840741	0.3107219721
	0.3095844967	0.3082716239	0.3067833132	0.3051195137	0.3032801672
	0.3012652129	0.2990745912	0.2967082488	0.2941661451	0.2914482604
	0.288554607	0.2854852444	0.2822402988	0.2788199914	0.2752246763
	0.2714548922	0.2675114351	0.2633954581	0.2591086094	0.2546532244
	0.2500325916	0.2452513212	0.2403158538	0.2352351629	0.2300217162
	0.2246927849	0.219272204	0.2137927044	0.2082989274	0.2028511898
	0.1975299358	0.1924405389	0.1877176189	0.1835272378	0.1800642402
	0.1775409439	0.1761634537	0.1760953953	0.177417859	0.1801044981
	0.1840282366	0.1889959326	0.1947903636	0.2012023812	0.2080487719
	0.2151787162	0.2224732489	0.2298413014	0.2372146278	0.2445428584
	0.2517892256	0.2589271084	0.2659373535	0.2728062513	0.2795240356
	0.2860837838	0.2924806177	0.298711126	0.3047729481	0.3106644759
	0.3163846389	0.3219327511	0.3273084004	0.3325113698	0.3375415804
	0.342399051	0.3470838685	0.3515961667	0.3559361109	0.3601038869
	0.3640996927	0.367923733	0.3715762144	0.3750573424	0.3783673192
	0.3815063417	0.3844746006	0.387272279	0.3898995521	0.3923565867
	0.3946435406	0.396760563	0.3987077938	0.4004853645	0.402093398
	0.4035320098	0.4048013086	0.4059013992	0.4068323852	0.4075943748
	0.4081874894	0.4086118621	0.4088675532	0.4089539616	0.3138601045
	0.3137768426	0.3135173649	0.3130818394	0.312470657	0.311684003
	0.3107219492	0.3095845104	0.3082716698	0.306783391	0.3051196258
	0.3032803185	0.3012654109	0.2990748462	0.2967085748	0.2941665611
	0.2914487917	0.2885552879	0.2854861206	0.2822414327	0.2788214677
	0.2752266101	0.2714574415	0.2675148167	0.2633999702	0.2591146633
	0.254661388	0.2500436491	0.2452663554	0.2403363575	0.2352631884
	0.2300600723	0.2247452899	0.2193439985	0.2138906133	0.208431836
	0.2030303453	0.197769006	0.1927551377	0.1881238751	0.1840389108
	0.1806880838	0.1782708109	0.1769752572	0.176946779	0.1782558137
	0.1808790741	0.1847047793	0.1895594094	0.1952421826	0.2015541658
	0.2083166265	0.215379304	0.2226216509	0.2299501496	0.237293992
	0.2446005038	0.2518310044	0.2589573615	0.2659592651	0.2728221389
	0.2795355773	0.2860921904	0.2924867611	0.2987156332	0.3047762701
	0.3106669371	0.316386473	0.3219341267	0.3273094392	0.3325121601
	0.3375421864	0.3423995196	0.347084234	0.3515964543	0.3559363393
	0.36010407	0.364099841	0.3679238544	0.3715763148	0.3750574266
	0.3783673908	0.3815064036	0.3844746552	0.3872723282	0.3898995976
	0.3923566299	0.3946435831	0.396760606	0.398707839	0.4004854136
	0.4020934533	0.4035320744	0.4048013874	0.4059014999	0.4068325219
	0.4075945767	0.4081878245	0.4086125163	0.4088690826	0.40895772
	0.3138531132	0.3137757153	0.313517075	0.313081727	0.3124706032
	0.3116839766	0.3107219395	0.309584513	0.308271683	0.3067834147
	0.3051196608	0.3032803665	0.3012654743	0.2990749285	0.2967086808
	0.2941666971	0.2914489663	0.2885555125	0.2854864109	0.2822418095
	0.2788219596	0.2752272561	0.2714582949	0.2675159507	0.2634014854
	0.2591166987	0.2546641353	0.2500473732	0.2452714218	0.2403432699
	0.2352726389	0.2300730074	0.2247629948	0.2193682006	0.2139236012
	0.2084765798	0.2030905894	0.1978492741	0.1928605561	0.1882596749
	0.1842094596	0.1808953735	0.1785125974	0.1772435464	0.1772278327
	0.1785325839	0.1811354491	0.184929398	0.1897471197	0.1953931715
	0.2016720436	0.2084065785	0.2154467835	0.2226716418	0.2299868542
	0.2373207754	0.2446199695	0.2518451192	0.2589675868	0.2659666739
	0.2728275132	0.2795394835	0.2860950374	0.2924888433	0.2987171625
	0.3047773989	0.310667775	0.316387099	0.3219345976	0.3273097963
	0.3325124331	0.337542397	0.3423996836	0.347084363	0.3515965569
	0.3559364217	0.3601041369	0.364099896	0.3679239001	0.3715763533
	0.3750574594	0.3783674191	0.3815064285	0.3844746773	0.3872723483
	0.3898996162	0.3923566476	0.3946436002	0.3967606231	0.3987078566
	0.4004854323	0.4020934739	0.403532098	0.4048014155	0.4059015354
	0.4068325699	0.4075946486	0.408187951	0.4086128129	0.408870187
	0.4089644868	