3131	
	1.827611143	1.829825987	1.83122861	1.830985964	1.82994065
	1.827991819	1.823299711	1.814289452	1.810222324	1.809521224
	1.80647796	1.800290844	1.8096019	1.865219077	1.8692189
	1.827133668	1.822475359	1.858622943	1.851286468	1.833359494
	1.823565341	1.817909734	1.813701079	1.810245163	1.807040444
	1.80595555	1.806943155	1.808330051	1.809931929	1.810806191
	1.808785661	1.807321107	1.812553172	1.815877754	1.819323919
	1.824355255	1.829131725	1.835873703	1.8406921	1.844391082
	1.851601364	1.863415486	1.875316086	1.884833576	1.892522425
	1.899681609	1.907319386	1.915237472	1.922970567	1.930473043
	1.937783307	1.944882904	1.951714653	1.958201122	1.96426819
	1.969893125	1.97515435	1.980218869	1.985209271	1.990061694
	1.994607637	1.998737786	2.002430351	2.005711218	2.008622994
	2.011211033	2.01351821	2.015583154	2.017439818	2.019117567
	2.020641512	2.022032935	2.023309747	2.024486947	2.025577046
	2.026590457	2.02753583	2.028420328	2.029249848	2.030029213
	2.030762326	2.031452327	2.032101718	2.032712488	2.033286198
	2.033824054	2.034326958	2.034795558	2.035230279	2.03563137
	2.035998929	2.036332937	2.036633277	2.036899751	2.037132088
	2.037329954	2.037492951	2.037620617	2.037712391	2.03776749
	2.037784217	1.828221555	1.829878729	1.831197842	1.830937842
	1.829866151	1.827993496	1.823892529	1.815633505	1.810582991
	1.809132208	1.805209105	1.796077356	1.792361228	1.837583922
	1.851257904	1.816181135	1.810615878	1.850981374	1.848833066
	1.832415143	1.823200856	1.817704777	1.813541863	1.810013687
	1.806964352	1.805860835	1.806784383	1.808083836	1.809512678
	1.810266839	1.808184644	1.806250409	1.812154428	1.815692683
	1.818767269	1.822734637	1.828445503	1.835718254	1.841074486
	1.845058503	1.852139839	1.863454741	1.875281882	1.884779912
	1.892412124	1.89956113	1.907303659	1.915296542	1.923028522
	1.930517455	1.937825955	1.944933054	1.951776729	1.958275271
	1.964351383	1.969985652	1.975260805	1.980330967	1.985311026
	1.990153109	1.994693468	1.998818171	2.002503745	2.005776642
	2.008680278	2.011260551	2.013560625	2.015619249	2.01747039
	2.019143378	2.020663255	2.022051223	2.023325114	2.024499853
	2.025587881	2.026599554	2.027543467	2.028426739	2.02925523
	2.030033731	2.030766119	2.031455511	2.032104393	2.032714735
	2.033288085	2.033825639	2.034328291	2.034796679	2.035231223
	2.035632167	2.035999603	2.036333509	2.036633766	2.036900171
	2.037132453	2.037330277	2.037493244	2.037620895	2.037712685
	2.037767944	2.037785895	1.829143815	1.830179407	1.831106927
	1.830776039	1.829724026	1.828277668	1.82558324	1.818935888
	1.812456512	1.808297591	1.801212279	1.785400987	1.764231085
	1.788127281	1.811975158	1.794456342	1.791563853	1.834912946
	1.840700783	1.829638072	1.822431121	1.817132947	1.813123977
	1.809601456	1.806709499	1.805688509	1.806415124	1.807474573
	1.808547944	1.808904954	1.806347152	1.803900807	1.811153321
	1.815196986	1.817662494	1.819142936	1.826327454	1.835228856
	1.841582519	1.846063004	1.853159448	1.863697769	1.875121364
	1.884467708	1.891949506	1.899123481	1.907273985	1.915505299
	1.923210405	1.930650094	1.937952501	1.945082505	1.951962657
	1.958497588	1.964598342	1.970256827	1.975578053	1.980680678
	1.985639409	1.990445387	1.994959812	1.999062575	2.00272484
	2.005973009	2.008851965	2.011408862	2.01368761	2.015727279
	2.017561878	2.019220611	2.020728313	2.022105946	2.023371103
	2.024538481	2.025620319	2.026626791	2.027566339	2.028445947
	2.029271363	2.030047283	2.030777505	2.031465078	2.032112433
	2.032721494	2.03329377	2.033830423	2.034332319	2.034800074
	2.035234089	2.035634591	2.036001659	2.036335261	2.036635266
	2.036901466	2.037133584	2.03733128	2.037494156	2.037621755
	2.037713558	2.037768973	2.037787394	1.82985207	1.83043199
	1.830932511	1.830468738	1.82948165	1.829048883	1.828710488
	1.823818048	1.815732101	1.807440728	1.794673753	1.772967498
	1.747830228	1.761089839	1.791500984	1.795093448	1.796336273
	1.826965291	1.833304296	1.82704261	1.82185117	1.815996162
	1.812114001	1.809050778	1.80643427	1.805431402	1.805870253
	1.806627479	1.80730807	1.807184689	1.804388304	1.802467298
	1.81051865	1.814569996	1.816704166	1.816402087	1.824353031
	1.834431956	1.841766142	1.846802031	1.85372821	1.863642261
	1.874513872	1.883618343	1.890946831	1.898246268	1.907257502
	1.915908584	1.923516153	1.930859205	1.938154331	1.945325891
	1.952269495	1.958867214	1.965008297	1.970710568	1.976129043
	1.98130498	1.986222639	1.99095288	1.995413229	1.999474035
	2.003094887	2.006300545	2.009137682	2.011655273	2.013898329
	2.015906381	2.017713453	2.019348508	2.020836013	2.022196519
	2.02344721	2.024602402	2.025673995	2.026671863	2.027604187
	2.028477734	2.029298064	2.030069715	2.030796354	2.031480919
	2.032125749	2.032732691	2.033303189	2.033838351	2.034338997
	2.034805705	2.035238845	2.035638615	2.036005075	2.036338171
	2.03663776	2.036903621	2.037135466	2.03733295	2.03749567
	2.037623175	2.037714959	2.037770459	2.037789063	1.83020784
	1.83049435	1.830605443	1.829838347	1.828763202	1.829752193
	1.832445667	1.829245462	1.820230901	1.807725193	1.78725733
	1.763138782	1.750537699	1.768365906	1.802799109	1.824338991
	1.830585827	1.834023113	1.830320897	1.825986534	1.822208083
	1.813846996	1.809809489	1.807767032	1.805842291	1.804963733
	1.805157695	1.805645775	1.806018456	1.805649309	1.803535316
	1.803507353	1.810775724	1.813843467	1.816068333	1.816439972
	1.824621139	1.833819435	1.841344966	1.847100455	1.853839862
	1.863031607	1.873184401	1.882040041	1.889288285	1.89659326
	1.906989102	1.916394079	1.923884203	1.931113465	1.938416566
	1.945654393	1.952691581	1.95938131	1.965574683	1.971333778
	1.976908674	1.982212986	1.987072378	1.991684348	1.996059647
	2.000056039	2.003615404	2.006759373	2.00953668	2.011998551
	2.014191346	2.016155087	2.01792372	2.0195258	2.020985233
	2.022321968	2.0235526	2.024690908	2.02574831	2.026734261
	2.027656585	2.028521741	2.029335031	2.030100773	2.030822453
	2.031502856	2.032144192	2.032748201	2.033316238	2.033849336
	2.034348252	2.03481351	2.035245438	2.035644196	2.036009812
	2.036342209	2.036641222	2.036906611	2.037138078	2.037335266
	2.037497767	2.037625128	2.037716847	2.037772367	2.037791037
	1.830295982	1.830369856	1.830053004	1.828667162	1.827028797
	1.829100627	1.834645084	1.833513034	1.825935667	1.811028349
	1.780164339	1.756030054	1.768664254	1.797445193	1.829456658
	1.855638115	1.860991999	1.842246445	1.829521379	1.826417164
	1.824009481	1.810218849	1.805651699	1.805416826	1.804670052
	1.804172889	1.804280627	1.804595374	1.804800777	1.80450013
	1.803544706	1.805189998	1.810685666	1.812720786	1.815215173
	1.817530483	1.826275992	1.833785693	1.840560078	1.846896169
	1.853618077	1.861893792	1.871118736	1.879993076	1.887437955
	1.89382875	1.905567659	1.916441005	1.92413166	1.931358513
	1.938720568	1.946056025	1.953218115	1.960031338	1.966280467
	1.972081126	1.977839106	1.983322643	1.988141397	1.992626027
	1.996899127	2.000810933	2.004287595	2.007349236	2.010047659
	2.012436824	2.014564557	2.016471292	2.018190703	2.019750702
	2.021174404	2.022480936	2.023686114	2.024803013	2.02584243
	2.026813285	2.027722943	2.028577472	2.029381846	2.030140107
	2.030855508	2.031530641	2.032167554	2.03276785	2.033332771
	2.033863255	2.03435998	2.034823404	2.035253796	2.035651271
	2.03601582	2.036347331	2.036645612	2.036910404	2.03714139
	2.0373382	2.037500417	2.037627583	2.037719192	2.037774681
	2.037793364	1.830292988	1.830188994	1.829416043	1.827255604
	1.824742029	1.82707346	1.834300173	1.835625612	1.833311207
	1.820684729	1.773438566	1.74791027	1.798241617	1.83442305
	1.852715385	1.869499987	1.868491736	1.842972913	1.82876143
	1.827223515	1.82560873	1.805483734	1.800260649	1.802378876
	1.80307711	1.80311186	1.803273161	1.803513305	1.803667986
	1.803568182	1.803428352	1.805332952	1.809051976	1.810866063
	1.813617383	1.817194479	1.826115408	1.833440002	1.839780485
	1.846462747	1.853318859	1.860686819	1.868681341	1.878155584
	1.886953041	1.891538785	1.902800559	1.915487982	1.924052833
	1.931548471	1.939052878	1.946516186	1.953827487	1.960792323
	1.967093312	1.97288484	1.978784073	1.984465315	1.989324422
	1.993742903	1.997926404	2.001739829	2.005112075	2.008069237
	2.010668581	2.012967438	2.01501511	2.016852207	2.01851182
	2.02002091	2.021401512	2.022671688	2.023846273	2.024937464
	2.025955299	2.026908045	2.027802512	2.028644299	2.029437983
	2.030187275	2.030895149	2.031563964	2.032195574	2.032791419
	2.033352605	2.033879955	2.034374054	2.034835276	2.035263827
	2.035659764	2.036023031	2.036353478	2.036650882	2.036914957
	2.037145364	2.037341718	2.037503589	2.037630509	2.037721966
	2.037777384	2.037796053	1.830432238	1.830214026	1.829177737
	1.826679144	1.823869241	1.826150359	1.833736037	1.837125993
	1.843979074	1.844090814	1.769723663	1.734973403	1.837972599
	1.867783184	1.860761818	1.864817593	1.860578063	1.839506862
	1.827858028	1.826703717	1.823685833	1.801514301	1.796095231
	1.799721267	1.801467067	1.801932746	1.802192761	1.802419628
	1.802581333	1.802660992	1.802865332	1.80417822	1.806367423
	1.808195646	1.811119935	1.81520225	1.823592277	1.83179839
	1.838848224	1.845986611	1.853257928	1.860367836	1.866846949
	1.876876509	1.888226791	1.892735609	1.901397111	1.91421571
	1.923753272	1.931711013	1.939416464	1.947017676	1.954478568
	1.961600884	1.967953111	1.973691369	1.97965095	1.985517929
	1.990543315	1.995011184	1.999139692	2.002844371	2.006088975
	2.008917629	2.011396453	2.01358681	2.015539304	2.017294303
	2.018883862	2.020333588	2.0216641	2.022892123	2.024031292
	2.025092755	2.026085649	2.027017476	2.027894399	2.02872147
	2.029502812	2.030241748	2.030940932	2.031602453	2.03222794
	2.032818646	2.033375519	2.033899251	2.034390316	2.034848997
	2.035275421	2.035669581	2.036031367	2.036360585	2.036656974
	2.036920219	2.037149956	2.03734578	2.037507246	2.037633873
	2.037725139	2.037780455	2.037799095	1.830901301	1.830682067
	1.829782166	1.827801981	1.825810004	1.828204298	1.835234169
	1.840401576	1.860077124	1.892495467	1.785727691	1.722984922
	1.880356334	1.877454049	1.84275837	1.845183439	1.846595938
	1.834768135	1.826546426	1.824380879	1.818871425	1.799970943
	1.794981486	1.798286046	1.800152863	1.800762022	1.801094516
	1.801326751	1.80149945	1.801694184	1.801992713	1.802633359
	1.803450637	1.804736066	1.807754895	1.81237969	1.820369505
	1.8293139	1.837510446	1.845173015	1.852962336	1.861346118
	1.866782338	1.876194647	1.888866343	1.895619164	1.902987488
	1.914041743	1.92367222	1.931951771	1.9398296	1.94754158
	1.95511222	1.962352357	1.968774012	1.9745046	1.980496224
	1.986547243	1.991845432	1.996455437	2.000550203	2.004128546
	2.007218007	2.009891561	2.012227075	2.014290244	2.016132484
	2.017793257	2.019302972	2.020685374	2.021959281	2.023139786
	2.024239096	2.025267137	2.026232011	2.027140346	2.02799757
	2.028808122	2.029575607	2.030302918	2.030992346	2.03164568
	2.032264293	2.032849229	2.03340126	2.03392093	2.034408588
	2.034864415	2.035288449	2.035680613	2.036040735	2.036368572
	2.036663821	2.036926132	2.037155114	2.03735034	2.037511346
	2.037637637	2.037728678	2.037783868	2.037802469	1.831726649
	1.831610181	1.831174332	1.830293656	1.829725722	1.832288479
	1.838417155	1.845388769	1.874434864	1.942460541	1.841152952
	1.742043447	1.899851511	1.83406706	1.792497786	1.816142013
	1.831835933	1.829667816	1.824578943	1.821200376	1.81430999
	1.800459095	1.796098404	1.797904525	1.799145295	1.799639496
	1.800023019	1.800248216	1.800390631	1.80064402	1.800955314
	1.801065563	1.800479471	1.800400317	1.803575712	1.809263042
	1.817509307	1.826879478	1.835920342	1.843618481	1.850487176
	1.861355628	1.868045537	1.876372115	1.88850291	1.897377244
	1.905528936	1.915011517	1.924040864	1.932349569	1.940309549
	1.948077218	1.955692547	1.962999306	1.969561678	1.975452572
	1.981551223	1.987806974	1.993395856	1.998145326	2.002181049
	2.005598131	2.008497974	2.010986646	2.013154719	2.015071728
	2.016788929	2.018343908	2.019764629	2.021072384	2.022283754
	2.023411887	2.024467337	2.025458641	2.026392734	2.027275271
	2.028110867	2.028903283	2.029655555	2.030370103	2.031048821
	2.031693164	2.03230423	2.032882831	2.033429544	2.033944752
	2.034428668	2.034881359	2.035302769	2.035692739	2.036051033
	2.036377352	2.036671346	2.036932631	2.037160782	2.037355347
	2.037515844	2.03764176	2.037732547	2.037787591	2.037806145
	1.832782251	1.832807083	1.83290011	1.833093384	1.833772508
	1.836520129	1.842017613	1.849119646	1.871503752	1.91987485
	1.866478294	1.795902979	1.877019652	1.752047068	1.736381897
	1.79329888	1.821979483	1.825602098	1.822313556	1.818158327
	1.811280115	1.801562355	1.797658249	1.797869928	1.798246039
	1.798538011	1.799030087	1.799210585	1.799226506	1.799484106
	1.799794528	1.799509618	1.797334699	1.794963515	1.79862631
	1.806039732	1.815145296	1.824907186	1.834563545	1.842373035
	1.846037623	1.856822703	1.868061275	1.877049895	1.888584919
	1.898763379	1.907753933	1.916312961	1.924699233	1.932889392
	1.940864314	1.948643998	1.956275496	1.963702578	1.970588806
	1.976837863	1.983141268	1.989589079	1.995368418	2.00015291
	2.004055786	2.007257806	2.009925697	2.012196336	2.014171744
	2.015923718	2.017501749	2.018940215	2.020263658	2.021490232
	2.022633825	2.023705327	2.024713421	2.025665094	2.026565999
	2.027420729	2.028233018	2.029005888	2.029741765	2.030442557
	2.031109729	2.03174438	2.032347309	2.032919079	2.033460058
	2.033970454	2.034450334	2.034899643	2.035318221	2.035705826
	2.036062147	2.036386827	2.036679468	2.036939643	2.037166896
	2.037360747	2.037520691	2.037646199	2.037736706	2.037791588
	2.037810089	1.833890997	1.834033881	1.834520473	1.835417656
	1.836853561	1.839930893	1.845495529	1.851023886	1.860695138
	1.871962285	1.842812091	1.819647118	1.845614169	1.736870779
	1.746910103	1.801346635	1.822569373	1.82395202	1.820326306
	1.815676185	1.809407032	1.802301218	1.798622587	1.797625102
	1.797232914	1.7974074	1.798189537	1.798259275	1.797973388
	1.798122124	1.798393784	1.797996243	1.794246543	1.788387141
	1.793109539	1.802847514	1.813124172	1.823371925	1.833617502
	1.842825671	1.846615138	1.853216311	1.866831348	1.877763192
	1.889248934	1.900129944	1.909401603	1.917396836	1.925395223
	1.933508627	1.941501881	1.94929967	1.956998626	1.964728306
	1.972191815	1.978933343	1.985482149	1.99204561	1.997845719
	2.002516383	2.006188703	2.009108409	2.011494758	2.013511154
	2.015268144	2.016836919	2.018262809	2.019575258	2.020794244
	2.021934063	2.023005446	2.024016732	2.024974532	2.025884146
	2.026749846	2.027575084	2.028362651	2.029114791	2.029833277
	2.030519474	2.031174396	2.031798762	2.032393055	2.032957574
	2.033492466	2.033997753	2.034473348	2.034919066	2.035334637
	2.035719728	2.036073954	2.036396893	2.036688096	2.036947092
	2.037173391	2.037366481	2.037525835	2.037650905	2.037741112
	2.037795819	2.037814263	1.834911855	1.835125149	1.835825382
	1.837068857	1.838913105	1.842653318	1.849321217	1.85311761
	1.854084271	1.850269519	1.833386444	1.824611224	1.831969538
	1.813903046	1.848426255	1.844437836	1.831987198	1.824116043
	1.818689547	1.813688139	1.808048905	1.802379214	1.798749419
	1.796926567	1.795956397	1.796166809	1.797504402	1.797405623
	1.796593887	1.796415509	1.796598361	1.797133968	1.79295264
	1.781876522	1.787845497	1.7999845	1.811316712	1.822062326
	1.832759692	1.843092388	1.850721814	1.85730705	1.86815141
	1.878901538	1.889937011	1.900790283	1.910100974	1.917996142
	1.925979821	1.934164012	1.942238755	1.950114605	1.957975754
	1.966145656	1.974316331	1.981646885	1.988506991	1.995128193
	2.00081146	2.005242266	2.008585852	2.011146363	2.013194427
	2.014917851	2.016431093	2.017800108	2.019062697	2.020241266
	2.021349994	2.022398606	2.023394262	2.024342491	2.02524767
	2.026113301	2.02694219	2.027736594	2.028498314	2.029228776
	2.029929073	2.030600003	2.031242106	2.031855708	2.032440963
	2.032997891	2.03352641	2.034026349	2.034497456	2.034939412
	2.035351834	2.035734293	2.036086324	2.03640744	2.036697136
	2.036954896	2.037180193	2.037372485	2.03753122	2.03765583
	2.037745719	2.037800241	2.037818623	1.835767438	1.83600934
	1.836789675	1.83816535	1.840323983	1.845175106	1.853844022
	1.856336055	1.851873408	1.843162151	1.830930121	1.824351817
	1.815362405	1.843987179	1.931980394	1.882171169	1.838758843
	1.823524199	1.816976838	1.811947436	1.806808865	1.801853143
	1.798138658	1.795745062	1.794385096	1.794648983	1.79659429
	1.796433739	1.79504203	1.794384576	1.794725027	1.798377429
	1.796793783	1.778882608	1.784565676	1.797880375	1.809619512
	1.820772259	1.832001579	1.843061081	1.852909655	1.861391658
	1.870705194	1.880299082	1.890349442	1.900423939	1.909761682
	1.918096335	1.92644177	1.934860261	1.943097032	1.951135101
	1.95925055	1.967856425	1.976661323	1.984674511	1.991993632
	1.998707967	2.00422601	2.008338093	2.011255066	2.01336483
	2.015008587	2.01639846	2.017644511	2.018800039	2.019890781
	2.020929714	2.021924023	2.022878254	2.023795671	2.024678808
	2.025529691	2.026349943	2.027140855	2.027903442	2.028638488
	2.029346571	2.030028087	2.030683249	2.031312111	2.031914591
	2.032490504	2.033039587	2.033561517	2.034055924	2.034522392
	2.034960458	2.035369623	2.03574936	2.036099121	2.03641835
	2.036706487	2.036962969	2.037187229	2.037378695	2.037536788
	2.037660919	2.037750479	2.037804807	2.037823126	1.836431606
	1.83667696	1.837468331	1.838893283	1.841361335	1.847232655
	1.85734441	1.859089002	1.851895927	1.841257054	1.829020129
	1.818373184	1.783671871	1.770275902	1.899398137	1.874117146
	1.83387189	1.820623997	1.81493329	1.810283943	1.805530339
	1.800869864	1.796947581	1.79414105	1.792631716	1.792811892
	1.794765532	1.794830413	1.793211653	1.792061357	1.792332126
	1.798626814	1.801732959	1.780960103	1.784466939	1.796622568
	1.807811591	1.819283944	1.831273026	1.843467777	1.855217963
	1.864856621	1.87311931	1.881582944	1.890620986	1.899321975
	1.908697897	1.917901413	1.926878026	1.93564304	1.944093609
	1.952358516	1.960810463	1.969833659	1.979168577	1.987912071
	1.995828411	2.002738541	2.00810848	2.011849685	2.014218099
	2.015754391	2.016913936	2.017929149	2.018888746	2.019821523
	2.020735385	2.021631489	2.022509084	2.023367157	2.0242049
	2.025021756	2.025817345	2.026591376	2.027343595	2.028073755
	2.028781604	2.029466865	2.03012922	2.030768291	2.031383636
	2.031974761	2.032541133	2.0330822	2.033597399	2.034086156
	2.034547882	2.034981972	2.035387809	2.035764763	2.036112203
	2.036429504	2.036716048	2.036971223	2.037194422	2.037385042
	2.037542478	2.03766612	2.037755342	2.037809472	2.037827725
	1.836910715	1.837146972	1.837917206	1.839338175	1.841870333
	1.847420027	1.85606281	1.857439003	1.851467507	1.841628714
	1.827036944	1.80789848	1.752172916	1.692389172	1.814588916
	1.838738752	1.82302522	1.816844869	1.812816807	1.808676879
	1.804199539	1.799571047	1.795284887	1.792126123	1.790774653
	1.791036136	1.792338368	1.792553599	1.791087309	1.789263058
	1.787494633	1.789242002	1.79244296	1.781243153	1.785558656
	1.79535357	1.805408523	1.817349364	1.830319095	1.843540612
	1.856513865	1.867120592	1.875049354	1.882624927	1.890928528
	1.897845767	1.907326508	1.917697347	1.927406943	1.936547969
	1.945216952	1.953725285	1.96257088	1.972055856	1.981926611
	1.991434359	2.000064621	2.007323148	2.012577541	2.015890919
	2.017518973	2.018299718	2.018876265	2.019478812	2.020140526
	2.020847769	2.021584135	2.022337144	2.023097747	2.023859344
	2.024617084	2.025367339	2.02610733	2.026834857	2.027548124
	2.028245623	2.028926067	2.029588321	2.030231352	2.030854188
	2.031455892	2.032035553	2.032592291	2.033125264	2.033633663
	2.03411671	2.034573644	2.035003718	2.03540619	2.035780332
	2.036125427	2.036440779	2.036725712	2.036979566	2.037201694
	2.037391459	2.03754823	2.037671376	2.037760256	2.037814185
	2.037832373	1.837234361	1.837450649	1.838161737	1.839464611
	1.841613489	1.845443162	1.850186352	1.850601843	1.848454145
	1.843064358	1.826417835	1.800682634	1.747697136	1.693993847
	1.778817198	1.816788292	1.816111286	1.814050366	1.810921905
	1.807160152	1.802877902	1.798097755	1.793212155	1.789607044
	1.788644636	1.789414461	1.790334021	1.790392154	1.789007016
	1.786400644	1.781696602	1.775470951	1.773955556	1.776358695
	1.784890359	1.792637707	1.801580793	1.81467701	1.829082018
	1.843162899	1.856613771	1.867817205	1.876098733	1.88322325
	1.89075393	1.895934478	1.906035356	1.917662212	1.927964111
	1.937453036	1.946361891	1.95512071	1.964391548	1.974403971
	1.984905911	1.995299103	2.004868183	2.012755002	2.017860855
	2.020658879	2.021214036	2.020963982	2.020842868	2.021007537
	2.021373507	2.021861167	2.022424509	2.023037235	2.023682593
	2.024348851	2.025027359	2.025711554	2.026396334	2.027077636
	2.027752149	2.028417131	2.029070272	2.029709592	2.030333352
	2.030939992	2.031528082	2.032096298	2.032643416	2.033168303
	2.033669909	2.034147251	2.034599397	2.035025456	2.035424566
	2.035795896	2.036138647	2.036452052	2.036735375	2.036987908
	2.037208964	2.037397875	2.037553981	2.037676632	2.037765169
	2.037818898	2.037837019	1.837445568	1.83762674	1.838218374
	1.839265456	1.840784113	1.842832733	1.844440261	1.843720829
	1.843603828	1.843777298	1.828449445	1.80180122	1.766389534
	1.739368907	1.785763951	1.811241516	1.813229579	1.811984814
	1.809152562	1.805747825	1.801692623	1.796656882	1.79084394
	1.786528888	1.786142566	1.787775332	1.788866524	1.788790464
	1.787321163	1.784187653	1.777841403	1.767186103	1.761042194
	1.769404376	1.78113249	1.786487157	1.794604092	1.810782207
	1.827661397	1.84270251	1.856369733	1.867860747	1.876608929
	1.88342699	1.889683898	1.894282054	1.905722892	1.917805129
	1.928077715	1.937861768	1.947218339	1.956369866	1.966126481
	1.97672189	1.987982505	1.999535085	2.01061011	2.019801181
	2.024213089	2.026336971	2.025283199	2.023640715	2.022728561
	2.022465863	2.022560024	2.022844646	2.02324459	2.023722707
	2.024256435	2.024829848	2.025430947	2.026050459	2.026681088
	2.027316988	2.027953397	2.028586376	2.029212625	2.029829341
	2.030434098	2.031024759	2.031599411	2.032156328	2.032693946
	2.033210846	2.03370574	2.034177444	2.034624858	2.035046949
	2.035442735	2.035811286	2.03615172	2.036463199	2.03674493
	2.036996157	2.037216154	2.03740422	2.03755967	2.037681832
	2.037770031	2.037823561	2.037841617	1.837577067	1.837713407
	1.838134928	1.838833624	1.839734757	1.840618613	1.840787515
	1.839639527	1.839237356	1.84162486	1.830812735	1.808232958
	1.7881126	1.776976568	1.796868537	1.809329094	1.810816643
	1.80964869	1.807282729	1.804510898	1.800886467	1.795643839
	1.788579658	1.783132376	1.783527339	1.78630482	1.787816357
	1.787678758	1.786088694	1.782810886	1.776227796	1.763909285
	1.751015037	1.75420039	1.767189894	1.768884117	1.779463826
	1.804676684	1.82625667	1.842554555	1.856431463	1.868007913
	1.877057162	1.883732725	1.888990107	1.895001826	1.907495988
	1.918116777	1.927234993	1.937125644	1.94734686	1.957282181
	1.967661455	1.978869916	1.991004743	2.004227854	2.018706027
	2.031781459	2.031543011	2.032460209	2.029297762	2.026039762
	2.024396431	2.023797783	2.023675002	2.023783693	2.024033928
	2.024385269	2.0248125	2.025296756	2.025823236	2.026380227
	2.026958405	2.027550257	2.028149644	2.028751494	2.029351562
	2.029946254	2.030532484	2.031107558	2.031669099	2.032214986
	2.032743327	2.033252426	2.033740763	2.034206959	2.034649748
	2.03506796	2.035460497	2.035826332	2.036164501	2.036474097
	2.036754273	2.037004224	2.037223186	2.037410427	2.037565235
	2.037686919	2.037774789	2.037828126	2.037846119	1.837631111
	1.837728124	1.837987014	1.838333687	1.838714681	1.838919155
	1.838516251	1.83726979	1.836106994	1.837154087	1.830225026
	1.814109148	1.802559515	1.796646124	1.802437439	1.807394632
	1.808056315	1.806904018	1.805454955	1.803735498	1.80085178
	1.795760265	1.787524585	1.780452379	1.781495621	1.785386828
	1.787205751	1.786923538	1.785181999	1.782066563	1.77618157
	1.763382252	1.739618409	1.718351963	1.717043795	1.713230021
	1.744772267	1.795063291	1.825284117	1.843080564	1.857169687
	1.868646536	1.877773311	1.884553671	1.889629848	1.897549621
	1.910170841	1.918467125	1.926019007	1.935726525	1.946882591
	1.957877587	1.968958207	1.980722583	1.993764157	2.009723001
	2.036548722	2.071707423	2.044852375	2.036129182	2.031564047
	2.027480948	2.025649261	2.024954302	2.024703012	2.024668774
	2.024784267	2.025017637	2.025344546	2.025744329	2.026199842
	2.026697201	2.027225231	2.027774882	2.028338744	2.028910683
	2.029485566	2.030059055	2.030627435	2.031187486	2.031736382
	2.03227163	2.032791018	2.033292589	2.033774596	2.034235472
	2.034673795	2.03508826	2.035477659	2.03584087	2.03617685
	2.036484629	2.036763302	2.03701202	2.037229983	2.037416427
	2.037570617	2.037691841	2.037779394	2.037832546	2.037850478
	1.837585155	1.837649195	1.837778011	1.837847083	1.837821183
	1.837589893	1.836884083	1.835538229	1.833863192	1.832916683
	1.827695832	1.817212861	1.80990265	1.805393435	1.805106002
	1.806140212	1.806059374	1.804887767	1.804450366	1.803864589
	1.801947953	1.797832116	1.789645769	1.780880582	1.781358577
	1.785448226	1.787080936	1.786404794	1.784344288	1.781577211
	1.7773449	1.766619611	1.739298018	1.701391019	1.674177136
	1.636647481	1.696004409	1.784817348	1.825673239	1.844611356
	1.85884083	1.869953227	1.878901114	1.885862577	1.891030062
	1.899342431	1.911435884	1.918667765	1.925947002	1.93563217
	1.947026884	1.958569391	1.970077605	1.982154338	1.995812646
	2.014973635	2.067995441	2.203058369	2.119054043	2.032421948
	2.025511195	2.026403003	2.026267328	2.02592744	2.025647935
	2.025497061	2.025489676	2.02561351	2.025846889	2.026167698
	2.026556665	2.026997938	2.027478673	2.027988433	2.028518651
	2.029062219	2.029613186	2.030166521	2.030717923	2.031263674
	2.031800531	2.032325643	2.032836502	2.033330896	2.033806868
	2.034262673	2.034696737	2.035107629	2.035494034	2.035854742
	2.036188634	2.036494678	2.036771918	2.037019461	2.037236471
	2.037422156	2.037575758	2.037696545	2.037783797	2.037836774
	2.037854649	1.837434983	1.837462508	1.837473482	1.837341932
	1.837030498	1.836496996	1.835575758	1.8341156	1.832166096
	1.830042619	1.825565379	1.818605367	1.813375822	1.809419036
	1.807103816	1.806501592	1.806049625	1.804696176	1.804688611
	1.804833435	1.8040212	1.80201032	1.796171251	1.786716017
	1.784465174	1.786786368	1.787434621	1.785970323	1.783087322
	1.780670675	1.779289194	1.773491907	1.75831501	1.759639296
	1.813820511	1.749642017	1.724424092	1.790670134	1.828602911
	1.847299448	1.86166006	1.871982238	1.880438126	1.887487024
	1.892641958	1.899791882	1.911016319	1.918790611	1.927415081
	1.937537636	1.948477269	1.95967685	1.971080443	1.983074498
	1.996469092	2.014289288	2.059876733	2.202450321	2.135877927
	2.006110435	1.988594681	2.018699401	2.026190309	2.026812544
	2.026539548	2.026271135	2.026145547	2.026167211	2.026314319
	2.02656239	2.026889924	2.027279248	2.027716041	2.028188639
	2.028687445	2.029204481	2.029733053	2.030267496	2.03080297
	2.031335299	2.031860849	2.032376439	2.032879282	2.033366931
	2.03383723	2.034288265	2.034718323	2.035125854	2.035509443
	2.035867796	2.036199724	2.036504136	2.036780027	2.037026465
	2.03724258	2.037427552	2.037580602	2.037700981	2.037787953
	2.037840769	2.03785859	1.837229802	1.837213501	1.837110175
	1.836822565	1.836312054	1.835564863	1.834482691	1.832929923
	1.83085032	1.828273613	1.824343088	1.819321681	1.815170776
	1.811610847	1.80897055	1.807935493	1.807039379	1.80520986
	1.805056669	1.805639499	1.806139012	1.807069411	1.805143349
	1.796065051	1.790099496	1.789113053	1.788149993	1.785482834
	1.780694394	1.778270016	1.781480752	1.779926409	1.774307461
	1.789982409	1.904021862	1.929900512	1.839950362	1.819567011
	1.832981144	1.850811279	1.865675055	1.874618232	1.882252917
	1.889289801	1.894443175	1.899912729	1.909980025	1.91906211
	1.929549441	1.940097794	1.950413822	1.960938889	1.97192346
	1.983559273	1.996184764	2.010508705	2.028938655	2.033525828
	1.741604598	1.956920193	1.965321596	2.008981549	2.026728022
	2.02788247	2.027420052	2.026991672	2.026746315	2.026673099
	2.026741997	2.026924338	2.027196191	2.027538231	2.027934871
	2.028373406	2.028843351	2.029335964	2.029843892	2.030360902
	2.030881667	2.031401591	2.031916686	2.03242347	2.032918897
	2.033400304	2.033865351	2.03431197	2.034738319	2.035142737
	2.035523718	2.035879889	2.036209998	2.036512899	2.036787541
	2.037032955	2.037248242	2.037432555	2.037585097	2.037705101
	2.03779182	2.037844489	2.037862264	1.837047704	1.836979777
	1.836763265	1.836338755	1.835671541	1.834765149	1.833567309
	1.831956995	1.829831949	1.827161987	1.823689971	1.819746089
	1.816235122	1.812999477	1.810452686	1.809123318	1.807501703
	1.8051986	1.804659031	1.805339808	1.806982802	1.810780231
	1.81266631	1.804203526	1.795417642	1.791518414	1.789065007
	1.785263465	1.777782694	1.774424347	1.784659192	1.783915679
	1.780611653	1.759214421	1.758829708	1.824355143	1.84916517
	1.836990149	1.835537491	1.853901945	1.870060629	1.87733289
	1.88404865	1.891096997	1.896500123	1.900867695	1.909504123
	1.919781956	1.931648785	1.942226295	1.951983971	1.961969386
	1.972527499	1.983745287	1.995763583	2.008874223	2.022643502
	2.030337351	1.921552979	2.205686261	2.131988145	2.036353341
	2.031041241	2.029320178	2.028278231	2.027644637	2.027283152
	2.027125236	2.027125458	2.027249929	2.027472432	2.027772302
	2.028132954	2.028540845	2.028984756	2.029455295	2.029944537
	2.03044575	2.030953174	2.031461842	2.031967445	2.032466229
	2.032954918	2.033430652	2.033890925	2.034333531	2.034756507
	2.035158095	2.035536703	2.035890891	2.036219345	2.03652087
	2.036794377	2.037038861	2.037253395	2.037437111	2.037589194
	2.037708863	2.037795356	2.0378479	2.037865635	1.836960384
	1.836827069	1.836490392	1.835933901	1.835126096	1.834092018
	1.832816371	1.831184221	1.829058388	1.826421343	1.823304244
	1.820010106	1.816942791	1.813938647	1.811409635	1.809682439
	1.807493798	1.805041622	1.803959658	1.803893398	1.805494198
	1.81092427	1.815514289	1.808631535	1.798722904	1.793303988
	1.790083447	1.78618857	1.778731475	1.773937725	1.790926871
	1.786661792	1.791733402	1.776831498	1.671165302	1.662608975
	1.753967399	1.817840017	1.834146594	1.853838258	1.871668352
	1.878853744	1.885417808	1.892672018	1.898590172	1.902968257
	1.910376799	1.921132718	1.933408476	1.943670005	1.9530036
	1.962652234	1.972870499	1.983683116	1.995219323	2.007983189
	2.022253477	2.033680882	2.018088954	2.128291626	2.075801104
	2.035062305	2.032966032	2.030384087	2.02898771	2.028198525
	2.027744769	2.027517884	2.027460834	2.0275361	2.027716055
	2.027979221	2.02830835	2.028689283	2.029110222	2.029561243
	2.030033938	2.030521148	2.031016735	2.031515409	2.032012581
	2.032504257	2.032986957	2.033457648	2.033913677	2.034352713
	2.034772689	2.035171759	2.035548257	2.035900679	2.036227661
	2.036527964	2.03680046	2.037044117	2.037257982	2.03744117
	2.037592848	2.037712224	2.037798527	2.037850969	2.037868675
	1.837021746	1.836796203	1.836321831	1.8356326	1.834689659
	1.833548314	1.832225467	1.830603662	1.828493778	1.825895192
	1.823021362	1.820158564	1.817439228	1.814581056	1.811944599
	1.809878183	1.807532914	1.805268775	1.80364123	1.801887147
	1.801400795	1.806590784	1.812636315	1.808504193	1.799802488
	1.79431637	1.791043545	1.787908832	1.783726596	1.778978268
	1.789249499	1.787634184	1.804619306	1.842151743	1.82886397
	1.848856542	1.832881685	1.817995458	1.830939229	1.851519205
	1.866578206	1.877381739	1.886158181	1.893945872	1.900345314
	1.905505245	1.912466643	1.922853826	1.934570094	1.944439196
	1.953570082	1.96304027	1.97298596	1.983385516	1.994347565
	2.006461432	2.020306177	2.031821055	2.031405993	2.056630946
	2.039729652	2.034056222	2.033985551	2.030979929	2.029484777
	2.028630932	2.028122777	2.027846857	2.027745239	2.027780455
	2.027924948	2.028157112	2.028459403	2.028817272	2.029218496
	2.02965273	2.030111173	2.030586308	2.031071681	2.031561725
	2.032051613	2.032537146	2.033014669	2.033481	2.033933358
	2.034369307	2.034786689	2.03518358	2.035558253	2.035909148
	2.036234856	2.036534101	2.036805723	2.037048665	2.037261953
	2.037444686	2.037596018	2.037715149	2.037801299	2.03785367
	2.037871363	1.837255944	1.836897931	1.83626534	1.835447424
	1.834375096	1.833144711	1.831792559	1.830203304	1.828109994
	1.825496569	1.82274781	1.8201803	1.817749104	1.81498861
	1.812204456	1.809948641	1.807766697	1.805877784	1.803960467
	1.800251837	1.795715657	1.798859049	1.805977171	1.805129636
	1.799214077	1.79470151	1.791763281	1.789269731	1.787128034
	1.784193858	1.77649641	1.775314025	1.790429696	1.76197912
	1.759953391	1.756863364	1.780383155	1.807977483	1.823198291
	1.850260768	1.861263053	1.872841021	1.886595709	1.89520551
	1.901681826	1.907601596	1.914723947	1.924386731	1.935120663
	1.944711475	1.953836766	1.963223707	1.97293436	1.982886745
	1.993027738	2.003792936	2.015932723	2.026543893	2.030090919
	2.036702015	2.034087392	2.034402143	2.03334363	2.031049505
	2.029760021	2.028938479	2.028415353	2.02811061	2.027977067
	2.027981343	2.028097498	2.028304466	2.028584747	2.0289236
	2.029308518	2.029728838	2.030175452	2.030640554	2.031117434
	2.031600299	2.032084125	2.032564544	2.033037757	2.033500456
	2.033949757	2.034383134	2.034798354	2.035193431	2.035566582
	2.035916205	2.036240851	2.036539214	2.036810108	2.037052454
	2.037265263	2.037447618	2.037598667	2.037717602	2.037803643
	2.037855983	2.037873688	1.837628037	1.837099323	1.836306011
	1.835381317	1.834194092	1.832898931	1.831513776	1.829955497
	1.827874738	1.825178748	1.822433385	1.820035324	1.817817937
	1.815147046	1.812276169	1.809974521	1.808100462	1.806630619
	1.804816147	1.800116971	1.791657137	1.791223698	1.798781224
	1.800975216	1.797963719	1.794720907	1.79221775	1.790079667
	1.788370326	1.786388164	1.777020295	1.772689351	1.790353165
	1.798689738	1.770030164	1.81259337	1.789175772	1.80913687
	1.837692194	1.832082887	1.840971045	1.866197518	1.88751222
	1.896862506	1.902791761	1.909015608	1.916371494	1.925440211
	1.935343642	1.944763469	1.953946522	1.9632853	1.972789152
	1.982267269	1.9912287	1.999607412	2.009376165	2.019915914
	2.026092569	2.030599656	2.03173976	2.032736033	2.032194725
	2.030879819	2.029878051	2.029138743	2.028627764	2.028310362
	2.028155993	2.02813783	2.028232566	2.02842013	2.028683296
	2.029007287	2.029379419	2.029788811	2.030226121	2.030683326
	2.031153518	2.031630726	2.032109772	2.032586158	2.033055971
	2.033515805	2.033962695	2.034394042	2.034807557	2.035201201
	2.035573152	2.035921771	2.036245579	2.036543246	2.036813566
	2.037055443	2.037267873	2.037449933	2.037600762	2.037719554
	2.03780553	2.037857889	2.03787566	1.838029606	1.83732658
	1.836408846	1.835419942	1.834138317	1.832813956	1.831377239
	1.829815279	1.827744781	1.824930955	1.822094551	1.819742918
	1.817635784	1.815060005	1.812210905	1.809964996	1.808410007
	1.807309704	1.805862402	1.801905878	1.794212848	1.790330827
	1.794619738	1.797874676	1.796831641	1.794604867	1.792470861
	1.79053387	1.788863379	1.78701988	1.781662226	1.77950466
	1.788813072	1.792916466	1.763459507	1.804358479	1.786546411
	1.802836093	1.833477781	1.847639489	1.847231691	1.864084671
	1.889557734	1.898969912	1.903788946	1.90990796	1.917363929
	1.926072336	1.935463248	1.944767656	1.953987767	1.96328802
	1.972628591	1.981695803	1.989459799	1.994807957	2.000795572
	2.012742916	2.02211753	2.027536479	2.030091123	2.031415681
	2.031402435	2.030678129	2.029910556	2.029257488	2.028769309
	2.028449185	2.028282628	2.028249548	2.028329422	2.028503272
	2.028754236	2.02906758	2.029430531	2.029832061	2.030262671
	2.030714186	2.031179555	2.031652682	2.032128281	2.032601757
	2.033069116	2.033526883	2.033972031	2.034401914	2.034814197
	2.035206807	2.035577892	2.035925785	2.036248989	2.036546153
	2.036816059	2.037057596	2.037269755	2.037451602	2.037602276
	2.037720973	2.03780693	2.037859375	2.037877328	1.83831846
	1.837507492	1.836520502	1.835518428	1.834157572	1.8328349
	1.831347768	1.829740045	1.82768121	1.824775662	1.821823468
	1.819445339	1.817366837	1.814872006	1.812094323	1.809930301
	1.808611386	1.807766898	1.80669771	1.80420787	1.802992023
	1.800008304	1.79581658	1.796615193	1.796168477	1.794496451
	1.792592343	1.790766743	1.789119632	1.787436807	1.784763025
	1.785205556	1.792354698	1.802486553	1.821333731	1.886646682
	1.888279216	1.87033769	1.851916885	1.851126393	1.852932936
	1.866886349	1.891745229	1.900909313	1.904564539	1.910414604
	1.917878734	1.926406187	1.935539842	1.944771283	1.954001433
	1.963273851	1.972515131	1.981373922	1.988860426	1.994454764
	1.997429029	2.007691715	2.019477872	2.025847481	2.029068133
	2.030641642	2.030943923	2.030527674	2.0299092	2.029318106
	2.028849537	2.028530607	2.028357983	2.028316478	2.028387646
	2.028553344	2.028797004	2.029103952	2.029461375	2.029858167
	2.030284737	2.030732818	2.031195276	2.031665939	2.032139455
	2.032611174	2.03307705	2.033533568	2.033977665	2.034406662
	2.034818201	2.035210187	2.035580747	2.035928202	2.036251041
	2.036547903	2.036817557	2.037058891	2.037270885	2.037452605
	2.037603187	2.037721833	2.037807803	2.037860402	2.037878827
	1.838369013	1.837604926	1.836555601	1.835585003	1.834179991
	1.832854851	1.831359588	1.829705029	1.82766802	1.82474452
	1.821726169	1.819312181	1.817235943	1.814788009	1.812044688
	1.809900339	1.808660184	1.80790027	1.8070002	1.805091893
	1.807045331	1.808152037	1.798645258	1.796543118	1.795973029
	1.794456016	1.792626898	1.79083684	1.789199551	1.787595588
	1.785744172	1.787044592	1.794021496	1.805940076	1.850497985
	1.997957371	1.991810877	1.914413503	1.863687472	1.851148712
	1.844819107	1.864566514	1.892411668	1.901964631	1.904915558
	1.910568697	1.918032724	1.926509887	1.935567608	1.944773736
	1.954004108	1.963265092	1.972469648	1.981282211	1.988924697
	1.996214753	2.000994257	2.007046945	2.018741414	2.025347868
	2.028725915	2.030387338	2.030792305	2.030472351	2.029904982
	2.029336315	2.028875344	2.02855733	2.028382922	2.028338719
	2.028407034	2.028570036	2.028811269	2.029116087	2.029471667
	2.029866877	2.030292098	2.030739032	2.031200516	2.031670355
	2.032143175	2.032614306	2.033079688	2.033535788	2.033979534
	2.034408236	2.034819526	2.035211302	2.035581688	2.035928997
	2.036251714	2.036548474	2.036818046	2.037059311	2.03727125
	2.037452928	2.03760348	2.03772211	2.037808097	2.037860857
	2.037880503	