3131	
	0.294532773	0.2944343943	0.2941658816	0.2937226205	0.293103611
	0.2923084999	0.2913370995	0.2901892775	0.2888649239	0.2873639379
	0.285686224	0.2838316916	0.2818002568	0.2795918472	0.2772064089
	0.2746439165	0.2719043882	0.2689879066	0.2658946473	0.2626249209
	0.2591792297	0.2555583489	0.2517634397	0.2477962079	0.2436591255
	0.2393557415	0.2348911143	0.2302724123	0.2255097446	0.2206173008
	0.2156148975	0.210530046	0.2054006539	0.2002784398	0.1952330302
	0.1903564744	0.1857674774	0.1816139779	0.1780718348	0.1753366725
	0.1736061734	0.1730525542	0.1737904429	0.1758516249	0.1791785364
	0.1836393314	0.189056233	0.195235291	0.201989526	0.2091529369
	0.2165864825	0.2241785295	0.2318422046	0.2395114523	0.2471369086
	0.2546821599	0.2621206102	0.269432984	0.2766054001	0.2836279184
	0.2904934615	0.2971970223	0.3037350865	0.3101052142	0.3163057373
	0.3223355419	0.3281939114	0.3338804135	0.3393948193	0.3447370443
	0.3499071069	0.3549050974	0.3597311562	0.3643854575	0.3688681983
	0.3731795888	0.3773198473	0.3812891946	0.3850878512	0.3887160342
	0.392173956	0.3954618221	0.3985798307	0.401528171	0.4043070232
	0.4069165575	0.4093569338	0.411628301	0.4137307967	0.4156645469
	0.417429665	0.4190262513	0.4204543918	0.4217141564	0.4228055956
	0.4237287345	0.4244835593	0.4250699845	0.4254877473	0.4257359493
	0.4258102303	0.2945257068	0.2944332361	0.294165566	0.2937224816
	0.293103528	0.2923084402	0.2913370507	0.2901892335	0.2888648807
	0.2873638925	0.2856861733	0.2838316321	0.2818001843	0.2795917562
	0.2772062919	0.2746437635	0.2719041852	0.2689876343	0.265894279
	0.2626244191	0.2591785422	0.2555574028	0.251762133	0.2477943976
	0.2436566119	0.2393522456	0.2348862465	0.2302656305	0.2255002974
	0.2206041525	0.2155966316	0.2105047474	0.2053657752	0.2002306702
	0.1951682088	0.190269626	0.1856530986	0.1814667419	0.1778878711
	0.1751154077	0.1733522757	0.1727768929	0.1735087892	0.1755809977
	0.1789330016	0.1834274617	0.1888809068	0.1950950283	0.2018802665
	0.2090695644	0.2165238514	0.2241320243	0.2318079635	0.2394863893
	0.2471186345	0.2546688658	0.262110948	0.2694259606	0.2766002894
	0.2836241928	0.2904907388	0.2971950263	0.3037336179	0.3101041292
	0.316304932	0.3223349414	0.3281934613	0.3338800745	0.3393945626
	0.344736849	0.3499069576	0.3549049829	0.359731068	0.3643853896
	0.3688681459	0.3731795485	0.3773198164	0.3812891711	0.3850878335
	0.3887160213	0.3921739469	0.3954618162	0.3985798273	0.4015281699
	0.404307024	0.4069165601	0.4093569381	0.411628307	0.4137308045
	0.4156645567	0.4174296771	0.4190262662	0.4204544105	0.4217141803
	0.4228056274	0.4237287791	0.424483628	0.4250701076	0.4254880396
	0.425737044	0.42581695	0.294521769	0.2944316236	0.2941648655
	0.2937221119	0.2931032941	0.2923082697	0.2913369114	0.2901891084
	0.2888647585	0.2873637641	0.2856860298	0.2838314634	0.2817999778
	0.2795914956	0.2772059551	0.2746433206	0.2719035952	0.2689868399
	0.2658932009	0.2626229467	0.2591765212	0.2555546174	0.251758281
	0.2477890567	0.2436491911	0.2393419186	0.2348718604	0.2302455801
	0.225472356	0.2205652479	0.2155425576	0.2104298079	0.2052623758
	0.2000889084	0.1949755828	0.190011091	0.1853118507	0.1810262609
	0.1773357553	0.1744490794	0.1725852863	0.171942365	0.1726555918
	0.1747620324	0.1781916449	0.1827896092	0.1883546777	0.1946752387
	0.2015540766	0.2088211683	0.2163375529	0.2239938624	0.2317063269
	0.2394120398	0.2470644426	0.2546294465	0.2620822956	0.2694051272
	0.2765851222	0.2836131281	0.2904826445	0.2971890846	0.3037292388
	0.3101008868	0.3163025191	0.3223331358	0.3281921022	0.3338790451
	0.339393778	0.3447362473	0.3499064933	0.3549046224	0.3597307867
	0.3643851689	0.3688679721	0.3731794113	0.3773197079	0.3812890854
	0.3850877661	0.3887159686	0.3921739062	0.3954617856	0.3985798052
	0.4015281551	0.4043070158	0.4069165579	0.4093569416	0.4116283162
	0.4137308197	0.4156645784	0.4174297063	0.4190263046	0.4204544606
	0.4217142465	0.4228057169	0.4237289057	0.4244838203	0.4250704331
	0.4254886825	0.4257385566	0.4258206768	0.2945192513	0.2944300758
	0.2941639936	0.2937215828	0.293102936	0.292308	0.2913366879
	0.2901889062	0.2888645606	0.287363556	0.2856857973	0.2838311901
	0.2817996433	0.2795910733	0.2772054096	0.2746426032	0.271902639
	0.2689855524	0.2658914536	0.2626205605	0.259173246	0.2555501033
	0.2517520391	0.2477804022	0.2436371662	0.2393251839	0.2348485454
	0.2302130783	0.2254270477	0.2205021299	0.2154547635	0.2103080074
	0.2050940701	0.1998576927	0.1946605534	0.1895867582	0.1847491904
	0.1802958581	0.1764141638	0.1733289814	0.1712877094	0.1705245133
	0.1712046875	0.1733728722	0.1769404583	0.1817197905	0.1874776519
	0.1939796541	0.2010162613	0.2084132746	0.2160326057	0.2237682604
	0.231540667	0.239291013	0.2469763066	0.2545653716	0.2620357346
	0.2693712738	0.2765604726	0.2835951398	0.2904694788	0.2971794139
	0.3037221054	0.3100955999	0.31629858	0.322330184	0.3281898768
	0.3338773566	0.3393924885	0.3447352559	0.3499057262	0.3549040251
	0.3597303188	0.3643848005	0.3688676808	0.3731791801	0.377319524
	0.3812889392	0.38508765	0.388715877	0.3921738348	0.3954617309
	0.3985797647	0.401528127	0.4043069987	0.4069165509	0.4093569443
	0.4116283285	0.4137308421	0.4156646117	0.4174297522	0.4190263656
	0.4204545407	0.4217143521	0.422805859	0.4237291038	0.4244841114
	0.4250708932	0.4254894732	0.4257399933	0.4258230375	0.2945174413
	0.2944287005	0.2941630727	0.2937209577	0.2931024839	0.2923076468
	0.2913363891	0.2901886333	0.2888642922	0.2873632736	0.2856854819
	0.2838308197	0.2817991906	0.2795905027	0.277204673	0.2746416356
	0.2719013506	0.2689838192	0.265889103	0.2626173523	0.2591688447
	0.2555440403	0.2517436584	0.2477687858	0.243621029	0.2393027281
	0.2348172581	0.2301694537	0.2253662082	0.2204173171	0.2153366691
	0.2101439203	0.2048668451	0.1995446077	0.1942322594	0.1890067687
	0.1839747691	0.1792817539	0.1751212561	0.1717397722	0.1694274474
	0.1684776173	0.1691070513	0.171373061	0.1751541394	0.1802076453
	0.1862503647	0.1930150112	0.2002760692	0.2078553286	0.2156174704
	0.2234622542	0.2313165679	0.2391276053	0.2468574624	0.2544790421
	0.2619730287	0.2693256865	0.2765272736	0.2835709029	0.2904517289
	0.2971663656	0.3037124712	0.3100884514	0.3162932469	0.3223261819
	0.3281868547	0.3338750596	0.3393907309	0.344733902	0.3499046762
	0.3549032057	0.3597296755	0.3643842927	0.368867278	0.3731788596
	0.3773192684	0.3812887351	0.3850874875	0.3887157482	0.3921737337
	0.395461653	0.3985797066	0.401528086	0.404306973	0.4069165394
	0.4093569462	0.4116283438	0.4137308713	0.4156646561	0.4174298138
	0.4190264477	0.4204546483	0.4217144933	0.4228060467	0.4237293598
	0.4244844735	0.4250714287	0.4254902959	0.4257412519	0.4258247111
	0.2945160196	0.2944274905	0.294162161	0.2937202814	0.2931019651
	0.2923072263	0.2913360257	0.2901882974	0.2888639602	0.2873629238
	0.2856850915	0.2838303622	0.2817986328	0.2795898011	0.2772037695
	0.2746404507	0.2718997756	0.2689817034	0.2658862372	0.2626134452
	0.2591634897	0.2555366691	0.2517334759	0.2477546791	0.2436014394
	0.2392754735	0.2347792853	0.2301164965	0.2252923174	0.2203142238
	0.2151929328	0.2099438202	0.2045889878	0.199160288	0.1937037446
	0.1882859618	0.1830032427	0.1779941048	0.1734552305	0.1696579725
	0.166952453	0.1657255689	0.1662809128	0.1686964523	0.1727929068
	0.1782379995	0.1846745182	0.1917919556	0.1993473543	0.2071610581
	0.2151041853	0.2230857007	0.2310417627	0.2389277154	0.2467123244
	0.2543737188	0.2618965643	0.2692701013	0.2764867827	0.2835413259
	0.2904300503	0.2971504123	0.3037006771	0.3100796873	0.3162866978
	0.3223212583	0.3281831294	0.3338722222	0.339388555	0.344732222
	0.3499033704	0.3549021842	0.3597288716	0.3643836566	0.3688667724
	0.3731784561	0.3773189458	0.381288477	0.3850872813	0.3887155843
	0.3921736047	0.3954615532	0.3985796317	0.4015280328	0.4043069392
	0.4069165234	0.4093569473	0.4116283619	0.4137309069	0.4156647107
	0.4174298898	0.4190265489	0.4204547806	0.4217146653	0.422806272
	0.4237296596	0.4244848818	0.4250719976	0.4254910961	0.4257423401
	0.4258260022	0.2945148305	0.294426414	0.2941612815	0.2937195827
	0.2931014014	0.2923067536	0.2913356086	0.2901879072	0.2888635725
	0.2873625149	0.2856846359	0.2838298298	0.2817979857	0.2795889899
	0.2772027279	0.2746390887	0.2718979693	0.2689792818	0.2658829632
	0.2626089884	0.2591573894	0.2555282815	0.2517219003	0.2477386542
	0.2435791985	0.2392445408	0.2347361929	0.2300563899	0.2252084096
	0.2201970458	0.2150293154	0.2097155319	0.2042709587	0.19871838
	0.1930921339	0.187444455	0.1818554409	0.1764486728	0.1714154654
	0.1670498484	0.1637817919	0.1621458166	0.1625941831	0.1652388954
	0.1697973136	0.1757903394	0.1827542253	0.1903264106	0.1982495055
	0.206348937	0.2145085104	0.2226512448	0.2307260239	0.2386987153
	0.2465463647	0.2542534192	0.2618092693	0.269206641	0.2764405342
	0.2835075156	0.2904052407	0.2971321288	0.3036871375	0.3100696069
	0.316279149	0.32231557	0.3281788149	0.3338689275	0.3393860217
	0.3447302608	0.3499018418	0.3549009851	0.3597279253	0.3643829059
	0.3688661741	0.3731779776	0.3773185622	0.3812881694	0.385087035
	0.3887153881	0.39217345	0.3954614332	0.3985795414	0.4015279683
	0.4043068979	0.4069165034	0.4093569477	0.4116283826	0.4137309485
	0.4156647747	0.417429979	0.4190266673	0.4204549342	0.4217148631
	0.422806527	0.423729991	0.4244853173	0.4250725741	0.425491853
	0.4257432893	0.4258270601	0.2945137914	0.29442544	0.2941604402
	0.2937188782	0.2931008089	0.2923062418	0.2913351481	0.2901874718
	0.2888631378	0.2873620563	0.2856841261	0.2838292363	0.2817972676
	0.2795880935	0.2772015815	0.2746375948	0.2718959944	0.2689766416
	0.2658794021	0.262604151	0.2591507801	0.2555192081	0.2517093944
	0.2477213598	0.2435552149	0.239211203	0.2346897629	0.2299916248
	0.225117959	0.2200706128	0.2148524956	0.2094682201	0.2039251837
	0.1982354161	0.1924187497	0.186508284	0.1805599024	0.1746693859
	0.1690049283	0.1638694369	0.1597927063	0.157543914	0.1578358342
	0.1608385704	0.1660807039	0.1728385822	0.1804981026	0.1886415427
	0.1970086356	0.2054427001	0.2138500263	0.2221742161	0.2303809859
	0.2384492652	0.2463659489	0.2541227836	0.2617145079	0.2691377361
	0.2763902803	0.2834707336	0.2903782083	0.2971121692	0.3036723241
	0.3100585506	0.3162708468	0.3223092956	0.3281740412	0.3338652704
	0.3393832005	0.3447280693	0.3499001282	0.3548996365	0.3597268578
	0.3643820565	0.3688654952	0.3731774332	0.3773181247	0.3812878176
	0.3850867527	0.3887151628	0.3921732718	0.3954612947	0.3985794368
	0.4015278934	0.4043068496	0.4069164797	0.4093569475	0.4116284055
	0.4137309954	0.4156648472	0.4174300797	0.4190268006	0.420455106
	0.4217150819	0.4228068046	0.4237303438	0.4244857663	0.4250731436
	0.4254925621	0.4257441302	0.4258279647	0.2945128545	0.2944245436
	0.2941596355	0.293718177	0.2931001991	0.2923057016	0.2913346538
	0.2901870001	0.2888626651	0.287361558	0.2856835742	0.283828597
	0.2817964982	0.2795871382	0.277200366	0.2746360182	0.2718939186
	0.2689738765	0.2658756844	0.262599115	0.2591439161	0.2555098045
	0.2516964562	0.2477034934	0.2435304669	0.2391768321	0.2346419194
	0.2299248987	0.2250247434	0.2199402062	0.2146698371	0.2092121037
	0.2035657392	0.1977305448	0.1917090729	0.1855099805	0.1791547353
	0.1726921994	0.1662354046	0.1600599018	0.1548075937	0.1516212749
	0.1516765612	0.1552487246	0.1615201615	0.16935228	0.1779228643
	0.1867705079	0.1956589948	0.2044718178	0.2131521178	0.2216724101
	0.2300198776	0.2381890636	0.2461781275	0.2539869105	0.2616159551
	0.2690660307	0.2763379218	0.2834323463	0.2903499356	0.2970912408
	0.3036567465	0.3100468867	0.3162620576	0.3223026286	0.328168949
	0.3338613538	0.3393801669	0.3447257035	0.3498982709	0.3548981693
	0.3597256922	0.3643811257	0.3688647488	0.3731768328	0.3773176409
	0.3812874277	0.3850864391	0.3887149118	0.392173073	0.3954611399
	0.3985793197	0.4015278093	0.4043067952	0.4069164527	0.4093569466
	0.4116284306	0.413731047	0.415664927	0.4174301905	0.4190269465
	0.4204552928	0.4217153173	0.4228070991	0.4237307102	0.4244862199
	0.4250736992	0.4254932264	0.4257448877	0.4258287627	0.2945119899
	0.2944237059	0.2941588632	0.2937174838	0.29309958	0.2923051418
	0.2913341345	0.2901865006	0.2888621636	0.2873610303	0.2856829924
	0.2838279273	0.2817956978	0.2795861513	0.2771991183	0.2746344094
	0.2718918117	0.2689710832	0.2658719445	0.2625940673	0.2591370583
	0.2555004358	0.251683597	0.2476857723	0.2435059609	0.2391428414
	0.2345946483	0.2298590034	0.2249326888	0.2198113481	0.2144891034
	0.2089580875	0.2032079033	0.1972250547	0.1909924192	0.1844888815
	0.1776896401	0.1705707626	0.1631386406	0.1555675382	0.1485996611
	0.1439615758	0.1436399491	0.1481139857	0.155951687	0.1653023556
	0.1750596425	0.1847602099	0.194244502	0.2034717919	0.2124417433
	0.2211657028	0.2296571395	0.2379285235	0.2459903802	0.2538511625
	0.2615174528	0.2689942773	0.2762854315	0.283393769	0.2903214396
	0.2970700753	0.3036409324	0.3100349962	0.3162530579	0.3222957698
	0.328163685	0.3338572851	0.3393770001	0.3447232217	0.3498963133
	0.354896616	0.3597244528	0.3643801321	0.3688639492	0.3731761875
	0.3773171192	0.381287006	0.3850860991	0.3887146392	0.3921728565
	0.395460971	0.3985791917	0.4015277173	0.4043067354	0.4069164228
	0.4093569453	0.4116284574	0.4137311026	0.4156650131	0.4174303099
	0.419027103	0.4204554918	0.4217155657	0.4228074054	0.4237310846
	0.4244866728	0.4250742385	0.4254938516	0.4257455813	0.4258294839
	0.2945111779	0.2944229127	0.2941581182	0.2937168001	0.2930989569
	0.2923045693	0.2913335976	0.2901859814	0.288861642	0.2873604833
	0.2856823932	0.283827243	0.281794887	0.2795851601	0.2771978754
	0.2746328187	0.2718897428	0.2689683572	0.2658683148	0.2625891925
	0.2591304642	0.2554914616	0.2516713203	0.2476689021	0.2434826878
	0.239110624	0.2345499108	0.2297967039	0.2248457001	0.219689563
	0.2143181293	0.2087173103	0.2028675557	0.1967416314	0.1903011804
	0.1834908526	0.1762276366	0.1683840734	0.1597879578	0.15038808
	0.1409688687	0.1341225814	0.1331719391	0.1390023118	0.1491911803
	0.1606792233	0.1719652396	0.1826762762	0.1928201533	0.2024840553
	0.2117488722	0.2206754449	0.2293079095	0.237678372	0.2458103169
	0.2537209477	0.2614228516	0.2689252229	0.2762347731	0.2833564084
	0.2902937297	0.297049399	0.3036254057	0.3100232584	0.3162441228
	0.3222889198	0.3281583958	0.3338531721	0.3393737794	0.344720683
	0.3498942997	0.3548950095	0.3597231647	0.3643790947	0.3688631108
	0.3731755082	0.3773165683	0.3812865594	0.385085738	0.3887143489
	0.3921726256	0.3954607904	0.3985790547	0.4015276186	0.4043066712
	0.4069163906	0.4093569436	0.4116284859	0.4137311618	0.4156651046
	0.4174304364	0.4190272681	0.4204557004	0.4217158238	0.42280772
	0.4237314632	0.4244871221	0.4250747616	0.4254944441	0.425746226
	0.4258301486	0.2945104046	0.2944221533	0.2941573956	0.2937161264
	0.2930983334	0.2923039895	0.2913330496	0.2901854499	0.2888611087
	0.287359927	0.2856817886	0.2838265593	0.2817940854	0.2795841908
	0.2771966724	0.2746312941	0.2718877776	0.268965789	0.2658649206
	0.2625846647	0.2591243762	0.2554832207	0.2516600999	0.2476535472
	0.2434615804	0.2390814924	0.2345095576	0.2297406157	0.2247674845
	0.2195801259	0.2141644559	0.2085006206	0.2025604268	0.196303311
	0.1896694783	0.1825669895	0.1748454914	0.1662447238	0.1563324719
	0.1446678819	0.1319666426	0.1219934405	0.1200082081	0.1276353443
	0.1411401663	0.1555401774	0.1687415065	0.1806090926	0.1914527897
	0.2015551689	0.2111054577	0.2202235926	0.2289873683	0.2374491785
	0.2456453434	0.2536014833	0.2613358443	0.2688614915	0.2761878177
	0.2833216029	0.2902677665	0.2970299035	0.3036106659	0.3100120352
	0.3162355155	0.3222822708	0.3281532226	0.3338491187	0.3393705821
	0.3447181449	0.349892273	0.3548933827	0.3597218527	0.3643780325
	0.3688622483	0.3731748064	0.3773159969	0.3812860947	0.3850853612
	0.3887140453	0.3921723835	0.3954606008	0.3985789105	0.4015275146
	0.4043066035	0.4069163565	0.4093569417	0.4116285157	0.413731224
	0.4156652006	0.4174305686	0.41902744	0.4204559164	0.4217160891
	0.4228080402	0.4237318436	0.4244875665	0.4250752702	0.4254950103
	0.4257468335	0.4258307715	0.2945096597	0.2944214193	0.2941566909
	0.293715462	0.293097712	0.2923034069	0.2913324963	0.2901849128
	0.2888605716	0.2873593706	0.28568119	0.2838258905	0.2817933116
	0.2795832674	0.2771955416	0.2746298792	0.2718859756	0.2689634604
	0.2658618749	0.2625806402	0.2591190119	0.2554760163	0.2516503598
	0.2476403015	0.2434434727	0.2390566203	0.2344752449	0.2296930844
	0.2247013776	0.2194878057	0.2140349506	0.208318003	0.2023012231
	0.1959321369	0.1891311385	0.1817708124	0.173631117	0.1643026465
	0.1530322756	0.1388421785	0.1222550149	0.1084357719	0.1049529916
	0.1144818628	0.1320639351	0.1501074599	0.1655641568	0.1786793326
	0.1902202252	0.2007349197	0.210543832	0.2198315611	0.2287099581
	0.2372508273	0.2455023042	0.253497553	0.2612597983	0.2688054681
	0.276146263	0.2832905664	0.2902444217	0.2970122171	0.3035971678
	0.3100016573	0.3162274775	0.3222759999	0.3281482958	0.333845222
	0.3393674805	0.3447156617	0.3498902744	0.3548917666	0.3597205406
	0.3643769639	0.3688613758	0.3731740932	0.3773154138	0.3812856187
	0.385084974	0.3887137325	0.3921721336	0.3954604047	0.3985787612
	0.4015274067	0.4043065332	0.4069163212	0.4093569398	0.4116285468
	0.4137312885	0.4156653	0.4174307053	0.4190276172	0.420456138
	0.4217163595	0.4228083639	0.4237322243	0.4244880061	0.4250757667
	0.4254955561	0.4257474136	0.425831364	0.2945089354	0.2944207039
	0.2941560002	0.293714806	0.2930970943	0.2923028248	0.2913319424
	0.290184376	0.2888600377	0.2873588226	0.2856806075	0.2838252492
	0.2817925817	0.2795824113	0.2771945113	0.2746286118	0.2718843881
	0.2689614413	0.2658592737	0.2625772517	0.259114555	0.2554701037
	0.251642456	0.2476296629	0.2434290628	0.2390369899	0.2344483595
	0.2296560755	0.2246501804	0.2194166217	0.2139354346	0.2081779957
	0.2021026888	0.1956476018	0.1887170267	0.1811536615	0.1726759382
	0.1627351493	0.1502589441	0.1336950412	0.1133001117	0.09564151923
	0.09044725749	0.1014089112	0.1229792305	0.1448979455	0.1627100273
	0.1770380904	0.1892071116	0.2000729206	0.2100944813	0.2195188373
	0.2284885161	0.2370919677	0.245387126	0.25341327	0.2611975975
	0.2687591905	0.2761115587	0.2832643364	0.2902244415	0.2969968792
	0.3035853034	0.3099924107	0.3162202189	0.3222702623	0.3281437309
	0.3338415679	0.3393645393	0.3447132825	0.3498883413	0.3548901899
	0.3597192508	0.3643759062	0.3688605071	0.3731733793	0.3773148275
	0.3812851382	0.3850845819	0.3887134147	0.3921718791	0.3954602047
	0.3985786087	0.4015272964	0.4043064613	0.4069162851	0.409356938
	0.4116285788	0.4137313548	0.415665402	0.4174308453	0.4190277982
	0.4204563635	0.4217166334	0.4228086897	0.4237326047	0.4244884415
	0.425076254	0.425496087	0.4257479741	0.4258319351	0.2945082248
	0.2944200013	0.2941553196	0.2937141571	0.2930964811	0.292302246
	0.2913313921	0.2901838447	0.2888595133	0.2873582903	0.2856800501
	0.2838246466	0.2817919095	0.2795816401	0.2771936043	0.2746275224
	0.2718830558	0.268959787	0.2658571923	0.2625746024	0.2591111476
	0.2554656796	0.2516366615	0.2476220117	0.2434188828	0.239023348
	0.2344299539	0.2296310804	0.2246160192	0.2193696302	0.2138703498
	0.2080871523	0.2019746992	0.1954650431	0.18845203	0.1807586009
	0.1720616112	0.1617159906	0.148421708	0.1301901318	0.1070056591
	0.08644444154	0.07978872609	0.09135578158	0.1156866917	0.1407508719
	0.1605471775	0.1758527717	0.1884957969	0.1996135767	0.2097833229
	0.2193014633	0.2283333948	0.2369794823	0.2453044852	0.2533518644
	0.2611515009	0.268724255	0.2760848423	0.2832437292	0.2902084158
	0.2969843189	0.3035753865	0.3099845269	0.3162139111	0.322265186
	0.3281396239	0.3338382293	0.3393618139	0.3447110497	0.3498865064
	0.3548886783	0.3597180032	0.3643748751	0.3688596546	0.3731726747
	0.3773142459	0.3812846595	0.3850841898	0.3887130961	0.3921716233
	0.3954600032	0.3985784549	0.4015271852	0.4043063888	0.4069162488
	0.4093569365	0.4116286116	0.4137314224	0.4156655059	0.4174309875
	0.4190279817	0.4204565916	0.4217169095	0.4228090168	0.4237329847
	0.424488874	0.4250767351	0.4254966082	0.4257485222	0.4258324926
	0.2945075223	0.2944193063	0.2941546457	0.2937135138	0.2930958729
	0.2923016725	0.2913308487	0.2901833234	0.2888590037	0.2873577801
	0.2856795253	0.2838240913	0.2817913058	0.2795809673	0.2771928379
	0.2746266332	0.271882008	0.2689585361	0.2658556823	0.262572762
	0.2591088845	0.2554628738	0.2516331548	0.2476175946	0.2434132751
	0.2390161724	0.2344206982	0.2296190444	0.2246002373	0.2193487581
	0.2138424941	0.2080496049	0.2019235027	0.1953942347	0.1883522194
	0.1806140658	0.1718439363	0.1613695161	0.1478291541	0.1290907113
	0.1049090921	0.08303022308	0.07546940153	0.08686104627	0.1120525131
	0.1385868088	0.1594475468	0.1752723066	0.1881521188	0.1993899683
	0.2096288482	0.2191905866	0.2282516716	0.2369180307	0.2452575315
	0.253315508	0.26112303	0.2687017411	0.276066888	0.2832293054
	0.290196754	0.2969748379	0.3035676412	0.3099781733	0.3162086806
	0.3222608669	0.3281360483	0.3338352629	0.3393593487	0.3447089981
	0.3498847973	0.3548872536	0.3597168152	0.3643738847	0.3688588296
	0.3731719884	0.3773136764	0.3812841886	0.3850838027	0.3887127805
	0.3921713693	0.3954598028	0.3985783017	0.4015270743	0.4043063166
	0.4069162129	0.4093569354	0.411628645	0.4137314909	0.4156656107
	0.4174311309	0.4190281665	0.4204568209	0.4217171866	0.4228093445
	0.4237333645	0.4244893049	0.425077213	0.4254971247	0.4257490642
	0.4258330436	0.2945068223	0.294418614	0.2941539748	0.2937128744
	0.29309527	0.2923011062	0.2913303151	0.2901828159	0.2888585134
	0.2873572972	0.2856790389	0.2838235901	0.2817907783	0.2795804018
	0.2771922228	0.2746259572	0.2718812608	0.2689577091	0.2658547701
	0.2625717643	0.2591078099	0.2554617441	0.2516320128	0.2476165144
	0.2434123782	0.2390156509	0.2344208493	0.2296203215	0.2246033269
	0.2193546974	0.2138528537	0.2080667831	0.2019512226	0.1954384401
	0.1884228627	0.1807291664	0.1720401424	0.1617317391	0.1485643351
	0.1306060878	0.1075048849	0.08618310419	0.07836467046	0.08894306144
	0.1130579363	0.1389760005	0.159640138	0.1753804293	0.1882099838
	0.1994181741	0.2096397355	0.2191913295	0.2282465609	0.2369097206
	0.2452476939	0.2533051956	0.2611128924	0.2686921614	0.2760580731
	0.283221347	0.2901896696	0.2969685992	0.3035621937	0.3099734485
	0.3162046049	0.3222573668	0.3281330535	0.3338327085	0.3393571756
	0.3447071537	0.3498832351	0.3548859331	0.3597157011	0.3643729468
	0.3688580417	0.3731713285	0.3773131256	0.381283731	0.3850834251
	0.3887124716	0.3921711201	0.3954596057	0.3985781508	0.401526965
	0.4043062456	0.4069161778	0.409356935	0.4116286789	0.4137315596
	0.4156657158	0.4174312745	0.4190283513	0.4204570503	0.4217174638
	0.4228096722	0.4237337442	0.4244897359	0.425077691	0.4254976412
	0.4257496062	0.4258335946	0.2945061191	0.2944179191	0.2941533033
	0.293712237	0.2930946721	0.2923005483	0.2913297939	0.2901823253
	0.2888580462	0.2873568454	0.2856785949	0.2838231471	0.2817903312
	0.2795799479	0.2771917631	0.2746254983	0.2718808174	0.268957308
	0.2658544555	0.2625716063	0.2591079157	0.255462275	0.2516332082
	0.2476187264	0.2434161215	0.2390216744	0.2344302406	0.2296346595
	0.2246249073	0.2193868715	0.2139005484	0.2081373249	0.202055702
	0.1955941207	0.1886578255	0.1810923206	0.1726254364	0.1627409372
	0.1504573527	0.1343053102	0.114033052	0.09511035387	0.08777564398
	0.0969838879	0.1183893746	0.1418380908	0.1610983665	0.1761628606
	0.1886617953	0.1996940709	0.2098135899	0.2193022195	0.2283171281
	0.2369539526	0.2452745909	0.2533206902	0.2611209476	0.2686954398
	0.2760583641	0.2832198474	0.2901871726	0.2969656229	0.3035590688
	0.3099703794	0.3162017109	0.3222547112	0.3281306633	0.3338305875
	0.3393553139	0.3447055335	0.3498818348	0.3548847298	0.3597146722
	0.3643720709	0.3688572993	0.3731707019	0.3773125993	0.3812832916
	0.3850830609	0.3887121728	0.3921708783	0.3954594142	0.3985780041
	0.4015268588	0.4043061767	0.406916144	0.4093569352	0.411628713
	0.4137316282	0.4156658203	0.4174314172	0.4190285351	0.4204572786
	0.42171774	0.4228099995	0.4237341243	0.4244901684	0.4250781721
	0.4254981625	0.4257501543	0.4258341521	0.2945054065	0.2944172162
	0.2941526273	0.2937115997	0.2930940792	0.2923000002	0.2913292872
	0.2901818545	0.2888576049	0.2873564276	0.2856781958	0.2838227643
	0.2817899654	0.2795796051	0.2771914563	0.274625251	0.2718806679
	0.2689573164	0.2658547129	0.2625722484	0.2591091426	0.2554643785
	0.2516366118	0.2476240418	0.24342423	0.2390338435	0.2344482925
	0.2296612157	0.2246637488	0.219443474	0.2139828977	0.2082571906
	0.2022307146	0.1958513568	0.1890405092	0.1816736495	0.1735401588
	0.1642619821	0.1531693912	0.1393497618	0.1228235267	0.1075784175
	0.1014904051	0.1089885779	0.1266463503	0.1464878932	0.1635481117
	0.177511124	0.1894600971	0.2001939681	0.210137207	0.2195153154
	0.2284583584	0.2370474619	0.2453360571	0.2533605409	0.2611462194
	0.2687109199	0.2760673214	0.2832245151	0.2901890727	0.2969657873
	0.3035581916	0.3099689221	0.3161999754	0.3222528904	0.3281288761
	0.3338289037	0.3393537702	0.3447041455	0.3498806048	0.3548836519
	0.3597137361	0.3643712641	0.3688566086	0.3731701143	0.3773121026
	0.3812828747	0.3850827138	0.388711887	0.3921706465	0.3954592302
	0.398577863	0.4015267566	0.4043061105	0.406916112	0.4093569363
	0.411628747	0.4137316959	0.4156659234	0.417431558	0.4190287166
	0.4204575045	0.4217180141	0.4228103255	0.4237345049	0.4244906039
	0.4250786595	0.4254986935	0.4257507149	0.4258347233	0.2945046775
	0.294416499	0.2941519423	0.2937109603	0.2930934911	0.292299463
	0.291328797	0.2901814056	0.2888571917	0.2873560455	0.2856778426
	0.2838224413	0.2817896789	0.2795793687	0.277191294	0.2746252012
	0.2718807904	0.268957701	0.2658554924	0.2625736174	0.2591113834
	0.255467899	0.2516419988	0.2476321369	0.2434362384	0.2390514894
	0.2344740426	0.2296986026	0.2247178424	0.2195215783	0.214095597
	0.2084199621	0.2024665003	0.1961948795	0.1895460249	0.1824301168
	0.1747035989	0.1661279422	0.1563240811	0.1448726295	0.1320855358
	0.1207859973	0.116383942	0.1222271479	0.1359687101	0.1519763026
	0.1665908125	0.1792605904	0.1905294918	0.2008787986	0.2105882821
	0.2198170054	0.2286615712	0.2371845512	0.2454282829	0.2534221703
	0.2611869521	0.2687374018	0.2760841252	0.2832347914	0.2901949909
	0.2969688375	0.3035593925	0.3099689656	0.3161993274	0.3222518604
	0.3281276665	0.3338276433	0.3393525386	0.3447029888	0.3498795472
	0.3548827033	0.3597128976	0.3643705314	0.3688559744	0.3731695701
	0.3773116394	0.3812824837	0.385082387	0.388711617	0.3921704269
	0.3954590556	0.3985777289	0.4015266596	0.4043060479	0.4069160821
	0.4093569383	0.4116287808	0.4137317624	0.4156660242	0.4174316956
	0.4190288945	0.4204577265	0.4217182849	0.4228106495	0.4237348858
	0.4244910436	0.4250791561	0.4254992393	0.425751295	0.4258353158
	0.2945039233	0.2944157599	0.2941512435	0.2937103168	0.2930929078
	0.2922989382	0.2913283253	0.2901809808	0.2888568082	0.2873556999
	0.2856775348	0.2838221757	0.2817894667	0.2795792299	0.2771912618
	0.2746253271	0.2718811519	0.2689584128	0.2658567226	0.2625756094
	0.2591144884	0.2554726213	0.2516490603	0.2476425693	0.2434515136
	0.2390737064	0.2345061943	0.2297449596	0.2247845091	0.2196173055
	0.2142329864	0.208617287	0.202750537	0.196605492	0.1901440155
	0.1833116326	0.1760284598	0.1681771259	0.159606683	0.1502487639
	0.1406025472	0.1326630771	0.1298703026	0.1344079633	0.144823785
	0.1574889989	0.1698507679	0.181237708	0.1917825265	0.2017001926
	0.2111380603	0.2201892999	0.2289151108	0.2373574864	0.2455460534
	0.2535020246	0.2612407079	0.2687732076	0.2761076188	0.2832498797
	0.2902043802	0.2969743994	0.3035624174	0.309970339	0.3161996531
	0.3222515469	0.3281269869	0.3338267774	0.3393516022	0.3447020545
	0.3498786582	0.3548818834	0.359712158	0.3643698753	0.3688554
	0.3731690727	0.377311213	0.3812821218	0.3850820831	0.3887113651
	0.3921702215	0.3954588921	0.3985776033	0.4015265687	0.4043059895
	0.4069160546	0.409356941	0.4116288139	0.4137318269	0.4156661218
	0.417431829	0.4190290673	0.4204579432	0.4217185506	0.4228109699
	0.4237352664	0.4244914882	0.4250796648	0.4254998056	0.4257519027
	0.4258359388	0.2945031329	0.2944149896	0.2941505254	0.2937096673
	0.2930923301	0.2922984278	0.2913278745	0.2901805821	0.2888564557
	0.2873553909	0.2856772707	0.2838219636	0.2817893212	0.2795791766
	0.2771913409	0.2746256	0.2718817101	0.2689593904	0.2658583141
	0.2625780956	0.2591182725	0.2554782801	0.2516574175	0.2476547985
	0.2434692852	0.239099396	0.2345431799	0.2297980464	0.2248605388
	0.2197260374	0.2143883826	0.2088394137	0.2030684339	0.1970616306
	0.1908015152	0.1842665446	0.1774316974	0.1702739079	0.1627991961
	0.155146794	0.1478774809	0.1424044625	0.1408355136	0.144466976
	0.152441864	0.1625485239	0.1730577937	0.1832923431	0.1931330849
	0.202606496	0.2117542667	0.2206113693	0.229205206	0.2375570037
	0.2456830607	0.2535957732	0.261304498	0.2688162679	0.2761363683
	0.2832687865	0.2902165534	0.2969819992	0.303566941	0.3099728203
	0.3162008027	0.3222518497	0.3281267712	0.3338262632	0.3393509344
	0.3447013267	0.3498779291	0.3548811883	0.3597115164	0.3643692964
	0.3688548869	0.3731686242	0.3773108258	0.3812817913	0.3850818044
	0.3887111333	0.3921700321	0.395458741	0.3985774871	0.4015264848
	0.4043059358	0.4069160299	0.4093569446	0.4116288461	0.4137318887
	0.4156662152	0.4174319568	0.4190292334	0.4204581525	0.4217188092
	0.4228112849	0.4237356452	0.4244919376	0.425080188	0.4255003982
	0.4257525474	0.4258366036	0.2945022914	0.2944141764	0.2941497819
	0.2937090105	0.2930917595	0.2922979344	0.2913274474	0.2901802116
	0.2888561353	0.2873551179	0.2856770477	0.2838217994	0.2817892333
	0.2795791939	0.2771915087	0.2746259865	0.2718824159	0.2689605622
	0.2658601638	0.262580928	0.2591225238	0.2554845732	0.2516666396
	0.2476682114	0.243488681	0.2391273181	0.2345832358	0.2298553524
	0.2249423516	0.2198426568	0.2145544452	0.209075761	0.2034048397
	0.1975408466	0.1914854098	0.1852456782	0.1788405408	0.1723142789
	0.1657693743	0.1594458659	0.1538807668	0.1500784506	0.1493259958
	0.1523642095	0.1586897944	0.166974209	0.1760514235	0.1853090765
	0.1945044377	0.2035474814	0.2124037759	0.221061081	0.2295168849
	0.2377728725	0.2458322613	0.2536985413	0.2613749368	0.2688642272
	0.2761687334	0.2832903702	0.2902307172	0.2969910871	0.3035725838
	0.3099761488	0.3162025979	0.3222526481	0.3281269389	0.3338260475
	0.3393505007	0.3447007837	0.3498773469	0.3548806106	0.3597109691
	0.3643687938	0.3688544355	0.3731682259	0.3773104794	0.381281494
	0.3850815526	0.3887109232	0.39216986	0.3954586036	0.3985773815
	0.4015264086	0.4043058873	0.406916008	0.409356949	0.411628877
	0.4137319473	0.4156663034	0.4174320776	0.4190293909	0.4204583522
	0.4217190581	0.4228115916	0.4237360199	0.4244923907	0.4250807275
	0.4255010235	0.4257532411	0.4258373249	0.2945013781	0.294413305
	0.2941490067	0.2937083467	0.2930911994	0.2922974622	0.2913270475
	0.2901798717	0.2888558478	0.2873548801	0.2856768625	0.2838216768
	0.2817891921	0.2795792652	0.2771917401	0.2746264496	0.2718832155
	0.2689618503	0.2658621598	0.2625839463	0.2591270136	0.2554911748
	0.2516762634	0.24768215	0.2435087673	0.2391561483	0.2346244841
	0.2299142142	0.2250261691	0.2199617991	0.2147235483	0.2093154734
	0.2037442804	0.1980210696	0.1921642929	0.1862048	0.1801946076
	0.1742226605	0.1684441784	0.1631341712	0.1587671749	0.1560635597
	0.1558260689	0.1584810468	0.1637259822	0.1707478118	0.1787479799
	0.1872048505	0.1958324564	0.2044773802	0.2130547126	0.2215163603
	0.2298348475	0.2379944617	0.245986249	0.2538051586	0.2614484106
	0.2689145584	0.2762029474	0.2833133969	0.2902460112	0.2970010645
	0.3035789304	0.3099800376	0.3162048417	0.3222538077	0.3281273989
	0.3338260695	0.3393502611	0.3447004	0.3498768956	0.3548801408
	0.359710511	0.364368365	0.3688540452	0.3731678781	0.3773101748
	0.3812812312	0.3850813292	0.3887107363	0.3921697066	0.3954584809
	0.3985772872	0.4015263407	0.4043058444	0.4069159891	0.4093569539
	0.4116289062	0.4137320018	0.4156663852	0.4174321899	0.4190295379
	0.4204585397	0.4217192941	0.4228118864	0.4237363865	0.4244928446
	0.4250812832	0.4255016879	0.4257539988	0.425838123	0.2945003622
	0.2944123555	0.2941481942	0.2937076788	0.2930906555	0.2922970169
	0.2913266792	0.2901795653	0.2888555942	0.2873546763	0.2856767116
	0.2838215889	0.2817891864	0.2795793729	0.2771920091	0.2746269508
	0.2718840529	0.2689631743	0.2658641867	0.2625869856	0.259131507
	0.2554977507	0.2516858143	0.2476959414	0.2435285911	0.239184538
	0.2346650177	0.2299719376	0.2251081875	0.2200780992	0.2148881348
	0.209547928	0.2040718754	0.1984815895	0.192809702	0.1871057899
	0.1814456418	0.1759457857	0.1707859833	0.1662414252	0.1627161519
	0.1607361262	0.1608211791	0.1632261575	0.1677616522	0.1739096528
	0.1811073709	0.1889218252	0.1970657676	0.2053564429	0.213677908
	0.2219562805	0.230144232	0.2382112663	0.246137616	0.2539104089
	0.26152125	0.268964683	0.2762372006	0.2833365983	0.2902615481
	0.2970113122	0.3035855503	0.3099841882	0.3162073283	0.3222551874
	0.3281280551	0.3338262645	0.3393501726	0.3447001471	0.3498765572
	0.3548797678	0.3597101356	0.3643680065	0.3688537146	0.3731675807
	0.3773099125	0.3812810038	0.3850811351	0.3887105735	0.3921695728
	0.3954583739	0.398577205	0.4015262817	0.4043058073	0.4069159734
	0.4093569593	0.4116289332	0.4137320515	0.4156664597	0.4174322921
	0.4190296721	0.4204587122	0.4217195134	0.4228121644	0.4237367396
	0.4244932938	0.4250818529	0.4255023972	0.4257548397	0.4258390276
	0.2944991947	0.2944113019	0.2941473416	0.2937070141	0.2930901372
	0.2922966063	0.2913263482	0.2901792956	0.2888553756	0.2873545053
	0.2856765911	0.2838215286	0.2817892047	0.2795794995	0.2771922893
	0.274627452	0.2718848729	0.2689644548	0.2658661308	0.2625898839
	0.2591357732	0.2555039732	0.2516948277	0.2477089279	0.2435472222
	0.2392111738	0.2347029846	0.230025915	0.225184743	0.2201864228
	0.2150410362	0.2097631691	0.2043739108	0.1989037587	0.1933968297
	0.1879169255	0.1825561413	0.1774467504	0.1727766003	0.1688058202
	0.1658748655	0.1643781182	0.1646687102	0.1669078092	0.170970462
	0.176508899	0.1831115906	0.1904203191	0.1981644465	0.2061514473
	0.2142477761	0.2223618619	0.2304312393	0.2384133692	0.2462792857
	0.2540092662	0.2615898975	0.2690120894	0.2762697237	0.283358731
	0.2902764561	0.2970212204	0.303592018	0.309988305	0.316209853
	0.3222566462	0.3281288113	0.3338265672	0.3393501914	0.3446999964
	0.349876313	0.3548794799	0.3597098357	0.3643677144	0.3688534416
	0.373167333	0.3773096926	0.3812808123	0.3850809712	0.3887104357
	0.3921694595	0.3954582833	0.3985771355	0.4015262319	0.4043057765
	0.4069159608	0.409356965	0.4116289575	0.4137320957	0.4156665256
	0.4174323826	0.4190297915	0.4204588665	0.4217197116	0.4228124197
	0.4237370712	0.4244937294	0.4250824295	0.4255031541	0.425755789
	0.4258400856	0.2944977921	0.2944101122	0.2941464537	0.293706368
	0.2930896586	0.2922962407	0.2913260611	0.2901790664	0.2888551934
	0.2873543662	0.2856764974	0.2838214892	0.2817892361	0.2795796283
	0.2771925563	0.2746279171	0.2718856236	0.2689656171	0.2658678855
	0.262592489	0.2591395962	0.2555095359	0.2517028697	0.2477204958
	0.2435637943	0.2392348345	0.234736667	0.2300737361	0.225252464
	0.2202820735	0.2151757486	0.2099522651	0.204638271	0.199271449
	0.1939048428	0.1886126454	0.1834976589	0.1787002881	0.1744079588
	0.170861467	0.168349917	0.1671795278	0.1676037145	0.1697314307
	0.1734751342	0.1785871081	0.1847532317	0.1916733526	0.1990982474
	0.2068355681	0.2147427434	0.2227166069	0.230683612	0.2385918236
	0.2464048026	0.2540971084	0.2616510619	0.2690544439	0.2762988676
	0.2833786326	0.2902899183	0.2970302165	0.3035979335	0.3099921095
	0.3162122226	0.3222580509	0.3281295759	0.3338269153	0.3393502755
	0.3446999197	0.3498761446	0.3548792653	0.3597096042	0.3643674843
	0.368853224	0.3731671339	0.377309515	0.381280657	0.385080838
	0.3887103236	0.3921693672	0.3954582096	0.3985770791	0.4015261919
	0.404305752	0.4069159515	0.4093569708	0.411628979	0.4137321337
	0.4156665819	0.4174324598	0.4190298936	0.4204589994	0.421719884
	0.4228126453	0.4237373713	0.4244941379	0.4250829986	0.4255039544
	0.4257568773	0.4258413768	0.2944959979	0.2944087536	0.2941455524
	0.2937057679	0.2930892398	0.292295933	0.2913258255	0.2901788817
	0.2888550489	0.2873542581	0.2856764274	0.2838214645	0.2817892707
	0.2795797444	0.2771927878	0.2746283141	0.2718862587	0.2689665949
	0.2658693561	0.2625946662	0.2591427845	0.2555141672	0.251709556
	0.2477301023	0.2435775421	0.2392544436	0.2347645538	0.2301132866
	0.2253084045	0.2203609694	0.2152866604	0.210107586	0.204854746
	0.1995713196	0.1943169446	0.1891730644	0.1842491832	0.1796893355
	0.1756770338	0.1724351219	0.170214368	0.1692629979	0.1697743385
	0.1718276813	0.1753574489	0.1801754237	0.1860298256	0.1926627978
	0.1998448763	0.2073879247	0.2151453759	0.2230068227	0.23089098
	0.2387389552	0.2465085736	0.254169902	0.2617018562	0.2690896913
	0.2763231755	0.2833952743	0.2903012101	0.297037792	0.3036029408
	0.3099953532	0.3162142646	0.3222592821	0.328130267	0.3338272527
	0.339350387	0.3446998917	0.3498760354	0.3548791132	0.3597094343
	0.3643673124	0.3688530595	0.3731669824	0.3773093792	0.381280538
	0.3850807358	0.3887102376	0.3921692965	0.3954581532	0.3985770362
	0.4015261617	0.404305734	0.4069159454	0.4093569766	0.411628997
	0.4137321649	0.4156666276	0.4174325224	0.4190299763	0.4204591075
	0.4217200256	0.4228128333	0.4237376274	0.4244945001	0.4250835341
	0.4255047772	0.4257581359	0.4258430504	0.294493492	0.2944072183
	0.2941446953	0.2937052575	0.2930889065	0.2922956973	0.2913256491
	0.2901787455	0.2888549435	0.2873541803	0.2856763783	0.2838214496
	0.2817893003	0.2795798355	0.2771929657	0.2746286162	0.2718867396
	0.2689673332	0.2658704639	0.2625963037	0.2591451793	0.2555176425
	0.251714569	0.2477372993	0.2435878345	0.2392691138	0.2347854022
	0.2301428319	0.2253501556	0.2204197879	0.2153692319	0.2102230104
	0.205015237	0.1997929517	0.1946202931	0.1895834198	0.1847957691
	0.1804026422	0.176583148	0.1735462532	0.1715165411	0.1707058433
	0.1712720903	0.173277859	0.1766702474	0.1812957726	0.1869410815
	0.1933767597	0.2003885179	0.2077930221	0.2154423286	0.2232217927
	0.2310450956	0.2388485887	0.2465860599	0.2542243538	0.2617399126
	0.2691161407	0.2763414457	0.2834078057	0.290309732	0.2970435252
	0.3036067445	0.3099978299	0.3162158354	0.3222602404	0.328130816
	0.3338275327	0.339350494	0.3446998912	0.3498759712	0.3548790145
	0.3597093202	0.3643671949	0.3688529462	0.3731668775	0.377309285
	0.3812804553	0.3850806648	0.388710178	0.3921692477	0.3954581146
	0.3985770072	0.4015261417	0.4043057226	0.4069159425	0.4093569822
	0.4116290114	0.4137321887	0.415666662	0.417432569	0.4190300378
	0.4204591879	0.4217201315	0.4228129756	0.4237378257	0.4244947913
	0.4250839943	0.425505568	0.4257595726	0.4258454111	0.2944895615
	0.2944056135	0.2941440039	0.2937048993	0.293088688	0.2922955477
	0.2913255389	0.2901786611	0.2888548785	0.2873541324	0.2856763482
	0.2838214406	0.2817893189	0.279579892	0.277193076	0.2746288036
	0.2718870378	0.2689677907	0.2658711502	0.262597318	0.2591466623
	0.2555197938	0.2517176715	0.247741752	0.2435942004	0.2392781844
	0.2347982878	0.2301610841	0.2253759334	0.2204560773	0.2154201288
	0.2102940716	0.2051138865	0.199928899	0.1948058584	0.1898335629
	0.1851274744	0.1808331588	0.1771265249	0.1742079186	0.172286761
	0.1715548838	0.1721515414	0.1741307426	0.1774461752	0.1819625803
	0.1874874984	0.1938078358	0.2007186898	0.2080402239	0.2156242173
	0.2233538492	0.2311399834	0.2389162092	0.2466339212	0.2542580284
	0.2617634739	0.2691325337	0.2763527826	0.283415592	0.2903150356
	0.2970471008	0.3036091233	0.3099993849	0.3162168275	0.3222608511
	0.3281311714	0.3338277198	0.3393505726	0.3446999018	0.3498759412
	0.3548789622	0.3597092575	0.3643671294	0.3688528825	0.3731668184
	0.3773092318	0.3812804089	0.3850806252	0.388710145	0.3921692211
	0.395458094	0.3985769921	0.401526132	0.4043057179	0.4069159427
	0.4093569875	0.4116290219	0.4137322048	0.4156666844	0.4174325987
	0.4190300766	0.4204592383	0.4217201978	0.4228130652	0.4237379524
	0.4244949837	0.4250843198	0.4255062109	0.4257610852	0.4258491379
	0.2944824977	0.294404458	0.2941436914	0.2937047643	0.2930886102
	0.2922954951	0.2913255	0.2901786309	0.2888548547	0.2873541142
	0.2856763357	0.2838214351	0.2817893225	0.2795799083	0.2771931102
	0.2746288637	0.2718871352	0.2689679419	0.2658713787	0.2625976572
	0.25914716	0.2555205175	0.2517187168	0.247743254	0.2435963493
	0.2392812478	0.2348026408	0.2301672508	0.2253846424	0.2204683353
	0.2154373149	0.2103180535	0.2051471533	0.1999746953	0.1948682824
	0.1899175591	0.1852386063	0.180977	0.1773075022	0.1744275573
	0.1725416402	0.1718352105	0.1724416756	0.1744123823	0.1777030428
	0.1821840745	0.187669656	0.1939520208	0.2008294382	0.2081233341
	0.215685482	0.2233983945	0.2311720288	0.2389390685	0.2466501148
	0.2542694316	0.2617714594	0.2691380952	0.2763566335	0.283418241
	0.2903168439	0.2970483236	0.3036099405	0.3099999226	0.316217174
	0.3222610679	0.3281313014	0.3338277923	0.3393506078	0.3446999136
	0.3498759389	0.354878952	0.3597092433	0.3643671139	0.3688528673
	0.3731668044	0.3773092196	0.3812803987	0.385080617	0.3887101388
	0.3921692168	0.3954580914	0.3985769912	0.4015261325	0.40430572
	0.4069159462	0.4093569924	0.4116290283	0.4137322129	0.4156666943
	0.4174326109	0.4190300916	0.4204592571	0.4217202218	0.422813097
	0.423737997	0.4244950524	0.425084443	0.4255065031	0.42576218
	0.4258558575	