3131	
	0.2785067162	0.2784077017	0.2781374475	0.2776913106	0.2770682835
	0.276268009	0.2752902959	0.2741350088	0.2728020347	0.2712912715
	0.2696026249	0.2677360096	0.2656913542	0.2634686099	0.2610677633
	0.258488855	0.2557320066	0.2527974592	0.2496856275	0.2463971762
	0.2429331289	0.23929502	0.2354851096	0.2315066846	0.2273644797
	0.2230652653	0.2186186612	0.2140382584	0.2093431439	0.2045599483
	0.1997255288	0.1948903773	0.1901227346	0.1855131696	0.1811789597
	0.1772669493	0.1739527042	0.1714330394	0.1699091206	0.1695595424
	0.1705079154	0.1727957309	0.1763727814	0.1811098838	0.1868271908
	0.1933257336	0.2004126387	0.2079165383	0.2156941691	0.2236309098
	0.2316379624	0.2396481608	0.2476116044	0.2554917223	0.2632619963
	0.2709033626	0.2784022197	0.2857489324	0.2929367279	0.2999608885
	0.3068181674	0.3135063664	0.3200240338	0.326370247	0.3325444582
	0.3385463835	0.3443759241	0.3500331099	0.3555180598	0.3608309528
	0.3659720078	0.3709414689	0.3757395952	0.3803666533	0.384822912
	0.3891086386	0.3932240958	0.3971695403	0.4009452208	0.4045513774
	0.4079882406	0.4112560307	0.4143549577	0.4172852204	0.4200470068
	0.4226404933	0.4250658448	0.4273232141	0.4294127423	0.4313345576
	0.4330887756	0.4346754981	0.4360948124	0.4373467893	0.4384314802
	0.4393489106	0.4400990676	0.4406818665	0.4410970462	0.4413437139
	0.4414175361	0.2784996152	0.2784065455	0.2781371394	0.2776911806
	0.2770682103	0.2762679599	0.2752902585	0.2741349767	0.2728020038
	0.2712912382	0.2696025854	0.267735959	0.2656912864	0.2634685162
	0.2610676315	0.2584886681	0.2557317407	0.2527970802	0.2496850872
	0.2463964068	0.2429320343	0.239293465	0.2354829036	0.2315035596
	0.22736006	0.2230590253	0.2186098698	0.2140259035	0.2093258369
	0.2045358049	0.1996920335	0.1948442476	0.190059825	0.1854284914
	0.1810669407	0.1771221012	0.1737708597	0.1712131659	0.1696553084
	0.1692821498	0.1702225959	0.1725200147	0.1761217102	0.1808929908
	0.1866479296	0.1931827692	0.2003017756	0.2078324108	0.2156313759
	0.2235846213	0.2316041567	0.2396236409	0.2475939086	0.2554789974
	0.2632528688	0.2708968268	0.2783975448	0.2857455907	0.2929343398
	0.2999591821	0.3068169479	0.3135054948	0.3200234107	0.3263698016
	0.3325441399	0.3385461563	0.3443757621	0.3500329948	0.3555179784
	0.3608308956	0.3659719681	0.3709414418	0.3757395773	0.3803666421
	0.3848229057	0.3891086358	0.3932240957	0.3971695421	0.400945224
	0.4045513817	0.4079882458	0.4112560366	0.4143549642	0.4172852275
	0.4200470145	0.4226405017	0.4250658539	0.4273232241	0.4294127534
	0.4313345701	0.43308879	0.434675515	0.4360948327	0.4373468146
	0.438431513	0.4393489561	0.4400991369	0.4406819898	0.4410973375
	0.4413448027	0.4414242148	0.2784956801	0.2784049505	0.2781364627
	0.277690838	0.2770680059	0.2762678211	0.2752901531	0.2741348873
	0.2728019184	0.2712911465	0.2696024759	0.2677358179	0.265691095
	0.263468249	0.2610672528	0.2584881276	0.2557309672	0.2527959732
	0.2496835046	0.2463941477	0.2429288151	0.2392888854	0.2354764
	0.2314943393	0.2273470108	0.2230405919	0.2185838856	0.213989368
	0.2092746272	0.2044643182	0.1995927729	0.1947073988	0.1898729386
	0.185176491	0.1807328291	0.176688888	0.1732252562	0.1705511897
	0.168888686	0.1684423224	0.1693579795	0.1716851279	0.175363087
	0.1802395964	0.1861096523	0.1927548027	0.1999707958	0.207581806
	0.2154446502	0.2234471582	0.2315038616	0.2395509439	0.2475414659
	0.2554412932	0.2632258238	0.2708774567	0.2783836836	0.2857356753
	0.2929272467	0.2999541061	0.3068133131	0.3135028896	0.3200215414
	0.3263684585	0.3325431736	0.33854546	0.3443752596	0.3500326316
	0.3555177155	0.3608307053	0.3659718303	0.3709413422	0.3757395055
	0.3803665907	0.3848228694	0.3891086107	0.393224079	0.3971695319
	0.4009452188	0.4045513805	0.4079882478	0.4112560414	0.4143549716
	0.4172852374	0.4200470268	0.4226405166	0.4250658717	0.4273232454
	0.4294127787	0.4313346003	0.4330888263	0.4346755593	0.4360948878
	0.4373468849	0.4384316059	0.4393490854	0.4400993311	0.440682316
	0.441097979	0.4413463084	0.441427921	0.278493192	0.2784034385
	0.2781356322	0.2776903545	0.2770676971	0.2762676045	0.2752899862
	0.2741347449	0.2728017825	0.2712910004	0.2696023017	0.267735593
	0.2656907894	0.2634678215	0.2610666457	0.2584872594	0.255729723
	0.2527941906	0.2496809535	0.2463905031	0.242923618	0.2392814881
	0.2354658897	0.2314794318	0.2273259032	0.2230107602	0.2185418097
	0.2139301639	0.2091915682	0.2043482321	0.1994313286	0.1944843487
	0.1895674842	0.1847631195	0.1801822342	0.1759709128	0.1723149877
	0.1694388704	0.1675919851	0.1670151164	0.1678863969	0.1702670166
	0.1740808181	0.1791423365	0.1852118536	0.192045477	0.1994251654
	0.2071704807	0.2151392241	0.2232229035	0.2313405669	0.2394327565
	0.2474562973	0.2553801062	0.2631819564	0.2708460471	0.2783612097
	0.2857195986	0.2929157442	0.299945872	0.3068074139	0.3134986586
	0.3200185027	0.3263662728	0.3325415985	0.3385443225	0.3443744365
	0.3500320346	0.3555172816	0.3608303892	0.3659715996	0.3709411737
	0.3757393825	0.3803665012	0.3848228046	0.3891085644	0.3932240467
	0.3971695102	0.4009452056	0.4045513739	0.4079882468	0.4112560454
	0.4143549799	0.4172852499	0.4200470437	0.422640538	0.4250658982
	0.4273232776	0.4294128177	0.4313346476	0.4330888839	0.4346756301
	0.4360949761	0.4373469974	0.4384317537	0.439349288	0.4400996255
	0.4406827779	0.4410987692	0.4413477403	0.4414302712	0.2784914334
	0.278402118	0.2781347707	0.2776897934	0.277067314	0.2762673255
	0.2752897669	0.2741345564	0.272801602	0.2712908068	0.269602071
	0.2677352954	0.2656903849	0.263467255	0.26106584	0.2584861059
	0.255728068	0.2527918166	0.2496775531	0.2463856415	0.2429166808
	0.2392716081	0.2354518441	0.231459499	0.2272976637	0.2229708222
	0.218485434	0.2138507588	0.209080022	0.2041920591	0.1992136286
	0.1941826405	0.1891526028	0.1841986056	0.1794250426	0.1749748518
	0.1710389279	0.1678617163	0.1657335746	0.164953914	0.165755852
	0.1682208416	0.1722455086	0.1775882421	0.1839539788	0.1910614041
	0.1986744355	0.2066082855	0.2147239206	0.2229191692	0.2311200483
	0.2392734989	0.2473417139	0.2552978793	0.2631230501	0.2708038908
	0.2783310551	0.2856980297	0.2929003115	0.2999348225	0.3067994951
	0.3134929765	0.3200144194	0.3263633331	0.3325394779	0.3385427894
	0.3443733252	0.3500312269	0.355516693	0.3608299591	0.3659712846
	0.3709409426	0.3757392128	0.3803663766	0.3848227136	0.3891084985
	0.3932239998	0.397169478	0.4009451848	0.4045513625	0.4079882432
	0.4112560485	0.4143549892	0.4172852652	0.420047065	0.4226405658
	0.425065933	0.4273233205	0.42941287	0.4313347114	0.4330889617
	0.4346757258	0.4360950952	0.4373471481	0.4384319492	0.4393495503
	0.4400999924	0.4406833165	0.4410995928	0.4413489968	0.44143194
	0.2784900827	0.2784009812	0.2781339363	0.2776891998	0.277066884
	0.2762670004	0.2752895061	0.2741343299	0.2728013848	0.2712905742
	0.2696017948	0.2677349397	0.2656899016	0.2634665777	0.2610648757
	0.2584847233	0.2557260817	0.2527889641	0.2496734631	0.2463797885
	0.242908322	0.2392596945	0.2354348953	0.231435429	0.2272635372
	0.2229225172	0.2184171775	0.2137544947	0.2089445639	0.2040019823
	0.1989478706	0.1938128373	0.188641318	0.183497877	0.1784761961
	0.1737114641	0.1693962988	0.1657975962	0.1632623035	0.1621812315
	0.1628793927	0.1654726503	0.1698102562	0.1755578565	0.1823361136
	0.1898131476	0.1977329763	0.205909564	0.2142113001	0.2225461958
	0.230850298	0.2390792341	0.2472022275	0.255197926	0.2630515159
	0.2707527303	0.2782944735	0.285671868	0.292881592	0.2999214173
	0.3067898849	0.3134860774	0.3200094584	0.3263597588	0.332536897
	0.3385409211	0.3443719691	0.3500302398	0.3555159721	0.3608294311
	0.3659708967	0.3709406569	0.3757390021	0.3803662214	0.3848225995
	0.3891084153	0.3932239401	0.3971694364	0.4009451575	0.4045513468
	0.4079882372	0.411256051	0.4143549996	0.4172852831	0.4200470906
	0.4226405995	0.4250659757	0.4273233734	0.4294129349	0.4313347905
	0.4330890584	0.4346758443	0.4360952419	0.4373473322	0.4384321845
	0.4393498583	0.4401004072	0.4406838901	0.4411003956	0.4413500856
	0.4414332303	0.2784889828	0.2783999955	0.2781331517	0.2776886018
	0.2770664284	0.2762666443	0.2752892146	0.2741340746	0.2728011399
	0.2712903131	0.2696014862	0.2677345435	0.265689364	0.2634658238
	0.2610638009	0.2584831798	0.2557238606	0.2527857696	0.2496688763
	0.2463732167	0.2428989267	0.2392462905	0.2354158091	0.2314082994
	0.2272250368	0.2228679641	0.2183399962	0.2136454741	0.2087908459
	0.2037857045	0.1986443873	0.1933884711	0.1880506896	0.1826811028
	0.1773568073	0.1721972039	0.1673878132	0.1632148382	0.160099078
	0.1585729585	0.1591167149	0.1619052853	0.1667039801	0.1730241678
	0.1803602666	0.1883167566	0.1966210194	0.2050936652	0.2136178132
	0.2221171126	0.2305414043	0.2388575278	0.2470434212	0.2550843211
	0.2629703053	0.2706946923	0.2782529915	0.2856422063	0.2928603671
	0.2999062142	0.3067789812	0.3134782452	0.3200038221	0.3263556943
	0.3325339588	0.3385387914	0.3443704209	0.3500291106	0.3555151459
	0.3608288245	0.3659704499	0.3709403269	0.3757387579	0.3803660406
	0.384822466	0.3891083174	0.3932238693	0.3971693867	0.4009451246
	0.4045513274	0.4079882293	0.4112560532	0.4143550111	0.4172853037
	0.4200471204	0.4226406391	0.425066026	0.4273234359	0.4294130115
	0.4313348839	0.4330891722	0.4346759834	0.4360954129	0.4373475445
	0.4384324517	0.4393501997	0.4401008507	0.4406844727	0.4411011569
	0.4413510376	0.4414342902	0.2784880495	0.2783991289	0.2781324222
	0.2776880158	0.277065963	0.2762662699	0.275288903	0.2741337999
	0.2728008772	0.271290035	0.26960116	0.2677341268	0.2656887993
	0.2634650318	0.2610626698	0.2584815522	0.2557215133	0.2527823868
	0.2496640104	0.2463662338	0.2428889298	0.2392320106	0.2353954523
	0.2313793315	0.227183881	0.222809576	0.2182572697	0.2135284123
	0.2086254111	0.2035522337	0.1983154326	0.1929259024	0.1874019039
	0.1817742872	0.1760956175	0.170456677	0.1650180418	0.1600706343
	0.156125243	0.1539346714	0.1542460264	0.1573374675	0.1628225789
	0.1699521639	0.1780328155	0.1865960618	0.1953660136	0.2041855105
	0.212963902	0.2216478188	0.2302053566	0.2386172493	0.246871775
	0.2549617601	0.2628828013	0.2706322048	0.2782083471	0.2856102867
	0.292837523	0.2998898453	0.3067672348	0.3134698012	0.3199977398
	0.3263513029	0.33253078	0.3385364836	0.3443687401	0.3500278822
	0.3555142449	0.3608281611	0.3659699598	0.3709399638	0.3757384882
	0.3803658402	0.3848223174	0.389108208	0.3932237899	0.3971693307
	0.4009450871	0.4045513052	0.4079882201	0.4112560554	0.414355024
	0.4172853269	0.4200471541	0.422640684	0.4250660832	0.427323507
	0.4294130988	0.4313349903	0.4330893015	0.4346761406	0.4360956048
	0.4373477802	0.4384327434	0.4393505642	0.4401013093	0.4406850501
	0.4411018722	0.4413518833	0.4414351991	0.2784872341	0.2783983556
	0.2781317455	0.2776874501	0.2770654987	0.2762658875	0.2752885806
	0.2741335152	0.2728006066	0.2712897519	0.2696008317	0.2677337105
	0.2656882369	0.2634642425	0.2610615403	0.2584799222	0.2557191558
	0.25277898	0.2496590981	0.2463591694	0.2428787973	0.2392175133
	0.235374755	0.2313498383	0.2271419214	0.2227499611	0.2181726658
	0.2134084565	0.2084554602	0.2033115953	0.1979748602	0.1924440377
	0.1867202064	0.1808097933	0.1747307574	0.1685263355	0.1623005112
	0.1563130205	0.1511726328	0.1479755423	0.1479313339	0.1515004311
	0.1580215228	0.166301428	0.1753692362	0.1846860234	0.1940042562
	0.2032161114	0.2122739661	0.2211567365	0.2298557524	0.2383683026
	0.2466944442	0.2548353854	0.2627926875	0.2705679003	0.2781624191
	0.2855774486	0.2928140145	0.2998729909	0.3067551303	0.3134610907
	0.3199914576	0.3263467604	0.3325274859	0.3385340873	0.3443669907
	0.3500266004	0.355513302	0.3608274648	0.3659694436	0.3709395798
	0.375738202	0.3803656267	0.3848221585	0.3891080905	0.3932237042
	0.3971692699	0.4009450464	0.404551281	0.40798821	0.4112560579
	0.4143550382	0.4172853526	0.4200471916	0.4226407339	0.4250661469
	0.4273235861	0.4294131958	0.4313351082	0.4330894443	0.4346763135
	0.4360958142	0.4373480346	0.4384330538	0.439350944	0.4401017741
	0.4406856149	0.4411025442	0.4413526475	0.4414360033	0.2784865054
	0.2783976556	0.2781311161	0.2776869083	0.2770650426	0.2762655052
	0.2752882557	0.2741332289	0.2728003379	0.2712894759	0.269600517
	0.267733316	0.2656877064	0.2634634978	0.2610604712	0.2584783732
	0.2557169063	0.2527757167	0.2496543767	0.2463523596	0.2428690053
	0.2392034723	0.2353546702	0.2313211674	0.2271010626	0.2226918105
	0.2180899865	0.213290975	0.208288568	0.2030744636	0.1976376713
	0.1919638422	0.1860345552	0.1798266006	0.1733116582	0.1664599149
	0.1592685507	0.1518956485	0.1450349829	0.1403101803	0.1397173997
	0.1440357302	0.152123041	0.1620376951	0.1724030664	0.1826374392
	0.1925826547	0.2022228649	0.2115760835	0.220664379	0.2295073818
	0.2381212806	0.2465189893	0.2547105833	0.2627037976	0.2705045065
	0.2781171477	0.2855450723	0.2927908235	0.2998563498	0.3067431653
	0.3134524684	0.3199852282	0.326342247	0.3325242054	0.3385316945
	0.3443652388	0.3500253125	0.3555123511	0.3608267598	0.3659689189
	0.3709391878	0.3757379084	0.3803654066	0.3848219939	0.3891079682
	0.3932236148	0.3971692063	0.4009450036	0.4045512557	0.4079881996
	0.411256061	0.4143550539	0.4172853807	0.4200472324	0.4226407883
	0.4250662162	0.4273236723	0.4294133013	0.4313352362	0.4330895988
	0.4346764995	0.4360960381	0.4373483039	0.4384333778	0.4393513332
	0.4401022395	0.4406861648	0.4411031785	0.4413533492	0.4414367323
	0.2784858424	0.2783970134	0.2781305279	0.2776863911	0.2770645991
	0.2762651291	0.2752879352	0.2741329489	0.2728000802	0.2712892183
	0.2696002311	0.267732964	0.2656872365	0.2634628378	0.2610595197
	0.2584769862	0.2557148795	0.25277276	0.2496500777	0.2463461325
	0.2428600188	0.2391905465	0.2353361314	0.2312946408	0.2270631779
	0.2226377802	0.2180130002	0.2131813226	0.2081323563	0.2028517113
	0.1973194142	0.1915075931	0.1853768471	0.1788699934	0.1719006919
	0.1643358571	0.1559963866	0.1468241565	0.1375499414	0.1305739562
	0.1291480996	0.1345824732	0.1449708546	0.1571649336	0.1692017992
	0.1805230653	0.1911602507	0.2012493604	0.2109013518	0.2201926782
	0.2291756707	0.237887039	0.2463530618	0.2545927566	0.2626199524
	0.2704447293	0.2780744515	0.2855145196	0.2927689176	0.2998406099
	0.3067318293	0.3134442828	0.3199793002	0.3263379401	0.3325210651
	0.3385293958	0.3443635491	0.3500240649	0.3555114258	0.3608260703
	0.3659684029	0.3709388002	0.3757376166	0.3803651867	0.3848218286
	0.3891078448	0.3932235241	0.3971691417	0.4009449602	0.4045512301
	0.4079881895	0.4112560649	0.4143550711	0.4172854111	0.4200472764
	0.4226408468	0.4250662906	0.4273237647	0.4294134141	0.4313353728
	0.4330897632	0.4346766966	0.4360962735	0.4373485847	0.4384337115
	0.439351728	0.4401027026	0.4406866998	0.4411037814	0.4413540033
	0.4414374061	0.2784852298	0.2783964169	0.2781299746	0.2776858973
	0.2770641706	0.2762647634	0.2752876245	0.2741326817	0.2727998417
	0.2712889896	0.2695999878	0.2677326733	0.2656868536	0.2634623001
	0.2610587386	0.2584758363	0.2557131823	0.2527702614	0.249646416
	0.2463407934	0.2428522708	0.2391793503	0.2353200101	0.2312714957
	0.2270300245	0.2225903693	0.2179452687	0.2130845904	0.2079941336
	0.2026538898	0.1970354385	0.1910978361	0.1847805738	0.1779902584
	0.1705735846	0.162265458	0.1526326659	0.1412544338	0.1288178088
	0.1187793363	0.1161629775	0.1230705253	0.1365861577	0.1517931037
	0.1658914354	0.1784442577	0.1898087444	0.2003443304	0.2102827095
	0.2197640315	0.22887598	0.2376761987	0.246204055	0.2544870794
	0.2625447884	0.2703911324	0.2780361428	0.2854870741	0.2927492072
	0.2998264182	0.3067215825	0.3134368616	0.3199739072	0.3263340064
	0.3325181842	0.3385272767	0.3443619829	0.3500229018	0.3555105576
	0.3608254192	0.3659679123	0.3709384292	0.3757373352	0.3803649733
	0.3848216671	0.3891077237	0.3932234347	0.3971690778	0.4009449174
	0.404551205	0.4079881802	0.41125607	0.41435509	0.4172854437
	0.4200473231	0.4226409088	0.4250663694	0.4273238622	0.4294135331
	0.4313355166	0.4330899356	0.4346769024	0.4360965181	0.4373488741
	0.438434052	0.4393521257	0.4401031618	0.4406872212	0.441104359
	0.4413546214	0.4414380392	0.2784846558	0.2783958561	0.2781294501
	0.277685425	0.2770637579	0.276264411	0.275287328	0.274132433
	0.2727996294	0.2712887989	0.2695997992	0.2677324606	0.2656865808
	0.2634619169	0.261058174	0.2584749889	0.2557119077	0.2527683535
	0.2496435805	0.2463366108	0.2428461431	0.239170426	0.2353070769
	0.2312528276	0.2270031621	0.2225518027	0.2178899757	0.2130053545
	0.2078805198	0.202490663	0.1968000294	0.1907560561	0.1842788134
	0.177239915	0.169416908	0.1603968095	0.1494350862	0.1356229277
	0.1195261206	0.1058723252	0.1017557342	0.1102442543	0.1274449186
	0.1462425654	0.162685232	0.1765351064	0.1886107309	0.199559317
	0.2097531328	0.2194000622	0.2286227801	0.2374985964	0.2460787358
	0.2543982482	0.2624815869	0.2703460201	0.2780038457	0.2854638838
	0.292732506	0.2998143523	0.3067128357	0.3134304975	0.3199692582
	0.3263305954	0.3325156696	0.3385254137	0.3443605954	0.3500218627
	0.3555097753	0.3608248271	0.3659674621	0.3709380856	0.3757370723
	0.3803647722	0.3848215138	0.3891076079	0.3932233488	0.3971690163
	0.4009448762	0.4045511814	0.4079881722	0.4112560765	0.4143551104
	0.4172854782	0.4200473723	0.4226409737	0.4250664516	0.427323964
	0.4294136571	0.431335666	0.4330901144	0.434677115	0.4360967696
	0.4373491697	0.4384343971	0.4393525247	0.4401036171	0.4406877314
	0.441104917	0.4413552128	0.4414386427	0.2784841105	0.2783953224
	0.2781289488	0.2776849713	0.2770633608	0.2762640734	0.2752870485
	0.2741322067	0.2727994486	0.2712886532	0.2695996747	0.267732339
	0.2656864366	0.2634617146	0.2610578629	0.2584744971	0.2557111316
	0.2527671444	0.2496417254	0.2463338042	0.2428419482	0.2391642185
	0.2352979654	0.2312395394	0.226983879	0.2225239234	0.2178497676
	0.2129474375	0.2077970818	0.202370235	0.196625485	0.1905011402
	0.1839016008	0.1766691707	0.1685205959	0.1589052447	0.1467709552
	0.1306974843	0.1110965357	0.09396612869	0.08829467218	0.09802933983
	0.1187227734	0.1411322947	0.1598979206	0.174957989	0.187653996
	0.1989447254	0.2093432075	0.2191201507	0.2284287481	0.237362718
	0.2459828798	0.2543302421	0.2624331137	0.2703113278	0.2779789212
	0.2854459098	0.2927194944	0.2998048952	0.3067059327	0.3134254356
	0.3199655281	0.3263278321	0.3325136113	0.3385238715	0.344359433
	0.3500209814	0.3555091033	0.3608243119	0.3659670652	0.3709377789
	0.3757368349	0.3803645885	0.3848213724	0.3891075002	0.3932232685
	0.3971689587	0.4009448378	0.4045511599	0.4079881659	0.4112560846
	0.4143551325	0.4172855145	0.4200474235	0.422641041	0.4250665367
	0.427324069	0.4294137849	0.4313358197	0.433090298	0.4346773327
	0.4360970261	0.4373494698	0.4384347452	0.4393529241	0.4401040688
	0.440688233	0.4411054608	0.4413557853	0.4414392256	0.2784835857
	0.2783948082	0.2781284649	0.277684533	0.277062978	0.2762637513
	0.2752867879	0.2741320058	0.2727993033	0.2712885576	0.2695996214
	0.2677323178	0.265686434	0.2634617115	0.2610578321	0.2584743988
	0.2557109084	0.2527667124	0.2496409626	0.246332534	0.2428399153
	0.2391610552	0.2352931429	0.2312322984	0.2269731298	0.2225081006
	0.2178266173	0.2129136998	0.2077480076	0.202298824	0.1965212279
	0.1903478009	0.18367295	0.1763198818	0.1679647404	0.1579626015
	0.1450440807	0.127408456	0.1053156872	0.08567015037	0.07874764574
	0.0890706257	0.1121548051	0.1373304492	0.1579124443	0.1738832066
	0.1870207394	0.1985443335	0.209078266	0.2189398718	0.2283038738
	0.2372751625	0.245920938	0.2542861088	0.2624014788	0.2702885279
	0.2779624035	0.2854338815	0.2927106893	0.2997984143	0.3067011352
	0.3134218629	0.3199628508	0.326325813	0.3325120784	0.3385227001
	0.3443585321	0.3500202842	0.3555085607	0.3608238875	0.3659667321
	0.3709375167	0.3757366286	0.3803644265	0.3848212461	0.3891074031
	0.3932231955	0.3971689062	0.4009448031	0.404551141	0.4079881617
	0.4112560943	0.4143551561	0.4172855523	0.4200474763	0.42264111
	0.4250666237	0.4273241763	0.4294139152	0.4313359763	0.4330904846
	0.4346775536	0.4360972857	0.4373497726	0.438435095	0.4393533235
	0.4401045181	0.4406887288	0.4411059953	0.4413563458	0.4414397952
	0.2784830733	0.2783943062	0.2781279928	0.2776841064	0.2770626079
	0.2762634442	0.275286547	0.2741318316	0.2727991954	0.271288515
	0.2695996427	0.267732402	0.26568658	0.2634619177	0.2610580959
	0.2584747154	0.2557112691	0.2527671023	0.2496413572	0.2463328939
	0.2428401795	0.2391611301	0.235292888	0.2312315047	0.2269714892
	0.2225051614	0.2178217197	0.2129058797	0.207735851	0.2022802388
	0.1964930675	0.1903052008	0.1836080605	0.1762192377	0.1678034306
	0.157690955	0.1445572099	0.1264835049	0.1035877563	0.08294716791
	0.07532586387	0.08555733241	0.1093731731	0.1356825954	0.1570783926
	0.1734509467	0.1867727607	0.19838907	0.2089755223	0.2188695547
	0.2282546786	0.2372401932	0.2458957663	0.2542677949	0.2623880262
	0.2702785575	0.2779549506	0.285428264	0.2927064206	0.2997951448
	0.3066986115	0.3134199003	0.3199613136	0.3263246009	0.3325111168
	0.3385219329	0.344357917	0.3500197891	0.3555081609	0.3608235641
	0.3659664701	0.3709373048	0.3757364576	0.3803642894	0.3848211373
	0.3891073182	0.3932231312	0.3971688597	0.4009447727	0.4045511253
	0.4079881597	0.4112561058	0.4143551811	0.4172855912	0.4200475302
	0.4226411801	0.4250667119	0.4273242848	0.4294140468	0.4313361344
	0.4330906729	0.4346777761	0.4360975469	0.4373500767	0.4384354457
	0.4393537228	0.440104966	0.4406892217	0.4411065253	0.4413569004
	0.4414403585	0.2784825658	0.2783938094	0.2781275267	0.2776836874
	0.277062248	0.276263151	0.2752863253	0.2741316845	0.2727991255
	0.2712885257	0.2695997392	0.2677325921	0.2656868752	0.2634623342
	0.2610586561	0.2584754498	0.2557122189	0.252768323	0.2496429234
	0.2463349065	0.242842775	0.2391644949	0.2352972776	0.2312372714
	0.2269791228	0.2225153478	0.217835428	0.2129244935	0.2077613721
	0.2023156117	0.1965427245	0.1903760393	0.1837113809	0.1763751112
	0.1680519522	0.1581231107	0.1453873454	0.1281128129	0.1063278213
	0.08643447804	0.07878596212	0.08835231896	0.1111502488	0.136629396
	0.1575749027	0.173727516	0.1869370057	0.1984916812	0.2090418296
	0.2189132224	0.2282836653	0.2372594297	0.2459084428	0.2542760334
	0.2623932621	0.2702817707	0.2779568127	0.2854292356	0.2927068167
	0.2997951795	0.3066984293	0.3134195975	0.3199609533	0.3263242234
	0.332510747	0.3385215855	0.3443575997	0.3500195052	0.3555079109
	0.3608233468	0.3659662836	0.3709371463	0.3757363245	0.3803641792
	0.3848210476	0.3891072468	0.3932230764	0.3971688201	0.4009447471
	0.404551113	0.4079881602	0.411256119	0.4143552073	0.4172856311
	0.4200475846	0.4226412507	0.4250668004	0.4273243936	0.4294141786
	0.4313362926	0.4330908612	0.4346779988	0.4360978082	0.4373503809
	0.4384357963	0.4393541222	0.4401054139	0.4406897146	0.4411070553
	0.4413574551	0.4414409218	0.2784820553	0.2783933104	0.2781270606
	0.2776832717	0.2770618953	0.27626287	0.2752861218	0.2741315634
	0.2727990922	0.2712885878	0.2695999079	0.2677328839	0.2656873136
	0.2634629527	0.2610595016	0.2584765871	0.2557137378	0.2527703472
	0.2496456244	0.2463385215	0.2428476336	0.2391710559	0.2353061822
	0.2312494188	0.2269957789	0.222538304	0.217867234	0.2129688065
	0.2078234909	0.2024033218	0.196667696	0.1905562966	0.1839760687
	0.1767747896	0.1686834818	0.159193346	0.1473584233	0.1318682934
	0.1127911973	0.0952892576	0.08835823498	0.09678629339	0.1170494073
	0.1399729957	0.1593226176	0.1746793348	0.1874978995	0.1988441668
	0.2092726737	0.2190681375	0.2283890895	0.2373317241	0.2459581965
	0.2543103001	0.2624168276	0.2702979212	0.277967821	0.2854366809
	0.292711799	0.2997984655	0.3067005534	0.3134209314	0.3199617549
	0.3263246711	0.3325109637	0.338521655	0.3443575789	0.3500194323
	0.3555078112	0.3608232366	0.3659661733	0.3709370422	0.3757362304
	0.3803640968	0.3848209778	0.3891071897	0.3932230318	0.3971687878
	0.4009447267	0.4045511042	0.4079881632	0.4112561339	0.4143552345
	0.4172856714	0.4200476392	0.422641321	0.4250668884	0.4273245015
	0.4294143094	0.4313364495	0.4330910481	0.4346782199	0.436098068
	0.4373506838	0.4384361462	0.4393545216	0.4401058632	0.4406902104
	0.4411075898	0.4413580156	0.4414414915	0.2784815332	0.2783928013
	0.2781265881	0.2776828546	0.2770615469	0.276262599	0.2752859347
	0.2741314663	0.2727990928	0.2712886973	0.2696001429	0.2677332685
	0.265687883	0.2634637562	0.2610606085	0.2584780943	0.25571578
	0.2527731121	0.249649373	0.246343618	0.2428545867	0.2391805778
	0.2353192719	0.2312674821	0.2270208001	0.2225730943	0.2179157962
	0.2130368764	0.2079193592	0.2025391186	0.1968614835	0.1908356854
	0.1843849915	0.1773875196	0.1696366659	0.1607629162	0.1501264848
	0.1369250895	0.1213964084	0.107375913	0.1018253266	0.1088355625
	0.1256127192	0.1449633184	0.1620123928	0.176182554	0.188400751
	0.1994190792	0.2096527241	0.2193250631	0.2285650964	0.2374532383
	0.2460424541	0.2543688431	0.2624575183	0.2703261751	0.2779873957
	0.285450196	0.2927210859	0.2998048066	0.3067048472	0.3134238071
	0.319963653	0.3263258992	0.332511736	0.3385221204	0.3443578406
	0.3500195611	0.3555078556	0.3608232296	0.365966137	0.3709369913
	0.3757361744	0.3803640419	0.3848209277	0.3891071468	0.3932229975
	0.3971687627	0.4009447114	0.4045510991	0.4079881686	0.4112561502
	0.4143552625	0.4172857119	0.4200476934	0.4226413904	0.4250669749
	0.4273246076	0.4294144379	0.4313366038	0.433091232	0.4346784378
	0.4360983246	0.4373509839	0.4384364944	0.4393549211	0.440106315
	0.4406907121	0.4411081336	0.4413585881	0.4414420743	0.2784809902
	0.2783922733	0.2781261022	0.2776824312	0.2770611993	0.2762623357
	0.2752857618	0.2741313904	0.2727991232	0.271288848	0.2696004351
	0.2677337334	0.2656885651	0.2634647191	0.2610619414	0.258479922
	0.2557182769	0.2527765217	0.2496540356	0.2463500094	0.2428633731
	0.2391926937	0.2353360306	0.2312907331	0.2270531544	0.2226182497
	0.2179790105	0.2131256649	0.2080445413	0.2027164285	0.1971141398
	0.1911987043	0.1849129511	0.1781697877	0.1708298892	0.1626630397
	0.1533131866	0.1424293191	0.1304436988	0.120095461	0.1162243261
	0.1218464267	0.1350098982	0.1506503197	0.1652343845	0.1780635028
	0.189564774	0.200174237	0.2101577933	0.2196691861	0.2288022015
	0.2376177142	0.2461570007	0.2544487835	0.2625133483	0.2703651536
	0.2780145755	0.2854691086	0.2927342066	0.299813873	0.3067110796
	0.3134280632	0.3199665347	0.3263278288	0.3325130092	0.3385229441
	0.3443583587	0.3500198738	0.3555080322	0.3608233177	0.3659661693
	0.3709369899	0.3757361543	0.380364013	0.3848208966	0.3891071177
	0.3932229731	0.3971687449	0.4009447012	0.4045510974	0.4079881761
	0.4112561678	0.4143552908	0.417285752	0.4200477465	0.4226414581
	0.4250670592	0.4273247108	0.4294145628	0.4313367539	0.4330914113
	0.4346786508	0.4360985764	0.4373512798	0.4384368396	0.4393553202
	0.4401067703	0.4406912223	0.4411086917	0.4413591796	0.4414426779
	0.2784804151	0.2783917165	0.2781255956	0.2776819967	0.2770608495
	0.2762620777	0.2752856006	0.2741313323	0.2727991783	0.2712890322
	0.2696007732	0.267734262	0.2656893368	0.2634658087	0.2610634543
	0.2584820061	0.2557211389	0.2527804512	0.2496594375	0.2463574509
	0.2428736496	0.2392069216	0.2353557796	0.2313182134	0.2270914847
	0.2226718409	0.2180541204	0.2132312073	0.2081932838	0.2029268009
	0.1974130443	0.1916260673	0.1855295246	0.1790714835	0.1721759325
	0.1647324833	0.1566060882	0.1477661742	0.138765351	0.1315369004
	0.1291968197	0.1336994198	0.1438080411	0.156259334	0.1686184203
	0.1801456258	0.1908994331	0.2010591056	0.2107576568	0.2200815041
	0.2290880337	0.2378168998	0.2462962372	0.2545462767	0.2625816556
	0.270413003	0.278048064	0.2854925102	0.2927505233	0.2998252165
	0.306718936	0.3134334785	0.3199702449	0.3263303513	0.3325147075
	0.3385240729	0.3443590965	0.350020345	0.3555083233	0.3608234889
	0.365966262	0.3709370327	0.3757361665	0.3803640078	0.3848208828
	0.3891071013	0.393222958	0.3971687337	0.4009446958	0.404551099
	0.4079881857	0.4112561862	0.4143553191	0.4172857912	0.420047798
	0.4226415235	0.4250671403	0.42732481	0.4294146831	0.4313368985
	0.4330915843	0.434678857	0.4360988213	0.4373515694	0.4384371803
	0.4393557179	0.4401072297	0.4406917438	0.4411092693	0.4413597977
	0.441443311	0.2784797944	0.2783911191	0.2781250601	0.2776815463
	0.277060495	0.2762618232	0.2752854489	0.2741312883	0.272799252
	0.2712892409	0.2696011438	0.2677348349	0.2656901705	0.2634669864
	0.2610650931	0.2584842706	0.25572426	0.2527847519	0.2496653705
	0.2463656508	0.2428850065	0.2392226854	0.2353777074	0.2313487782
	0.227134172	0.2227315717	0.2181378564	0.2133488251	0.2083588474
	0.203160441	0.1977437924	0.1920962555	0.1862019055	0.1800413466
	0.1735926685	0.1668378695	0.1597925503	0.1526137666	0.1458782868
	0.1409487532	0.1397553233	0.1434637001	0.1513296672	0.1613565417
	0.1719066211	0.1822802626	0.1923177179	0.2020208781	0.2114190529
	0.2205404141	0.2294082301	0.238041079	0.2464535081	0.2546567217
	0.262659239	0.2704674856	0.2780862927	0.2855192987	0.2927692609
	0.2998382915	0.3067280323	0.3134397828	0.3199745936	0.3263333334
	0.3325167373	0.3385254416	0.3443600082	0.3500209427	0.355508707
	0.360823728	0.3659664047	0.3709371124	0.3757362061	0.380364023
	0.3848208843	0.3891070963	0.3932229513	0.3971687286	0.4009446946
	0.4045511033	0.4079881968	0.4112562052	0.414355347	0.4172858292
	0.4200478474	0.4226415857	0.4250672174	0.4273249043	0.4294147973
	0.4313370361	0.4330917494	0.4346790545	0.4360990571	0.4373518504
	0.4384375142	0.4393561129	0.4401076928	0.4406922788	0.4411098723
	0.4413604518	0.4414439849	0.278479111	0.2783904671	0.2781244872
	0.2776810761	0.2770601341	0.2762615711	0.2752853047	0.2741312548
	0.2727993381	0.271289464	0.2696015321	0.2677354308	0.2656910358
	0.263468209	0.2610667973	0.258486631	0.2557275214	0.2527892577
	0.2496716018	0.2463742822	0.2428969848	0.23923934	0.2354009062
	0.2313811481	0.2271794103	0.2227948871	0.2182265956	0.2134733642
	0.2085338688	0.2034067734	0.1980910919	0.1925869762	0.1868973155
	0.1810308881	0.1750087479	0.1688782369	0.1627464596	0.1568593685
	0.1517523147	0.1483897398	0.1479617108	0.1511419674	0.1574873601
	0.1657908734	0.1749511536	0.1843559351	0.1937436128	0.2030090371
	0.2121083273	0.2210232585	0.2297473644	0.2382796475	0.2466214678
	0.254775001	0.2627425181	0.2705260891	0.2781274948	0.2855482299
	0.2927895425	0.2998524801	0.3067379327	0.3134466691	0.3199793646
	0.3263366229	0.3325189918	0.3385269751	0.3443610414	0.3500216305
	0.3555091576	0.3608240173	0.3659665852	0.3709372207	0.3757362674
	0.3803640547	0.3848208983	0.3891071007	0.3932229518	0.3971687288
	0.4009446971	0.4045511101	0.4079882092	0.4112562244	0.4143553742
	0.4172858655	0.420047894	0.4226416443	0.4250672897	0.4273249925
	0.4294149042	0.4313371651	0.4330919047	0.4346792411	0.4360992813
	0.4373521199	0.4384378383	0.4393565023	0.4401081583	0.4406928288
	0.4411105066	0.4413611536	0.4414447139	0.2784783419	0.2783897429
	0.2781238681	0.2776805836	0.2770597672	0.2762613219	0.2752851671
	0.2741312284	0.2727994302	0.2712896912	0.2696019224	0.2677360271
	0.2656919004	0.263469431	0.2610685027	0.2584889972	0.2557307972
	0.2527937918	0.2496778835	0.2463829977	0.2429090967	0.2392561998
	0.2354244118	0.2314139661	0.2272252878	0.2228590915	0.2183165319
	0.2135994436	0.208710728	0.2036549883	0.1984395839	0.1930763954
	0.1875847979	0.1819967141	0.1763653737	0.1707810251	0.1654000178
	0.1604968075	0.156537529	0.1542127108	0.1542714716	0.1571074118
	0.1624517038	0.169560203	0.1776785964	0.1862941852	0.1951145686
	0.2039781265	0.212793448	0.2215076609	0.2300898168	0.2385216812
	0.2467924579	0.2548957338	0.2628277054	0.2705861439	0.2781697869
	0.2855779747	0.2928104297	0.2998671195	0.3067481695	0.3134538073
	0.3199843253	0.3263400559	0.3325213555	0.3385285923	0.3443621393
	0.3500223684	0.3555096475	0.3608243373	0.3659667901	0.3709373483
	0.375736344	0.3803640986	0.384820922	0.3891071127	0.3932229579
	0.3971687332	0.4009447026	0.4045511186	0.4079882224	0.4112562434
	0.4143554001	0.4172858995	0.4200479373	0.4226416984	0.4250673563
	0.4273250738	0.4294150027	0.4313372841	0.4330920482	0.4346794145
	0.4360994911	0.4373523747	0.4384381489	0.4393568821	0.4401086232
	0.4406933938	0.4411111787	0.4413619178	0.4414455182	0.278477454
	0.2783889244	0.2781231951	0.2776800691	0.277059397	0.2762610777
	0.2752850361	0.2741312065	0.2727995223	0.2712899122	0.2696022991
	0.2677366007	0.2656927314	0.2634706061	0.2610701445	0.258491278
	0.2557339593	0.2527981749	0.249683964	0.2463914438	0.2429208461
	0.239272568	0.2354472454	0.2314458565	0.2272698711	0.2229214673
	0.2184038463	0.2137216982	0.2088818953	0.203894537	0.1987745408
	0.1935440865	0.1882363919	0.1829015762	0.177615797	0.1724955132
	0.1677193804	0.1635589097	0.1604082049	0.1587717077	0.1591389575
	0.1617491863	0.1664330216	0.1727128458	0.1800561868	0.1880413258
	0.1963810573	0.204889047	0.2134453513	0.2219725718	0.2304205224
	0.2387564589	0.246958869	0.2550135265	0.2629109808	0.2706449454
	0.2782112548	0.2856071784	0.2928309643	0.2998815323	0.3067582641
	0.3134608595	0.319989237	0.3263434643	0.33252371	0.3385302099
	0.3443632432	0.3500231155	0.3555101479	0.3608246682	0.3659670053
	0.3709374854	0.3757364293	0.38036415	0.384820952	0.38910713
	0.3932229684	0.3971687409	0.4009447104	0.4045511285	0.4079882358
	0.4112562618	0.4143554244	0.4172859308	0.4200479768	0.4226417474
	0.4250674164	0.427325147	0.4294150915	0.4313373915	0.4330921782
	0.4346795722	0.4360996834	0.4373526106	0.4384384409	0.4393572468
	0.4401090819	0.4406939712	0.441111894	0.4413627636	0.4414464271
	0.2784763963	0.2783879835	0.2781224632	0.277679538	0.2770590304
	0.2762608431	0.2752849134	0.2741311872	0.2727996088	0.2712901173
	0.2696026471	0.2677371295	0.2656934972	0.2634716894	0.2610716592
	0.2584933846	0.255736883	0.2528022319	0.2496895978	0.2463992764
	0.2429317499	0.2392877669	0.2354684558	0.2314754847	0.2273112887
	0.2229793921	0.2184848697	0.2138350061	0.2090402443	0.2041155554
	0.1990824202	0.1939717009	0.1888277911	0.1837145697	0.1787238157
	0.1739867496	0.1696888075	0.16608519	0.1635069919	0.1623332667
	0.162899522	0.1653596152	0.1696013244	0.1753018072	0.1820707823
	0.1895609812	0.1975049062	0.2057093581	0.2140387127	0.2223990172
	0.2307255733	0.2389739136	0.2471134692	0.2551232089	0.2629886593
	0.2706998731	0.2782500379	0.2856345214	0.2928502114	0.2998950566
	0.306767748	0.3134674945	0.3199938659	0.3263466828	0.3325259389
	0.3385317461	0.3443642956	0.3500238313	0.3555106305	0.36082499
	0.3659672171	0.3709376226	0.3757365165	0.3803642044	0.3848209853
	0.3891071504	0.3932229816	0.3971687508	0.4009447197	0.4045511391
	0.4079882492	0.4112562791	0.4143554466	0.4172859589	0.420048012
	0.4226417907	0.4250674694	0.4273252113	0.4294151694	0.4313374859
	0.4330922927	0.4346797118	0.4360998547	0.4373528232	0.4384387082
	0.4393575883	0.4401095255	0.4406945539	0.4411126553	0.4413637156
	0.4414474871	0.2784750831	0.2783868863	0.2781216754	0.2776790035
	0.277058679	0.2762606258	0.2752848021	0.2741311697	0.2727996851
	0.2712902976	0.2696029522	0.2677375928	0.2656941682	0.2634726389
	0.2610729879	0.2584952341	0.2557394522	0.2528058001	0.2496945566
	0.2464061752	0.2429413589	0.2393011663	0.2354871596	0.2315016133
	0.2273478087	0.223030447	0.2185562321	0.2139346902	0.2091793207
	0.2043092096	0.1993512794	0.1943433991	0.1893386244	0.1844108465
	0.1796620319	0.1752308759	0.171301704	0.168110084	0.1659369575
	0.1650775305	0.1657745658	0.1681337224	0.1720761345	0.1773704783
	0.183718086	0.1908286325	0.1984573672	0.2064130097	0.2145522901
	0.2227705836	0.2309926713	0.2391650017	0.2472496881	0.2552200449
	0.2630573461	0.2707485023	0.2782844091	0.2856587763	0.2928672995
	0.2999070747	0.306776184	0.3134734028	0.3199979931	0.3263495571
	0.3325279334	0.3385331239	0.3443652424	0.3500244779	0.3555110687
	0.3608252842	0.3659674125	0.3709377508	0.3757365994	0.3803642573
	0.3848210189	0.389107172	0.3932229962	0.3971687619	0.4009447297
	0.4045511499	0.4079882621	0.411256295	0.4143554665	0.4172859836
	0.4200480424	0.4226418279	0.4250675145	0.427325266	0.4294152355
	0.4313375659	0.43309239	0.4346798308	0.4361000018	0.4373530075
	0.4384389436	0.4393578965	0.4401099404	0.4406951275	0.4411134582
	0.4413648044	0.4414487774	0.2784733556	0.2783855987	0.2781208525
	0.2776784914	0.2770583611	0.2762604359	0.2752847064	0.274131154
	0.2727997473	0.2712904454	0.2696032023	0.2677379726	0.2656947183
	0.2634734179	0.2610740786	0.2584967535	0.2557415646	0.2528087358
	0.2496986389	0.2464118573	0.2429492767	0.2393122106	0.2355025784
	0.2315231532	0.2273779104	0.2230725135	0.2186149935	0.2140166918
	0.2092935631	0.204467963	0.1995710681	0.1946460982	0.189752493
	0.1849711057	0.1804102367	0.1762118002	0.1725558883	0.1696602246
	0.1677685877	0.1671210515	0.1679041656	0.1701958819	0.1739369938
	0.178950887	0.1849975882	0.1918279102	0.1992173401	0.2069798086
	0.2149689857	0.2230737002	0.2312114488	0.2393219919	0.2473618512
	0.2552999148	0.2631140719	0.2707887045	0.2783128483	0.2856788601
	0.2928814592	0.2999170404	0.3067831847	0.3134783103	0.320001425
	0.3263519503	0.3325295966	0.3385342752	0.3443660357	0.3500250215
	0.3555114387	0.3608255342	0.3659675799	0.3709378619	0.3757366724
	0.380364305	0.3848210501	0.3891071928	0.3932230108	0.3971687733
	0.40094474	0.4045511605	0.407988274	0.4112563091	0.4143554836
	0.4172860044	0.4200480676	0.4226418584	0.4250675513	0.4273253103
	0.4294152888	0.4313376304	0.4330924683	0.4346799268	0.436100121
	0.4373531584	0.4384391393	0.4393581589	0.4401103073	0.4406956661
	0.4411142819	0.4413660609	0.4414504462	0.2784708905	0.2783841113
	0.2781200508	0.2776780445	0.277058101	0.2762602858	0.2752846319
	0.2741311409	0.2727997927	0.2712905545	0.2696033874	0.267738254
	0.2656951262	0.2634739959	0.2610748886	0.2584978826	0.2557431353
	0.2528109202	0.2497016781	0.2464160896	0.2429551761	0.2393204415
	0.2355140711	0.2315392086	0.2274003447	0.2231038557	0.2186587524
	0.2140777102	0.2093784772	0.2045857757	0.1997338229	0.1948695922
	0.1900568729	0.1853810335	0.180954067	0.1769189155	0.1734511438
	0.170754818	0.1690484315	0.1685374473	0.1693751437	0.1716237072
	0.175235305	0.1800653921	0.1859102156	0.1925481285	0.1997699033
	0.2073948166	0.2152757518	0.2232977761	0.2313736823	0.239438679
	0.2474453652	0.2553594626	0.2631564076	0.2708187326	0.2783341047
	0.2856938805	0.2928920552	0.2999245025	0.3067884303	0.3134819905
	0.3200040011	0.3263537488	0.3325308486	0.3385351437	0.3443666358
	0.3500254341	0.355511721	0.3608257262	0.3659677097	0.3709379491
	0.3757367309	0.3803643441	0.3848210766	0.3891072112	0.3932230244
	0.3971687843	0.4009447498	0.4045511703	0.4079882847	0.4112563213
	0.4143554978	0.4172860212	0.4200480874	0.4226418819	0.4250675792
	0.4273253436	0.4294153286	0.4313376782	0.4330925263	0.4346799979
	0.4361002095	0.437353271	0.4384392872	0.4393583615	0.4401106018
	0.4406961281	0.4411150721	0.4413674928	0.4414527963	0.2784669697
	0.2783825313	0.278119392	0.2776777244	0.2770579267	0.2762601881
	0.2752845836	0.2741311313	0.2727998195	0.2712906204	0.2696035
	0.2677384257	0.2656953757	0.26347435	0.2610753856	0.2584985763
	0.2557441014	0.2528122648	0.2497035502	0.2464186979	0.2429588133
	0.2393255177	0.2355211601	0.2315491128	0.2274141833	0.223123186
	0.218685732	0.2141153118	0.2094307648	0.2046582439	0.1998337886
	0.1950065924	0.1902429647	0.1856307965	0.1812839709	0.1773455738
	0.1739879338	0.1714066739	0.1698056752	0.1693713705	0.1702394238
	0.1724638854	0.176002845	0.1807286293	0.1864571969	0.1929826669
	0.2001051893	0.2076478016	0.2154634329	0.2234352497	0.2314734259
	0.239510535	0.2474968557	0.255396211	0.2631825533	0.2708372888
	0.2783472474	0.2857031725	0.2928986138	0.2999291243	0.3067916818
	0.3134842738	0.3200056014	0.326354868	0.3325316294	0.3385356871
	0.3443670127	0.3500256949	0.3555119008	0.3608258499	0.3659677947
	0.3709380075	0.3757367712	0.3803643723	0.3848210967	0.3891072262
	0.3932230362	0.3971687942	0.4009447589	0.4045511792	0.4079882939
	0.4112563312	0.4143555088	0.4172860336	0.4200481015	0.4226418981
	0.425067598	0.4273253654	0.4294153544	0.4313377087	0.4330925629
	0.4346800424	0.4361002648	0.4373533414	0.4384393801	0.4393584908
	0.440110796	0.4406964544	0.4411157136	0.4413689986	0.4414565025
	0.2784598735	0.2783813803	0.2781190899	0.2776776022	0.2770578637
	0.2762601529	0.2752845655	0.2741311262	0.2727998265	0.2712906404
	0.2696035355	0.2677384809	0.2656954569	0.2634744664	0.2610755501
	0.258498807	0.2557444239	0.252812715	0.2497041784	0.2464195748
	0.2429600378	0.2393272284	0.2355235509	0.2315524549	0.2274188548
	0.2231297125	0.2186948415	0.2141280063	0.2094484123	0.2046826907
	0.1998674875	0.1950527294	0.1903055495	0.1857146467	0.1813944802
	0.1774881092	0.1741667096	0.1716230681	0.1700563024	0.1696467795
	0.170524639	0.1727413955	0.176256959	0.1809489186	0.1866394983
	0.1931279571	0.2002176024	0.2077328122	0.2155266124	0.223481593
	0.2315070875	0.2395348068	0.2475142614	0.2554086418	0.2631914033
	0.2708435743	0.278351703	0.2857063259	0.2929008425	0.2999306977
	0.3067927914	0.3134850557	0.320006152	0.3263552555	0.3325319021
	0.3385358791	0.3443671483	0.3500257908	0.3555119691	0.360825899
	0.3659678304	0.370938034	0.3757367913	0.380364388	0.3848211095
	0.389107237	0.3932230456	0.3971688028	0.4009447669	0.404551187
	0.4079883015	0.4112563388	0.4143555166	0.4172860415	0.4200481099
	0.4226419069	0.4250676074	0.4273253757	0.4294153656	0.4313377214
	0.4330925774	0.4346800593	0.4361002851	0.4373533667	0.438439413
	0.4393585364	0.4401108653	0.4406965777	0.4411160049	0.4413700873
	0.4414631811	