3131	
	4.399515421	4.39590874	4.393318201	4.391556159	4.389602441
	4.387458324	4.387219627	4.378778759	4.367206969	4.371639193
	4.345717833	4.313424736	4.365733756	4.327331557	4.316713801
	4.312065495	4.301706826	4.283251996	4.271833653	4.261833657
	4.250647534	4.239226752	4.227943882	4.216443691	4.203194792
	4.185956667	4.169004517	4.153703343	4.138782645	4.123698141
	4.106506566	4.087920653	4.076565248	4.061844658	4.041808127
	4.012500911	3.982128003	3.951579257	3.867133471	3.853465083
	4.108554938	4.080896638	3.994939	3.965265222	3.949387395
	3.935390372	3.922238477	3.909577131	3.897184604	3.88521638
	3.874051488	3.864100157	3.855753906	3.849353157	3.844435805
	3.837174634	3.818113259	3.778754875	3.725762212	3.677985817
	3.646123986	3.627866393	3.617102612	3.609516409	3.602993034
	3.596685987	3.590322653	3.583860976	3.577341515	3.570827121
	3.564379532	3.558051343	3.551884334	3.545910259	3.54015243
	3.534627374	3.529346291	3.524316243	3.519541079	3.515022157
	3.510758925	3.506749384	3.502990465	3.499478325	3.496208573
	3.493176433	3.490376873	3.487804697	3.48545462	3.483321334
	3.48139956	3.479684081	3.478169777	3.476851639	3.47572478
	3.474784439	3.474025987	3.473444929	3.473036952	3.472798251
	3.472727996	4.397316569	4.395410282	4.393286101	4.391685312
	4.389875161	4.38740139	4.386572302	4.382525026	4.371939459
	4.376571292	4.359748116	4.316331226	4.416492129	4.329935267
	4.319819688	4.314337706	4.304370209	4.284321498	4.272165404
	4.261931855	4.250717008	4.239383771	4.228010569	4.21603431
	4.202429427	4.185468679	4.168770894	4.15360612	4.138753026
	4.123739894	4.107437159	4.089341541	4.077202685	4.062758532
	4.043196437	4.010821269	3.978907378	3.955139187	3.889873492
	3.862032644	4.075154402	4.073614755	3.992647524	3.964306741
	3.94906621	3.93517243	3.922142086	3.909554867	3.897167449
	3.885161516	3.87392678	3.863857167	3.855295133	3.848501997
	3.842952959	3.834965852	3.815700803	3.777158378	3.725226886
	3.677940035	3.64624479	3.628096662	3.617390497	3.609805559
	3.603251414	3.596903659	3.590500985	3.584005357	3.57745798
	3.570921111	3.564455571	3.558113068	3.551934624	3.545951381
	3.540186167	3.534655135	3.529369194	3.524335179	3.519556764
	3.515035168	3.51076973	3.506758366	3.502997938	3.499484545
	3.496213752	3.493180747	3.490380467	3.487807691	3.485457116
	3.483323417	3.481401299	3.479685536	3.478170997	3.476852665
	3.475725645	3.474785171	3.4740266	3.473445417	3.473037225
	3.472797715	3.472722056	4.3942406	4.394131868	4.393283532
	4.392146947	4.390880543	4.387422977	4.38471755	4.382193835
	4.375388644	4.379061541	4.38234972	4.37745678	4.344569013
	4.330730705	4.32529551	4.319381744	4.306591419	4.286862669
	4.273239341	4.262239778	4.250861518	4.239936818	4.228460489
	4.215266007	4.200570584	4.183959836	4.16809743	4.15333827
	4.138654033	4.123998155	4.109903836	4.094531098	4.079705313
	4.065660851	4.050646473	4.014797047	3.973517064	3.961334811
	3.922866684	3.89633851	4.02851885	4.042055466	3.985999555
	3.962850496	3.948304432	3.934457861	3.921830183	3.909482453
	3.897107087	3.88499489	3.87357414	3.86319769	3.854092878
	3.846366827	3.839385253	3.829621074	3.809241859	3.771798095
	3.722589373	3.677495425	3.646879965	3.629120106	3.618462137
	3.610776213	3.604073525	3.597577731	3.59104565	3.584443194
	3.577809893	3.571204656	3.564684871	3.558299265	3.552086447
	3.546075661	3.540288266	3.534739278	3.529438732	3.524392785
	3.519604582	3.51507493	3.510802842	3.506785975	3.503020982
	3.499503798	3.49622985	3.493194219	3.490391751	3.487817151
	3.485465056	3.483330091	3.48140692	3.479690282	3.478175018
	3.476856086	3.47572857	3.474787682	3.474028753	3.473447221
	3.473038567	3.472798127	3.472720312	4.392254827	4.393341815
	4.393555952	4.393095662	4.39345763	4.387928796	4.383042471
	4.37905686	4.371744285	4.366249492	4.351956025	4.355964076
	4.361460154	4.353677965	4.333441989	4.31672895	4.30678051
	4.288227396	4.274147981	4.262477346	4.251034944	4.241147695
	4.229745188	4.214520349	4.198504395	4.182272867	4.167282628
	4.152931505	4.138376276	4.124020057	4.112144296	4.10080694
	4.082876587	4.069379096	4.063870799	4.040186916	3.981801468
	3.970074966	3.949808393	3.930389313	3.996808162	4.011743198
	3.97923701	3.96127806	3.947027281	3.933013479	3.921274828
	3.909372095	3.897005718	3.884729126	3.873038349	3.862232222
	3.852381679	3.843391711	3.834488988	3.822303384	3.800266755
	3.764171208	3.718838565	3.677115605	3.648199339	3.630987576
	3.620324861	3.612419853	3.605446206	3.598695182	3.591945499
	3.58516553	3.578390267	3.571672367	3.565063282	3.558606732
	3.552337319	3.546281161	3.540457199	3.534878591	3.529553937
	3.524488282	3.519683904	3.515140933	3.510857844	3.506831867
	3.503059317	3.499535851	3.496256677	3.493216691	3.490410593
	3.487832966	3.485478348	3.48334128	3.481416358	3.479698265
	3.478181795	3.476861865	3.475733525	3.474791952	3.474032443
	3.47345038	3.473041151	3.472799938	3.472721184	4.391326253
	4.393557862	4.394244365	4.393953281	4.398746802	4.389378431
	4.382254671	4.377583809	4.371590652	4.367112048	4.372204564
	4.36798483	4.361259679	4.345080825	4.320600968	4.311302345
	4.299728975	4.286675484	4.27431176	4.26245833	4.251038705
	4.242824791	4.232059385	4.213903189	4.196907601	4.181175261
	4.166707681	4.152491455	4.137829811	4.123117385	4.110867488
	4.100760753	4.08355049	4.071041579	4.070681001	4.064594433
	4.005718507	3.983186999	3.967831001	3.952944671	3.979937272
	3.990978936	3.974048843	3.959980759	3.945351687	3.930609937
	3.920465655	3.909252972	3.896864901	3.88437679	3.872375137
	3.861103034	3.85046276	3.840144797	3.829241091	3.814538015
	3.790789027	3.756201276	3.715170001	3.677318742	3.650374808
	3.633734139	3.622965574	3.614709523	3.607341703	3.600231952
	3.593181124	3.586157231	3.579187466	3.572315339	3.565583977
	3.559030209	3.552683161	3.546564692	3.540690457	3.535071084
	3.529713219	3.524620391	3.519793695	3.515232334	3.510934047
	3.50689548	3.503112478	3.499580323	3.496293913	3.493247899
	3.490436774	3.487854955	3.485496839	3.483356856	3.481429507
	3.479709396	3.478191253	3.47686994	3.475740459	3.474797945
	3.474037651	3.47345491	3.47304505	3.472803208	3.472723986
	4.390991512	4.39527971	4.395760002	4.39102843	4.40404501
	4.391331686	4.382034825	4.377043515	4.37222684	4.370907533
	4.368128116	4.366418839	4.35499815	4.338870145	4.320810652
	4.307210735	4.294538595	4.284879	4.274151447	4.262214327
	4.250512924	4.242398115	4.23296115	4.212517297	4.195951772
	4.181069931	4.166688272	4.152221301	4.137215819	4.121791048
	4.107783281	4.096503022	4.081879958	4.0698998	4.066669852
	4.062235746	4.019587406	3.995432241	3.979803935	3.966002795
	3.971636917	3.976953111	3.969842831	3.959696062	3.944667049
	3.928471132	3.919808362	3.90923646	3.896697666	3.883947188
	3.871634989	3.859948111	3.848632518	3.837176982	3.824554342
	3.807662051	3.782444557	3.7493222	3.712346769	3.678342612
	3.653433524	3.637323064	3.62633122	3.617593328	3.60971569
	3.602152553	3.594725013	3.587397273	3.580185501	3.573121393
	3.566237639	3.55956252	3.553118405	3.5469219	3.540984608
	3.53531403	3.529914395	3.524787354	3.519932532	3.515347974
	3.511030504	3.506976035	3.503179825	3.499636683	3.496341123
	3.49328748	3.490469991	3.487882863	3.485520318	3.483376642
	3.481446217	3.47972355	3.478203286	3.476880221	3.475749299
	3.474805603	3.474044339	3.473460796	3.473050263	3.472807879
	3.472728374	4.390607194	4.399049644	4.401328201	4.383054852
	4.398186086	4.388323605	4.381637811	4.376919539	4.371514135
	4.371668358	4.371174806	4.370999467	4.348495212	4.332189198
	4.318481858	4.305023937	4.293261842	4.284510948	4.274034373
	4.261877052	4.249660706	4.237874865	4.227948126	4.209555151
	4.196210341	4.182332277	4.167455053	4.15234608	4.136905375
	4.121004853	4.105749071	4.092958615	4.079544267	4.066891966
	4.057891578	4.048264092	4.021303303	4.002649833	3.988026193
	3.974473096	3.969140253	3.967780412	3.966428566	3.961330144
	3.947091219	3.931010042	3.921273047	3.909698732	3.896547303
	3.883444649	3.87084991	3.85887212	3.847130377	3.834925948
	3.82108579	3.802438025	3.775867284	3.743880957	3.710416208
	3.680073599	3.65723973	3.641636235	3.630323829	3.620992698
	3.612507137	3.60441054	3.59654215	3.588859304	3.581364483
	3.574075433	3.567012727	3.560194772	3.553636139	3.547347369
	3.541335374	3.535604024	3.530154738	3.524986971	3.520098631
	3.5154864	3.511146025	3.507072554	3.503260553	3.499704266
	3.496397753	3.493334975	3.490509864	3.487916373	3.485548519
	3.483400415	3.481466301	3.479740567	3.478217761	3.476892598
	3.475759951	3.474814848	3.474052445	3.473467989	3.473056744
	3.472813857	3.472734143	4.388730641	4.402344155	4.412597442
	4.386632543	4.392545851	4.381514279	4.380022935	4.376870794
	4.370020107	4.364782952	4.373234574	4.374659024	4.342694813
	4.327245341	4.317532118	4.305583489	4.29424946	4.284838076
	4.273961811	4.261655254	4.249548053	4.237967938	4.226391101
	4.209666094	4.199300127	4.185271678	4.169038825	4.152947371
	4.137086847	4.121065208	4.105201994	4.090644936	4.076536911
	4.062914146	4.048364351	4.033608811	4.018363953	4.006246322
	3.993811342	3.981137266	3.971563338	3.965126184	3.965166433
	3.964517239	3.950536523	3.937305804	3.925831396	3.910952368
	3.896434011	3.882859712	3.870023173	3.857926214	3.846115327
	3.83369404	3.819221558	3.799105059	3.770889397	3.739483012
	3.709093612	3.682319876	3.661619872	3.646516042	3.634813182
	3.624806981	3.615640704	3.60695011	3.598591179	3.590512498
	3.58270125	3.575159903	3.567895809	3.560916594	3.554228288
	3.547834757	3.541737732	3.535937061	3.53043103	3.525216644
	3.520289878	3.515645886	3.511279195	3.507183875	3.5033537
	3.499782278	3.496463144	3.493389836	3.490555934	3.487955103
	3.485581121	3.483427905	3.481489533	3.479760258	3.478234518
	3.476906932	3.4757723	3.474825584	3.474061887	3.473476417
	3.473064415	3.472821034	3.472741138	4.386063983	4.400509327
	4.415974436	4.396295261	4.402674334	4.39079297	4.381348708
	4.376805329	4.367728526	4.357442025	4.369823817	4.379663681
	4.336149077	4.326276859	4.320565475	4.308556914	4.296220424
	4.285442173	4.27395474	4.261627243	4.250002569	4.242077543
	4.232605113	4.21484603	4.204489804	4.189068906	4.17100362
	4.153850817	4.137662176	4.12176286	4.10576829	4.08959863
	4.07415224	4.061848218	4.044639615	4.025155655	4.015202802
	4.008426218	3.998336957	3.986820509	3.976298727	3.967809663
	3.966256678	3.967244322	3.952268573	3.939456018	3.927804817
	3.911646178	3.896150284	3.882152497	3.86912023	3.857083898
	3.845636307	3.83362583	3.81909158	3.797641482	3.767295056
	3.735937022	3.708424528	3.685134167	3.666490679	3.651812093
	3.639654869	3.628921613	3.619031088	3.6097087	3.600826072
	3.592322679	3.584170146	3.576355332	3.568871956	3.561716427
	3.554885816	3.548376941	3.542186023	3.536308612	3.530739624
	3.525473416	3.520503868	3.515824466	3.5114284	3.507308665
	3.503458167	3.499869805	3.496536539	3.493451431	3.490607674
	3.487998612	3.485617756	3.483458804	3.481515652	3.479782402
	3.478253368	3.476923066	3.475786211	3.474837694	3.474072563
	3.473485986	3.47307318	3.472829298	3.472749227	4.388210425
	4.397434572	4.407025774	4.390416309	4.394017541	4.394096359
	4.383596656	4.376749041	4.366277618	4.35295867	4.359325562
	4.374380346	4.333391676	4.335114618	4.328907289	4.313242541
	4.298563193	4.286139666	4.273983847	4.261443047	4.249366835
	4.239731554	4.225720574	4.212331235	4.206176708	4.191545764
	4.17252053	4.154704452	4.138366987	4.122718022	4.107008091
	4.09024885	4.074950444	4.069422372	4.055740884	4.033997906
	4.020608415	4.012720219	4.00308812	3.992755167	3.981857984
	3.970704885	3.966786349	3.96681571	3.952253539	3.938205656
	3.925760038	3.910662828	3.895470995	3.881286948	3.868067667
	3.856194042	3.845509325	3.834489107	3.820304081	3.797742411
	3.765342781	3.733924001	3.709074373	3.688838059	3.671848796
	3.65738666	3.644700495	3.633216168	3.622588229	3.612620217
	3.603198164	3.594253636	3.585743907	3.577640949	3.569925169
	3.562581822	3.555598948	3.548966181	3.542674075	3.53671372
	3.531076515	3.525754036	3.520737946	3.516019962	3.511591847
	3.507445445	3.503572728	3.499965831	3.496617091	3.493519056
	3.490664496	3.488046406	3.485658009	3.483492763	3.481544364
	3.479806752	3.478274102	3.476940821	3.475801529	3.474851044
	3.474084355	3.473496586	3.473082928	3.472838528	3.472758282
	4.39806283	4.400805153	4.401544182	4.387315241	4.38582168
	4.389502031	4.383757527	4.376954436	4.367435599	4.355456429
	4.354826982	4.358827052	4.337267196	4.352635617	4.346126013
	4.319447312	4.300381712	4.286658139	4.273928057	4.260684747
	4.247791564	4.2396689	4.223187948	4.206835685	4.203545892
	4.191710999	4.173063296	4.155223961	4.138944451	4.123578449
	4.108406296	4.092161916	4.077767189	4.079105376	4.071121311
	4.054500133	4.036023844	4.020871458	4.008626884	3.999617958
	3.99096107	3.973171554	3.965700448	3.963396361	3.950537782
	3.936303152	3.92325794	3.909146389	3.89458101	3.880295932
	3.866775538	3.854942413	3.845118685	3.835273369	3.821466364
	3.798405563	3.765375929	3.734562275	3.711849018	3.693688412
	3.677634886	3.66308487	3.649799909	3.637571192	3.626222628
	3.615618487	3.605658331	3.596268537	3.587394596	3.578995322
	3.57103883	3.56349977	3.556357409	3.549594296	3.543195327
	3.537147091	3.531437409	3.526055001	3.520989245	3.516230017
	3.511767593	3.507592609	3.50369605	3.500069248	3.496703877
	3.493591939	3.490725755	3.488097947	3.485701429	3.483529401
	3.481575348	3.479833034	3.478296489	3.476959998	3.475818084
	3.474865485	3.474097129	3.473508093	3.473093539	3.472848601
	3.472768174	4.411271496	4.409565965	4.403951328	4.39232671
	4.388553544	4.389017479	4.384116942	4.377605533	4.3699088
	4.361465527	4.358180357	4.354488037	4.342644694	4.356898723
	4.343453477	4.315703466	4.299779403	4.286786876	4.273670376
	4.25904498	4.244778783	4.240985892	4.230398968	4.207625883
	4.200815084	4.190744934	4.172846519	4.155360614	4.139242726
	4.124112566	4.109544173	4.09450172	4.08043038	4.076568079
	4.059565086	4.057145144	4.046494467	4.028238213	4.013167001
	4.003715415	3.998430113	3.978703025	3.964984722	3.959710061
	3.948269944	3.934788391	3.921697982	3.908024756	3.893756637
	3.879266728	3.865206563	3.85296967	3.843544801	3.83445685
	3.820733453	3.79814991	3.76691245	3.737998817	3.71675402
	3.699487685	3.683621604	3.668716755	3.654805915	3.641875144
	3.629850468	3.618640584	3.608159115	3.598331307	3.589094527
	3.580396994	3.57219615	3.564457013	3.557150647	3.55025283
	3.543742959	3.537603194	3.531817797	3.526372622	3.521254734
	3.516452134	3.511953572	3.507748443	3.503826711	3.500178872
	3.496795908	3.493669255	3.49079076	3.488152654	3.485747526
	3.483568307	3.481608258	3.479860956	3.478320279	3.476980384
	3.475835691	3.474880855	3.474110739	3.47352037	3.47310488
	3.472859385	3.472778773	4.422642268	4.418606601	4.409283414
	4.398710097	4.393601527	4.390662099	4.384784696	4.378333382
	4.371820635	4.365444439	4.360518735	4.354274058	4.344415876
	4.338323848	4.322475694	4.309866789	4.298686612	4.286809374
	4.273256448	4.256568369	4.240022839	4.238893493	4.235695764
	4.21005807	4.199223651	4.190162649	4.172500695	4.155236836
	4.139188563	4.124176242	4.110182481	4.096550307	4.084170317
	4.079096933	4.046590742	4.041061195	4.043754371	4.030359558
	4.01539121	4.004402803	3.996898176	3.98194866	3.966362446
	3.957659282	3.946632775	3.93382735	3.920815692	3.90728892
	3.893094564	3.878322279	3.863491041	3.850226084	3.840301465
	3.831327524	3.817658086	3.796459691	3.768840686	3.742915436
	3.722741168	3.705585927	3.689457425	3.674083835	3.659588036
	3.646032063	3.633398212	3.621629699	3.610656578	3.600407863
	3.590817113	3.581825073	3.573380583	3.565440354	3.557968064
	3.550933219	3.544310015	3.538076354	3.532213031	3.526703078
	3.521531261	3.516683705	3.512147624	3.507911152	3.503963215
	3.500293453	3.496892142	3.493750131	3.490858779	3.488209913
	3.485795785	3.483609047	3.481642726	3.479890207	3.478345206
	3.47700175	3.475854152	3.47489698	3.474125028	3.473533275
	3.473116815	3.472870744	3.472789941	4.430281563	4.425252779
	4.414126254	4.40358375	4.397338531	4.39223674	4.38543261
	4.378998081	4.373170276	4.367470665	4.361736685	4.354948611
	4.347298293	4.333438148	4.312306504	4.30481172	4.297868182
	4.28698466	4.272827485	4.253800169	4.234755876	4.234779951
	4.236343154	4.209049877	4.197685753	4.190853369	4.172624003
	4.154965337	4.138681311	4.123554812	4.110046966	4.09726864
	4.085002624	4.07869806	4.076122448	4.043981289	4.039295968
	4.02925998	4.016006028	4.004364309	3.994257957	3.981662127
	3.96804177	3.957265563	3.945822806	3.933139748	3.920117169
	3.906736489	3.892640642	3.877637597	3.861972839	3.847244089
	3.835974901	3.826631312	3.813439265	3.794181255	3.770517118
	3.747769842	3.728553058	3.711300371	3.694828737	3.67903213
	3.664049572	3.649968109	3.636805917	3.624537228	3.61311175
	3.602467142	3.592537593	3.583259749	3.574576206	3.566436927
	3.558799215	3.551626947	3.544889524	3.538560846	3.532618394
	3.527042471	3.521815599	3.516922051	3.51234752	3.508078878
	3.504104012	3.500411699	3.496991496	3.493833659	3.490929051
	3.488269084	3.485845668	3.483651166	3.481678368	3.479920459
	3.478370992	3.477023858	3.47587326	3.474913677	3.474139833
	3.473546654	3.473129199	3.472882539	3.472801541	4.434507735
	4.429245342	4.417607768	4.406994486	4.399988966	4.393761141
	4.386397586	4.379876252	4.374282803	4.368765242	4.362705713
	4.356038158	4.355132616	4.347125181	4.3156699	4.306491113
	4.298782867	4.287599547	4.272637842	4.251712885	4.230827271
	4.232109304	4.23656954	4.205089387	4.19608645	4.193077305
	4.173539616	4.154498937	4.137500023	4.121766878	4.108293092
	4.096533311	4.08465878	4.059770695	4.075768851	4.053578838
	4.038781002	4.0281557	4.016227421	4.00458211	3.993362794
	3.981489698	3.969201013	3.957631322	3.945616505	3.932479137
	3.919293302	3.906303439	3.892499456	3.877403833	3.861049871
	3.84488573	3.831953289	3.821916826	3.809487626	3.792308122
	3.771976499	3.751870139	3.733533794	3.716275257	3.699581726
	3.683487029	3.668136434	3.65363399	3.640028486	3.627323836
	3.615491547	3.604481839	3.594233595	3.584682721	3.575768033
	3.567434436	3.55963399	3.552325683	3.545474608	3.539050977
	3.533029165	3.527386881	3.522104485	3.517164456	3.512550993
	3.50824973	3.50424752	3.500532282	3.497092859	3.493918907
	3.491000792	3.488329509	3.48589662	3.483694197	3.481714788
	3.479951377	3.47839735	3.477046462	3.4758928	3.474930756
	3.474154983	3.473560352	3.473141884	3.472894625	3.472813428
	4.43612206	4.431096515	4.419836916	4.409491556	4.402204493
	4.395609417	4.388234086	4.381549352	4.375576298	4.369784006
	4.363964115	4.357215882	4.364119283	4.373547474	4.334124529
	4.310827636	4.300812375	4.288559822	4.27332818	4.251825713
	4.230107624	4.232748622	4.240115782	4.201845977	4.195919277
	4.195694969	4.174582925	4.153509367	4.135517106	4.118769202
	4.102404128	4.089665982	4.084538575	4.061508946	4.060778814
	4.052327011	4.038633442	4.027686529	4.016603565	4.005143515
	3.993606731	3.981902016	3.970053939	3.958263773	3.946029947
	3.932169487	3.918477983	3.906148248	3.892838283	3.877734167
	3.860890306	3.843698996	3.829418776	3.818598467	3.80676813
	3.791355026	3.773467308	3.755264661	3.737656129	3.720499668
	3.703724628	3.687448989	3.671832133	3.657001936	3.643034644
	3.62995953	3.617769222	3.606428887	3.595885538	3.586077507
	3.576942253	3.568421344	3.560462764	3.553021401	3.546058573
	3.539541164	3.533440685	3.527732415	3.522394666	3.517408197
	3.512755766	3.508421798	3.50439214	3.500653863	3.497195105
	3.49400493	3.491073208	3.488390519	3.485948076	3.483737662
	3.481751582	3.479982618	3.478423987	3.477069308	3.475912554
	3.474948026	3.474170305	3.473574208	3.473154718	3.472906856
	3.47282546	4.435800053	4.431361815	4.42116718	4.411528595
	4.40434776	4.397832173	4.390864751	4.384109689	4.377372271
	4.370768804	4.365611308	4.363658049	4.366336883	4.374166256
	4.33318779	4.313501474	4.30245113	4.289886336	4.275909754
	4.255896779	4.234220037	4.235276168	4.244661314	4.202227549
	4.198781537	4.195799772	4.173507822	4.151540439	4.133383406
	4.118438392	4.103539322	4.078824596	4.08595114	4.079027858
	4.063104008	4.051959033	4.038922434	4.02775937	4.017175452
	4.005851174	3.994217794	3.982515149	3.970762628	3.959090459
	3.947385493	3.933384702	3.918594365	3.90667743	3.893888616
	3.878646935	3.861304201	3.843555437	3.828597836	3.817206272
	3.805649879	3.791441061	3.775172766	3.758259238	3.74117921
	3.724139835	3.707360098	3.690962859	3.675141846	3.660058326
	3.645804309	3.63242309	3.619924461	3.608289688	3.59747686
	3.587429634	3.578086395	3.569387005	3.561276507	3.553706475
	3.546634995	3.540026001	3.53384841	3.528075257	3.522682937
	3.517650583	3.512959576	3.508593184	3.504536274	3.5007751
	3.497297107	3.494090779	3.491145499	3.488451439	3.485999468
	3.483781082	3.481788344	3.480013835	3.478450608	3.477092142
	3.475932299	3.474965289	3.474185622	3.473588061	3.47316755
	3.472919085	3.472837489	4.434188213	4.430570536	4.421954991
	4.413387204	4.406533436	4.400196646	4.393558739	4.386776312
	4.379533892	4.371917376	4.366190997	4.361375922	4.361214699
	4.357712354	4.335024462	4.313258785	4.302913489	4.291662442
	4.280927707	4.264616411	4.243978085	4.236710219	4.240329847
	4.204636406	4.203984956	4.190328706	4.168692663	4.148750565
	4.131633212	4.121548926	4.124346869	4.109440572	4.098632071
	4.097000085	4.069699046	4.054981628	4.041565031	4.028770213
	4.017955118	4.006588014	3.994886857	3.983156754	3.971428555
	3.96004676	3.949488968	3.936487211	3.920403298	3.908202188
	3.896032816	3.880272915	3.861925626	3.843892734	3.828963162
	3.817389687	3.805914608	3.792423819	3.777161964	3.761181942
	3.744413583	3.727377354	3.710616282	3.694079748	3.678070389
	3.662794328	3.648325745	3.634701471	3.621943334	3.610050158
	3.598994065	3.588726707	3.579189403	3.57032175	3.56206687
	3.554373754	3.547197781	3.540500319	3.534247963	3.528411707
	3.522966175	3.517888979	3.513160205	3.508762016	3.504678349
	3.500894665	3.497397746	3.494175512	3.491216873	3.488511602
	3.486050232	3.483823978	3.481824668	3.480044685	3.478476918
	3.47711471	3.475951815	3.474982351	3.474200759	3.473601749
	3.473180227	3.472931164	3.47284937	4.432076535	4.429319021
	4.422505851	4.415231684	4.40882992	4.402625308	4.396062946
	4.389152486	4.381719142	4.373564664	4.367094686	4.362899995
	4.358113604	4.351685615	4.332617304	4.314258028	4.302439208
	4.293472609	4.287644434	4.275638986	4.257308334	4.23943219
	4.225698776	4.207201009	4.207855969	4.179465209	4.162233006
	4.146738331	4.130009078	4.11995561	4.122934631	4.114074898
	4.087335935	4.075882384	4.066233115	4.058774635	4.04863311
	4.032001979	4.019054388	4.007307301	3.995523151	3.983778279
	3.972052789	3.960736274	3.950589602	3.93825786	3.922117902
	3.910020086	3.899544511	3.883028764	3.862556855	3.844239802
	3.829904562	3.818509993	3.80707138	3.79405341	3.77943861
	3.764506308	3.747705035	3.730237184	3.713610355	3.696814351
	3.680593647	3.665197212	3.650594372	3.636789849	3.623818218
	3.611700552	3.600426595	3.589958343	3.580241629	3.571216908
	3.562826221	3.555016609	3.547741223	3.540959228	3.534635175
	3.528738219	3.523241371	3.518120838	3.513355496	3.508926475
	3.504816826	3.501011263	3.497495928	3.494258206	3.49128655
	3.488570349	3.486099812	3.483865881	3.481860155	3.480074826
	3.478502625	3.477136762	3.475970883	3.474999018	3.474215542
	3.473615113	3.473192598	3.472942947	3.472860959	4.430268972
	4.428246119	4.42312681	4.41721172	4.411376885	4.405273158
	4.398602483	4.391441351	4.383835927	4.375628424	4.368312903
	4.363296746	4.355378193	4.336631416	4.33132039	4.315000359
	4.29997762	4.293543337	4.292827346	4.282734219	4.266295519
	4.246168187	4.220707816	4.215502366	4.206865117	4.17058225
	4.160349526	4.148330972	4.129544433	4.116613523	4.111653181
	4.079983283	4.09783983	4.09167928	4.079545972	4.06934146
	4.052820864	4.035730385	4.020195713	4.007929796	3.996089701
	3.984365601	3.972623778	3.96098073	3.949749556	3.9367191
	3.921703026	3.910233749	3.9026365	3.886414922	3.863307504
	3.844649376	3.831171076	3.820086852	3.808635278	3.795860158
	3.781747797	3.770260213	3.751950245	3.732170949	3.716573351
	3.69907955	3.682615212	3.667247182	3.652615793	3.638692701
	3.625547597	3.613235008	3.601766477	3.591115975	3.581234745
	3.572064792	3.563547666	3.555628963	3.548260029	3.541398158
	3.535006118	3.529051435	3.523505661	3.518343723	3.513543383
	3.509084807	3.504950223	3.501123638	3.497590595	3.494337966
	3.491353775	3.488627041	3.486147667	3.483906332	3.481894416
	3.480103929	3.478527447	3.477158054	3.47598929	3.475015105
	3.474229803	3.473627996	3.473204516	3.472954292	3.472872113
	4.429253925	4.427813404	4.424123997	4.419521125	4.414382119
	4.408393004	4.401457418	4.393871714	4.385936078	4.377696019
	4.369857392	4.363673574	4.357953979	4.347219725	4.339846618
	4.319492248	4.298142052	4.290902175	4.292178644	4.281238707
	4.264680063	4.247415588	4.226069285	4.220008496	4.198390441
	4.17223775	4.167932161	4.15534496	4.130884576	4.11545734
	4.117328764	4.107535407	4.101215315	4.093252618	4.091199961
	4.09583659	4.065493388	4.035862972	4.020363715	4.008335927
	3.996556537	3.984920718	3.973199786	3.961229626	3.948737154
	3.934563582	3.919877287	3.907614206	3.901164066	3.887137572
	3.864116198	3.845715874	3.832881409	3.821891312	3.810332273
	3.798091752	3.787225634	3.790504847	3.762760389	3.730557434
	3.720702535	3.70061028	3.683915353	3.668935814	3.654416046
	3.640425332	3.627135184	3.614650598	3.603007723	3.592192533
	3.582161597	3.572858634	3.564225031	3.556205308	3.548749349
	3.541812881	3.535357136	3.529348207	3.52375635	3.518555333
	3.513721904	3.509235347	3.505077125	3.501230592	3.49768073
	3.494413934	3.49141782	3.488681064	3.486193277	3.48394489
	3.481927078	3.480131674	3.47855111	3.477178349	3.476006833
	3.475030428	3.474243379	3.473640247	3.473215836	3.472965058
	3.472882694	4.429068586	4.428120167	4.425661418	4.422344971
	4.418059168	4.412236218	4.404862759	4.39660326	4.38809823
	4.379578568	4.371321601	4.364059562	4.358125814	4.352480496
	4.346744184	4.326466836	4.302101742	4.290231376	4.287723999
	4.275304865	4.258627821	4.242455498	4.225632772	4.212408134
	4.190510533	4.181938876	4.180678866	4.165969482	4.133045727
	4.112837628	4.116034125	4.11627679	4.084062991	4.067876401
	4.065855103	4.057424424	4.058845391	4.034835932	4.0199472
	4.008556376	3.996901321	3.985450554	3.97384069	3.961848879
	3.949238589	3.934406169	3.917937155	3.903517528	3.895989513
	3.884231612	3.864836152	3.847836519	3.835156126	3.823850081
	3.811973199	3.799538369	3.786221028	3.79145568	3.768172045
	3.715596807	3.723714792	3.701143573	3.68428872	3.670351438
	3.656058341	3.642012837	3.628587372	3.615945749	3.604145528
	3.593182063	3.583016026	3.573592515	3.564852839	3.556740694
	3.549204784	3.542199532	3.535684861	3.529625624	3.523990929
	3.518753517	3.513889222	3.509376527	3.5051962	3.501330993
	3.497765374	3.494485295	3.491477997	3.488731835	3.486236147
	3.483981137	3.481957784	3.480157759	3.478573356	3.477197426
	3.476023316	3.475044817	3.474256114	3.473651725	3.473226424
	3.47297511	3.472892568	4.429450803	4.428965781	4.427678536
	4.425740822	4.422530357	4.416967121	4.408975842	4.399748067
	4.390407617	4.381336105	4.372590986	4.364491413	4.357496237
	4.351942111	4.346183449	4.329588498	4.308308592	4.293421618
	4.284827744	4.271062909	4.255035231	4.239228479	4.223794875
	4.209197	4.19185116	4.188357756	4.187217909	4.173176829
	4.134360284	4.11054143	4.109670675	4.105110288	4.081545631
	4.070261267	4.057310791	4.0473332	4.042317545	4.033247158
	4.019916071	4.008644637	3.997107231	3.985969646	3.974563571
	3.962773442	3.951287161	3.938159979	3.918730677	3.901472378
	3.892711263	3.881891433	3.865978556	3.850605277	3.837791505
	3.825953772	3.813623178	3.800556512	3.786751921	3.787402658
	3.759219292	3.734816079	3.719918363	3.70039984	3.684685182
	3.671864161	3.657643073	3.643479885	3.629908199	3.617118177
	3.605175432	3.594079363	3.583792701	3.574261281	3.565426278
	3.557230729	3.549622394	3.542554621	3.535986234	3.52988102
	3.524207095	3.518936293	3.514043637	3.509506895	3.505306209
	3.501423788	3.497843632	3.494551291	3.491533662	3.488778807
	3.486275815	3.484014679	3.4819862	3.480181897	3.478593941
	3.477215074	3.476038558	3.475058113	3.474267866	3.473662294
	3.473236147	3.47298432	3.472901602	4.430045744	4.43000949
	4.429899155	4.429509507	4.427666413	4.42252059	4.413770993
	4.403306509	4.39290846	4.383083131	4.373740373	4.364923585
	4.356890069	4.349991383	4.342839495	4.32930075	4.312518231
	4.297271352	4.284003491	4.269134541	4.253768095	4.237895496
	4.222195367	4.207721347	4.19310747	4.186299807	4.181673779
	4.166565577	4.128933358	4.115675632	4.105984582	4.095665889
	4.080870506	4.074549264	4.069775402	4.054138174	4.039019423
	4.03265201	4.018934738	4.008631951	3.997192822	3.986528294
	3.975381563	3.963761918	3.953349481	3.944250307	3.924774214
	3.904104394	3.893205602	3.881901236	3.867635239	3.853337692
	3.840447904	3.828198622	3.815461808	3.8019295	3.787963776
	3.776249507	3.749509141	3.762397132	3.734614491	3.70685522
	3.688408885	3.673947792	3.659218756	3.644826951	3.631093334
	3.618163244	3.606092777	3.59487976	3.58448701	3.574860486
	3.565941166	3.557671564	3.549998695	3.54287504	3.536258512
	3.530111998	3.524402763	3.519101859	3.514183599	3.509625122
	3.505406017	3.50150801	3.497914681	3.494611222	3.491584221
	3.488821477	3.486311854	3.484045155	3.482012017	3.480203828
	3.478612639	3.4772311	3.476052391	3.475070167	3.474278501
	3.473671832	3.473244887	3.472992561	3.47290967	4.430558392
	4.430908429	4.431894488	4.433136847	4.432934218	4.428431559
	4.418900049	4.407066958	4.395535329	4.38488388	4.374863651
	4.365361973	4.356449164	4.348289625	4.340014183	4.328409987
	4.314773755	4.299895919	4.283674448	4.267973033	4.253597234
	4.237394792	4.221156223	4.206282465	4.191855078	4.180537277
	4.169745546	4.148784501	4.113208584	4.124515752	4.106049833
	4.089533867	4.076704183	4.0825834	4.084869577	4.081987097
	4.044317314	4.049308049	4.014020788	4.008796299	3.996965148
	3.987242627	3.976348889	3.964717227	3.954219406	3.947172921
	3.931585107	3.909484297	3.895566293	3.883072688	3.869346689
	3.855714848	3.842982965	3.830638484	3.817634321	3.803555678
	3.789164354	3.774757822	3.754379686	3.752816721	3.730907676
	3.709018775	3.691578539	3.675872353	3.660639627	3.64601588
	3.63212914	3.619074149	3.60689282	3.595579119	3.585095023
	3.575386356	3.566393926	3.558059874	3.550330654	3.543158061
	3.536499271	3.530316427	3.524576077	3.519248605	3.51430772
	3.509730017	3.505494603	3.501582785	3.497977777	3.494664455
	3.491629136	3.488859388	3.486343875	3.484072233	3.482034957
	3.480223312	3.478629248	3.47724533	3.476064666	3.475080849
	3.474287903	3.473680229	3.473252534	3.472999718	3.472916645
	4.430861349	4.431455194	4.433255949	4.435935461	4.437436517
	4.433801701	4.423663638	4.410586469	4.398085692	4.386724693
	4.376021203	4.365828678	4.356171912	4.347083721	4.338146329
	4.327549014	4.315283706	4.300446809	4.282775814	4.266688578
	4.254556687	4.23765498	4.220966028	4.205386023	4.190156069
	4.175420427	4.159407067	4.135221415	4.10366712	4.120409092
	4.11582314	4.082902029	4.068521591	4.062986936	4.057277577
	4.059884357	4.03950778	4.067589569	3.995884818	4.008121774
	3.99233907	3.988152442	3.977576027	3.965707384	3.954348377
	3.945882794	3.933230638	3.913222801	3.897684369	3.884313922
	3.87084638	3.857760701	3.845468736	3.833487457	3.820523749
	3.805537739	3.790179153	3.775581707	3.758949498	3.746332883
	3.727600839	3.709788371	3.693249206	3.677259201	3.661792732
	3.647009229	3.633001487	3.619844365	3.607571465	3.596174042
	3.585613528	3.575835769	3.566781563	3.558392846	3.550615679
	3.543401339	3.536706419	3.530492457	3.524725414	3.519375122
	3.514414781	3.509820528	3.505571066	3.501647343	3.498032262
	3.494710431	3.491667932	3.488892135	3.486371536	3.484095623
	3.48205477	3.480240137	3.478643587	3.47725761	3.476075249
	3.475090044	3.474295972	3.473687394	3.473258991	3.473005676
	3.472922395	4.431001734	4.431655657	4.433815895	4.437386032
	4.440259182	4.437574398	4.427237188	4.413354279	4.400289124
	4.388531946	4.377239734	4.366330346	4.356009502	4.346228485
	4.336811903	4.326493261	4.314334083	4.299316671	4.281626433
	4.265593856	4.256933361	4.238414194	4.221444595	4.205027492
	4.188672965	4.171612287	4.152387451	4.127412069	4.09819277
	4.094535296	4.132862068	4.070623517	4.041389412	4.093219072
	4.051102021	4.083911192	4.02180625	4.06303595	3.974548837
	4.005888728	3.962225831	3.988496292	3.979265973	3.96680391
	3.954497215	3.94372313	3.931368282	3.914296784	3.898933405
	3.885299941	3.87210438	3.859577689	3.848032731	3.837133739
	3.825074937	3.80837338	3.790393242	3.776460565	3.760802693
	3.74525023	3.727827935	3.710807232	3.69431831	3.67823267
	3.662669009	3.647793918	3.633703393	3.620470142	3.608126057
	3.596662095	3.586040064	3.576206241	3.56710164	3.558668157
	3.550851611	3.543602906	3.536878186	3.530638518	3.524849396
	3.519480206	3.514503738	3.509895756	3.505634633	3.501701022
	3.498077572	3.494748666	3.491700197	3.488919369	3.486394538
	3.484115072	3.482071242	3.480254122	3.478655501	3.477267806
	3.476084028	3.475097658	3.474302627	3.473693255	3.473264184
	3.473010329	3.472926766	4.431085254	4.431660338	4.433732832
	4.437471801	4.441024511	4.439113504	4.429111518	4.415079916
	4.401945844	4.390201078	4.378514065	4.366854206	4.355887511
	4.345544388	4.335673723	4.325217905	4.312740225	4.297781785
	4.281122612	4.265404608	4.258032673	4.238512047	4.222304176
	4.205073176	4.187444613	4.168720118	4.147520626	4.12148541
	4.089342379	4.05528976	4.078130942	4.084609903	3.983755011
	4.030512548	4.063014554	3.987580754	4.048520022	4.031194575
	4.009664357	4.058192353	3.917050821	3.994696986	3.982137285
	3.967990537	3.954851769	3.942435568	3.929468008	3.914232005
	3.899574678	3.886026461	3.873135391	3.861193271	3.850668741
	3.841796977	3.832462041	3.812801343	3.787996185	3.778164189
	3.76293808	3.745989361	3.728561023	3.71153815	3.695005022
	3.678886981	3.663294858	3.648376398	3.634236301	3.620951387
	3.608555717	3.597041876	3.586372909	3.576495895	3.56735225
	3.558883957	3.551036712	3.543761163	3.53701313	3.530753327
	3.52494689	3.519562867	3.51457373	3.509954958	3.505684664
	3.501743273	3.498113235	3.49477876	3.49172559	3.4889408
	3.486412635	3.484130369	3.482084194	3.480265114	3.478664861
	3.477275811	3.476090912	3.475103614	3.474307809	3.473697765
	3.473268067	3.473013584	3.472929554	4.43116207	4.431614638
	4.433356298	4.436718851	4.440252264	4.438744955	4.429454443
	4.415863417	4.403014298	4.391592375	4.379762738	4.367369031
	4.3557449	4.344922564	4.334633088	4.323942439	4.311264802
	4.296638392	4.281177336	4.266083978	4.255582015	4.238224993
	4.223780507	4.205663946	4.186542859	4.166553364	4.144036188
	4.116510781	4.079747085	4.028872058	4.030300877	4.140922147
	3.970322352	3.971225183	4.089700822	4.00644025	4.06745998
	4.023340325	4.017315796	4.061671435	4.044760137	4.06125823
	3.98810578	3.969040983	3.955293826	3.941933806	3.928442771
	3.914033165	3.899902925	3.886527539	3.873922574	3.862518034
	3.853052671	3.846562512	3.841145522	3.818532596	3.780941974
	3.782968421	3.767709424	3.747864381	3.729430036	3.712085783
	3.695443839	3.679304604	3.663708496	3.648773576	3.634607495
	3.621290914	3.608861063	3.597312881	3.586610991	3.5767034
	3.567531975	3.559038843	3.551169648	3.543874879	3.537110135
	3.530835883	3.525017012	3.519622329	3.514624084	3.509997549
	3.505720655	3.501773665	3.498138885	3.494800399	3.491743843
	3.488956199	3.486425633	3.484141351	3.482093486	3.480272994
	3.478671565	3.477281538	3.476095829	3.475107858	3.474311479
	3.473700909	3.473270638	3.473015383	3.472930415	4.431224479
	4.431584676	4.433012291	4.435868772	4.439073805	4.437671017
	4.429057145	4.41608516	4.403568403	4.39251268	4.380755394
	4.367805412	4.355600579	4.34440877	4.333812021	4.322969979
	4.310294132	4.296010458	4.281263395	4.266624611	4.253274962
	4.23791128	4.224683804	4.206473711	4.186060259	4.165166573
	4.141829685	4.113120675	4.073425489	4.018103627	4.014808216
	4.157395663	4.039328084	4.022497094	4.048792628	4.036305072
	4.03537069	4.02519227	4.019557128	4.010964221	3.997409645
	4.083108251	3.987865666	3.969565272	3.955660581	3.941806182
	3.928024661	3.9139229	3.90006318	3.886823536	3.8744234
	3.863395166	3.854662308	3.84963221	3.846151714	3.822236107
	3.774799029	3.791058582	3.775544272	3.750449517	3.73025667
	3.712460759	3.69569803	3.679538011	3.663942991	3.649003739
	3.634826104	3.621492778	3.609043495	3.597475178	3.586753737
	3.576827891	3.567639846	3.559131834	3.551249481	3.543943181
	3.537168404	3.530885474	3.525059131	3.519658039	3.514654315
	3.510023111	3.505742247	3.501791888	3.498154253	3.494813355
	3.491754762	3.488965401	3.48643339	3.484147896	3.482099016
	3.480277676	3.47867554	3.477284927	3.476098731	3.475110352
	3.474313619	3.473702703	3.473271973	3.473015788	3.472928662
	4.431268125	4.431589807	4.432894815	4.435485249	4.438480013
	4.43714484	4.428834822	4.416139819	4.403700914	4.392781571
	4.381172193	4.36804096	4.355550467	4.344201524	4.333470372
	4.322586038	4.309966936	4.295810141	4.281267048	4.266738853
	4.252392152	4.236915142	4.224056689	4.206729945	4.185937298
	4.164668068	4.141024148	4.111894401	4.071768889	4.017453642
	4.009241578	4.151738545	4.06582065	4.042270616	4.046264917
	4.036531906	4.03265353	4.02367288	4.019618927	3.991882253
	3.904066192	4.075240081	3.985212627	3.969900783	3.955852345
	3.941796854	3.927919872	3.913890971	3.900111299	3.886923448
	3.874599116	3.863702865	3.8551863	3.850343593	3.846907034
	3.823635418	3.775106221	3.79368289	3.780854223	3.751990171
	3.730622745	3.712593871	3.695780783	3.679613723	3.664020341
	3.649080757	3.634899626	3.621560518	3.609104381	3.597529039
	3.586800897	3.576868892	3.567675298	3.559162353	3.551275652
	3.543965549	3.537187464	3.530901673	3.525072867	3.519669662
	3.514664133	3.510031392	3.505749221	3.501797754	3.498159182
	3.494817491	3.49175823	3.488968307	3.486435824	3.484149934
	3.482100723	3.480279108	3.478676744	3.477285941	3.476099588
	3.475111077	3.474314228	3.473703188	3.473272243	3.47301525
	3.472922716	