3131	
	0.2778124036	0.2777133622	0.2774430348	0.2769967769	0.2763735811
	0.2755730901	0.2745951128	0.2734395139	0.272106181	0.2705950125
	0.2689059147	0.2670388038	0.2649936102	0.2627702881	0.260368828
	0.2577892765	0.2550317642	0.2520965445	0.2489840501	0.2456949716
	0.2422303694	0.2385918301	0.2347816883	0.2308033356	0.2266616551
	0.2223636253	0.2179191576	0.213342248	0.2086525438	0.2038774396
	0.1990548226	0.1942365427	0.1894925811	0.1849156451	0.1806254787
	0.1767714977	0.1735314925	0.1711034403	0.1696877213	0.1694594706
	0.170536143	0.1729514554	0.1766476816	0.1814900886	0.1872960039
	0.1938661122	0.2010088976	0.2085552265	0.2163643177	0.2243238942
	0.2323471811	0.2403686608	0.2483397245	0.256224787	0.2639980678
	0.2716410481	0.279140525	0.2864871531	0.293674369	0.3006976064
	0.3075537272	0.3142406117	0.3207568642	0.3271016031	0.3332743096
	0.3392747208	0.3451027533	0.350758448	0.3562419318	0.3615533895
	0.3666930443	0.3716611435	0.3764579485	0.3810837275	0.3855387507
	0.3898232861	0.3939375974	0.3978819415	0.4016565677	0.4052617164
	0.4086976181	0.4119644935	0.4150625526	0.4179919943	0.4207530066
	0.4233457661	0.4257704374	0.4280271737	0.4301161157	0.432037392
	0.4337911179	0.4353773954	0.4367963116	0.4380479374	0.439132324
	0.4400494972	0.4407994438	0.4413820793	0.4417971427	0.4420437413
	0.4421175428	0.2778053008	0.2777122059	0.2774427267	0.2769966471
	0.276373508	0.2755730411	0.2745950754	0.2734394818	0.27210615
	0.2705949789	0.2689058747	0.2670387524	0.264993541	0.2627701922
	0.260368693	0.2577890849	0.2550314911	0.252096155	0.2489834947
	0.2456941803	0.2422292433	0.23859023	0.2347794179	0.230800119
	0.2266571055	0.222357202	0.2179101083	0.2133295325	0.2086347353
	0.2038526052	0.1990203856	0.1941891489	0.1894280093	0.1848288419
	0.1805108466	0.1766236061	0.1733463674	0.1708804157	0.1694314013
	0.1691807382	0.1702509689	0.1726773207	0.1763992443	0.1812763544
	0.1871199525	0.1937260886	0.2009005464	0.2084731416	0.2163031276
	0.2242788321	0.2323142965	0.2403448234	0.2483225296	0.2562124271
	0.2639892052	0.271634704	0.2791359886	0.2864839113	0.2936720531
	0.3006959522	0.3075525455	0.3142397675	0.3207562611	0.3271011723
	0.333274002	0.3392745014	0.3451025971	0.3507583372	0.3562418536
	0.3615533348	0.3666930065	0.3716611179	0.3764579317	0.3810837171
	0.385538745	0.3898232838	0.3939375976	0.3978819436	0.4016565712
	0.4052617209	0.4086976234	0.4119644995	0.4150625592	0.4179920015
	0.4207530144	0.4233457745	0.4257704466	0.4280271837	0.4301161269
	0.4320374046	0.4337911323	0.4353774123	0.4367963319	0.4380479626
	0.4391323569	0.4400495427	0.4407995131	0.4413822026	0.4417974339
	0.4420448298	0.4421242197	0.2778013652	0.2777106109	0.2774420503
	0.2769963048	0.276373304	0.2755729026	0.2745949702	0.2734393924
	0.2721060644	0.2705948864	0.2689057638	0.2670386088	0.2649933457
	0.2627699189	0.2603683048	0.2577885302	0.2550306967	0.2520950173
	0.2489818674	0.2456918566	0.242225931	0.2385855171	0.2347727238
	0.2307906278	0.2266436724	0.2223382261	0.2178833609	0.2132919286
	0.2085820394	0.2037790679	0.1989183261	0.1940485353	0.1892361587
	0.1845704724	0.1801688666	0.1761811747	0.172790758	0.1702087545
	0.1686570138	0.1683367352	0.1693867917	0.1718473321	0.1756487491
	0.1806326495	0.1865914562	0.1933070281	0.2005771332	0.2082286623
	0.216121193	0.2241450247	0.2322167412	0.2402741534	0.2482715727
	0.2561758052	0.2639629451	0.2716159014	0.2791225372	0.2864742917
	0.2936651736	0.3006910306	0.3075490224	0.3142372434	0.3207544508
	0.3270998723	0.3332730673	0.3392738284	0.3451021118	0.3507579868
	0.3562416003	0.3615531517	0.3666928742	0.3716610224	0.3764578631
	0.3810836683	0.3855387106	0.3898232603	0.3939375822	0.3978819343
	0.4016565667	0.4052617203	0.408697626	0.4119645048	0.4150625669
	0.4179920116	0.4207530269	0.4233457896	0.4257704646	0.4280272051
	0.4301161523	0.4320374348	0.4337911687	0.4353774567	0.436796387
	0.4380480329	0.4391324497	0.440049672	0.4407997073	0.4413825288
	0.4417980753	0.4420463351	0.4421279248	0.2777988771	0.2777090993
	0.2774412204	0.2769958219	0.2763729957	0.2755726864	0.2745948036
	0.2734392502	0.272105928	0.2705947393	0.2689055874	0.2670383801
	0.2649930339	0.2627694815	0.2603676826	0.2577876393	0.2550294189
	0.2520931852	0.2489792442	0.2456881077	0.2422205837	0.2385779043
	0.2347619058	0.2307752823	0.2266219433	0.2223075157	0.2178400475
	0.2132309899	0.2084965631	0.2036596383	0.1987523035	0.1938193008
	0.1889225038	0.1841465009	0.1796050501	0.1754475232	0.1718632308
	0.169079474	0.1673465249	0.1669020485	0.1679160044	0.1704379825
	0.1743808535	0.1795522825	0.1857104654	0.1926128084	0.2000441978
	0.207827525	0.215823682	0.2239267783	0.2320579322	0.2401592752
	0.248188825	0.2561163788	0.263920353	0.2715854136	0.2791007286
	0.2864586951	0.2936540177	0.300683047	0.3075433047	0.314233144
	0.320751508	0.3270977566	0.3332715435	0.3392727289	0.3451013168
	0.3507574107	0.356241182	0.3615528473	0.3666926525	0.3716608608
	0.3764577454	0.3810835828	0.3855386491	0.3898232165	0.3939375518
	0.3978819143	0.4016565548	0.4052617147	0.4086976259	0.4119645094
	0.4150625758	0.4179920246	0.4207530442	0.4233458113	0.4257704913
	0.4280272375	0.4301161915	0.4320374823	0.4337912265	0.4353775276
	0.4367964754	0.4380481455	0.4391325976	0.4400498745	0.4408000017
	0.4413829906	0.4417988653	0.4420477666	0.4421302744	0.2777971192
	0.2777077795	0.2774403597	0.2769952617	0.2763726135	0.2755724082
	0.2745945849	0.2734390618	0.2721057471	0.2705945442	0.2689053539
	0.2670380775	0.2649926212	0.262768902	0.260366857	0.2577864557
	0.2550277191	0.2520907454	0.2489757479	0.2456831071	0.2422134462
	0.2385677369	0.2347474492	0.2307547637	0.2265928718	0.2222664
	0.2177820108	0.2131492518	0.2083817571	0.2034989409	0.1985283794
	0.1935091317	0.1884963078	0.1835671971	0.178829139	0.1744288518
	0.1705617187	0.1674766956	0.1654668231	0.1648291347	0.1657867365
	0.1684055041	0.1725675965	0.1780235225	0.1844772284	0.1916504332
	0.1993113994	0.2072795311	0.2154193001	0.2236312715	0.2318435212
	0.2400045047	0.2480775141	0.2560365267	0.2638631645	0.2715444974
	0.2790714686	0.2864377715	0.2936390508	0.3006723343	0.3075356299
	0.3142276391	0.3207475538	0.3270949113	0.3332694922	0.3392712468
	0.3451002434	0.3507566313	0.3562406147	0.3615524333	0.3666923496
	0.371660639	0.3764575828	0.3810834639	0.3855385624	0.3898231541
	0.3939375077	0.3978818843	0.4016565358	0.4052617047	0.4086976234
	0.4119645134	0.4150625859	0.4179920405	0.420753066	0.4233458394
	0.4257705264	0.4280272807	0.430116244	0.4320375462	0.4337913044
	0.4353776234	0.4367965945	0.4380482963	0.4391327932	0.4400501368
	0.4408003685	0.4413835291	0.4417996887	0.4420490228	0.4421319428
	0.2777957695	0.2777066438	0.2774395264	0.2769946692	0.2763721846
	0.2755720842	0.2745943249	0.2734388356	0.2721055296	0.2705943102
	0.2689050745	0.2670377161	0.2649921283	0.2627682095	0.260365869
	0.2577850374	0.2550256795	0.2520878144	0.2489715429	0.2456770871
	0.2422048464	0.2385554769	0.2347300046	0.2307299865	0.2265577394
	0.2222166689	0.2177117387	0.2130501495	0.2082423201	0.2033033168
	0.1982549433	0.1931288049	0.1879707922	0.1828475856	0.1778559118
	0.1731352482	0.168883989	0.1653759942	0.1629641884	0.1620388693
	0.1629122815	0.1656778547	0.1701645251	0.176028914	0.1828930434
	0.1904310058	0.1983932216	0.206598921	0.214920421	0.2232685461
	0.2315813224	0.2398157577	0.2479420362	0.2559394742	0.2637937245
	0.271494847	0.2790359755	0.2864123947	0.293620898	0.3006593388
	0.3075263166	0.3142209558	0.3207427501	0.3270914522	0.3332669959
	0.339269441	0.3450989337	0.3507556788	0.3562399199	0.361551925
	0.3666919768	0.3716603649	0.3764573811	0.3810833155	0.3855384537
	0.3898230751	0.3939374513	0.3978818453	0.4016565107	0.4052616908
	0.4086976188	0.4119645171	0.4150625972	0.4179920593	0.4207530923
	0.4233458737	0.4257705696	0.428027334	0.4301163092	0.4320376256
	0.4337914013	0.435377742	0.4367967414	0.4380484804	0.4391330285
	0.4400504449	0.4408007833	0.4413841026	0.4418004914	0.4420501114
	0.4421332328	0.277794671	0.2777056595	0.2774387433	0.2769940727
	0.2763717305	0.2755717294	0.2745940345	0.273438581	0.2721052847
	0.2705940479	0.2689047629	0.267037314	0.2649915804	0.262767439
	0.2603647683	0.2577834544	0.2550233993	0.2520845323	0.2489668278
	0.2456703286	0.242195181	0.2385416841	0.2347103609	0.23070206
	0.2265181039	0.2221605031	0.2176322729	0.2129379022	0.2080840601
	0.2030806722	0.197942583	0.1926921495	0.187363316	0.1820080322
	0.176706352	0.1715823127	0.1668286417	0.1627420583	0.159755202
	0.158404312	0.1591528176	0.1621412077	0.1671046068	0.1735445232
	0.1809616217	0.1889712363	0.1973099666	0.2058048479	0.2143432167
	0.222851457	0.2312811877	0.2396004103	0.2477878282	0.2558291863
	0.2637149033	0.2714385294	0.2789957325	0.2863836263	0.2936003179
	0.3006446022	0.3075157512	0.3142133697	0.3207372935	0.3270875193
	0.3332641547	0.3392673831	0.3450974388	0.3507545896	0.3562391237
	0.3615513412	0.3666915473	0.3716600482	0.3764571473	0.3810831428
	0.3855383266	0.3898229823	0.3939373846	0.3978817989	0.4016564803
	0.4052616735	0.4086976126	0.4119645208	0.4150626099	0.4179920808
	0.4207531228	0.4233459139	0.4257706204	0.4280273968	0.4301163862
	0.4320377193	0.4337915153	0.4353778813	0.4367969125	0.4380486928
	0.4391332957	0.4400507863	0.4408012268	0.4413846852	0.4418012526
	0.4420510632	0.4421342925	0.2777937395	0.2777047947	0.2774380157
	0.2769934886	0.2763712669	0.2755713567	0.2745937244	0.2734383074
	0.2721050223	0.270593769	0.2689044339	0.2670368915	0.2649910057
	0.2627666302	0.2603636107	0.2577817859	0.2550209903	0.2520810577
	0.2489618267	0.2456631484	0.2421848978	0.2385269911	0.2346894104
	0.2306722423	0.2264757347	0.2221003873	0.2175470919	0.2128173614
	0.2079137058	0.2028402632	0.1976038733	0.1922159191	0.1866954973
	0.1810748974	0.1754091938	0.1697936734	0.1643973248	0.1595264609
	0.1557140628	0.1537262445	0.1542874874	0.1576200175	0.1632903113
	0.1705399272	0.1786915996	0.1872956689	0.1960890327	0.2049218944
	0.2137077321	0.222395542	0.2309548099	0.2393671007	0.2476211955
	0.2557102289	0.2636299892	0.2713779039	0.2789524282	0.2863526725
	0.2935781713	0.3006287381	0.3075043712	0.3142051925	0.3207314062
	0.3270832712	0.3332610815	0.3392651536	0.3450958165	0.3507534051
	0.3562382558	0.3615507031	0.3666910766	0.3716597	0.3764568892
	0.3810829516	0.3855381852	0.3898228785	0.3939373097	0.3978817465
	0.4016564458	0.4052616537	0.4086976053	0.4119645246	0.415062624
	0.417992105	0.4207531574	0.4233459596	0.4257706782	0.4280274685
	0.4301164739	0.432037826	0.4337916449	0.4353780387	0.4367971046
	0.4380489286	0.4391335876	0.4400511509	0.4408016854	0.4413852625
	0.4418019678	0.4420519088	0.4421352012	0.2777929262	0.2777040236
	0.2774373411	0.2769929251	0.2763708048	0.2755709765	0.274593404
	0.2734380243	0.2721047526	0.2705934857	0.2689041035	0.2670364704
	0.264990434	0.2627658251	0.2603624556	0.2577801159	0.2550185718
	0.2520775596	0.2489567792	0.2456558858	0.2421744768	0.2385120762
	0.2346681115	0.2306418855	0.226432539	0.2220390072	0.2174599726
	0.2126938265	0.2077386685	0.2025924031	0.1972530538	0.1917195189
	0.1859931793	0.1800811395	0.1740028266	0.1678048539	0.1615998036
	0.1556689687	0.1506612864	0.1477060462	0.1479819956	0.1518550195
	0.158587407	0.1669812566	0.1761012304	0.1854398753	0.1947664265
	0.2039805234	0.2130378224	0.2219187665	0.2306154297	0.2391254641
	0.2474490949	0.2555875996	0.2635425607	0.2713155275	0.278907887
	0.2863208339	0.2935553849	0.3006124069	0.307492647	0.3141967596
	0.3207253273	0.3270788783	0.3332578982	0.3392628397	0.3450941288
	0.3507521697	0.3562373482	0.3615500336	0.3666905811	0.3716593321
	0.3764566155	0.3810827478	0.385538034	0.3898227672	0.393937229
	0.3978816897	0.4016564083	0.4052616321	0.4086975974	0.4119645288
	0.4150626397	0.4179921319	0.4207531958	0.4233460103	0.4257707425
	0.4280275482	0.4301165713	0.4320379443	0.433791788	0.4353782118
	0.4367973142	0.4380491833	0.439133898	0.4400515307	0.4408021502
	0.4413858273	0.4418026397	0.4420526729	0.4421360053	0.2777922
	0.2777033261	0.2774367143	0.2769923859	0.2763703514	0.2755705969
	0.2745930816	0.2734377403	0.2721044856	0.2705932103	0.268903788
	0.2670360724	0.2649898959	0.2627650666	0.2603613636	0.2577785303
	0.2550162656	0.2520742104	0.2489519297	0.2456488869	0.2421644083
	0.2384976333	0.2346474456	0.2306123776	0.2263904786	0.2219791355
	0.2173748318	0.212572828	0.2075667513	0.2023480864	0.1969055711
	0.1912245215	0.1852861126	0.1790666645	0.1725374297	0.1656691207
	0.158465277	0.1511123686	0.1443745269	0.1399469442	0.139783684
	0.1445019603	0.1528329403	0.1628427794	0.1732270005	0.1834548533
	0.1933883504	0.2030172987	0.2123608492	0.2214410878	0.2302774243
	0.2388857928	0.2472788704	0.2554665298	0.2634563408	0.2712540486
	0.2788639925	0.2862894505	0.2935329121	0.3005962869	0.3074810616
	0.3141884148	0.3207193019	0.3270745155	0.3332547295	0.3392605304
	0.3450924396	0.3507509293	0.3562364335	0.3615493565	0.3666900778
	0.3716589568	0.376456335	0.3810825382	0.3855378777	0.3898226515
	0.3939371448	0.3978816304	0.401656369	0.4052616096	0.4086975893
	0.4119645338	0.415062657	0.4179921613	0.4207532378	0.4233460656
	0.4257708126	0.428027635	0.4301166773	0.4320380727	0.4337919429
	0.4353783982	0.4367975383	0.4380494527	0.4391342221	0.44005192
	0.4408026157	0.4413863772	0.441803274	0.4420533745	0.4421367343
	0.2777915398	0.2777026867	0.2774361289	0.2769918716	0.276369911
	0.2755702238	0.2745927642	0.2734374632	0.2721042305	0.2705929546
	0.2689035026	0.2670357187	0.2649894209	0.2627643962	0.2603603934
	0.2577771124	0.2550141899	0.2520711782	0.2489475165	0.2456424898
	0.242155171	0.2384843409	0.2346283742	0.2305850807	0.2263514837
	0.221923509	0.2172955535	0.2124598855	0.207405813	0.2021185267
	0.1965774647	0.1907539103	0.1846071952	0.1780781064	0.1710769229
	0.1634657265	0.1550651884	0.1458516161	0.1366739967	0.1300715521
	0.1292388231	0.1352162944	0.1458880157	0.1581374791	0.1701384789
	0.1814125967	0.1920124992	0.2020746188	0.2117070087	0.2209837905
	0.2299557623	0.238658621	0.2471179474	0.2553522626	0.2633750378
	0.2711960936	0.2788226071	0.286259844	0.2935116916	0.3005810457
	0.3074700898	0.3141804965	0.3207135711	0.3270703548	0.3332516982
	0.3392583136	0.3450908118	0.3507497288	0.3562355443	0.3615486948
	0.3666895835	0.3716585863	0.3764560566	0.3810823289	0.3855377209
	0.389822535	0.3939370597	0.3978815703	0.4016563293	0.405261587
	0.4086975817	0.4119645397	0.4150626759	0.4179921931	0.4207532829
	0.423346125	0.4257708878	0.428027728	0.4301167907	0.4320382098
	0.4337921076	0.4353785955	0.436797774	0.4380497336	0.439134556
	0.4400523149	0.4408030787	0.4413869122	0.4418038769	0.4420540286
	0.442137408	0.2777909303	0.2777020933	0.2774355789	0.2769913813
	0.276369486	0.2755698618	0.2745924573	0.2734371999	0.2721039957
	0.2705927292	0.2689032617	0.2670354288	0.2649890361	0.2627638522
	0.2603595994	0.2577759394	0.2550124543	0.2520686187	0.248943761
	0.2456370086	0.2421472113	0.2384728321	0.2346117952	0.2305612696
	0.2263173652	0.2218747036	0.2172258101	0.2123602507	0.2072633956
	0.2019146196	0.1962845978	0.1903310087	0.1839911104	0.1771675797
	0.1696997291	0.1613093615	0.1515505242	0.1400403936	0.1276536291
	0.1180872349	0.11628561	0.123934871	0.1377845705	0.1529798699
	0.1669606441	0.179411903	0.1907083374	0.2011996224	0.2111081652
	0.2205685538	0.2296653217	0.2384542415	0.2469734938	0.2552498163
	0.2633021792	0.2711441497	0.2787854889	0.2862332597	0.293492607
	0.3005673108	0.3074601782	0.3141733225	0.3207083614	0.327066558
	0.3332489201	0.3392562722	0.3450893048	0.3507486111	0.3562347112
	0.361548071	0.3666891143	0.3716582321	0.3764557886	0.3810821262
	0.385537568	0.3898224208	0.393936976	0.397881511	0.4016562902
	0.4052615651	0.4086975749	0.411964547	0.4150626965	0.4179922271
	0.4207533309	0.423346188	0.4257709674	0.4280278262	0.4301169103
	0.432038354	0.4337922804	0.4353788016	0.4367980188	0.4380500232
	0.4391348966	0.4400527127	0.440803538	0.4413874336	0.4418044544
	0.4420546467	0.4421380411	0.2777903597	0.277701536	0.277435058
	0.2769909126	0.2763690772	0.2755695135	0.2745921652	0.2734369558
	0.2721037882	0.2705925432	0.2689030774	0.2670352196	0.2649887652
	0.262763468	0.2603590289	0.2577750787	0.2550111549	0.2520666686
	0.2489408575	0.2456327199	0.2421409219	0.2384636653	0.2345985025
	0.230542073	0.2262897306	0.2218350133	0.2171688853	0.2122786459
	0.2071463359	0.2017463558	0.1960417592	0.1899781004	0.1834722517
	0.1763898654	0.1684964675	0.1593554535	0.1481916011	0.1341343768
	0.1180255434	0.1049575456	0.1019087389	0.1113792267	0.1289838268
	0.1476808739	0.1638991842	0.1775815583	0.1895551708	0.2004418807
	0.2105960984	0.2202162542	0.2294200926	0.2382821746	0.2468520641
	0.2551637424	0.2632409463	0.2711004516	0.2787542134	0.2862108113
	0.2934764475	0.3005556426	0.3074517251	0.3141671766	0.3207038755
	0.3270632696	0.3332464986	0.3392544802	0.3450879719	0.3507476143
	0.3562339619	0.3615475048	0.3666886846	0.3716579048	0.3764555388
	0.3810819356	0.3855374233	0.3898223119	0.3939368958	0.3978814542
	0.4016562529	0.4052615447	0.4086975696	0.4119645556	0.4150627188
	0.4179922632	0.4207533813	0.423346254	0.4257710505	0.4280279287
	0.4301170348	0.4320385039	0.4337924596	0.4353790145	0.4367982705
	0.4380503191	0.4391352419	0.4400531117	0.4408039934	0.4413879439
	0.4418050125	0.442055238	0.4421386446	0.2777898182	0.277701006
	0.2774345604	0.276990463	0.2763686844	0.2755691807	0.2745918909
	0.2734367351	0.2721036135	0.2705924039	0.2689029597	0.2670351046
	0.264988627	0.2627632704	0.2603587201	0.2577745847	0.2550103695
	0.252065439	0.2489389646	0.2456298496	0.2421366247	0.2384572987
	0.2345891487	0.2305284212	0.2262699076	0.2218063381	0.2171275092
	0.2122190173	0.2070603866	0.2016222248	0.1958616989	0.1897148196
	0.1830819635	0.1757976485	0.1675622006	0.1577907712	0.1453810617
	0.128948997	0.1092745085	0.0928399305	0.08846354249	0.09941485968
	0.120604845	0.1428260586	0.1612515897	0.1760754061	0.1886365483
	0.1998495975	0.210200176	0.2199455559	0.2292323107	0.2381506233
	0.2467592474	0.2550978944	0.2631940191	0.2710668752	0.2787301
	0.2861934307	0.293463873	0.3005465095	0.3074450639	0.3141622965
	0.3207002829	0.3270606113	0.3332445208	0.3392530003	0.3450868581
	0.3507467712	0.35623332	0.3615470136	0.366688307	0.3716576136
	0.3764553139	0.3810817622	0.3855372902	0.3898222111	0.3939368211
	0.3978814012	0.4016562184	0.4052615263	0.4086975659	0.4119645659
	0.4150627427	0.417992301	0.4207534338	0.4233463223	0.4257711365
	0.4280280345	0.4301171632	0.4320386581	0.4337926435	0.4353792325
	0.4367985272	0.4380506193	0.4391355901	0.4400535112	0.4408044452
	0.4413884455	0.4418055563	0.4420558106	0.4421392274	0.2777892972
	0.2777004957	0.2774340806	0.2769900291	0.2763683064	0.2755688638
	0.2745916361	0.2734365407	0.2721034754	0.2705923165	0.2689029153
	0.2670350932	0.2649886349	0.2627632783	0.2603587002	0.2577744965
	0.2550101541	0.2520650104	0.2489381976	0.2456285628	0.2421345557
	0.2384540694	0.234584215	0.2305210017	0.2262588803	0.2217900902
	0.2171037174	0.2121843189	0.2070098775	0.2015486654	0.1957541964
	0.1895564879	0.1828453804	0.1754350649	0.1669822313	0.1568002374
	0.1435550355	0.125478017	0.1032646552	0.08439151258	0.07891205994
	0.09062039908	0.1142970911	0.1392276347	0.1593747836	0.1750529243
	0.1880300699	0.1994644192	0.2099446382	0.2197714242	0.2291116018
	0.238065959	0.2466993472	0.255055222	0.263163441	0.2710448472
	0.278714151	0.286181825	0.2934553843	0.3005402675	0.3074404481
	0.3141588631	0.3206977134	0.327058676	0.3332430537	0.339251881
	0.3450859986	0.3507461071	0.3562328041	0.3615466109	0.3666879914
	0.3716573658	0.3764551194	0.3810816099	0.3855371719	0.3898221206
	0.3939367536	0.3978813533	0.4016561874	0.4052615106	0.4086975644
	0.4119645779	0.4150627681	0.4179923403	0.4207534878	0.4233463924
	0.4257712244	0.4280281425	0.4301172941	0.4320388152	0.4337928306
	0.4353794538	0.4367987872	0.4380509223	0.4391359401	0.4400539107
	0.4408048945	0.4413889414	0.4418060908	0.4420563711	0.4421397971
	0.2777887889	0.277699998	0.2774336129	0.2769896071	0.2763679414
	0.2755685624	0.2745914016	0.273436374	0.2721033761	0.2705922837
	0.268902948	0.2670351906	0.2649887961	0.262763502	0.2603589839
	0.2577748358	0.2550105403	0.2520654287	0.2489386232	0.2456289558
	0.2421348537	0.238454177	0.2345839883	0.2305202265	0.2262572404
	0.2217871219	0.2170987424	0.2121763452	0.2069974483	0.2015296219
	0.1957252837	0.1895126559	0.1827784381	0.1753308658	0.1668144085
	0.1565158837	0.1430420292	0.1245003995	0.1014568189	0.08160149213
	0.07546942867	0.08715274988	0.1116206895	0.1376736619	0.1585915707
	0.1746441493	0.1877936629	0.1993156292	0.2098459054	0.219703762
	0.2290642396	0.2380322924	0.2466751215	0.2550376071	0.2631505123
	0.2710352745	0.2787070034	0.2861764442	0.2934513009	0.3005371442
	0.3074380407	0.3141569936	0.3206962513	0.3270575248	0.3332421417
	0.3392511543	0.3450854168	0.3507456394	0.3562324269	0.3615463061
	0.3666877451	0.3716571668	0.3764549592	0.3810814818	0.3855370707
	0.389822042	0.3939366945	0.3978813113	0.4016561607	0.405261498
	0.408697565	0.4119645915	0.4150627949	0.4179923808	0.420753543
	0.4233464636	0.4257713135	0.4280282518	0.4301174264	0.4320389738
	0.4337930193	0.4353796767	0.4367990487	0.4380512267	0.4391362909
	0.4400543102	0.4408053425	0.4413894343	0.4418066208	0.4420569257
	0.4421403604	0.2777882857	0.2776995055	0.2774331513	0.2769891931
	0.2763675869	0.2755682754	0.274591187	0.273436235	0.2721033158
	0.2705923058	0.2689030581	0.2670353971	0.264989111	0.2627639423
	0.2603595731	0.2577756056	0.2550115336	0.252066703	0.2489402559
	0.2456310515	0.2421375539	0.2384576744	0.2345885473	0.2305262116
	0.2262651583	0.221797682	0.2171129475	0.2121956279	0.207023883
	0.2015662643	0.1957767432	0.1895861311	0.1828857902	0.1754933536
	0.1670750065	0.1569729623	0.143925399	0.1262214781	0.1042871126
	0.08511788141	0.07889887994	0.08987475464	0.1133213733	0.1385747577
	0.1590660461	0.1749099719	0.1879523761	0.1994152235	0.2099104849
	0.2197464116	0.2290926238	0.2380511804	0.2466876085	0.2550457563
	0.2631557214	0.2710384989	0.2787088988	0.2861774606	0.2934517467
	0.3005372292	0.3074379069	0.3141567359	0.3206959319	0.3270571839
	0.3332418042	0.3392508352	0.3450851241	0.3507453768	0.3562321953
	0.3615461046	0.3666875719	0.3716570197	0.3764548359	0.3810813798
	0.3855369879	0.3898219766	0.3939366448	0.3978812759	0.4016561387
	0.4052614887	0.4086975681	0.4119646069	0.415062823	0.4179924222
	0.4207535987	0.4233465352	0.4257714028	0.4280283613	0.4301175588
	0.4320391325	0.433793208	0.4353798996	0.4367993102	0.4380515311
	0.4391366417	0.4400547097	0.4408057905	0.4413899272	0.4418071508
	0.4420574803	0.4421409237	0.2777877795	0.2776990109	0.2774326899
	0.2769887824	0.27636724	0.2755680009	0.2745909911	0.2734361229
	0.2721032932	0.2705923808	0.2689032426	0.2670357081	0.2649895733
	0.2627645907	0.2603604561	0.2577767903	0.2550131128	0.252068805
	0.2489430576	0.2456347979	0.2421425853	0.2384644646	0.2345977581
	0.2305387711	0.2262823734	0.2218214023	0.2171458067	0.2122414058
	0.207088061	0.2016569073	0.1959059659	0.1897727057	0.1831602288
	0.1759090047	0.1677351078	0.1580997552	0.1460131389	0.1301849119
	0.1109918219	0.09410221544	0.08843828197	0.09813175363	0.1189847136
	0.1417463561	0.16072407	0.1758188256	0.1884914577	0.1997555636
	0.210134038	0.219896729	0.2291950637	0.2381215081	0.2467360581
	0.2550791588	0.2631787183	0.27105428	0.278719672	0.2861847612
	0.2934566445	0.3005404705	0.307440012	0.3141580669	0.3206967404
	0.3270576441	0.3332420361	0.3392509208	0.3450851192	0.3507453189
	0.3562321094	0.3615460069	0.3666874727	0.3716569255	0.3764547502
	0.3810813048	0.3855369244	0.3898219249	0.3939366049	0.3978812475
	0.4016561217	0.4052614828	0.4086975735	0.4119646238	0.4150628519
	0.417992464	0.4207536545	0.4233466066	0.4257714917	0.4280284699
	0.4301176902	0.4320392899	0.4337933953	0.4353801211	0.4367995703
	0.4380518341	0.4391369917	0.4400551093	0.4408062399	0.4413904231
	0.4418076854	0.4420580408	0.4421414934	0.2777872618	0.2776985062
	0.2774322221	0.2769883705	0.2763668973	0.2755677367	0.274590812
	0.2734360353	0.2721033053	0.2705925045	0.268903495	0.2670361147
	0.2649901703	0.2627654293	0.2603616081	0.2577783558	0.2550152311
	0.2520716696	0.2489469382	0.2456400703	0.2421497743	0.2384743048
	0.2346112802	0.2305574254	0.2263082069	0.2218573163	0.2171959334
	0.2123116696	0.2071870326	0.2017971415	0.1961061927	0.19006164
	0.183583767	0.176545262	0.1687290357	0.1597461194	0.1489319583
	0.1355075856	0.1199271714	0.1063994309	0.1018801043	0.1099352164
	0.1272160008	0.1464882416	0.1632796378	0.1772555555	0.1893595069
	0.2003105892	0.2105018982	0.2201458321	0.2293659101	0.2382395631
	0.2468179772	0.2551361157	0.2632183336	0.2710818075	0.2787387596
	0.2861979532	0.2934657205	0.300546677	0.3074442228	0.3141608943
	0.320698613	0.3270588614	0.333242807	0.3392513905	0.3450853883
	0.3507454567	0.3562321632	0.3615460092	0.3666874452	0.3716568826
	0.3764547015	0.3810812563	0.3855368801	0.389821887	0.3939365748
	0.3978812262	0.4016561096	0.4052614804	0.4086975811	0.4119646421
	0.4150628815	0.4179925058	0.4207537099	0.423346677	0.4257715791
	0.4280285767	0.4301178192	0.4320394447	0.4337935796	0.4353803393
	0.4367998272	0.4380521345	0.43913734	0.4400555088	0.4408066918
	0.4413909248	0.4418082292	0.4420586134	0.4421420762	0.2777867231
	0.2776979826	0.277431741	0.2769879523	0.2763665557	0.2755674802
	0.2745906472	0.2734359693	0.2721033479	0.2705926703	0.2689038062
	0.2670366036	0.2649908832	0.2627664319	0.2603629925	0.2577802511
	0.2550178172	0.2520751979	0.2489517598	0.2456466758	0.242158851
	0.2384868164	0.2346285811	0.2305814229	0.226341594	0.2219039077
	0.2172611545	0.2124032792	0.2073162081	0.2019801547	0.196367093
	0.1904367838	0.1841300304	0.1773562802	0.1699700638	0.1617311394
	0.1522746	0.1412760191	0.1293106323	0.1193569361	0.1162671416
	0.1226890196	0.1362674823	0.1519118177	0.166352273	0.1790580883
	0.1904803716	0.201040175	0.2109909037	0.2204794714	0.2295960112
	0.2383992943	0.2469292843	0.2552138358	0.2632726406	0.2711197431
	0.2787652277	0.2862163833	0.2934785168	0.300555528	0.3074503147
	0.3141650608	0.3207014397	0.3270607591	0.3332440636	0.3392522074
	0.3450859058	0.3507457725	0.3562323451	0.3615461036	0.3666874841
	0.3716568877	0.3764546875	0.381081233	0.385536854	0.3898218623
	0.3939365543	0.3978812117	0.4016561023	0.4052614813	0.4086975909
	0.4119646615	0.4150629114	0.4179925473	0.4207537641	0.4233467457
	0.4257716641	0.4280286806	0.4301179448	0.4320395953	0.4337937593
	0.4353805526	0.4368000791	0.4380524306	0.4391376854	0.440055908
	0.4408071471	0.4413914351	0.4418087873	0.4420592048	0.4421426797
	0.2777861522	0.2776974301	0.277431239	0.2769875229	0.2763662118
	0.2755672291	0.2745904943	0.2734359213	0.2721034154	0.2705928702
	0.2689041643	0.2670371577	0.2649916879	0.2627675645	0.260364562
	0.25778241	0.255020779	0.2520792612	0.2489573422	0.2456543624
	0.2421694618	0.2385015025	0.2346489609	0.2306097752	0.2263811347
	0.2219591855	0.2173386244	0.2125121391	0.2074696394	0.2021971994
	0.1966755802	0.1908780906	0.1847672897	0.1782895617	0.1713663233
	0.1638841298	0.1557094195	0.146838235	0.137914217	0.1310073992
	0.1292375294	0.1343245747	0.1447705428	0.1572880069	0.1695950685
	0.1810602005	0.191768167	0.2018960573	0.2115720432	0.2208793427
	0.229873421	0.2385927191	0.2470645563	0.2553085921	0.2633390569
	0.2711662872	0.2787978177	0.2862391688	0.2934944138	0.3005665879
	0.3074579816	0.3141703514	0.3207050696	0.3270632315	0.3332457321
	0.3392533199	0.3450866361	0.3507462417	0.3562326377	0.3615462782
	0.3666875813	0.3716569353	0.3764547046	0.3810812325	0.3855368446
	0.3898218499	0.3939365428	0.3978812036	0.4016560996	0.4052614851
	0.4086976024	0.4119646817	0.4150629412	0.4179925878	0.4207538167
	0.4233468119	0.425771746	0.4280287805	0.4301180655	0.4320397403
	0.4337939327	0.4353807591	0.4368003243	0.4380527203	0.4391380262
	0.4400563059	0.4408076065	0.4413919566	0.4418093649	0.4420598229
	0.4421433128	0.2777855356	0.277696837	0.277430708	0.2769870775
	0.276365863	0.2755669814	0.2745903508	0.2734358875	0.2721035018
	0.2705930948	0.2689045553	0.267037757	0.264992556	0.2627687872
	0.2603662605	0.2577847541	0.2550240068	0.252083706	0.2489634708
	0.245662829	0.242181184	0.238517769	0.2346715828	0.2306413019
	0.2264251593	0.2220207812	0.2174249696	0.2126334197	0.207640365
	0.2024381494	0.1970167445	0.1913632512	0.1854614653	0.1792917353
	0.1728321474	0.1660659987	0.159015536	0.1518611937	0.1452359718
	0.1405737742	0.1397971145	0.1439301865	0.1520715976	0.1622014246
	0.1727621002	0.1831200908	0.1931396534	0.2028275423	0.2122132898
	0.2213245962	0.230184253	0.2388104317	0.2472173437	0.2554159229
	0.2634144766	0.271219268	0.2788350064	0.2862652396	0.2935126584
	0.3005793265	0.3074668502	0.3141765034	0.3207093179	0.3270661488
	0.3332477213	0.3392546643	0.3450875344	0.3507468332	0.3562330196
	0.3615465183	0.3666877267	0.3716570185	0.376454748	0.3810812516
	0.3855368497	0.3898218482	0.3939365392	0.3978812013	0.4016561009
	0.4052614916	0.4086976154	0.4119647023	0.4150629705	0.417992627
	0.4207538671	0.423346875	0.4257718238	0.4280288753	0.4301181802
	0.4320398783	0.4337940981	0.4353809569	0.4368005603	0.4380530015
	0.4391383602	0.4400567008	0.4408080696	0.4413924916	0.4418099678
	0.442060477	0.4421439866	0.2777848561	0.277696189	0.2774301393
	0.276986612	0.2763655076	0.2755667359	0.2745902146	0.2734358638
	0.2721036003	0.2705933338	0.268904964	0.2670383794	0.2649934559
	0.2627700556	0.2603680256	0.2577871961	0.2550273783	0.252088361
	0.2489699054	0.2456717387	0.2421935448	0.238534951	0.2346955113
	0.2306746842	0.226471806	0.2220860607	0.2175164539	0.2127618045
	0.2078207868	0.2026920859	0.1973747872	0.1918692181	0.1861786466
	0.180312632	0.1742938488	0.1681731941	0.1620660233	0.1562368488
	0.1512547105	0.1481182136	0.1480041855	0.1515018959	0.1580761685
	0.1664992677	0.1757082431	0.1851296945	0.1945214242	0.203785859
	0.2128821241	0.2217933149	0.2305135705	0.2390421559	0.2473805241
	0.2555308637	0.2634954249	0.2712762466	0.2788750782	0.2862933871
	0.2935323988	0.3005931433	0.307476497	0.3141832183	0.3207139745
	0.3270693631	0.3332499274	0.3392561677	0.3450885498	0.3507475113
	0.3562334659	0.3615468066	0.3666879082	0.3716571291	0.3764548122
	0.3810812864	0.3855368668	0.3898218556	0.3939365423	0.3978812039
	0.4016561055	0.4052615003	0.4086976295	0.4119647229	0.4150629989
	0.4179926643	0.4207539146	0.4233469343	0.4257718968	0.4280289641
	0.4301182876	0.4320400077	0.4337942537	0.4353811438	0.4368007847
	0.4380532712	0.4391386845	0.4400570903	0.4408085352	0.4413930415
	0.4418106021	0.4420611787	0.4421447156	0.2777840905	0.2776954684
	0.2774295241	0.276986124	0.2763651459	0.2755664928	0.2745900845
	0.2734358468	0.2721037044	0.2705935762	0.268905374	0.2670390014
	0.2649943544	0.2627713226	0.2603697912	0.2577896433	0.2550307636
	0.2520930441	0.2489763906	0.2456807333	0.2422060411	0.2385523417
	0.2347197524	0.2307085233	0.2265191043	0.2221522454	0.2176091543
	0.2128917465	0.2080030488	0.2029478636	0.1977338719	0.1923734807
	0.1868869371	0.1813076266	0.175691281	0.1701325521	0.1647957053
	0.1599689063	0.1561378337	0.1540077296	0.1543136828	0.157397946
	0.1629370832	0.1701696734	0.1783580309	0.187011621	0.1958525115
	0.2047268739	0.2135474819	0.2222638016	0.2308462251	0.2392772946
	0.2475466661	0.2556481917	0.2635782249	0.2713346308	0.2789162041
	0.2863223202	0.2935527234	0.3006073946	0.3074864677	0.3141901754
	0.3207188131	0.327072715	0.3332522381	0.3392577511	0.3450896269
	0.3507482372	0.3562339495	0.3615471241	0.3666881129	0.3716572578
	0.3764548908	0.3810813326	0.3855368929	0.38982187	0.3939365508
	0.3978812105	0.4016561129	0.4052615105	0.4086976441	0.4119647432
	0.4150630259	0.4179926992	0.4207539587	0.4233469891	0.4257719639
	0.4280290458	0.4301183865	0.432040127	0.4337943975	0.4353813174
	0.4368009947	0.4380535261	0.4391389951	0.4400574702	0.4408090001
	0.4413936065	0.4418112741	0.4420619428	0.4421455197	0.2777832058
	0.2776946531	0.2774288546	0.2769856135	0.2763647804	0.2755662543
	0.2745899606	0.2734358337	0.2721038075	0.2705938115	0.2689057692
	0.2670395992	0.2649952175	0.2627725405	0.2603714903	0.2577920014
	0.2550340306	0.2520975702	0.2489826669	0.2456894486	0.2422181616
	0.2385692233	0.2347432975	0.230741402	0.2265650624	0.2222165356
	0.2176991365	0.2130177194	0.2081793963	0.2031946214	0.1980788417
	0.192855036	0.1875576377	0.1822386287	0.1769770385	0.1718937655
	0.1671742347	0.1630995866	0.1600748398	0.1586094707	0.1591803985
	0.1619944321	0.166848455	0.1732509141	0.180675252	0.1887120136
	0.1970842213	0.2056124218	0.2141810778	0.222715597	0.2311675824
	0.2395054353	0.24770838	0.2557626693	0.2636591666	0.2713917939
	0.278956525	0.2863507234	0.2935727014	0.3006214221	0.307496297
	0.3141970462	0.3207236018	0.3270760409	0.3332545382	0.3392593336
	0.3450907087	0.3507489711	0.3562344425	0.3615474514	0.366688327
	0.3716573954	0.3764549774	0.3810813858	0.385536925	0.3898218893
	0.3939365632	0.39788122	0.4016561223	0.4052615219	0.4086976589
	0.4119647627	0.4150630512	0.4179927314	0.4207539989	0.4233470387
	0.4257720246	0.4280291195	0.4301184757	0.4320402348	0.4337945278
	0.4353814753	0.4368011871	0.4380537621	0.4391392872	0.4400578349
	0.4408094588	0.4413941838	0.4418119893	0.4420627885	0.4421464285
	0.2777821508	0.277693715	0.2774281258	0.2769850859	0.2763644179
	0.2755660248	0.2745898441	0.2734358222	0.272103904	0.2705940295
	0.2689061338	0.26704015	0.2649960125	0.2627736628	0.2603730574
	0.2577941789	0.2550370508	0.2521017589	0.2489884814	0.2456975299
	0.2422294087	0.2385848972	0.2347651667	0.2307719453	0.2266077522
	0.2222762305	0.2177826226	0.2131344507	0.2083424968	0.2034222163
	0.198395785	0.1932950652	0.1881658883	0.1830741951	0.1781146944
	0.1734226923	0.1691890762	0.1656755722	0.1632190377	0.1621989327
	0.1629400918	0.1655748383	0.1699689003	0.1757882627	0.182643493
	0.190193823	0.1981787372	0.2064106827	0.2147581836	0.2231302161
	0.2314641102	0.2397167896	0.2478586371	0.2558692726	0.2637346701
	0.2714451901	0.2789942331	0.2863773145	0.2935914243	0.3006345827
	0.3075055298	0.3142035088	0.3207281134	0.3270791804	0.3332567145
	0.3392608353	0.3450917392	0.3507496734	0.3562349173	0.3615477692
	0.3666885372	0.3716575325	0.3764550654	0.3810814415	0.3855369598
	0.3898219114	0.393936578	0.3978812313	0.401656133	0.4052615337
	0.4086976734	0.4119647809	0.4150630743	0.4179927603	0.4207540347
	0.4233470826	0.425772078	0.4280291842	0.4301185539	0.4320403294
	0.4337946425	0.435381615	0.4368013586	0.4380539748	0.4391395546
	0.4400581765	0.4408099024	0.4413947665	0.4418127505	0.4420637403
	0.4421474882	0.2777808397	0.2776926201	0.2774273406	0.2769845544
	0.2763640701	0.2755658118	0.274589738	0.2734358114	0.2721039888
	0.2705942208	0.2689064534	0.2670406325	0.2649967088	0.2627746463
	0.2603744319	0.2577960904	0.2550397044	0.2521054426	0.2489935987
	0.245704647	0.2422393194	0.2385987144	0.2347844499	0.2307988786
	0.2266453907	0.22232884	0.2178561443	0.2132371296	0.2084857151
	0.2036215753	0.1986724536	0.1936773596	0.1886909196	0.1837891569
	0.1790768657	0.1746963453	0.1708361879	0.1677362748	0.1656802821
	0.1649616945	0.1658143644	0.1683287851	0.1724107296	0.1778197951
	0.1842558485	0.1914317423	0.1991073913	0.2070959946	0.2152579951
	0.223491635	0.2317238242	0.2399025553	0.2479910468	0.2559633976
	0.2638014359	0.2714924634	0.2790276507	0.286400901	0.2936080458
	0.3006462763	0.3075137412	0.3142092627	0.3207321352	0.3270819833
	0.3332586612	0.3392621817	0.3450926658	0.3507503074	0.356235348
	0.3615480593	0.3666887307	0.3716576602	0.3764551487	0.3810814953
	0.3855369946	0.3898219342	0.3939365938	0.3978812436	0.4016561442
	0.4052615455	0.4086976871	0.4119647976	0.4150630948	0.4179927855
	0.4207540656	0.4233471202	0.4257721235	0.4280292392	0.4301186203
	0.4320404096	0.43379474	0.4353817341	0.4368015057	0.4380541592
	0.43913979	0.4400584847	0.4408103172	0.44139534	0.4418135533
	0.4420648289	0.4421487783	0.2777791137	0.2776913342	0.2774265197
	0.2769840447	0.276363755	0.2755656253	0.2745896467	0.2734358011
	0.272104058	0.2705943776	0.2689067153	0.2670410278	0.2649972797
	0.262775453	0.2603755601	0.2577976606	0.2550418859	0.252108473
	0.2489978112	0.2457105087	0.2422474853	0.2386101023	0.2348003454
	0.2308210805	0.226676412	0.2223721836	0.2179166772	0.2133215828
	0.2086033387	0.2037849666	0.1988985552	0.1939885581	0.1891160573
	0.1843640383	0.1798434697	0.1756994091	0.1721152819	0.1693116297
	0.1675332153	0.1670174605	0.1679433616	0.1703774682	0.1742491022
	0.1793740586	0.1855098856	0.1924086788	0.1998490239	0.2076483914
	0.2156637234	0.22378658	0.2319366082	0.2400552	0.2481000863
	0.2560410369	0.2638565773	0.271531545	0.2790553004	0.2864204307
	0.293621818	0.3006559721	0.307520555	0.3142140414	0.3207354788
	0.3270843166	0.3332602843	0.3392633065	0.3450934419	0.3507508401
	0.3562357115	0.3615483057	0.3666888964	0.3716577707	0.3764552219
	0.3810815436	0.3855370266	0.3898219559	0.3939366094	0.397881256
	0.4016561553	0.4052615568	0.4086976997	0.4119648124	0.4150631125
	0.4179928068	0.4207540913	0.4233471511	0.4257721606	0.4280292837
	0.4301186738	0.4320404743	0.4337948184	0.4353818303	0.4368016251
	0.4380543101	0.4391399858	0.440058747	0.4408106842	0.4413958785
	0.4418143768	0.4420660851	0.4421504467	0.2777766495	0.2776898479
	0.2774257194	0.2769835994	0.2763634969	0.2755654777	0.2745895753
	0.2734357919	0.2721041085	0.2705944933	0.2689069091	0.2670413206
	0.2649977028	0.2627760515	0.2603763977	0.2577988273	0.2550435081
	0.2521107278	0.2490009473	0.2457148745	0.2422535693	0.238618589
	0.2348121929	0.2308376286	0.2266995304	0.2224044752	0.2179617515
	0.2133844189	0.2086907538	0.203906199	0.1990659444	0.1942182546
	0.1894285954	0.1847844404	0.1804002993	0.176421896	0.1730274728
	0.170422968	0.1688268823	0.1684416474	0.1694139173	0.1717966603
	0.1755328049	0.1804711964	0.1864051866	0.1931133614	0.200388602
	0.2080530574	0.2159625285	0.2240046758	0.2320944289	0.2401686732
	0.2481812823	0.2560989253	0.2638977318	0.2715607365	0.2790759666
	0.2864350364	0.2936321237	0.3006632319	0.3075256602	0.3142176246
	0.3207379885	0.32708607	0.3332615059	0.3392641549	0.3450940288
	0.3507512444	0.3562359887	0.3615484948	0.3666890247	0.3716578574
	0.3764552804	0.3810815831	0.3855370536	0.389821975	0.3939366236
	0.3978812676	0.4016561657	0.4052615673	0.4086977109	0.411964825
	0.4150631271	0.4179928239	0.4207541114	0.4233471748	0.4257721887
	0.4280293172	0.4301187138	0.4320405222	0.4337948765	0.4353819014
	0.4368017137	0.4380544228	0.4391401337	0.4400589497	0.4408109786
	0.4413963404	0.4418151668	0.4420675167	0.4421527962	0.2777727286
	0.2776882684	0.2774250614	0.2769832804	0.2763633239	0.2755653816
	0.2745895289	0.2734357848	0.2721041384	0.2705945633	0.268907027
	0.2670414993	0.2649979617	0.2627764183	0.2603769118	0.2577995443
	0.2550445059	0.2521121158	0.249002879	0.2457175651	0.2422573204
	0.2386238228	0.2348195007	0.2308478365	0.2267137906	0.2224243902
	0.2179895407	0.2134231379	0.2087445763	0.2039807615	0.1991687398
	0.1943590268	0.1896196221	0.1850404948	0.1807379408	0.1768576009
	0.1735740964	0.1710844039	0.1695919206	0.1692799109	0.17027795
	0.17263201	0.1762921008	0.1811244946	0.1869421011	0.193538747
	0.200716148	0.2082998205	0.2161453856	0.2241385059	0.2321914728
	0.240238557	0.248231347	0.2561346512	0.2639231488	0.2715787759
	0.2790887446	0.2864440718	0.2936385026	0.3006677283	0.3075288246
	0.3142198478	0.3207395476	0.3270871611	0.3332622678	0.3392646856
	0.3450943976	0.3507515	0.3562361654	0.3615486166	0.3666891087
	0.3716579155	0.3764553207	0.3810816115	0.3855370741	0.3898219904
	0.3939366358	0.3978812779	0.4016561752	0.4052615765	0.4086977204
	0.4119648352	0.4150631383	0.4179928365	0.4207541257	0.4233471912
	0.4257722076	0.4280293392	0.4301187396	0.4320405528	0.4337949131
	0.435381946	0.4368017689	0.4380544932	0.4391402266	0.440059079
	0.4408111728	0.4413966666	0.4418158081	0.442069022	0.4421565013
	0.2777656307	0.2776871174	0.2774247596	0.2769831585	0.2763632613
	0.2755653469	0.2745895114	0.2734357805	0.2721041464	0.2705945846
	0.2689070643	0.267041557	0.2649980461	0.2627765389	0.260377082
	0.2577997828	0.255044839	0.2521125807	0.2490035274	0.2457184698
	0.2422585833	0.2386255868	0.2348219655	0.2308512811	0.2267186044
	0.2224311142	0.2179989234	0.2134362093	0.2087627412	0.2040059133
	0.1992033898	0.1944064289	0.1896838574	0.1851264417	0.1808510169
	0.1770031209	0.1737560957	0.1713039174	0.1698450705	0.1695567195
	0.1705630887	0.1729079683	0.1765435493	0.1813415465	0.1871210983
	0.1936810124	0.2008259888	0.2083827539	0.216206949	0.2241836254
	0.2322242259	0.240262164	0.2482482717	0.2561467367	0.2639317526
	0.2715848867	0.2790930767	0.2864471384	0.2936406705	0.3006692593
	0.3075299047	0.3142206093	0.3207400841	0.327087539	0.3332625341
	0.3392648734	0.3450945303	0.3507515941	0.3562362326	0.361548665
	0.3666891441	0.3716579418	0.3764553407	0.3810816273	0.385537087
	0.3898220013	0.3939366454	0.3978812866	0.4016561833	0.4052615843
	0.4086977281	0.4119648429	0.4150631461	0.4179928445	0.420754134
	0.4233472	0.4257722171	0.4280293494	0.4301187509	0.4320405655
	0.4337949276	0.435381963	0.4368017893	0.4380545185	0.4391402595
	0.4400591245	0.4408112421	0.4413967899	0.4418160993	0.4420701104
	0.4421631781	