3131	
	0.2778081625	0.277709121	0.2774387931	0.2769925345	0.2763693377
	0.2755688454	0.2745908665	0.2734352659	0.2721019308	0.2705907599
	0.2689016596	0.2670345458	0.2649893491	0.2627660237	0.2603645601
	0.2577850051	0.2550274891	0.2520922657	0.2489797678	0.2456906863
	0.2422260814	0.2385875406	0.2347773985	0.2307990477	0.2266573722
	0.2223593517	0.2179148995	0.2133380145	0.208648347	0.2038732969
	0.1990507575	0.1942325873	0.1894887784	0.1849120511	0.1806221646
	0.1767685501	0.173529011	0.1711015308	0.1696864834	0.1694589813
	0.1705364401	0.172952529	0.1766494763	0.1814925164	0.187298961
	0.1938694942	0.2010126091	0.2085591864	0.2163684603	0.2243281681
	0.2323515473	0.24037309	0.2483441954	0.2562292841	0.2640025799
	0.2716455674	0.2791450457	0.2864916714	0.2936788822	0.3007021126
	0.3075582253	0.3142451007	0.3207613439	0.3271060731	0.3332787699
	0.3392791714	0.3451071943	0.3507628796	0.3562463541	0.3615578029
	0.366697449	0.3716655397	0.3764623364	0.3810881075	0.3855431231
	0.3898276511	0.3939419553	0.3978862927	0.4016609124	0.4052660549
	0.4087019507	0.4119688205	0.4150668742	0.4179963109	0.4207573185
	0.4233500735	0.4257747407	0.4280314731	0.4301204116	0.4320416845
	0.4337954074	0.4353816822	0.4368005959	0.4380522196	0.4391366043
	0.4400537759	0.4408037213	0.4413863558	0.4418014185	0.4420480166
	0.442121818	0.2778010597	0.2777079647	0.277438485	0.2769924047
	0.2763692646	0.2755687964	0.2745908291	0.2734352338	0.2721018998
	0.2705907263	0.2689016195	0.2670344943	0.2649892799	0.2627659278
	0.2603644251	0.2577848134	0.2550272159	0.2520918762	0.2489792123
	0.2456898948	0.2422249552	0.2385859401	0.2347751276	0.2307958305
	0.2266528217	0.2223529272	0.2179058486	0.2133252966	0.2086305354
	0.2038484581	0.1990163146	0.1941851856	0.1894241962	0.1848252347
	0.1805075163	0.1766206398	0.1733438659	0.1708784873	0.1694301488
	0.1691802415	0.1702512679	0.1726784048	0.1764010558	0.1812788019
	0.1871229293	0.1937294885	0.200904273	0.2084771137	0.2163072797
	0.2242831132	0.232318668	0.2403492566	0.2483270034	0.2562169263
	0.2639937188	0.2716392243	0.27914051	0.2864884301	0.2936765667
	0.3007004586	0.3075570437	0.3142442567	0.3207607409	0.3271056423
	0.3332784623	0.3392789521	0.3451070381	0.3507627688	0.3562462759
	0.3615577481	0.3666974111	0.3716655141	0.3764623196	0.3810880972
	0.3855431174	0.3898276489	0.3939419556	0.3978862948	0.4016609159
	0.4052660594	0.4087019561	0.4119688265	0.4150668809	0.4179963181
	0.4207573263	0.4233500819	0.4257747498	0.4280314831	0.4301204227
	0.4320416971	0.4337954218	0.435381699	0.4368006162	0.4380522448
	0.4391366372	0.4400538214	0.4408037906	0.4413864791	0.4418017097
	0.4420491051	0.4421284949	0.2777971241	0.2777063696	0.2774378087
	0.2769920624	0.2763690606	0.2755686579	0.2745907239	0.2734351444
	0.2721018142	0.2705906338	0.2689015086	0.2670343507	0.2649890845
	0.2627656544	0.2603640368	0.2577842586	0.2550264213	0.2520907383
	0.2489775847	0.2456875706	0.2422216422	0.2385812263	0.2347684323
	0.2307863375	0.226639386	0.2223339477	0.2178790963	0.2132876858
	0.2085778299	0.2037749077	0.1989142373	0.1940445482	0.1892323145
	0.1845668255	0.1801654876	0.1761781517	0.1727881957	0.170206768
	0.1686557159	0.1683362159	0.1693870966	0.171848449	0.1756506122
	0.1806351573	0.1865944932	0.1933104821	0.2005809054	0.2082326711
	0.2161253736	0.2241493274	0.2322211288	0.2402785984	0.2482760552
	0.2561803107	0.2639674632	0.2716204249	0.2791270609	0.2864788122
	0.2936696883	0.3006955379	0.3075535212	0.314241733	0.3207589309
	0.3271043426	0.3332775278	0.3392782791	0.3451065529	0.3507624184
	0.3562460228	0.3615575651	0.3666972788	0.3716654186	0.3764622511
	0.3810880483	0.3855430831	0.3898276253	0.3939419401	0.3978862855
	0.4016609115	0.4052660588	0.4087019586	0.4119688318	0.4150668886
	0.4179963283	0.4207573388	0.423350097	0.4257747678	0.4280315045
	0.4301204481	0.4320417273	0.4337954583	0.4353817434	0.4368006714
	0.4380523151	0.4391367301	0.4400539507	0.4408039847	0.4413868053
	0.4418023511	0.4420506104	0.4421322	0.277794636	0.2777048581
	0.2774369787	0.2769915795	0.2763687523	0.2755684417	0.2745905573
	0.2734350021	0.2721016778	0.2705904867	0.2689013322	0.267034122
	0.2649887727	0.2627652169	0.2603634145	0.2577833675	0.2550251432
	0.2520889057	0.248974961	0.2456838209	0.2422162938	0.238573612
	0.2347576122	0.230770989	0.2266176528	0.2223032316	0.2178357748
	0.2132267359	0.2084923381	0.2036554567	0.1987481857	0.1938152748
	0.1889186081	0.1841427878	0.1796015891	0.1754444037	0.1718605632
	0.1690773856	0.1673451462	0.1669014885	0.1679163197	0.1704391579
	0.1743828079	0.1795548952	0.1857136054	0.1926163541	0.2000480465
	0.2078315948	0.2158279097	0.2239311166	0.2320623462	0.2401637396
	0.2481933215	0.2561208943	0.2639248783	0.2715899423	0.2791052561
	0.2864632182	0.2936585343	0.3006875556	0.3075478044	0.3142376343
	0.3207559886	0.3271022272	0.3332760042	0.3392771798	0.345105758
	0.3507618424	0.3562456045	0.3615572608	0.3666970571	0.371665257
	0.3764621334	0.3810879629	0.3855430215	0.3898275816	0.3939419098
	0.3978862655	0.4016608995	0.4052660533	0.4087019585	0.4119688364
	0.4150668975	0.4179963413	0.4207573561	0.4233501188	0.4257747946
	0.4280315369	0.4301204873	0.4320417748	0.433795516	0.4353818143
	0.4368007598	0.4380524277	0.4391368779	0.4400541533	0.4408042791
	0.4413872671	0.441803141	0.4420520419	0.4421345496	0.2777928781
	0.2777035383	0.2774361179	0.2769910193	0.2763683701	0.2755681635
	0.2745903386	0.2734348137	0.2721014969	0.2705902916	0.2689010986
	0.2670338193	0.2649883598	0.2627646373	0.2603625886	0.2577821836
	0.2550234431	0.2520864655	0.2489714639	0.2456788193	0.2422091549
	0.2385634426	0.2347431527	0.2307504664	0.2265885758	0.2222621081
	0.2177777272	0.2131449827	0.2083775111	0.2034947305	0.1985242221
	0.1935050522	0.188492341	0.1835633916	0.1788255617	0.1744255928
	0.1705588957	0.1674744528	0.1654653195	0.164828511	0.1657870684
	0.1684067709	0.1725696908	0.1780262924	0.1844805191	0.1916541104
	0.199315356	0.2072836858	0.2154235927	0.2236356584	0.2318479711
	0.2400089952	0.2480820295	0.2560410559	0.2638676996	0.2715490331
	0.279076001	0.2864422982	0.2936435699	0.3006768447	0.3075401309
	0.3142321303	0.3207520349	0.3270993824	0.3332739532	0.3392756979
	0.3451046847	0.3507610632	0.3562450372	0.3615568468	0.3666967543
	0.3716650352	0.3764619708	0.3810878439	0.3855429348	0.3898275191
	0.3939418657	0.3978862355	0.4016608805	0.4052660433	0.408701956
	0.4119688404	0.4150669075	0.4179963572	0.4207573779	0.4233501469
	0.4257748297	0.4280315801	0.4301205399	0.4320418387	0.4337955939
	0.4353819101	0.4368008789	0.4380525785	0.4391370735	0.4400544156
	0.440804646	0.4413878056	0.4418039645	0.4420532982	0.442136218
	0.2777915284	0.2777024025	0.2774352847	0.2769904268	0.2763679412
	0.2755678394	0.2745900786	0.2734345875	0.2721012794	0.2705900576
	0.2689008192	0.2670334578	0.2649878669	0.2627639446	0.2603616005
	0.2577807649	0.255021403	0.2520835337	0.2489672581	0.2456727981
	0.2422005534	0.2385511802	0.2347257048	0.2307256844	0.2265534367
	0.2222123676	0.217707442	0.2130458621	0.2082380486	0.2032990709
	0.1982507371	0.1931246589	0.1879667359	0.1828436619	0.1778521827
	0.1731318025	0.168880951	0.1653735306	0.1629625004	0.1620381496
	0.1629126389	0.1656792583	0.1701668231	0.1760319055	0.18289654
	0.1904348575	0.1983973181	0.2066031837	0.2149247951	0.2232729935
	0.2315858165	0.2398202804	0.2479465748	0.25594402	0.2637982716
	0.2714993911	0.279040514	0.2864169257	0.2936254201	0.3006638514
	0.3075308191	0.3142254481	0.320747232	0.3270959238	0.3332714574
	0.3392738924	0.3451033753	0.3507601108	0.3562443425	0.3615563386
	0.3666963815	0.3716647611	0.3764617692	0.3810876956	0.3855428262
	0.3898274402	0.3939418093	0.3978861966	0.4016608554	0.4052660293
	0.4087019514	0.4119688442	0.4150669189	0.4179963759	0.4207574042
	0.4233501812	0.4257748729	0.4280316334	0.430120605	0.4320419181
	0.4337956908	0.4353820288	0.4368010257	0.4380527626	0.4391373088
	0.4400547237	0.4408050608	0.4413883791	0.4418047672	0.4420543867
	0.442137508	0.2777904298	0.2777014182	0.2774345016	0.2769898303
	0.276367487	0.2755674847	0.2745897882	0.2734343328	0.2721010344
	0.2705897952	0.2689005075	0.2670330556	0.2649873188	0.2627631739
	0.2603604995	0.2577791817	0.2550191223	0.252080251	0.248962542
	0.2456660382	0.2421908859	0.2385373846	0.2347060571	0.2306977526
	0.2265137935	0.2221561911	0.2176279612	0.2129335937	0.2080797593
	0.2030763856	0.1979383204	0.1926879256	0.1873591536	0.1820039657
	0.1767024348	0.1715786272	0.1668253159	0.1627392849	0.1597532442
	0.1584034487	0.1591532144	0.1621428153	0.1671071975	0.1735478191
	0.1809653889	0.188975309	0.197314235	0.2058092406	0.2143476872
	0.2228559749	0.231285733	0.2396049699	0.2477923933	0.2558337511
	0.2637194639	0.2714430832	0.2790002779	0.2863881621	0.2936048435
	0.3006491172	0.3075202555	0.3142178631	0.3207417762	0.3270919915
	0.3332686165	0.3392718347	0.3451018806	0.3507590217	0.3562435464
	0.3615557548	0.3666959522	0.3716644445	0.3764615353	0.3810875229
	0.385542699	0.3898273473	0.3939417426	0.3978861501	0.401660825
	0.4052660121	0.4087019453	0.4119688478	0.4150669316	0.4179963974
	0.4207574347	0.4233502214	0.4257749237	0.4280316963	0.430120682
	0.4320420118	0.4337958048	0.4353821681	0.4368011969	0.438052975
	0.439137576	0.4400550651	0.4408055043	0.4413889617	0.4418055284
	0.4420553385	0.4421385677	0.2777894984	0.2777005534	0.2774337739
	0.2769892461	0.2763670235	0.275567112	0.274589478	0.2734340592
	0.272100772	0.2705895162	0.2689001784	0.2670326331	0.2649867439
	0.2627623649	0.2603593416	0.2577775127	0.2550167127	0.2520767756
	0.2489575398	0.2456588565	0.2421806007	0.2385226886	0.2346851026
	0.230667929	0.2264714162	0.2220960638	0.217542764	0.2128130303
	0.2079093732	0.202835932	0.1975995484	0.1922116085	0.1866912146
	0.1810706654	0.1754050515	0.1697896888	0.1643936195	0.1595232535
	0.1557117067	0.1537251631	0.1542879466	0.1576219335	0.1632933243
	0.1705436377	0.1786957154	0.1873000131	0.1960935047	0.2049264367
	0.2137123113	0.2224001384	0.2309594116	0.2393717006	0.2476257894
	0.2557148141	0.2636345643	0.271382468	0.2789569809	0.2863572134
	0.2935827006	0.3006332557	0.3075088773	0.3142096873	0.3207358899
	0.327087744	0.3332655438	0.3392696057	0.3451002585	0.3507578374
	0.3562426787	0.3615551168	0.3666954815	0.3716640964	0.3764612773
	0.3810873317	0.3855425577	0.3898272436	0.3939416677	0.3978860977
	0.4016607905	0.4052659922	0.408701938	0.4119688516	0.4150669457
	0.4179964217	0.4207574693	0.423350267	0.4257749815	0.4280317679
	0.4301207697	0.4320421185	0.4337959344	0.4353823255	0.4368013889
	0.4380532108	0.4391378679	0.4400554296	0.4408059629	0.441389539
	0.4418062435	0.4420561841	0.4421394764	0.2777886851	0.2776997823
	0.2774330993	0.2769886827	0.2763665614	0.2755667317	0.2745891576
	0.2734337761	0.2721005022	0.2705892328	0.268899848	0.2670322118
	0.2649861721	0.2627615596	0.2603581862	0.2577758423	0.2550142938
	0.2520732767	0.2489524912	0.2456515923	0.2421701776	0.2385077707
	0.2346637994	0.2306375662	0.226428212	0.2220346719	0.2174556281
	0.2126894719	0.2077343028	0.2025880253	0.1972486632	0.1917151157
	0.1859887659	0.1800767228	0.1739984236	0.1678005039	0.1615956025
	0.155665151	0.1506583351	0.1477046285	0.1479825556	0.1518574096
	0.1585910347	0.1669855308	0.1761057885	0.1854445444	0.1947711314
	0.2039852315	0.2130425194	0.2219234465	0.2306200908	0.2391301061
	0.2474537187	0.2555922061	0.2635471508	0.2713201023	0.2789124472
	0.2863253802	0.2935599179	0.3006169272	0.307497155	0.3142012557
	0.3207298119	0.3270833518	0.3332623609	0.339267292	0.345098571
	0.3507566022	0.3562417711	0.3615544474	0.3666949861	0.3716637285
	0.3764610036	0.381087128	0.3855424065	0.3898271323	0.393941587
	0.397886041	0.401660753	0.4052659706	0.40870193	0.4119688558
	0.4150669614	0.4179964486	0.4207575077	0.4233503177	0.4257750458
	0.4280318476	0.4301208671	0.4320422368	0.4337960775	0.4353824986
	0.4368015986	0.4380534655	0.4391381783	0.4400558095	0.4408064277
	0.4413901038	0.4418069155	0.4420569482	0.4421402805	0.2777879588
	0.2776990847	0.2774324725	0.2769881434	0.2763661079	0.2755663521
	0.2745888352	0.273433492	0.2721002352	0.2705889574	0.2688995323
	0.2670318137	0.2649856339	0.2627608009	0.2603570939	0.2577742563
	0.255011987	0.2520699268	0.2489476407	0.2456445919	0.2421601069
	0.2384933248	0.2346431293	0.2306080524	0.2263861433	0.2219747885
	0.2173704709	0.2125684501	0.2075623528	0.202343662	0.1969011142
	0.1912200236	0.1852815629	0.1790620496	0.1725327345	0.1656643353
	0.1584604364	0.1511076954	0.1443706846	0.1399450062	0.1397844045
	0.1445050793	0.1528374646	0.1628478161	0.1732321111	0.1834599013
	0.1933933131	0.2030221837	0.2123656686	0.2214458533	0.2302821453
	0.238890477	0.2472835238	0.2554711572	0.2634609457	0.2712586339
	0.2788685601	0.286294002	0.2935374488	0.3006008098	0.3074855714
	0.3141929122	0.3207237874	0.3270789896	0.3332591927	0.339264983
	0.3450968821	0.3507553618	0.3562408566	0.3615537703	0.3666944828
	0.3716633532	0.3764607231	0.3810869183	0.3855422502	0.3898270166
	0.3939415028	0.3978859816	0.4016607138	0.4052659481	0.4087019219
	0.4119688608	0.4150669786	0.417996478	0.4207575497	0.4233503731
	0.4257751159	0.4280319344	0.4301209731	0.4320423652	0.4337962324
	0.4353826849	0.4368018226	0.4380537349	0.4391385024	0.4400561988
	0.4408068932	0.4413906537	0.4418075498	0.4420576499	0.4421410094
	0.2777872986	0.2776984454	0.2774318872	0.2769876292	0.2763656675
	0.275565979	0.2745885178	0.2734332149	0.2720999801	0.2705887017
	0.2688992469	0.2670314599	0.2649851587	0.2627601303	0.2603561235
	0.2577728381	0.2550099107	0.2520668938	0.2489432264	0.2456381934
	0.2421508676	0.2384800297	0.2346240539	0.23058075	0.2263471406
	0.221919151	0.2172911771	0.2124554858	0.2074013833	0.2021140579
	0.196572944	0.19074932	0.1846025097	0.178073288	0.1710719133
	0.1634604396	0.1550595449	0.1458457727	0.1366688589	0.1300688324
	0.1292397796	0.1352204964	0.1458938208	0.1581435279	0.1701442624
	0.1814180718	0.1920177361	0.2020796843	0.2117119497	0.2209886392
	0.2299605408	0.2386633454	0.247122629	0.2553569098	0.2633796567
	0.2712006886	0.2788271816	0.2862644004	0.2935162318	0.300585571
	0.3074746014	0.3141849951	0.3207180575	0.3270748295	0.3332561619
	0.3392627666	0.3450952545	0.3507541616	0.3562399674	0.3615531088
	0.3666939886	0.3716629827	0.3764604447	0.381086709	0.3855420933
	0.3898269001	0.3939414177	0.3978859215	0.401660674	0.4052659255
	0.4087019143	0.4119688667	0.4150669976	0.4179965098	0.4207575948
	0.4233504325	0.4257751911	0.4280320274	0.4301210865	0.4320425023
	0.4337963971	0.4353828822	0.4368020583	0.4380540158	0.4391388363
	0.4400565936	0.4408073562	0.4413911886	0.4418081526	0.4420583039
	0.4421416832	0.2777866891	0.277697852	0.2774313371	0.2769871387
	0.2763652424	0.275565617	0.2745882109	0.2734329516	0.2720997452
	0.2705884762	0.2688990059	0.2670311699	0.2649847738	0.2627595862
	0.2603553292	0.2577716647	0.2550081747	0.2520643337	0.24893947
	0.2456327109	0.2421429061	0.2384685184	0.2346074715	0.230556934
	0.2263130152	0.2218703358	0.2172214198	0.2123558313	0.2072589379
	0.2019101107	0.196280019	0.1903263332	0.1839862974	0.177162564
	0.1696943997	0.1613035274	0.1515439266	0.1400330473	0.127646746
	0.1180834314	0.1162868577	0.1239405434	0.1377920982	0.1529872026
	0.1669672121	0.1794178372	0.190713851	0.2012048625	0.2111132206
	0.2205734794	0.2296701528	0.2384590021	0.2469782007	0.2552544812
	0.2633068104	0.2711487535	0.2787900696	0.2862378204	0.2934971502
	0.3005718382	0.3074646912	0.3141778222	0.3207128486	0.3270710332
	0.3332533841	0.3392607254	0.3450937477	0.3507530439	0.3562391344
	0.361552485	0.3666935193	0.3716626285	0.3764601768	0.3810865063
	0.3855419405	0.3898267859	0.393941334	0.3978858622	0.4016606349
	0.4052659036	0.4087019076	0.411968874	0.4150670182	0.4179965438
	0.4207576428	0.4233504955	0.4257752706	0.4280321256	0.4301212061
	0.4320426465	0.4337965699	0.4353830884	0.4368023031	0.4380543054
	0.4391391769	0.4400569914	0.4408078155	0.4413917101	0.4418087302
	0.442058922	0.4421423163	0.2777861185	0.2776972946	0.2774308162
	0.2769866701	0.2763648337	0.2755652687	0.2745879187	0.2734327075
	0.2720995377	0.2705882902	0.2688988216	0.2670309606	0.2649845027
	0.2627592018	0.2603547585	0.2577708037	0.2550068749	0.252062383
	0.2489365657	0.2456284212	0.2421366152	0.2384593494	0.2345941758
	0.2305377333	0.2262853748	0.2218306373	0.2171644834	0.21227421
	0.2071418547	0.2017418131	0.1960371312	0.1899733519	0.1834673275
	0.1763846726	0.168490838	0.1593490723	0.1481839758	0.1341253106
	0.1180166071	0.1049524405	0.1019102477	0.1113865969	0.1289934187
	0.1476896997	0.1639066008	0.1775879512	0.1895609441	0.2004472776
	0.2106012538	0.2202212457	0.2294249683	0.2382869658	0.2468567921
	0.255168422	0.2632455878	0.2711050626	0.2787587991	0.2862153756
	0.2934809932	0.3005601718	0.3074562394	0.3141716771	0.3207083632
	0.3270677453	0.3332509629	0.3392589336	0.3450924149	0.3507520473
	0.3562383852	0.3615519189	0.3666930897	0.3716623013	0.376459927
	0.3810863158	0.3855417958	0.3898266771	0.3939412538	0.3978858054
	0.4016605976	0.4052658832	0.4087019022	0.4119688826	0.4150670404
	0.4179965798	0.4207576932	0.4233505614	0.4257753538	0.4280322281
	0.4301213307	0.4320427964	0.4337967491	0.4353833013	0.4368025549
	0.4380546013	0.4391395222	0.4400573905	0.4408082708	0.4413922203
	0.4418092882	0.4420595134	0.4421429198	0.2777855769	0.2776967646
	0.2774303186	0.2769862205	0.2763644409	0.2755649358	0.2745876444
	0.2734324868	0.2720993629	0.2705881509	0.2688987038	0.2670308455
	0.2649843645	0.262759004	0.2603544495	0.2577703095	0.2550060891
	0.252061153	0.2489346722	0.2456255501	0.2421323169	0.2384529813
	0.2345848198	0.2305240783	0.2262655475	0.221801956	0.2171230986
	0.2122145691	0.2070558878	0.2016176565	0.1958570335	0.1897100151
	0.1830769527	0.1757923149	0.1675563238	0.157783916	0.1453724954
	0.1289382887	0.1092635893	0.09283355221	0.08846517134	0.09942376661
	0.1206164913	0.1428363832	0.1612598153	0.1760822069	0.1886425392
	0.1998551209	0.2102054099	0.2199505985	0.2292372205	0.2381554377
	0.2467639913	0.2551025851	0.2631986684	0.2710714916	0.2787346895
	0.2861979976	0.2934684205	0.30055104	0.3074495791	0.3141667976
	0.3207047711	0.3270650873	0.3332489853	0.3392574539	0.3450913012
	0.3507512042	0.3562377433	0.3615514277	0.3666927121	0.3716620101
	0.3764597021	0.3810861423	0.3855416627	0.3898265762	0.3939411791
	0.3978857524	0.4016605631	0.4052658648	0.4087018986	0.4119688929
	0.4150670643	0.4179966176	0.4207577456	0.4233506298	0.4257754397
	0.4280323339	0.430121459	0.4320429506	0.433796933	0.4353835193
	0.4368028116	0.4380549015	0.4391398704	0.44005779	0.4408087227
	0.441392722	0.441809832	0.4420600859	0.4421435026	0.277785056
	0.2776962544	0.2774298388	0.2769857866	0.2763640629	0.2755646189
	0.2745873897	0.2734322923	0.2720992248	0.2705880634	0.2688986594
	0.2670308341	0.2649843724	0.2627590118	0.2603544295	0.2577702211
	0.2550058735	0.2520607241	0.2489339048	0.2456242627	0.2421302472
	0.2384497509	0.2345798847	0.2305166569	0.2262545174	0.2217857042
	0.2170993013	0.2121798629	0.2070053675	0.2015440811	0.1957495076
	0.1895516484	0.1828403151	0.1754296414	0.1669761936	0.1567930659
	0.1435458219	0.1254661415	0.1032522943	0.08438417161	0.07891362394
	0.09063026991	0.1143102632	0.1392391316	0.1593836264	0.175060019
	0.1880362096	0.1994700258	0.2099499227	0.2197764992	0.229116533
	0.2380707879	0.2467041011	0.2550599195	0.263168095	0.2710494668
	0.2787187428	0.2861863935	0.2934599329	0.3005447987	0.3074449638
	0.3141633647	0.3207022019	0.3270631522	0.3332475184	0.3392563346
	0.3450904417	0.3507505401	0.3562372274	0.3615510249	0.3666923966
	0.3716617623	0.3764595076	0.3810859901	0.3855415444	0.3898264857
	0.3939411116	0.3978857045	0.4016605322	0.4052658491	0.408701897
	0.4119689049	0.4150670898	0.4179966569	0.4207577997	0.4233506999
	0.4257755277	0.4280324419	0.4301215899	0.4320431077	0.4337971201
	0.4353837405	0.4368030715	0.4380552045	0.4391402204	0.4400581895
	0.440809172	0.4413932178	0.4418103666	0.4420606464	0.4421440723
	0.2777845477	0.2776957566	0.2774293711	0.2769853646	0.2763636979
	0.2755643176	0.2745871551	0.2734321256	0.2720991254	0.2705880305
	0.2688986921	0.2670309315	0.2649845335	0.2627592355	0.2603547132
	0.2577705603	0.2550062596	0.2520611422	0.2489343302	0.2456246555
	0.2421305449	0.2384498581	0.2345796574	0.2305158809	0.2262528765
	0.2217827345	0.2170943244	0.2121718865	0.2069929345	0.2015250322
	0.195720587	0.1895078047	0.182773355	0.1753254136	0.1668083209
	0.1565086189	0.1430326291	0.1244881562	0.1014439067	0.0815936669
	0.07547078204	0.08716282146	0.1116344299	0.1376856693	0.1586006851
	0.174651366	0.1877998605	0.1993212669	0.2098512082	0.2197088484
	0.2290691783	0.2380371262	0.2466798787	0.2550423068	0.2631551678
	0.2710398952	0.2787115958	0.2861810131	0.2934558499	0.3005416756
	0.3074425565	0.3141614952	0.3207007398	0.327062001	0.3332466063
	0.3392556079	0.3450898599	0.3507500724	0.3562368503	0.3615507202
	0.3666921502	0.3716615633	0.3764593474	0.381085862	0.3855414432
	0.3898264071	0.3939410526	0.3978856625	0.4016605055	0.4052658365
	0.4087018976	0.4119689185	0.4150671166	0.4179966975	0.4207578549
	0.4233507711	0.4257756167	0.4280325512	0.4301217222	0.4320432663
	0.4337973088	0.4353839635	0.436803333	0.4380555089	0.4391405712
	0.440058589	0.44080962	0.4413937108	0.4418108965	0.442061201
	0.4421446356	0.2777840444	0.2776952641	0.2774289095	0.2769849505
	0.2763633433	0.2755640305	0.2745869405	0.2734319866	0.2720990652
	0.2705880527	0.2688988022	0.2670311379	0.2649848484	0.2627596758
	0.2603553024	0.2577713302	0.2550072529	0.2520624166	0.248935963
	0.2456267512	0.2421332451	0.2384533557	0.2345842167	0.2305218665
	0.2262607951	0.2217932957	0.2171085311	0.2121911716	0.2070193728
	0.2015616798	0.1957720545	0.1895812925	0.1828807274	0.1754879367
	0.167068987	0.1569658442	0.1439163169	0.1262097694	0.1042746801
	0.08511012985	0.07889993522	0.08988427738	0.1133345754	0.1385864454
	0.1590750033	0.1749171092	0.1879585305	0.1994208357	0.2099157717
	0.2197514875	0.2290975552	0.2380560092	0.2466923621	0.2550504534
	0.2631603751	0.2710431183	0.2787134903	0.2861820289	0.2934562951
	0.3005417603	0.3074424225	0.3141612373	0.3207004202	0.32706166
	0.3332462688	0.3392552888	0.3450895672	0.3507498098	0.3562366186
	0.3615505186	0.366691977	0.3716614162	0.376459224	0.38108576
	0.3855413604	0.3898263417	0.3939410028	0.3978856271	0.4016604835
	0.4052658272	0.4087019007	0.4119689339	0.4150671446	0.4179967388
	0.4207579106	0.4233508427	0.4257757061	0.4280326607	0.4301218546
	0.432043425	0.4337974975	0.4353841864	0.4368035946	0.4380558132
	0.439140922	0.4400589885	0.440810068	0.4413942037	0.4418114265
	0.4420617556	0.4421451989	0.2777835382	0.2776947695	0.2774284481
	0.2769845399	0.2763629964	0.275563756	0.2745867446	0.2734318745
	0.2720990426	0.2705881277	0.2688989866	0.267031449	0.2649853107
	0.2627603242	0.2603561854	0.2577725149	0.2550088323	0.2520645187
	0.248938765	0.2456304981	0.2421382772	0.2384601468	0.2345934288
	0.2305344277	0.2262780126	0.2218170195	0.2171413954	0.2122369568
	0.2070835615	0.2016523385	0.1959013006	0.1897679027	0.1831552223
	0.1759036822	0.1677292612	0.1580929858	0.1460047801	0.1301744729
	0.1109808043	0.09409514304	0.08843901444	0.09814008799	0.1189964225
	0.1417569831	0.1607324763	0.1758256956	0.1884974734	0.1997610966
	0.2101392759	0.2199017731	0.2291999738	0.2381263222	0.2467408015
	0.2550838488	0.2631833669	0.2710588957	0.2787242609	0.2861893277
	0.2934611917	0.3005450007	0.3074445268	0.3141625678	0.3207012284
	0.3270621199	0.3332465004	0.3392553742	0.3450895622	0.3507497519
	0.3562365326	0.3615504209	0.3666918778	0.3716613219	0.3764591383
	0.3810856849	0.3855412969	0.38982629	0.3939409629	0.3978855987
	0.4016604664	0.4052658213	0.4087019061	0.4119689508	0.4150671736
	0.4179967806	0.4207579664	0.423350914	0.4257757949	0.4280327693
	0.430121986	0.4320435824	0.4337976848	0.4353844078	0.4368038546
	0.4380561163	0.439141272	0.440059388	0.4408105173	0.4413946996
	0.4418119611	0.4420623162	0.4421457685	0.2777830205	0.2776942648
	0.2774279803	0.2769841279	0.2763626537	0.2755634918	0.2745865654
	0.2734317869	0.2720990547	0.2705882513	0.2688992391	0.2670318556
	0.2649859077	0.2627611629	0.2603573375	0.2577740806	0.2550109508
	0.2520673837	0.248942646	0.2456357711	0.2421454671	0.2384699883
	0.2346069528	0.2305530848	0.2263038502	0.2218529393	0.2171915304
	0.2123072326	0.2071825503	0.201792598	0.1961015647	0.1900568931
	0.1835788476	0.1765400819	0.1687234394	0.1597398278	0.1489245417
	0.1354987903	0.1199181385	0.1063935498	0.1018805709	0.1099419626
	0.1272256602	0.1464973682	0.1632872373	0.177262022	0.189365308
	0.2003159974	0.2105070582	0.2201508253	0.229370786	0.2382443538
	0.2468227044	0.2551407943	0.2632229742	0.2710864176	0.2787433445
	0.2862025168	0.2934702656	0.3005512057	0.3074487366	0.3141653945
	0.3207031004	0.3270633368	0.333247271	0.3392558437	0.3450898311
	0.3507498895	0.3562365864	0.3615504231	0.3666918502	0.371661279
	0.3764590896	0.3810856365	0.3855412525	0.3898262521	0.3939409328
	0.3978855774	0.4016604543	0.4052658189	0.4087019137	0.4119689691
	0.4150672032	0.4179968225	0.4207580218	0.4233509844	0.4257758823
	0.4280328761	0.430122115	0.4320437372	0.4337978691	0.4353846261
	0.4368041115	0.4380564167	0.4391416204	0.4400597876	0.4408109692
	0.4413952012	0.4418125049	0.4420628887	0.4421463514	0.2777824818
	0.2776937412	0.2774274992	0.2769837098	0.2763623121	0.2755632353
	0.2745864007	0.2734317209	0.2720990973	0.2705884172	0.2688995503
	0.2670323445	0.2649866207	0.2627621656	0.2603587221	0.2577759761
	0.2550135373	0.2520709125	0.2489474683	0.2456423776	0.2421545451
	0.2384825019	0.2346242564	0.2305770862	0.2263372428	0.2218995385
	0.2172567626	0.2123988581	0.2073117487	0.2019756444	0.1963625136
	0.1904321092	0.1841252214	0.1773512754	0.1699647625	0.1617253769
	0.1522681592	0.1412688655	0.1293036462	0.119352446	0.1162674539
	0.1226941441	0.1362750375	0.1519193679	0.1663589811	0.1790640829
	0.1904859096	0.2010454252	0.2109959632	0.2204843981	0.2296008421
	0.238404054	0.2469339899	0.2552184993	0.2632772706	0.2711243456
	0.2787698073	0.2862209431	0.2934830592	0.3005600547	0.3074548272
	0.31416956	0.3207059264	0.327065234	0.3332485273	0.3392566603
	0.3450903484	0.3507502052	0.3562367681	0.3615505174	0.366691889
	0.3716612841	0.3764590756	0.3810856131	0.3855412264	0.3898262274
	0.3939409123	0.3978855629	0.401660447	0.4052658198	0.4087019235
	0.4119689885	0.4150672331	0.4179968639	0.420758076	0.4233510531
	0.4257759674	0.42803298	0.4301222406	0.4320438878	0.4337980488
	0.4353848394	0.4368043635	0.4380567127	0.4391419657	0.4400601867
	0.4408114246	0.4413957115	0.441813063	0.4420634801	0.4421469549
	0.277781911	0.2776931887	0.2774269971	0.2769832804	0.2763619682
	0.2755629842	0.2745862478	0.2734316729	0.2720991649	0.2705886172
	0.2688999084	0.2670328987	0.2649874255	0.2627632983	0.2603602917
	0.2577781352	0.2550164994	0.2520749763	0.2489530515	0.2456500653
	0.2421651575	0.2384971903	0.2346446394	0.2306054431	0.22637679
	0.2219548257	0.2173342459	0.2125077371	0.2074652074	0.2021927285
	0.196671058	0.1908734999	0.1847626063	0.1782847504	0.1713613322
	0.1638788875	0.1557038656	0.1468324834	0.1379089589	0.1310041531
	0.129237781	0.1343283496	0.1447763169	0.1572941694	0.1696009354
	0.181065715	0.1917734207	0.2019011298	0.2115769867	0.2208841915
	0.2298781985	0.2385974419	0.2470692361	0.2553132375	0.2633436741
	0.2711708807	0.2788023909	0.2862437241	0.293498953	0.3005711123
	0.3074624924	0.3141748494	0.3207095554	0.3270677058	0.3332501953
	0.3392577725	0.3450910784	0.3507506742	0.3562370607	0.361550692
	0.3666919862	0.3716613317	0.3764590926	0.3810856126	0.385541217
	0.3898262149	0.3939409008	0.3978855548	0.4016604443	0.4052658236
	0.408701935	0.4119690087	0.4150672629	0.4179969044	0.4207581286
	0.4233511194	0.4257760493	0.4280330798	0.4301223613	0.4320440328
	0.4337982222	0.4353850459	0.4368046086	0.4380570025	0.4391423065
	0.4400605846	0.440811884	0.441396233	0.4418136406	0.4420640982
	0.442147588	0.2777812944	0.2776925956	0.2774264661	0.2769828349
	0.2763616194	0.2755627365	0.2745861043	0.2734316391	0.2720992512
	0.2705888418	0.2689002995	0.2670334981	0.2649882937	0.2627645212
	0.2603619904	0.2577804797	0.2550197277	0.2520794217	0.248959181
	0.2456585332	0.2421768816	0.2385134593	0.2346672651	0.2306369751
	0.2264208221	0.222016432	0.2174206061	0.2126290391	0.2076359635
	0.202433722	0.1970122848	0.1913587511	0.1854569147	0.1792871222
	0.1728274595	0.1660612316	0.1590107278	0.151856532	0.1452319973
	0.1405714571	0.139797349	0.1439329873	0.152076046	0.1622064922
	0.1727672448	0.1831251567	0.1931446239	0.2028324299	0.2122181092
	0.2213293602	0.2301889718	0.2388151134	0.2472219948	0.255420548
	0.2634190795	0.2712238514	0.2788395724	0.2862697897	0.293517194
	0.3005838484	0.3074713591	0.3141810001	0.3207138028	0.3270706225
	0.3332521841	0.3392591166	0.3450919766	0.3507512656	0.3562374424
	0.361550932	0.3666921315	0.3716614148	0.376459136	0.3810856316
	0.3855412221	0.3898262133	0.3939408971	0.3978855525	0.4016604455
	0.4052658301	0.408701948	0.4119690293	0.4150672922	0.4179969436
	0.420758179	0.4233511825	0.4257761271	0.4280331747	0.430122476
	0.4320441708	0.4337983876	0.4353852437	0.4368048446	0.4380572837
	0.4391426405	0.4400609796	0.4408123471	0.441396768	0.4418142435
	0.4420647523	0.4421482618	0.2777806148	0.2776919475	0.2774258974
	0.2769823695	0.2763612641	0.275562491	0.2745859681	0.2734316154
	0.2720993498	0.2705890807	0.2689007082	0.2670341205	0.2649891937
	0.2627657898	0.2603637558	0.257782922	0.2550230997	0.2520840774
	0.2489656165	0.2456674443	0.2421892443	0.2385306441	0.2346911975
	0.230670363	0.2264674768	0.2220817227	0.2175121064	0.2127574465
	0.2078164173	0.202687704	0.1973703923	0.1918648105	0.1861742289
	0.1803082114	0.1742894425	0.1681688412	0.162061815	0.1562329934
	0.151251626	0.1481165222	0.1480044136	0.1515040469	0.1580796978
	0.1665035209	0.1757127999	0.1851343635	0.1945261278	0.2037905648
	0.2128868181	0.2217979916	0.2305182282	0.2390467946	0.2473851448
	0.2555354673	0.2635000125	0.2712808192	0.2788796365	0.2862979318
	0.2935369305	0.3005976624	0.3074810041	0.3141877136	0.3207184584
	0.327073836	0.3332543897	0.3392606196	0.3450929917	0.3507519435
	0.3562378886	0.3615512202	0.366692313	0.3716615253	0.3764592002
	0.3810856664	0.3855412392	0.3898262206	0.3939409002	0.3978855551
	0.4016604502	0.4052658388	0.4087019621	0.4119690499	0.4150673206
	0.4179969809	0.4207582265	0.4233512418	0.4257762	0.4280332635
	0.4301225835	0.4320443002	0.4337985432	0.4353854305	0.436805069
	0.4380575534	0.4391429648	0.4400613691	0.4408128126	0.441397318
	0.4418148778	0.442065454	0.4421489908	0.2777798493	0.277691227
	0.2774252823	0.2769818814	0.2763609023	0.2755622479	0.2745858381
	0.2734315985	0.2720994539	0.2705893232	0.2689011183	0.2670347426
	0.2649900923	0.262767057	0.2603655217	0.2577853695	0.2550264854
	0.2520887612	0.2489721028	0.2456764403	0.2422017426	0.2385480377
	0.2347154427	0.2307042079	0.2265147832	0.2221479189	0.217604823
	0.2128874114	0.2079987116	0.2029435272	0.197729541	0.1923691634
	0.1868826466	0.1813033851	0.1756871261	0.1701285489	0.1647919684
	0.1599656359	0.1561353508	0.154006442	0.1543139048	0.1573996752
	0.1629399912	0.1701733347	0.1783621225	0.1870159511	0.1958569739
	0.204731409	0.2135520551	0.2222683926	0.230850822	0.2392818902
	0.2475512562	0.2556527737	0.2635827971	0.2713391925	0.2789207547
	0.2863268594	0.2935572511	0.3006119109	0.3074909727	0.3141946693
	0.320723296	0.3270771872	0.3332566998	0.3392622027	0.3450940685
	0.3507526692	0.3562383721	0.3615515376	0.3666925175	0.371661654
	0.3764592787	0.3810857126	0.3855412653	0.389826235	0.3939409087
	0.3978855616	0.4016604576	0.405265849	0.4087019767	0.4119690702
	0.4150673476	0.4179970158	0.4207582706	0.4233512966	0.4257762672
	0.4280333452	0.4301226823	0.4320444195	0.433798687	0.4353856041
	0.436805279	0.4380578083	0.4391432755	0.440061749	0.4408132776
	0.4413978829	0.4418155498	0.4420662181	0.4421497949	0.2777789645
	0.2776904117	0.2774246128	0.276981371	0.2763605368	0.2755620094
	0.2745857141	0.2734315853	0.272099557	0.2705895586	0.2689015135
	0.2670353406	0.2649909555	0.262768275	0.260367221	0.257787728
	0.2550297529	0.252093288	0.24897838	0.245685157	0.2422138651
	0.2385649221	0.2347389918	0.2307370922	0.2265607492	0.2222122203
	0.2176948209	0.2130134063	0.2081750901	0.2031903284	0.1980745716
	0.1928508032	0.187553464	0.1822345476	0.1769731012	0.1718900508
	0.1671708634	0.1630967393	0.1600727641	0.1586084429	0.1591806138
	0.1619958864	0.1668509421	0.1732541471	0.180678981	0.188716062
	0.1970884733	0.2056168026	0.2141855391	0.2227201074	0.2311721216
	0.2395099896	0.2477129406	0.2557672303	0.2636637239	0.2713963449
	0.2789610679	0.2863552572	0.2935772253	0.3006259357	0.3075008001
	0.3142015387	0.3207280838	0.3270805124	0.3332589994	0.3392637847
	0.34509515	0.3507534028	0.356238865	0.3615518648	0.3666927316
	0.3716617916	0.3764593653	0.3810857658	0.3855412973	0.3898262543
	0.3939409211	0.3978855711	0.401660467	0.4052658603	0.4087019915
	0.4119690896	0.4150673728	0.417997048	0.4207583108	0.4233513462
	0.4257763279	0.4280334189	0.4301227715	0.4320445273	0.4337988173
	0.4353857621	0.4368054714	0.4380580443	0.4391435675	0.4400621137
	0.4408137363	0.4413984603	0.4418162651	0.4420670638	0.4421507037
	0.2777779095	0.2776894736	0.277423884	0.2769808434	0.2763601743
	0.2755617799	0.2745855976	0.2734315739	0.2720996535	0.2705897766
	0.2689018782	0.2670358914	0.2649917506	0.2627693974	0.2603687883
	0.2577899058	0.2550327735	0.2520974774	0.2489841955	0.2456932395
	0.2422251141	0.2385805986	0.2347608647	0.2307676407	0.2266034464
	0.2222719256	0.2177783216	0.2131301581	0.2083382192	0.203417963
	0.1983915699	0.193290908	0.1881618178	0.1830702526	0.1781109395
	0.1734192098	0.1691859848	0.1656730308	0.1632172404	0.1621980747
	0.162940301	0.1655761105	0.1699710988	0.1757911852	0.182646943
	0.1901976432	0.1981828117	0.2064149295	0.2147625457	0.223134654
	0.2314685967	0.239721306	0.2478631705	0.2558738141	0.2637392136
	0.2714497312	0.278998769	0.2863818433	0.2935959447	0.3006390937
	0.3075100311	0.314208	0.3207325944	0.3270836512	0.3332611753
	0.3392652861	0.3450961803	0.350754105	0.3562393396	0.3615521825
	0.3666929417	0.3716619286	0.3764594533	0.3810858214	0.3855413321
	0.3898262764	0.3939409359	0.3978855825	0.4016604777	0.4052658722
	0.408702006	0.4119691079	0.4150673959	0.4179970769	0.4207583466
	0.42335139	0.4257763813	0.4280334836	0.4301228497	0.4320446219
	0.433798932	0.4353859018	0.4368056429	0.438058257	0.4391438349
	0.4400624552	0.4408141799	0.4413990429	0.4418170263	0.4420680156
	0.4421517634	0.2777765985	0.2776883787	0.2774230988	0.2769803119
	0.2763598265	0.2755615669	0.2745854916	0.2734315631	0.2720997384
	0.2705899679	0.2689021979	0.2670363739	0.2649924471	0.2627703811
	0.260370163	0.2577918176	0.2550354276	0.2521011617	0.2489893137
	0.2457003579	0.2422350265	0.2385944181	0.2347801512	0.2307945787
	0.2266410914	0.2223245442	0.2178518561	0.2132328548	0.2084814624
	0.2036173566	0.1986682859	0.193673267	0.1886869359	0.1837853291
	0.1790732581	0.1746930445	0.170833307	0.1677339535	0.1656786764
	0.1649609491	0.1658145685	0.168329935	0.172412729	0.1778224938
	0.1842590878	0.1914353829	0.1991113216	0.20710013	0.2152622732
	0.2234960108	0.2317282653	0.2399070388	0.2479955565	0.255967922
	0.2638059671	0.2714969958	0.2790321804	0.2864054253	0.293612563
	0.3006507851	0.3075182408	0.3142137527	0.3207366154	0.3270864536
	0.3332631216	0.3392666323	0.3450971067	0.3507547388	0.3562397702
	0.3615524726	0.3666931352	0.3716620563	0.3764595366	0.3810858753
	0.3855413669	0.3898262992	0.3939409517	0.3978855948	0.4016604888
	0.405265884	0.4087020197	0.4119691246	0.4150674165	0.4179971021
	0.4207583775	0.4233514276	0.4257764268	0.4280335386	0.4301229161
	0.4320447021	0.4337990294	0.4353860209	0.4368057901	0.4380584414
	0.4391440704	0.4400627634	0.4408145947	0.4413996165	0.441817829
	0.4420691042	0.4421530535	0.2777748725	0.2776870928	0.2774222779
	0.2769798021	0.2763595115	0.2755613804	0.2745854003	0.2734315528
	0.2720998076	0.2705901247	0.2689024598	0.2670367693	0.264993018
	0.2627711879	0.2603712913	0.257793388	0.2550376095	0.2521041926
	0.2489935268	0.2457062205	0.2422431937	0.2386058079	0.2347960494
	0.2308167844	0.226672118	0.2223678953	0.2179123995	0.2133173228
	0.2085991063	0.203780776	0.1988944259	0.1939845175	0.1891121426
	0.1843603002	0.1798399751	0.1756962444	0.1721125542	0.1693094631
	0.16753174	0.1670167898	0.1679435618	0.1703785364	0.1742509656
	0.1793765994	0.1855129712	0.1924121843	0.1998528431	0.2076524393
	0.2156679347	0.2237909057	0.2319410124	0.2400596566	0.2481045765
	0.2560455473	0.2638610985	0.2715360702	0.279059825	0.2864249514
	0.2936263325	0.3006604791	0.3075250533	0.3142185305	0.3207399584
	0.3270887864	0.3332647443	0.3392677568	0.3450978826	0.3507552714
	0.3562401336	0.3615527188	0.3666933008	0.3716621667	0.3764596097
	0.3810859235	0.3855413989	0.3898263209	0.3939409673	0.3978856071
	0.4016604999	0.4052658953	0.4087020323	0.4119691394	0.4150674341
	0.4179971234	0.4207584032	0.4233514585	0.4257764638	0.4280335831
	0.4301229696	0.4320447668	0.4337991079	0.4353861171	0.4368059095
	0.4380585923	0.4391442661	0.4400630258	0.4408149616	0.441400155
	0.4418186525	0.4420703604	0.4421547218	0.2777724082	0.2776856065
	0.2774214776	0.2769793569	0.2763592534	0.2755612328	0.2745853289
	0.2734315437	0.2720998581	0.2705902405	0.2689026536	0.2670370621
	0.2649934412	0.2627717865	0.2603721291	0.257794555	0.2550392319
	0.2521064477	0.2489966634	0.2457105871	0.2422492788	0.2386142961
	0.2348078989	0.2308333353	0.2266952405	0.2224001925	0.2179574817
	0.2133801697	0.2086865365	0.2039020291	0.1990618433	0.1942142518
	0.1894247307	0.1847807665	0.1803968845	0.1764188258	0.1730248491
	0.1704209042	0.1688254916	0.1684410241	0.1694141149	0.1717976761
	0.17553458	0.1804736323	0.1864081675	0.193116773	0.2003923426
	0.2080570426	0.2159666913	0.224008965	0.232098806	0.2401731099
	0.2481857581	0.2561034253	0.2639022455	0.2715652563	0.2790804874
	0.2864395544	0.2936366363	0.3006677374	0.3075301575	0.314222113
	0.3207424675	0.3270905394	0.3332659656	0.339268605	0.3450984694
	0.3507556757	0.3562404108	0.3615529079	0.3666934291	0.3716622534
	0.3764596681	0.381085963	0.3855414259	0.38982634	0.3939409815
	0.3978856187	0.4016605104	0.4052659057	0.4087020435	0.411969152
	0.4150674487	0.4179971405	0.4207584233	0.4233514822	0.425776492
	0.4280336165	0.4301230096	0.4320448147	0.433799166	0.4353861882
	0.436805998	0.438058705	0.439144414	0.4400632284	0.4408152561
	0.4414006169	0.4418194425	0.442071792	0.4421570714	0.2777684873
	0.277684027	0.2774208196	0.2769790379	0.2763590803	0.2755611367
	0.2745852825	0.2734315365	0.272099888	0.2705903104	0.2689027715
	0.2670372409	0.2649937001	0.2627721533	0.2603726433	0.257795272
	0.2550402298	0.252107836	0.2489985954	0.2457132781	0.2422530304
	0.2386195308	0.234815208	0.2308435449	0.2267095032	0.222420111
	0.2179852757	0.2134188955	0.2087403683	0.2039766042	0.1991646559
	0.194355047	0.1896157876	0.1850368595	0.1807345735	0.1768545863
	0.1735715331	0.1710823988	0.1695905777	0.1692793141	0.1702781461
	0.1726329964	0.176293826	0.1811268704	0.1869450211	0.1935421032
	0.2007198417	0.2083037678	0.216149519	0.2241427728	0.2321958333
	0.2402429815	0.248235814	0.2561391449	0.2639276579	0.2715832925
	0.279093263	0.2864485881	0.293643014	0.300672233	0.3075333213
	0.3142243358	0.3207440263	0.3270916303	0.3332667274	0.3392691356
	0.3450988381	0.3507559312	0.3562405874	0.3615530297	0.3666935131
	0.3716623114	0.3764597085	0.3810859914	0.3855414464	0.3898263553
	0.3939409937	0.397885629	0.4016605198	0.4052659149	0.408702053
	0.4119691622	0.41506746	0.4179971531	0.4207584376	0.4233514986
	0.4257765109	0.4280336385	0.4301230354	0.4320448453	0.4337992026
	0.4353862328	0.4368060533	0.4380587754	0.4391445069	0.4400633578
	0.4408154503	0.4414009431	0.4418200839	0.4420732973	0.4421607765
	0.2777613894	0.277682876	0.2774205177	0.2769789159	0.2763590177
	0.2755611021	0.274585265	0.2734315322	0.272099896	0.2705903318
	0.2689028088	0.2670372986	0.2649937845	0.262772274	0.2603728135
	0.2577955105	0.255040563	0.2521083009	0.2489992439	0.2457141829
	0.2422542936	0.2386212951	0.2348176731	0.2308469902	0.2267143178
	0.2224268361	0.21799466	0.2134319692	0.2087585362	0.2040017604
	0.1991993117	0.1944024569	0.189680033	0.1851228193	0.1808476654
	0.1770001246	0.1737535522	0.1713019315	0.1698437429	0.1695561313
	0.1705632843	0.1729089454	0.1765452583	0.1813439027	0.1871239984
	0.1936843503	0.2008296669	0.2083866886	0.2162110725	0.2241878848
	0.2322285808	0.2402665844	0.2482527356	0.2561512282	0.2639362602
	0.2715894022	0.2790975943	0.2864516541	0.2936451816	0.3006737637
	0.3075344012	0.3142250971	0.3207445627	0.3270920082	0.3332669936
	0.3392693234	0.3450989708	0.3507560253	0.3562406546	0.3615530781
	0.3666935484	0.3716623377	0.3764597285	0.3810860072	0.3855414592
	0.3898263662	0.3939410032	0.3978856377	0.401660528	0.4052659228
	0.4087020607	0.4119691699	0.4150674678	0.4179971611	0.4207584459
	0.4233515075	0.4257765204	0.4280336488	0.4301230467	0.432044858
	0.4337992171	0.4353862497	0.4368060736	0.4380588007	0.4391445398
	0.4400634033	0.4408155196	0.4414010664	0.4418203751	0.4420743857
	0.4421674533	